x,y,z,ECM_density,Fib_field
0,0,0,1987.04,0.106079
0,0,1,2129.82,0.122751
0,0,2,2224.38,0.132328
0,0,3,2272.66,0.134206
0,0,4,2285.34,0.129505
0,0,5,2276.96,0.120207
0,0,6,2261.13,0.108397
0,0,7,2246.64,0.0958553
0,0,8,2235.77,0.0840167
0,0,9,2226,0.074014
0,0,10,2213.51,0.0664981
0,0,11,2195.77,0.0613978
0,0,12,2173.14,0.0579643
0,0,13,2147.09,0.0549487
0,0,14,2119.48,0.0514132
0,0,15,2090.88,0.047026
0,0,16,2060.43,0.0423916
0,0,17,2026.76,0.0387123
0,0,18,1988.54,0.0372236
0,0,19,1945.05,0.0383946
0,0,20,1896.45,0.0417065
0,0,21,1843.49,0.0456611
0,0,22,1787.4,0.0484977
0,0,23,1729.26,0.0489632
0,0,24,1670.39,0.0468951
0,0,25,1612.33,0.0432113
0,0,26,1557.32,0.039425
0,0,27,1507.58,0.0367166
0,0,28,1464.41,0.0353312
0,0,29,1427.48,0.0345349
0,0,30,1394.66,0.0331221
0,0,31,1363.13,0.0301734
0,0,32,1330.77,0.025527
0,0,33,1297.04,0.0198255
0,0,34,1262.99,0.0140498
0,0,35,1230.84,0.00905164
0,0,36,1202.67,0.00532078
0,0,37,1179.98,0.0028464
0,0,38,1162.97,0.00138976
0,0,39,1151.18,0.000626059
0,0,40,1143.73,0.000264484
0,0,41,1139.76,0.000125309
0,0,42,1138.3,0.000117844
0,0,43,1138.06,0.000179221
0,0,44,1137.5,0.000275991
0,0,45,1134.75,0.000390042
0,0,46,1128.22,0.000497806
0,0,47,1117.05,0.000572563
0,0,48,1101.55,0.00059363
0,0,49,1083.17,0.000554914
0,1,0,2090.13,0.110065
0,1,1,2243.62,0.128404
0,1,2,2344.98,0.139723
0,1,3,2397.02,0.143193
0,1,4,2411.31,0.139758
0,1,5,2403.2,0.13134
0,1,6,2387.18,0.12014
0,1,7,2372.82,0.108205
0,1,8,2362.92,0.0972805
0,1,9,2355,0.0887151
0,1,10,2344.84,0.0831509
0,1,11,2329.28,0.0802553
0,1,12,2308.06,0.0788182
0,1,13,2282.11,0.0770961
0,1,14,2252.95,0.0737698
0,1,15,2221.08,0.0683967
0,1,16,2185.83,0.0617406
0,1,17,2146.27,0.055398
0,1,18,2101.64,0.0510818
0,1,19,2051.86,0.0496467
0,1,20,1997.61,0.0507755
0,1,21,1939.97,0.0529924
0,1,22,1880.26,0.0545068
0,1,23,1819.35,0.0541167
0,1,24,1758.23,0.0518366
0,1,25,1698.06,0.0488045
0,1,26,1640.79,0.046655
0,1,27,1588.54,0.0464034
0,1,28,1542.56,0.0477979
0,1,29,1502.54,0.0493812
0,1,30,1466.25,0.0492384
0,1,31,1430.77,0.0460496
0,1,32,1393.9,0.0397051
0,1,33,1355.11,0.0313146
0,1,34,1315.66,0.0225074
0,1,35,1278.02,0.0147159
0,1,36,1244.6,0.0087755
0,1,37,1217.16,0.00476943
0,1,38,1196.06,0.00236918
0,1,39,1180.91,0.00108612
0,1,40,1170.81,0.00046743
0,1,41,1164.91,0.000219159
0,1,42,1162.16,0.000190194
0,1,43,1161.12,0.000276093
0,1,44,1160.02,0.000418186
0,1,45,1156.69,0.00058527
0,1,46,1149.22,0.00074031
0,1,47,1136.51,0.000843529
0,1,48,1118.77,0.00086609
0,1,49,1097.58,0.000801543
0,2,0,2138.22,0.105316
0,2,1,2297.03,0.123952
0,2,2,2402.37,0.136235
0,2,3,2457.39,0.141172
0,2,4,2473.87,0.139467
0,2,5,2467.36,0.132852
0,2,6,2452.66,0.12351
0,2,7,2439.81,0.113622
0,2,8,2431.98,0.105102
0,2,9,2426.82,0.0993974
0,2,10,2419.87,0.097058
0,2,11,2407.52,0.0974756
0,2,12,2388.88,0.0990209
0,2,13,2364.33,0.0995107
0,2,14,2334.94,0.0972259
0,2,15,2301.09,0.0915137
0,2,16,2262.27,0.0831253
0,2,17,2218.03,0.0739031
0,2,18,2168.35,0.0659898
0,2,19,2113.97,0.060741
0,2,20,2056.28,0.0582827
0,2,21,1996.74,0.057469
0,2,22,1936.67,0.0567563
0,2,23,1876.56,0.0551656
0,2,24,1816.85,0.0529168
0,2,25,1758.12,0.0512724
0,2,26,1701.81,0.0518121
0,2,27,1649.76,0.0551955
0,2,28,1603.12,0.0605104
0,2,29,1561.61,0.0654488
0,2,30,1523.1,0.0672919
0,2,31,1484.79,0.0642666
0,2,32,1444.55,0.0563087
0,2,33,1401.99,0.0450365
0,2,34,1358.5,0.0328181
0,2,35,1316.77,0.0217761
0,2,36,1279.39,0.013185
0,2,37,1248.34,0.00728759
0,2,38,1224.09,0.00368673
0,2,39,1206.31,0.00172159
0,2,40,1194.09,0.000754367
0,2,41,1186.52,0.00035099
0,2,42,1182.51,0.000281221
0,2,43,1180.49,0.000386781
0,2,44,1178.55,0.000575074
0,2,45,1174.39,0.000797359
0,2,46,1165.94,0.00100053
0,2,47,1151.97,0.00113039
0,2,48,1132.59,0.00115031
0,2,49,1109.36,0.00105472
0,3,0,2135.4,0.095116
0,3,1,2295.37,0.112874
0,3,2,2402.9,0.125183
0,3,3,2460.82,0.130986
0,3,4,2480.52,0.130785
0,3,5,2477.15,0.126123
0,3,6,2465.34,0.119111
0,3,7,2455.18,0.111943
0,3,8,2450.09,0.106549
0,3,9,2447.92,0.10433
0,3,10,2444.24,0.105682
0,3,11,2435.17,0.109784
0,3,12,2419.41,0.114745
0,3,13,2396.83,0.1181
0,3,14,2368.05,0.117769
0,3,15,2333.26,0.112761
0,3,16,2292.03,0.103554
0,3,17,2244.39,0.0919607
0,3,18,2191.1,0.0803909
0,3,19,2133.83,0.0707399
0,3,20,2074.76,0.0637897
0,3,21,2015.77,0.0590322
0,3,22,1958.05,0.0554447
0,3,23,1901.58,0.0524176
0,3,24,1846.14,0.0503603
0,3,25,1791.58,0.0505308
0,3,26,1738.77,0.0542808
0,3,27,1689.13,0.0617923
0,3,28,1643.62,0.0714591
0,3,29,1602.03,0.0801542
0,3,30,1562.43,0.0843992
0,3,31,1522.31,0.0819805
0,3,32,1479.81,0.0728395
0,3,33,1434.73,0.059031
0,3,34,1388.66,0.0436071
0,3,35,1344.39,0.0293718
0,3,36,1304.68,0.0180721
0,3,37,1271.57,0.0101673
0,3,38,1245.63,0.00524249
0,3,39,1226.52,0.00249523
0,3,40,1213.23,0.00111245
0,3,41,1204.73,0.000514564
0,3,42,1199.8,0.000380993
0,3,43,1196.79,0.000492211
0,3,44,1193.75,0.000716222
0,3,45,1188.45,0.000983927
0,3,46,1178.87,0.00122591
0,3,47,1163.78,0.00137452
0,3,48,1143.22,0.00138747
0,3,49,1118.63,0.00126139
0,4,0,2092.63,0.0842976
0,4,1,2250.77,0.100515
0,4,2,2359.45,0.111991
0,4,3,2420.71,0.117705
0,4,4,2444.93,0.118093
0,4,5,2446.33,0.114631
0,4,6,2438.8,0.109408
0,4,7,2432.09,0.104577
0,4,8,2429.7,0.101954
0,4,9,2429.86,0.102776
0,4,10,2428.47,0.10726
0,4,11,2421.8,0.114491
0,4,12,2408.39,0.122547
0,4,13,2387.74,0.128904
0,4,14,2360.07,0.131221
0,4,15,2325.3,0.128072
0,4,16,2282.98,0.119396
0,4,17,2233.47,0.106653
0,4,18,2178.24,0.0922603
0,4,19,2119.84,0.0785727
0,4,20,2061.19,0.0671205
0,4,21,2004.52,0.058235
0,4,22,1950.85,0.051606
0,4,23,1899.65,0.047078
0,4,24,1850.02,0.0452034
0,4,25,1801.17,0.047111
0,4,26,1753.37,0.0538038
0,4,27,1707.62,0.06497
0,4,28,1664.6,0.0784315
0,4,29,1624.11,0.0904555
0,4,30,1584.45,0.0970127
0,4,31,1543.48,0.0955534
0,4,32,1499.73,0.0859678
0,4,33,1453.29,0.0705595
0,4,34,1405.98,0.0528449
0,4,35,1360.72,0.0361452
0,4,36,1320.34,0.0226167
0,4,37,1286.89,0.012961
0,4,38,1260.93,0.00681538
0,4,39,1242.02,0.00330738
0,4,40,1228.93,0.00149916
0,4,41,1220.41,0.000690315
0,4,42,1215.07,0.00047322
0,4,43,1211.19,0.000568797
0,4,44,1206.91,0.000806553
0,4,45,1200.22,0.00109746
0,4,46,1189.36,0.00135884
0,4,47,1173.23,0.0015133
0,4,48,1151.79,0.00151652
0,4,49,1126.32,0.00136809
0,5,0,2024.57,0.0776722
0,5,1,2179.09,0.0923699
0,5,2,2288.58,0.102474
0,5,3,2353.91,0.10707
0,5,4,2383.97,0.106702
0,5,5,2391.47,0.102984
0,5,6,2389.02,0.0981191
0,5,7,2385.68,0.0942495
0,5,8,2385,0.0930268
0,5,9,2385.84,0.0954682
0,5,10,2384.92,0.101629
0,5,11,2379.03,0.110619
0,5,12,2366.93,0.120705
0,5,13,2347.94,0.129528
0,5,14,2321.89,0.134635
0,5,15,2288.32,0.134161
0,5,16,2246.58,0.127353
0,5,17,2197.14,0.11505
0,5,18,2141.95,0.0993958
0,5,19,2084.2,0.0829977
0,5,20,2027.39,0.0680441
0,5,21,1973.97,0.0557189
0,5,22,1924.82,0.0464717
0,5,23,1879.02,0.0406077
0,5,24,1835.24,0.0387669
0,5,25,1792.26,0.0418683
0,5,26,1749.86,0.0505254
0,5,27,1708.64,0.0640195
0,5,28,1668.98,0.0798399
0,5,29,1630.55,0.0939944
0,5,30,1591.81,0.10224
0,5,31,1550.95,0.101879
0,5,32,1506.9,0.0927099
0,5,33,1460.12,0.0770358
0,5,34,1412.74,0.058499
0,5,35,1367.81,0.0406448
0,5,36,1328.24,0.0258765
0,5,37,1296,0.0151113
0,5,38,1271.52,0.00810521
0,5,39,1254.13,0.00401047
0,5,40,1242.31,0.00184763
0,5,41,1234.53,0.000849016
0,5,42,1229.2,0.000541657
0,5,43,1224.58,0.000599586
0,5,44,1219.03,0.000822662
0,5,45,1210.91,0.00110652
0,5,46,1198.82,0.00136162
0,5,47,1181.8,0.00150671
0,5,48,1159.76,0.00149978
0,5,49,1133.72,0.00134338
0,6,0,1946.52,0.0784682
0,6,1,2096.97,0.0923625
0,6,2,2207.52,0.101107
0,6,3,2277.68,0.103898
0,6,4,2314.4,0.101518
0,6,5,2328.44,0.0959099
0,6,6,2330.76,0.089545
0,6,7,2329.56,0.0846547
0,6,8,2328.6,0.082788
0,6,9,2327.75,0.0847871
0,6,10,2324.98,0.0906068
0,6,11,2318.09,0.0994735
0,6,12,2306.29,0.109973
0,6,13,2288.85,0.120065
0,6,14,2265.2,0.127355
0,6,15,2234.34,0.129648
0,6,16,2195.18,0.125523
0,6,17,2148.05,0.115097
0,6,18,2095.05,0.100012
0,6,19,2039.68,0.0828375
0,6,20,1985.69,0.0661569
0,6,21,1935.69,0.0518146
0,6,22,1890.46,0.0409084
0,6,23,1849.01,0.0341341
0,6,24,1809.9,0.032174
0,6,25,1771.76,0.0357169
0,6,26,1734.17,0.0450264
0,6,27,1697.36,0.0591273
0,6,28,1661.39,0.0754564
0,6,29,1625.71,0.0901373
0,6,30,1588.74,0.0990869
0,6,31,1548.87,0.0996923
0,6,32,1505.42,0.0916579
0,6,33,1459.2,0.0770616
0,6,34,1412.71,0.0593203
0,6,35,1369.21,0.0418629
0,6,36,1331.62,0.0271169
0,6,37,1301.76,0.0161343
0,6,38,1279.8,0.00882369
0,6,39,1264.76,0.0044494
0,6,40,1254.75,0.00208252
0,6,41,1247.98,0.000957063
0,6,42,1242.74,0.000572729
0,6,43,1237.44,0.000578717
0,6,44,1230.72,0.000761064
0,6,45,1221.37,0.00100837
0,6,46,1208.36,0.00123251
0,6,47,1190.82,0.00135509
0,6,48,1168.51,0.00134016
0,6,49,1142.11,0.00119243
0,7,0,1871.79,0.0877993
0,7,1,2018.9,0.102161
0,7,2,2131.13,0.110195
0,7,3,2206.43,0.111124
0,7,4,2249.65,0.105998
0,7,5,2269.33,0.0971778
0,7,6,2274.73,0.0875227
0,7,7,2273.34,0.0795021
0,7,8,2269.43,0.0747337
0,7,9,2264.28,0.0740392
0,7,10,2257.51,0.0773819
0,7,11,2248.19,0.0841463
0,7,12,2236.13,0.0932479
0,7,13,2220.53,0.103008
0,7,14,2200.25,0.111222
0,7,15,2173.62,0.115562
0,7,16,2138.95,0.114142
0,7,17,2096.19,0.106436
0,7,18,2047.31,0.0934712
0,7,19,1995.77,0.077494
0,7,20,1945.28,0.0611252
0,7,21,1898.47,0.0465365
0,7,22,1856.15,0.0352421
0,7,23,1817.53,0.028204
0,7,24,1781.39,0.0261179
0,7,25,1746.56,0.0294785
0,7,26,1712.59,0.0382947
0,7,27,1679.52,0.0514962
0,7,28,1647.1,0.066696
0,7,29,1614.47,0.0804227
0,7,30,1579.9,0.0890499
0,7,31,1541.82,0.0902527
0,7,32,1499.78,0.0836914
0,7,33,1454.96,0.0710957
0,7,34,1410.2,0.0554108
0,7,35,1368.97,0.0396731
0,7,36,1334.19,0.0261173
0,7,37,1307.42,0.0158133
0,7,38,1288.48,0.00880671
0,7,39,1275.98,0.00452152
0,7,40,1267.7,0.00215081
0,7,41,1261.67,0.000992966
0,7,42,1256.27,0.000566013
0,7,43,1250.18,0.00051987
0,7,44,1242.46,0.000645873
0,7,45,1232.3,0.000835764
0,7,46,1218.92,0.00101113
0,7,47,1201.41,0.00110247
0,7,48,1179.2,0.00108235
0,7,49,1152.55,0.000956396
0,8,0,1810.09,0.104798
0,8,1,1955.22,0.121225
0,8,2,2069.53,0.129774
0,8,3,2149.42,0.129528
0,8,4,2197.62,0.1217
0,8,5,2220.62,0.109014
0,8,6,2226.26,0.0947515
0,8,7,2221.68,0.0817766
0,8,8,2212.06,0.0720269
0,8,9,2200.39,0.0665543
0,8,10,2188.13,0.0654956
0,8,11,2175.73,0.0684128
0,8,12,2163.47,0.074469
0,8,13,2150.33,0.0822756
0,8,14,2134.42,0.0898787
0,8,15,2113.23,0.0950141
0,8,16,2084.43,0.0956094
0,8,17,2047.51,0.0907091
0,8,18,2004.11,0.0807492
0,8,19,1957.42,0.067447
0,8,20,1910.91,0.0531322
0,8,21,1867.1,0.0399407
0,8,22,1826.91,0.0295291
0,8,23,1789.92,0.02298
0,8,24,1755.37,0.0209858
0,8,25,1722.47,0.0239154
0,8,26,1690.95,0.0316386
0,8,27,1660.77,0.0431147
0,8,28,1631.49,0.0562514
0,8,29,1601.9,0.0681056
0,8,30,1570.08,0.0756428
0,8,31,1534.38,0.076943
0,8,32,1494.46,0.071706
0,8,33,1451.75,0.0613314
0,8,34,1409.41,0.0482282
0,8,35,1371.09,0.0349119
0,8,36,1339.63,0.0232789
0,8,37,1316.25,0.0142975
0,8,38,1300.33,0.00808651
0,8,39,1290.06,0.00422109
0,8,40,1282.97,0.00204475
0,8,41,1277.11,0.000956958
0,8,42,1271.1,0.000535163
0,8,43,1264.12,0.000451109
0,8,44,1255.65,0.000518916
0,8,45,1245.25,0.000643079
0,8,46,1232.16,0.000761228
0,8,47,1215.22,0.000817312
0,8,48,1193.37,0.000793222
0,8,49,1166.38,0.000694464
0,9,0,1766.82,0.127206
0,9,1,1911.14,0.147343
0,9,2,2027.24,0.158
0,9,3,2110.07,0.157897
0,9,4,2160.56,0.148174
0,9,5,2183.6,0.131725
0,9,6,2186.14,0.112191
0,9,7,2175.42,0.0929546
0,9,8,2157.85,0.0765591
0,9,9,2138.28,0.0646035
0,9,10,2120.02,0.0576214
0,9,11,2104.72,0.0553893
0,9,12,2092.9,0.0572017
0,9,13,2083.02,0.0618117
0,9,14,2072.26,0.0674764
0,9,15,2057.22,0.0721068
0,9,16,2034.96,0.073689
0,9,17,2004.55,0.0710828
0,9,18,1967.28,0.0642557
0,9,19,1925.93,0.054324
0,9,20,1883.64,0.0431241
0,9,21,1842.77,0.0324745
0,9,22,1804.37,0.0239383
0,9,23,1768.49,0.0185869
0,9,24,1734.87,0.017098
0,9,25,1703.2,0.0197885
0,9,26,1673.42,0.0264911
0,9,27,1645.53,0.0362594
0,9,28,1618.95,0.0472868
0,9,29,1592.24,0.0570995
0,9,30,1563.3,0.0632038
0,9,31,1530.34,0.0640874
0,9,32,1493.09,0.0595845
0,9,33,1453.09,0.0509105
0,9,34,1413.75,0.0400626
0,9,35,1378.75,0.0290824
0,9,36,1350.83,0.0194893
0,9,37,1330.78,0.012059
0,9,38,1317.56,0.00689081
0,9,39,1309,0.00365107
0,9,40,1302.5,0.00181302
0,9,41,1296.31,0.000877991
0,9,42,1289.48,0.000508989
0,9,43,1281.73,0.000409089
0,9,44,1272.97,0.000427026
0,9,45,1262.96,0.000487121
0,9,46,1250.78,0.000546651
0,9,47,1234.78,0.000565811
0,9,48,1213.25,0.000535502
0,9,49,1185.45,0.000460612
0,10,0,1742.71,0.151959
0,10,1,1886.73,0.177141
0,10,2,2003.48,0.191476
0,10,3,2086.8,0.1931
0,10,4,2136.37,0.182781
0,10,5,2156.14,0.163307
0,10,6,2152.68,0.138528
0,10,7,2133.74,0.112406
0,10,8,2107.12,0.0883362
0,10,9,2079.43,0.0687756
0,10,10,2055.66,0.0548995
0,10,11,2038.35,0.0467747
0,10,12,2027.93,0.0437369
0,10,13,2022.1,0.0445134
0,10,14,2016.98,0.0474576
0,10,15,2008.32,0.050651
0,10,16,1992.64,0.0522652
0,10,17,1968.71,0.0511653
0,10,18,1937.51,0.0470176
0,10,19,1901.4,0.0403917
0,10,20,1863.17,0.0325905
0,10,21,1825.04,0.0249741
0,10,22,1788.27,0.018868
0,10,23,1753.39,0.0152402
0,10,24,1720.67,0.0147439
0,10,25,1690.2,0.0177008
0,10,26,1662.09,0.0239748
0,10,27,1636.37,0.0327178
0,10,28,1612.36,0.0423027
0,10,29,1588.46,0.0505334
0,10,30,1562.51,0.0552662
0,10,31,1532.59,0.0553054
0,10,32,1498.44,0.0507001
0,10,33,1461.68,0.042698
0,10,34,1425.72,0.0331348
0,10,35,1394.27,0.0237575
0,10,36,1369.79,0.015767
0,10,37,1352.72,0.00970271
0,10,38,1341.63,0.00555109
0,10,39,1334.19,0.00298221
0,10,40,1327.84,0.00154226
0,10,41,1321.21,0.000803921
0,10,42,1313.82,0.000522332
0,10,43,1305.92,0.000427469
0,10,44,1297.71,0.000407002
0,10,45,1288.94,0.000408747
0,10,46,1278.27,0.000410753
0,10,47,1263.38,0.000390839
0,10,48,1241.8,0.000348193
0,10,49,1212.3,0.00028717
0,11,0,1734.73,0.175582
0,11,1,1878.1,0.206455
0,11,2,1993.75,0.225535
0,11,3,2074.9,0.230223
0,11,4,2120.6,0.220663
0,11,5,2134.46,0.199263
0,11,6,2123.21,0.169905
0,11,7,2095.35,0.137103
0,11,8,2059.99,0.105224
0,11,9,2025.28,0.0777843
0,11,10,1997.46,0.0567888
0,11,11,1979.6,0.0426824
0,11,12,1971.74,0.0348099
0,11,13,1970.66,0.0317473
0,11,14,1971.46,0.0318159
0,11,15,1969.11,0.0331805
0,11,16,1959.68,0.0342071
0,11,17,1941.75,0.033863
0,11,18,1915.96,0.0316714
0,11,19,1884.33,0.0277907
0,11,20,1849.36,0.0230795
0,11,21,1813.27,0.0184362
0,11,22,1777.64,0.0149017
0,11,23,1743.58,0.0132905
0,11,24,1711.88,0.0142158
0,11,25,1682.96,0.0180283
0,11,26,1656.95,0.0246513
0,11,27,1633.82,0.0333019
0,11,28,1612.71,0.0423945
0,11,29,1591.9,0.049781
0,11,30,1569.22,0.0534309
0,11,31,1542.73,0.0523308
0,11,32,1512.15,0.0467943
0,11,33,1479.07,0.03831
0,11,34,1446.83,0.0288257
0,11,35,1418.93,0.0200208
0,11,36,1397.55,0.0128909
0,11,37,1382.83,0.00774196
0,11,38,1373.16,0.0043782
0,11,39,1366.32,0.0023894
0,11,40,1360.01,0.00132599
0,11,41,1353.32,0.000785779
0,11,42,1346.24,0.000605647
0,11,43,1339.37,0.000527806
0,11,44,1332.96,0.000476591
0,11,45,1326.48,0.000423903
0,11,46,1317.96,0.000368115
0,11,47,1304.22,0.000304981
0,11,48,1282,0.000241325
0,11,49,1249.59,0.000181348
0,12,0,1738.78,0.194985
0,12,1,1880.66,0.231318
0,12,2,1993.34,0.255394
0,12,3,2069.95,0.263852
0,12,4,2109.54,0.256089
0,12,5,2115.99,0.233963
0,12,6,2096.53,0.201221
0,12,7,2060.52,0.162806
0,12,8,2018.17,0.123997
0,12,9,1978.68,0.0893778
0,12,10,1949.06,0.0618393
0,12,11,1932.42,0.0422712
0,12,12,1928.26,0.030059
0,12,13,1932.42,0.0235899
0,12,14,1939.16,0.0210742
0,12,15,1942.77,0.0206613
0,12,16,1939,0.0208506
0,12,17,1926.22,0.0207245
0,12,18,1904.76,0.0197812
0,12,19,1876.33,0.0179245
0,12,20,1843.24,0.0157181
0,12,21,1807.89,0.0136819
0,12,22,1772.35,0.0125906
0,12,23,1738.47,0.0130802
0,12,24,1707.63,0.0156917
0,12,25,1680.55,0.0207909
0,12,26,1657.27,0.0283555
0,12,27,1637.47,0.0376344
0,12,28,1619.98,0.0469851
0,12,29,1602.88,0.0541419
0,12,30,1584.01,0.0570021
0,12,31,1561.44,0.0546147
0,12,32,1534.94,0.0475642
0,12,33,1505.99,0.0377108
0,12,34,1477.69,0.027311
0,12,35,1453.21,0.0181609
0,12,36,1434.39,0.0111656
0,12,37,1421.21,0.00643292
0,12,38,1412.2,0.00355463
0,12,39,1405.53,0.00198567
0,12,40,1399.42,0.00122515
0,12,41,1393.51,0.000853283
0,12,42,1388.11,0.000768559
0,12,43,1383.89,0.000708586
0,12,44,1380.86,0.000628081
0,12,45,1377.91,0.000521464
0,12,46,1372.2,0.000406121
0,12,47,1359.62,0.000295065
0,12,48,1336.06,0.000202171
0,12,49,1299.39,0.00013179
0,13,0,1750.25,0.20797
0,13,1,1889.66,0.248754
0,13,2,1997.74,0.277239
0,13,3,2067.99,0.28939
0,13,4,2100.01,0.283899
0,13,5,2098.44,0.262061
0,13,6,2071.35,0.227402
0,13,7,2028.99,0.185118
0,13,8,1982.33,0.141165
0,13,9,1941.07,0.100984
0,13,10,1912.32,0.0682342
0,13,11,1898.87,0.0442476
0,13,12,1899.5,0.028515
0,13,13,1909.25,0.0192921
0,13,14,1921.74,0.0146853
0,13,15,1930.81,0.0127841
0,13,16,1931.95,0.0121541
0,13,17,1923.3,0.0119616
0,13,18,1904.89,0.0117507
0,13,19,1878.17,0.0113024
0,13,20,1845.37,0.0110247
0,13,21,1809.17,0.0111663
0,13,22,1772.35,0.0122727
0,13,23,1737.63,0.0147786
0,13,24,1707.15,0.0191011
0,13,25,1681.94,0.0255758
0,13,26,1661.87,0.0342146
0,13,27,1646.17,0.0442947
0,13,28,1633.13,0.0541109
0,13,29,1620.5,0.061244
0,13,30,1606.04,0.0634524
0,13,31,1587.94,0.0597804
0,13,32,1566.03,0.0510422
0,13,33,1541.67,0.0394782
0,13,34,1517.55,0.0277091
0,13,35,1496.37,0.0177272
0,13,36,1479.6,0.0104212
0,13,37,1467.22,0.00575104
0,13,38,1458.16,0.00310819
0,13,39,1451.38,0.00180172
0,13,40,1445.84,0.00125443
0,13,41,1441.77,0.00100557
0,13,42,1439.61,0.000993931
0,13,43,1439.79,0.000942514
0,13,44,1441.75,0.000829175
0,13,45,1443.48,0.000667935
0,13,46,1441.16,0.000492963
0,13,47,1429.68,0.000332455
0,13,48,1404.14,0.000206276
0,13,49,1361.98,0.000118838
0,14,0,1765.82,0.214227
0,14,1,1901.96,0.258048
0,14,2,2004.28,0.289788
0,14,3,2066.97,0.304916
0,14,4,2090.62,0.301597
0,14,5,2081.03,0.280706
0,14,6,2047.39,0.245554
0,14,7,2000.82,0.201405
0,14,8,1952.71,0.15455
0,14,9,1912.69,0.110923
0,14,10,1887.4,0.0746963
0,14,11,1878.86,0.0475728
0,14,12,1885.09,0.0292221
0,14,13,1900.46,0.0178934
0,14,14,1918.26,0.0116701
0,14,15,1932.02,0.00860332
0,14,16,1937.12,0.00728435
0,14,17,1931.51,0.00692206
0,14,18,1914.96,0.00713795
0,14,19,1888.7,0.00767676
0,14,20,1854.94,0.00888296
0,14,21,1816.68,0.0108234
0,14,22,1777.51,0.0138394
0,14,23,1741.09,0.0181332
0,14,24,1710.41,0.0239321
0,14,25,1686.95,0.0314775
0,14,26,1670.41,0.0407932
0,14,27,1659.4,0.0512232
0,14,28,1651.48,0.0610926
0,14,29,1643.88,0.0679371
0,14,30,1634.23,0.0694429
0,14,31,1620.87,0.0646456
0,14,32,1603.79,0.054507
0,14,33,1584.25,0.0415291
0,14,34,1564.48,0.0285974
0,14,35,1546.59,0.0178577
0,14,36,1531.59,0.0101985
0,14,37,1519.56,0.00548327
0,14,38,1510.07,0.00295168
0,14,39,1503.16,0.00179991
0,14,40,1498.73,0.00138582
0,14,41,1497.6,0.00121121
0,14,42,1500.18,0.00123901
0,14,43,1506.3,0.00118007
0,14,44,1514.49,0.00102918
0,14,45,1521.68,0.000815903
0,14,46,1522.98,0.000587406
0,14,47,1512.4,0.000383076
0,14,48,1484.29,0.000226734
0,14,49,1435.71,0.000122201
0,15,0,1785.37,0.215842
0,15,1,1917.92,0.261353
0,15,2,2013.9,0.295002
0,15,3,2068.42,0.311973
0,15,4,2083.36,0.310185
0,15,5,2065.97,0.290349
0,15,6,2026.79,0.255672
0,15,7,1977.78,0.21135
0,15,8,1930.47,0.163662
0,15,9,1893.96,0.118623
0,15,10,1873.91,0.0806042
0,15,11,1871.3,0.0515636
0,15,12,1883.33,0.0313994
0,15,13,1903.84,0.0184946
0,15,14,1925.98,0.0110154
0,15,15,1943.26,0.00703798
0,15,16,1951.12,0.00517165
0,15,17,1947.42,0.00464024
0,15,18,1931.8,0.00514857
0,15,19,1905.31,0.00644985
0,15,20,1870.14,0.00885886
0,15,21,1829.56,0.0123111
0,15,22,1787.8,0.0169384
0,15,23,1749.42,0.0226695
0,15,24,1718.33,0.0294764
0,15,25,1696.49,0.0374476
0,15,26,1683.49,0.0466105
0,15,27,1677.33,0.0564519
0,15,28,1674.69,0.0654934
0,15,29,1672.13,0.0714342
0,15,30,1667.12,0.0720541
0,15,31,1658.2,0.0664243
0,15,32,1645.65,0.0555445
0,15,33,1630.75,0.0419679
0,15,34,1615.3,0.0286287
0,15,35,1600.71,0.0176866
0,15,36,1587.51,0.00999584
0,15,37,1575.84,0.00536547
0,15,38,1566.04,0.00295531
0,15,39,1559.39,0.00191295
0,15,40,1556.83,0.00157227
0,15,41,1559.76,0.00142583
0,15,42,1568.37,0.00145251
0,15,43,1581.57,0.00136644
0,15,44,1596.74,0.00117509
0,15,45,1609.6,0.000918485
0,15,46,1614.32,0.000650947
0,15,47,1604.17,0.000417099
0,15,48,1572.96,0.000241477
0,15,49,1517.36,0.00012625
0,16,0,1811.02,0.216687
0,16,1,1940.3,0.262914
0,16,2,2030.02,0.297192
0,16,3,2076.4,0.314638
0,16,4,2082.76,0.313268
0,16,5,2057.96,0.293957
0,16,6,2013.95,0.259988
0,16,7,1963.48,0.216432
0,16,8,1918.1,0.169291
0,16,9,1886.08,0.124318
0,16,10,1871.85,0.0857998
0,16,11,1875.12,0.0558163
0,16,12,1892.23,0.0344998
0,16,13,1916.61,0.020459
0,16,14,1941.46,0.0120152
0,16,15,1960.55,0.00732791
0,16,16,1969.6,0.00503909
0,16,17,1966.62,0.00438879
0,16,18,1951.25,0.00516629
0,16,19,1924.46,0.00715064
0,16,20,1888.34,0.0106116
0,16,21,1846.23,0.0153538
0,16,22,1802.76,0.0212609
0,16,23,1763.12,0.0279464
0,16,24,1731.97,0.035089
0,16,25,1711.82,0.0426059
0,16,26,1702.26,0.0505558
0,16,27,1700.68,0.0586673
0,16,28,1702.9,0.0658421
0,16,29,1704.79,0.0701722
0,16,30,1703.57,0.0697188
0,16,31,1698.1,0.0636472
0,16,32,1689.08,0.0528769
0,16,33,1678.02,0.039772
0,16,34,1666.4,0.0270549
0,16,35,1655.01,0.0167183
0,16,36,1643.82,0.00951997
0,16,37,1632.98,0.00524374
0,16,38,1623.55,0.0030477
0,16,39,1618,0.00210777
0,16,40,1618.33,0.00179103
0,16,41,1626.43,0.00162402
0,16,42,1642.05,0.00160223
0,16,43,1663,0.00146586
0,16,44,1685.33,0.0012323
0,16,45,1703.59,0.000945635
0,16,46,1711.19,0.000659567
0,16,47,1700.91,0.00041648
0,16,48,1666.23,0.000237565
0,16,49,1603.42,0.000122053
0,17,0,1846.12,0.22072
0,17,1,1973.03,0.267077
0,17,2,2057.27,0.300836
0,17,3,2096.2,0.317286
0,17,4,2094.68,0.314891
0,17,5,2063.08,0.295032
0,17,6,2014.63,0.26127
0,17,7,1962.85,0.218568
0,17,8,1919.19,0.172504
0,17,9,1891.14,0.12835
0,17,10,1881.81,0.0901119
0,17,11,1889.63,0.0598708
0,17,12,1910.09,0.0379507
0,17,13,1936.25,0.023199
0,17,14,1961.55,0.0140984
0,17,15,1980.25,0.00891635
0,17,16,1988.66,0.00635
0,17,17,1985.16,0.00568397
0,17,18,1969.62,0.00679805
0,17,19,1942.97,0.00949918
0,17,20,1907.1,0.013962
0,17,21,1865.15,0.0198163
0,17,22,1821.75,0.0266339
0,17,23,1782.3,0.0336855
0,17,24,1751.96,0.0403678
0,17,25,1733.68,0.0464708
0,17,26,1727.21,0.0521578
0,17,27,1729.5,0.0575037
0,17,28,1735.64,0.0619352
0,17,29,1740.84,0.0641084
0,17,30,1742.09,0.0625055
0,17,31,1738.56,0.0564228
0,17,32,1731.53,0.0465945
0,17,33,1722.91,0.0349861
0,17,34,1714.16,0.023879
0,17,35,1705.56,0.0149358
0,17,36,1696.6,0.00875667
0,17,37,1687.32,0.00511597
0,17,38,1679.32,0.00323897
0,17,39,1676.08,0.0023999
0,17,40,1680.47,0.00205609
0,17,41,1694.72,0.0018138
0,17,42,1718.04,0.00169134
0,17,43,1747,0.00147858
0,17,44,1776.33,0.0012001
0,17,45,1799.56,0.000896774
0,17,46,1809.56,0.000612933
0,17,47,1798.89,0.000380909
0,17,48,1760.78,0.000214536
0,17,49,1691.09,0.000108976
0,18,0,1893.8,0.230281
0,18,1,2019.77,0.276361
0,18,2,2099.89,0.308536
0,18,3,2132.82,0.322512
0,18,4,2124.78,0.317527
0,18,5,2087.41,0.295757
0,18,6,2034.95,0.261219
0,18,7,1981.46,0.218825
0,18,8,1938.37,0.173705
0,18,9,1912.52,0.13058
0,18,10,1905.95,0.0930791
0,18,11,1915.87,0.0631784
0,18,12,1936.99,0.0412955
0,18,13,1962.14,0.0264273
0,18,14,1985.08,0.0171406
0,18,15,2000.84,0.011783
0,18,16,2006.57,0.00913111
0,18,17,2001.34,0.0085729
0,18,18,1985.37,0.0101101
0,18,19,1959.61,0.0135896
0,18,20,1925.59,0.0190353
0,18,21,1885.92,0.0258295
0,18,22,1844.74,0.0331584
0,18,23,1807.23,0.0399407
0,18,24,1778.67,0.0453517
0,18,25,1762.34,0.0491611
0,18,26,1758.28,0.0517485
0,18,27,1763.29,0.0536245
0,18,28,1771.99,0.0548102
0,18,29,1779.06,0.0545884
0,18,30,1781.26,0.0519069
0,18,31,1778.03,0.0461911
0,18,32,1771.26,0.0379165
0,18,33,1763.42,0.0285224
0,18,34,1756.22,0.0197083
0,18,35,1749.71,0.0127048
0,18,36,1743,0.00791159
0,18,37,1735.99,0.00509668
0,18,38,1730.56,0.0035989
0,18,39,1730.87,0.00283919
0,18,40,1740.37,0.00240876
0,18,41,1761.45,0.00203015
0,18,42,1792.68,0.00175402
0,18,43,1829.51,0.00143617
0,18,44,1865.49,0.00110572
0,18,45,1893.4,0.000793156
0,18,46,1905.75,0.00052555
0,18,47,1894.99,0.000318708
0,18,48,1854.16,0.000176115
0,18,49,1778.58,8.79581e-05
0,19,0,1955.99,0.245156
0,19,1,2082.68,0.290572
0,19,2,2160.45,0.320244
0,19,3,2189.28,0.330509
0,19,4,2176.64,0.321612
0,19,5,2135,0.296696
0,19,6,2079.13,0.260341
0,19,7,2023.4,0.217488
0,19,8,1979.19,0.172894
0,19,9,1953.02,0.130777
0,19,10,1946.2,0.0943704
0,19,11,1955,0.0654454
0,19,12,1973.57,0.0443673
0,19,13,1994.54,0.0301168
0,19,14,2012.14,0.0212159
0,19,15,2022.37,0.0160425
0,19,16,2023.48,0.0134897
0,19,17,2015.39,0.0131334
0,19,18,1998.86,0.0151547
0,19,19,1974.78,0.0194637
0,19,20,1944.11,0.0258853
0,19,21,1908.64,0.0334702
0,19,22,1871.55,0.0409488
0,19,23,1837.4,0.0468953
0,19,24,1811.27,0.050356
0,19,25,1796.62,0.0512221
0,19,26,1793.91,0.0502175
0,19,27,1800.13,0.0483485
0,19,28,1809.8,0.0462183
0,19,29,1817.31,0.0436875
0,19,30,1819.19,0.0401167
0,19,31,1815.03,0.0350207
0,19,32,1807.19,0.0285844
0,19,33,1798.71,0.0216904
0,19,34,1791.75,0.0154225
0,19,35,1786.45,0.0105545
0,19,36,1781.76,0.0072706
0,19,37,1777.43,0.00532678
0,19,38,1775.44,0.00419499
0,19,39,1780.24,0.0034639
0,19,40,1795.52,0.00288173
0,19,41,1823.58,0.00230755
0,19,42,1862.46,0.00183263
0,19,43,1906.67,0.00138408
0,19,44,1948.93,0.000991977
0,19,45,1981.47,0.000670544
0,19,46,1996.63,0.000423911
0,19,47,1986.76,0.00024733
0,19,48,1944.62,0.000132616
0,19,49,1864.79,6.44893e-05
0,20,0,2032.65,0.262981
0,20,1,2161.82,0.307301
0,20,2,2239.18,0.333793
0,20,3,2266.1,0.339561
0,20,4,2251.08,0.325951
0,20,5,2206.99,0.297103
0,20,6,2148.64,0.25818
0,20,7,2090.27,0.214241
0,20,8,2043.24,0.169801
0,20,9,2014.02,0.128695
0,20,10,2003.63,0.0937895
0,20,11,2007.84,0.0665468
0,20,12,2020.5,0.0471148
0,20,13,2034.22,0.0342621
0,20,14,2043.77,0.02633
0,20,15,2046.23,0.021678
0,20,16,2041.08,0.0193604
0,20,17,2029.28,0.0192295
0,20,18,2012.12,0.0217135
0,20,19,1990.32,0.0268193
0,20,20,1964.1,0.0341502
0,20,21,1934.09,0.0423656
0,20,22,1902.28,0.0497002
0,20,23,1872.27,0.0544096
0,20,24,1848.66,0.0555065
0,20,25,1834.97,0.0531338
0,20,26,1832.2,0.0484608
0,20,27,1837.85,0.0430072
0,20,28,1846.81,0.0378822
0,20,29,1853.48,0.0333985
0,20,30,1854.24,0.0292133
0,20,31,1848.64,0.024868
0,20,32,1839.23,0.0202584
0,20,33,1829.44,0.0157574
0,20,34,1821.94,0.0118876
0,20,35,1817.14,0.0090086
0,20,36,1814.1,0.0071044
0,20,37,1812.53,0.0059165
0,20,38,1814.36,0.00505162
0,20,39,1824.02,0.00426553
0,20,40,1845.06,0.00346584
0,20,41,1879.62,0.00264849
0,20,42,1925.3,0.00194752
0,20,43,1976.04,0.00135373
0,20,44,2024.05,0.000893061
0,20,45,2061.29,0.000559209
0,20,46,2080,0.000331027
0,20,47,2072.37,0.000182043
0,20,48,2030.71,9.30475e-05
0,20,49,1948.7,4.33385e-05
0,21,0,2122.11,0.280799
0,21,1,2255.43,0.323813
0,21,2,2334.26,0.346999
0,21,3,2361.37,0.348229
0,21,4,2346.07,0.329858
0,21,5,2301.29,0.296911
0,21,6,2241.4,0.255106
0,21,7,2180.21,0.209713
0,21,8,2128.89,0.16519
0,21,9,2094.11,0.12514
0,21,10,2077.07,0.0921003
0,21,11,2073.51,0.0671309
0,21,12,2077.36,0.0500046
0,21,13,2081.41,0.0391116
0,21,14,2080.95,0.0325172
0,21,15,2074.18,0.0285418
0,21,16,2061.79,0.026441
0,21,17,2045.76,0.026404
0,21,18,2027.83,0.0291533
0,21,19,2008.44,0.0348205
0,21,20,1986.9,0.0428055
0,21,21,1962.61,0.0513796
0,21,22,1936.25,0.0583104
0,21,23,1910.32,0.0615898
0,21,24,1888.76,0.0602722
0,21,25,1875.01,0.05482
0,21,26,1870.61,0.0468711
0,21,27,1873.89,0.0384092
0,21,28,1880.53,0.0309254
0,21,29,1885.36,0.0250282
0,21,30,1884.71,0.0205396
0,21,31,1877.95,0.0169701
0,21,32,1867.47,0.0139597
0,21,33,1856.76,0.0114679
0,21,34,1848.79,0.00956642
0,21,35,1844.35,0.00828723
0,21,36,1842.75,0.00745326
0,21,37,1843.84,0.00679833
0,21,38,1849.43,0.00605463
0,21,39,1863.73,0.00512871
0,21,40,1889.91,0.00407129
0,21,41,1929.86,0.0029969
0,21,42,1980.96,0.00207567
0,21,43,2036.97,0.00134465
0,21,44,2089.96,0.000819784
0,21,45,2131.82,0.000472799
0,21,46,2154.68,0.000258612
0,21,47,2150.5,0.000131053
0,21,48,2111.02,6.23522e-05
0,21,49,2028.83,2.71341e-05
0,22,0,2221.59,0.296861
0,22,1,2360.58,0.338835
0,22,2,2442.51,0.35928
0,22,3,2471.49,0.356664
0,22,4,2457.48,0.334118
0,22,5,2413.23,0.297377
0,22,6,2352.43,0.252681
0,22,7,2288.17,0.205642
0,22,8,2231.37,0.160855
0,22,9,2189.03,0.121838
0,22,10,2162.94,0.0908192
0,22,11,2149.3,0.0683707
0,22,12,2142.45,0.0537736
0,22,13,2135.51,0.0449523
0,22,14,2124.26,0.0396811
0,22,15,2107.82,0.0362623
0,22,16,2087.93,0.0341723
0,22,17,2067.38,0.0339323
0,22,18,2048.25,0.0365447
0,22,19,2030.6,0.0422666
0,22,20,2012.93,0.0503546
0,22,21,1993.46,0.0587885
0,22,22,1971.71,0.0649975
0,22,23,1949.07,0.0668174
0,22,24,1928.75,0.063393
0,22,25,1913.91,0.0554853
0,22,26,1906.57,0.0451148
0,22,27,1905.97,0.0345979
0,22,28,1908.98,0.0256523
0,22,29,1911.25,0.0190334
0,22,30,1909.29,0.0146224
0,22,31,1902.22,0.0118644
0,22,32,1891.96,0.0101915
0,22,33,1881.66,0.00925249
0,22,34,1874.24,0.00878807
0,22,35,1870.75,0.00860126
0,22,36,1870.86,0.00841295
0,22,37,1874.63,0.00797741
0,22,38,1883.78,0.00715194
0,22,39,1902.21,0.00597872
0,22,40,1932.53,0.00462719
0,22,41,1976.38,0.00329932
0,22,42,2031.16,0.00218448
0,22,43,2090.82,0.00134079
0,22,44,2147.61,0.000766215
0,22,45,2193.5,0.000410293
0,22,46,2220.54,0.00020739
0,22,47,2220.33,9.53893e-05
0,22,48,2184.02,4.12611e-05
0,22,49,2103.09,1.62602e-05
0,23,0,2327.49,0.311757
0,23,1,2473.43,0.353695
0,23,2,2559.78,0.372675
0,23,3,2591.81,0.367447
0,23,4,2580.02,0.341613
0,23,5,2536.84,0.301466
0,23,6,2475.19,0.253825
0,23,7,2407.37,0.204831
0,23,8,2344.04,0.159418
0,23,9,2292.62,0.121126
0,23,10,2255.81,0.0918665
0,23,11,2230.71,0.0716471
0,23,12,2212.38,0.059196
0,23,13,2194.33,0.0519841
0,23,14,2172.68,0.0475695
0,23,15,2147.13,0.0443007
0,23,16,2120.06,0.0418645
0,23,17,2094.83,0.0410288
0,23,18,2073.65,0.042972
0,23,19,2056.29,0.0480284
0,23,20,2040.65,0.0553946
0,23,21,2024.14,0.0629428
0,23,22,2005.36,0.0679962
0,23,23,1984.78,0.0684032
0,23,24,1964.84,0.0634343
0,23,25,1948.23,0.0540468
0,23,26,1937.21,0.0424545
0,23,27,1931.96,0.0311016
0,23,28,1930.64,0.0217618
0,23,29,1930.06,0.0152168
0,23,30,1927.19,0.0113436
0,23,31,1920.95,0.0095128
0,23,32,1912.59,0.00899233
0,23,33,1904.57,0.00920008
0,23,34,1899.41,0.00964732
0,23,35,1898.18,0.0100041
0,23,36,1900.85,0.00996976
0,23,37,1907.74,0.00937744
0,23,38,1920.5,0.00822878
0,23,39,1942.64,0.00669293
0,23,40,1976.17,0.00502656
0,23,41,2022.45,0.00347563
0,23,42,2079.09,0.00221983
0,23,43,2140.53,0.00130846
0,23,44,2199.5,0.000712014
0,23,45,2248.19,0.00035961
0,23,46,2278.57,0.00017044
0,23,47,2281.89,7.13332e-05
0,23,48,2248.69,2.77842e-05
0,23,49,2169.45,9.67255e-06
0,24,0,2436.22,0.328453
0,24,1,2590.07,0.372155
0,24,2,2681.75,0.391473
0,24,3,2717.54,0.385025
0,24,4,2708.26,0.356609
0,24,5,2666.03,0.313061
0,24,6,2603.02,0.261974
0,24,7,2530.83,0.210288
0,24,8,2459.89,0.163486
0,24,9,2398.22,0.125188
0,24,10,2349.68,0.0969391
0,24,11,2312.59,0.0781147
0,24,12,2282.95,0.066882
0,24,13,2254.68,0.0603583
0,24,14,2223.96,0.0560315
0,24,15,2190.57,0.0523864
0,24,16,2157.08,0.0492744
0,24,17,2126.95,0.0475459
0,24,18,2102.5,0.048359
0,24,19,2083.39,0.0520148
0,24,20,2067.32,0.0577224
0,24,21,2051.34,0.0634758
0,24,22,2033.52,0.0667902
0,24,23,2013.64,0.0657485
0,24,24,1993.35,0.0597937
0,24,25,1974.77,0.0499491
0,24,26,1960.15,0.0383911
0,24,27,1950.31,0.0274618
0,24,28,1944.75,0.0188329
0,24,29,1941.53,0.013227
0,24,30,1938.34,0.0104882
0,24,31,1934.03,0.00990633
0,24,32,1929.19,0.0105925
0,24,33,1925.34,0.0117516
0,24,34,1924.36,0.0127135
0,24,35,1927.09,0.0130871
0,24,36,1933.68,0.0126481
0,24,37,1944.64,0.0114068
0,24,38,1961.53,0.00956903
0,24,39,1987.43,0.00744938
0,24,40,2023.67,0.00537032
0,24,41,2071.32,0.00357717
0,24,42,2128.3,0.00220234
0,24,43,2189.72,0.00125162
0,24,44,2248.99,0.00065293
0,24,45,2298.7,0.000314015
0,24,46,2330.79,0.000141827
0,24,47,2336.22,5.47752e-05
0,24,48,2304.98,1.93432e-05
0,24,49,2226.78,5.90132e-06
0,25,0,2544.64,0.351931
0,25,1,2706.9,0.399852
0,25,2,2804.38,0.421504
0,25,3,2844.19,0.414955
0,25,4,2837.33,0.384063
0,25,5,2795.56,0.336369
0,25,6,2730.38,0.280599
0,25,7,2652.81,0.224834
0,25,8,2573.2,0.175297
0,25,9,2500.27,0.135716
0,25,10,2439.3,0.107208
0,25,11,2390.14,0.0884782
0,25,12,2349.87,0.0771676
0,25,13,2312.81,0.0701829
0,25,14,2274.84,0.0651034
0,25,15,2235.29,0.0606281
0,25,16,2196.32,0.0566937
0,25,17,2161.18,0.054024
0,25,18,2132.18,0.0535086
0,25,19,2109.16,0.055258
0,25,20,2090.09,0.0585264
0,25,21,2072.13,0.0616345
0,25,22,2053.25,0.0625794
0,25,23,2032.78,0.05991
0,25,24,2011.69,0.0533097
0,25,25,1991.41,0.0437675
0,25,26,1973.92,0.0332297
0,25,27,1960.45,0.0237493
0,25,28,1951.53,0.0167851
0,25,29,1946.49,0.012954
0,25,30,1943.83,0.0120539
0,25,31,1942.51,0.0132661
0,25,32,1942.5,0.0154923
0,25,33,1944.41,0.017664
0,25,34,1949.28,0.0189092
0,25,35,1957.59,0.0188138
0,25,36,1969.51,0.0173393
0,25,37,1985.68,0.0148094
0,25,38,2007.51,0.0117401
0,25,39,2037.6,0.0086471
0,25,40,2076.6,0.00591767
0,25,41,2125.25,0.00375926
0,25,42,2181.68,0.00221531
0,25,43,2241.73,0.00120901
0,25,44,2299.61,0.000602447
0,25,45,2348.4,0.000275202
0,25,46,2380.12,0.000119438
0,25,47,2385.56,4.31735e-05
0,25,48,2354.33,1.3973e-05
0,25,49,2275.57,3.72038e-06
0,26,0,2649.94,0.386639
0,26,1,2820.43,0.441451
0,26,2,2923.67,0.467219
0,26,3,2967.42,0.461152
0,26,4,2962.72,0.427205
0,26,5,2920.95,0.373959
0,26,6,2852.96,0.311709
0,26,7,2769.27,0.250004
0,26,8,2680.2,0.195957
0,26,9,2595.26,0.153409
0,26,10,2521.28,0.123014
0,26,11,2459.97,0.102827
0,26,12,2409.71,0.0900518
0,26,13,2365.19,0.0815401
0,26,14,2321.77,0.0750893
0,26,15,2277.8,0.0696419
0,26,16,2234.5,0.0651106
0,26,17,2194.55,0.0618728
0,26,18,2160.16,0.060293
0,26,19,2131.56,0.0601061
0,26,20,2107.36,0.0605791
0,26,21,2085.26,0.0604757
0,26,22,2063.51,0.0584819
0,26,23,2041.32,0.0538064
0,26,24,2019.1,0.0464662
0,26,25,1997.63,0.0374002
0,26,26,1978.42,0.0282461
0,26,27,1962.84,0.0206912
0,26,28,1952.12,0.0159535
0,26,29,1946.6,0.0145384
0,26,30,1945.61,0.0161849
0,26,31,1948.27,0.0198993
0,26,32,1954.09,0.0242503
0,26,33,1962.8,0.0277539
0,26,34,1974.63,0.029242
0,26,35,1989.59,0.028273
0,26,36,2007.83,0.0250973
0,26,37,2030.04,0.020511
0,26,38,2057.49,0.0154872
0,26,39,2092.28,0.010838
0,26,40,2134.45,0.00704472
0,26,41,2184.34,0.00425734
0,26,42,2240.19,0.00239207
0,26,43,2298.42,0.0012481
0,26,44,2353.92,0.000589576
0,26,45,2400.29,0.0002529
0,26,46,2429.75,0.000105085
0,26,47,2433.04,3.57163e-05
0,26,48,2399.57,1.04805e-05
0,26,49,2318.14,2.26216e-06
0,27,0,2749.66,0.435219
0,27,1,2927.56,0.499271
0,27,2,3036.03,0.530362
0,27,3,3083.43,0.524724
0,27,4,3080.77,0.486635
0,27,5,3038.96,0.426134
0,27,6,2968.21,0.355473
0,27,7,2878.45,0.285881
0,27,8,2779.83,0.22541
0,27,9,2682.54,0.178005
0,27,10,2595.05,0.143903
0,27,11,2521.18,0.120631
0,27,12,2460.97,0.105115
0,27,13,2409.71,0.0942912
0,27,14,2362.12,0.0862258
0,27,15,2315.26,0.0800586
0,27,16,2268.95,0.0755444
0,27,17,2224.93,0.072522
0,27,18,2185.13,0.0706181
0,27,19,2150.19,0.0690146
0,27,20,2119.54,0.0668979
0,27,21,2091.8,0.0634688
0,27,22,2065.84,0.058177
0,27,23,2041.06,0.0510031
0,27,24,2017.53,0.0423968
0,27,25,1995.47,0.0333267
0,27,26,1975.86,0.0251836
0,27,27,1959.93,0.0193481
0,27,28,1949.26,0.0168608
0,27,29,1944.92,0.0181508
0,27,30,1946.84,0.022881
0,27,31,1954.38,0.0297884
0,27,32,1966.6,0.0369408
0,27,33,1982.51,0.0422498
0,27,34,2001.59,0.0441075
0,27,35,2023.44,0.0419984
0,27,36,2048.17,0.0365333
0,27,37,2076.51,0.0291264
0,27,38,2109.65,0.0213628
0,27,39,2149.32,0.014469
0,27,40,2195.08,0.00907834
0,27,41,2246.88,0.00528791
0,27,42,2302.92,0.00286189
0,27,43,2359.88,0.00143844
0,27,44,2413.07,0.000647863
0,27,45,2456.44,0.000261476
0,27,46,2482.45,0.000103981
0,27,47,2481.89,3.37566e-05
0,27,48,2444.15,8.99218e-06
0,27,49,2357.93,1.40196e-06
0,28,0,2841.49,0.496296
0,28,1,3025.33,0.571073
0,28,2,3138.1,0.607983
0,28,3,3188.73,0.602398
0,28,4,3188.18,0.559242
0,28,5,3146.88,0.490339
0,28,6,3074.32,0.410057
0,28,7,2979.68,0.331259
0,28,8,2872.61,0.262829
0,28,9,2763.6,0.208811
0,28,10,2662.56,0.169183
0,28,11,2575.55,0.141224
0,28,12,2504.75,0.121833
0,28,13,2446.51,0.108167
0,28,14,2395.2,0.0985339
0,28,15,2346.48,0.0921559
0,28,16,2298.51,0.0884873
0,28,17,2251.69,0.0866919
0,28,18,2207.33,0.0855224
0,28,19,2166.28,0.0834703
0,28,20,2128.85,0.0795073
0,28,21,2094.76,0.0731474
0,28,22,2063.79,0.0645359
0,28,23,2035.89,0.0544281
0,28,24,2011.07,0.0437808
0,28,25,1989.09,0.033736
0,28,26,1970.34,0.0256083
0,28,27,1955.72,0.0206437
0,28,28,1946.84,0.0198417
0,28,29,1945.14,0.0236217
0,28,30,1951,0.0315582
0,28,31,1963.88,0.0420336
0,28,32,1982.54,0.0524662
0,28,33,2005.35,0.0599984
0,28,34,2031.2,0.062444
0,28,35,2059.31,0.0591396
0,28,36,2089.8,0.0510678
0,28,37,2123.5,0.0403366
0,28,38,2161.63,0.0292478
0,28,39,2205.8,0.0195419
0,28,40,2255.3,0.0120716
0,28,41,2309.83,0.00691103
0,28,42,2367.34,0.00367122
0,28,43,2424.43,0.00180926
0,28,44,2476.43,0.000793822
0,28,45,2517.36,0.000309297
0,28,46,2539.79,0.000119406
0,28,47,2534.64,3.82237e-05
0,28,48,2491.38,9.70303e-06
0,28,49,2398.77,1.1594e-06
0,29,0,2923.53,0.56388
0,29,1,3111.6,0.649619
0,29,2,3227.61,0.692233
0,29,3,3281.09,0.686554
0,29,4,3282.98,0.638414
0,29,5,3243.26,0.561464
0,29,6,3170.66,0.471939
0,29,7,3073.38,0.383949
0,29,8,2960.18,0.306927
0,29,9,2841.24,0.245029
0,29,10,2727.38,0.198282
0,29,11,2626.81,0.16415
0,29,12,2544.29,0.139856
0,29,13,2477.9,0.122924
0,29,14,2422.28,0.111829
0,29,15,2371.96,0.105719
0,29,16,2323.34,0.103625
0,29,17,2275.17,0.103977
0,29,18,2227.7,0.104615
0,29,19,2181.67,0.103273
0,29,20,2138.08,0.0985689
0,29,21,2097.83,0.0901274
0,29,22,2061.86,0.0785961
0,29,23,2030.93,0.0653879
0,29,24,2005.19,0.0519732
0,29,25,1984.07,0.0398164
0,29,26,1967.29,0.0303698
0,29,27,1955.21,0.0249743
0,29,28,1949.23,0.0247577
0,29,29,1950.94,0.0302121
0,29,30,1961.01,0.0408299
0,29,31,1978.97,0.0546073
0,29,32,2003.38,0.0682596
0,29,33,2032.11,0.0781086
0,29,34,2063.59,0.081326
0,29,35,2096.7,0.0770299
0,29,36,2131.58,0.0665054
0,29,37,2169.2,0.052505
0,29,38,2211.04,0.0380344
0,29,39,2258.83,0.0253728
0,29,40,2311.93,0.0156375
0,29,41,2369.87,0.00892452
0,29,42,2430.26,0.00472179
0,29,43,2489.3,0.0023157
0,29,44,2541.87,0.00100977
0,29,45,2581.76,0.000390405
0,29,46,2601.48,0.000148869
0,29,47,2592.05,4.80039e-05
0,29,48,2543.04,1.21986e-05
0,29,49,2443.32,1.41884e-06
0,30,0,2994.38,0.627986
0,30,1,3185.03,0.723562
0,30,2,3303.33,0.771441
0,30,3,3359.42,0.766317
0,30,4,3364.28,0.714975
0,30,5,3327.48,0.632502
0,30,6,3256.97,0.536279
0,30,7,3159.87,0.440934
0,30,8,3043.68,0.356025
0,30,9,2917.68,0.285858
0,30,10,2792.86,0.230917
0,30,11,2679.13,0.189398
0,30,12,2583.98,0.159256
0,30,13,2507.88,0.138542
0,30,14,2446.57,0.125815
0,30,15,2394.03,0.120022
0,30,16,2345.08,0.119713
0,30,17,2296.64,0.122618
0,30,18,2247.58,0.125741
0,30,19,2198.15,0.126075
0,30,20,2149.77,0.121789
0,30,21,2104.44,0.112387
0,30,22,2064.34,0.0987508
0,30,23,2031.21,0.0827227
0,30,24,2005.44,0.0661982
0,30,25,1986.1,0.0510483
0,30,26,1972.13,0.0390366
0,30,27,1963.26,0.0318086
0,30,28,1960.49,0.0307709
0,30,29,1965.43,0.0365648
0,30,30,1979.01,0.0486335
0,30,31,2000.9,0.0646435
0,30,32,2029.57,0.0807065
0,30,33,2062.61,0.0924459
0,30,34,2098.09,0.0964623
0,30,35,2134.58,0.0916216
0,30,36,2172.21,0.0793671
0,30,37,2212.13,0.0628965
0,30,38,2256.19,0.0457487
0,30,39,2306.5,0.0306492
0,30,40,2362.76,0.0189694
0,30,41,2424.47,0.0108696
0,30,42,2488.85,0.00577223
0,30,43,2551.42,0.00284097
0,30,44,2606.32,0.00124656
0,30,45,2646.85,0.000487486
0,30,46,2665.31,0.000187043
0,30,47,2652.72,6.21943e-05
0,30,48,2598.72,1.68783e-05
0,30,49,2492.21,2.71095e-06
0,31,0,3053.52,0.677227
0,31,1,3245.36,0.780402
0,31,2,3365.19,0.833111
0,31,3,3423.73,0.83027
0,31,4,3432.03,0.779325
0,31,5,3399.3,0.695952
0,31,6,3332.8,0.597582
0,31,7,3238.48,0.498429
0,31,8,3122.49,0.40771
0,31,9,2992.78,0.32996
0,31,10,2859.88,0.266567
0,31,11,2734.71,0.216989
0,31,12,2627.14,0.180292
0,31,13,2540.34,0.155183
0,31,14,2471.86,0.140263
0,31,15,2415.89,0.134215
0,31,16,2366.11,0.135143
0,31,17,2317.78,0.140221
0,31,18,2268.25,0.145805
0,31,19,2216.98,0.148278
0,31,20,2165.56,0.145337
0,31,21,2116.88,0.13618
0,31,22,2074.26,0.121623
0,31,23,2040.38,0.103623
0,31,24,2015.81,0.0842957
0,31,25,1999.15,0.0658821
0,31,26,1988.51,0.0505276
0,31,27,1982.84,0.0403141
0,31,28,1982.74,0.0370245
0,31,29,1989.86,0.041509
0,31,30,2005.42,0.0532256
0,31,31,2029.34,0.0696614
0,31,32,2060.22,0.0865796
0,31,33,2095.52,0.099206
0,31,34,2133.13,0.103786
0,31,35,2171.34,0.0989593
0,31,36,2210.23,0.0861393
0,31,37,2251.06,0.0686491
0,31,38,2296.1,0.0502458
0,31,39,2348.02,0.0338877
0,31,40,2406.95,0.0211197
0,31,41,2472.48,0.0121874
0,31,42,2541.41,0.00651943
0,31,43,2608.44,0.00323507
0,31,44,2666.87,0.00143942
0,31,45,2709.39,0.000577136
0,31,46,2728.01,0.000227351
0,31,47,2713.72,8.0343e-05
0,31,48,2656.12,2.49316e-05
0,31,49,2543.99,6.20772e-06
0,32,0,3100.82,0.70262
0,32,1,3292.83,0.810551
0,32,2,3413.6,0.867839
0,32,3,3474.43,0.869799
0,32,4,3486.4,0.823937
0,32,5,3458.44,0.745394
0,32,6,3397.11,0.650413
0,32,7,3307.38,0.551906
0,32,8,3194.09,0.458388
0,32,9,3063.84,0.374747
0,32,10,2926.31,0.303649
0,32,11,2792.73,0.246192
0,32,12,2674.64,0.202771
0,32,13,2577.63,0.172804
0,32,14,2501.36,0.154915
0,32,15,2440.84,0.147538
0,32,16,2389.28,0.148454
0,32,17,2340.72,0.154519
0,32,18,2291.16,0.161732
0,32,19,2239.2,0.166103
0,32,20,2186.38,0.164947
0,32,21,2136.21,0.157054
0,32,22,2092.9,0.142902
0,32,23,2059.81,0.124204
0,32,24,2037.5,0.103005
0,32,25,2024.07,0.0817587
0,32,26,2016.73,0.0629514
0,32,27,2013.73,0.0491395
0,32,28,2015.36,0.042517
0,32,29,2023.28,0.0441792
0,32,30,2039.07,0.0536745
0,32,31,2062.95,0.0685065
0,32,32,2093.82,0.0844254
0,32,33,2129.23,0.0966494
0,32,34,2167.08,0.10137
0,32,35,2205.49,0.0970784
0,32,36,2244.47,0.0849827
0,32,37,2285.37,0.0681797
0,32,38,2330.77,0.0502733
0,32,39,2383.82,0.0341793
0,32,40,2445.07,0.0214844
0,32,41,2514.18,0.012513
0,32,42,2587.52,0.00676509
0,32,43,2659.05,0.0034033
0,32,44,2721.28,0.00155158
0,32,45,2766.37,0.000650463
0,32,46,2786.1,0.000272181
0,32,47,2771.39,0.000108343
0,32,48,2711.69,4.23842e-05
0,32,49,2595.55,1.70009e-05
0,33,0,3136.26,0.700388
0,33,1,3327.75,0.810154
0,33,2,3449.03,0.871807
0,33,3,3511.85,0.881017
0,33,4,3527.32,0.844612
0,33,5,3504.06,0.776086
0,33,6,3448.12,0.689484
0,33,7,3363.67,0.595817
0,33,8,3254.54,0.502753
0,33,9,3126.24,0.415668
0,33,10,2987.57,0.338687
0,33,11,2849.55,0.274636
0,33,12,2724.51,0.22521
0,33,13,2619.71,0.190469
0,33,14,2536.61,0.169059
0,33,15,2471.35,0.159239
0,33,16,2417.29,0.158653
0,33,17,2367.85,0.164112
0,33,18,2318.16,0.171602
0,33,19,2266.13,0.177075
0,33,20,2213.09,0.177647
0,33,21,2162.85,0.171719
0,33,22,2120.13,0.159246
0,33,23,2088.65,0.141377
0,33,24,2068.85,0.119762
0,33,25,2058.31,0.0968173
0,33,26,2053.58,0.0752176
0,33,27,2052.41,0.0579221
0,33,28,2054.82,0.0474961
0,33,29,2062.52,0.0452895
0,33,30,2077.31,0.0510206
0,33,31,2099.68,0.0624146
0,33,32,2128.83,0.0755495
0,33,33,2162.58,0.086024
0,33,34,2199.04,0.0902859
0,33,35,2236.46,0.0867943
0,33,36,2274.84,0.0764294
0,33,37,2315.58,0.0617708
0,33,38,2361.38,0.0459383
0,33,39,2415.64,0.0315371
0,33,40,2479.05,0.0200472
0,33,41,2551.21,0.0118362
0,33,42,2628.11,0.00651578
0,33,43,2703.17,0.00336494
0,33,44,2768.43,0.00160601
0,33,45,2815.75,0.000728087
0,33,46,2836.8,0.000338032
0,33,47,2822.4,0.000157564
0,33,48,2761.82,7.64197e-05
0,33,49,2643.21,3.94398e-05
0,34,0,3159.28,0.672455
0,34,1,3349.91,0.781412
0,34,2,3471.37,0.846935
0,34,3,3535.79,0.864832
0,34,4,3554.2,0.840582
0,34,5,3534.97,0.785253
0,34,6,3483.77,0.710158
0,34,7,3404.25,0.624273
0,34,8,3299.68,0.534525
0,34,9,3174.91,0.446884
0,34,10,3038.12,0.366869
0,34,11,2899.9,0.298777
0,34,12,2772.6,0.245306
0,34,13,2664.14,0.206934
0,34,14,2577.07,0.182303
0,34,15,2508.45,0.169561
0,34,16,2452.15,0.166379
0,34,17,2401.61,0.169771
0,34,18,2351.6,0.176045
0,34,19,2299.64,0.181438
0,34,20,2246.82,0.183144
0,34,21,2196.93,0.179328
0,34,22,2154.84,0.169375
0,34,23,2124.34,0.15366
0,34,24,2105.83,0.133169
0,34,25,2096.68,0.109998
0,34,26,2093.17,0.0867976
0,34,27,2092.84,0.0667744
0,34,28,2095.56,0.0527696
0,34,29,2102.92,0.0463792
0,34,30,2116.66,0.0475626
0,34,31,2137.24,0.0544344
0,34,32,2164.04,0.0636532
0,34,33,2195.21,0.0714611
0,34,34,2229.31,0.0747681
0,34,35,2265,0.0720868
0,34,36,2302.55,0.0639119
0,34,37,2343.41,0.0521502
0,34,38,2390.23,0.0392516
0,34,39,2446.23,0.0273527
0,34,40,2511.81,0.0177314
0,34,41,2586.28,0.0107666
0,34,42,2665.32,0.00619466
0,34,43,2742.2,0.00344713
0,34,44,2808.93,0.00188639
0,34,45,2857.4,0.00107781
0,34,46,2879.28,0.000684429
0,34,47,2865.31,0.000472658
0,34,48,2804.49,0.000346319
0,34,49,2684.51,0.000257943
0,35,0,3168.28,0.62511
0,35,1,3358.04,0.731145
0,35,2,3479.6,0.799598
0,35,3,3545.23,0.826105
0,35,4,3565.87,0.814366
0,35,5,3549.68,0.772726
0,35,6,3502.07,0.709817
0,35,7,3426.51,0.63291
0,35,8,3326.14,0.548508
0,35,9,3205.71,0.463236
0,35,10,3073.16,0.383706
0,35,11,2938.71,0.315174
0,35,12,2814.2,0.260815
0,35,13,2707.36,0.221189
0,35,14,2620.8,0.194834
0,35,15,2551.93,0.179787
0,35,16,2495.08,0.173838
0,35,17,2444.04,0.174356
0,35,18,2393.73,0.178235
0,35,19,2341.63,0.18233
0,35,20,2288.64,0.184233
0,35,21,2238.32,0.182137
0,35,22,2195.42,0.174966
0,35,23,2163.74,0.162278
0,35,24,2143.88,0.144239
0,35,25,2133.57,0.122372
0,35,26,2129.39,0.0990647
0,35,27,2129.02,0.0775484
0,35,28,2132.22,0.060793
0,35,29,2140.17,0.0506089
0,35,30,2154.12,0.0472556
0,35,31,2174.08,0.0493575
0,35,32,2199.27,0.0542924
0,35,33,2228.1,0.059047
0,35,34,2259.76,0.0610527
0,35,35,2293.62,0.0588957
0,35,36,2330.48,0.0526767
0,35,37,2372.03,0.0436224
0,35,38,2420.63,0.0335055
0,35,39,2478.96,0.0239861
0,35,40,2546.66,0.0161325
0,35,41,2622.48,0.0103279
0,35,42,2701.94,0.00642931
0,35,43,2778.55,0.00402159
0,35,44,2844.79,0.00261059
0,35,45,2892.91,0.00183876
0,35,46,2914.72,0.00142215
0,35,47,2900.8,0.00116202
0,35,48,2839.81,0.00096734
0,35,49,2718.91,0.000791184
0,36,0,3161.57,0.566382
0,36,1,3350.84,0.668032
0,36,2,3472.63,0.73813
0,36,3,3539.25,0.77183
0,36,4,3561.49,0.770901
0,36,5,3547.3,0.741132
0,36,6,3502.02,0.688984
0,36,7,3429.19,0.620663
0,36,8,3332.26,0.542686
0,36,9,3216.41,0.462347
0,36,10,3089.84,0.386951
0,36,11,2962.63,0.322093
0,36,12,2845.93,0.27083
0,36,13,2746.48,0.233387
0,36,14,2665.95,0.207998
0,36,15,2601.21,0.19246
0,36,16,2546.61,0.184625
0,36,17,2496.3,0.18225
0,36,18,2445.76,0.182968
0,36,19,2392.77,0.184543
0,36,20,2338.29,0.185318
0,36,21,2285.66,0.183894
0,36,22,2239.39,0.179024
0,36,23,2203.36,0.169603
0,36,24,2178.8,0.15497
0,36,25,2164.39,0.135877
0,36,26,2157.65,0.114178
0,36,27,2156.73,0.0928213
0,36,28,2161.26,0.0746767
0,36,29,2171.69,0.0616953
0,36,30,2188.2,0.0544807
0,36,31,2209.85,0.0522598
0,36,32,2235.36,0.0531838
0,36,33,2263.24,0.0549576
0,36,34,2293.33,0.0554591
0,36,35,2325.94,0.0532967
0,36,36,2362.64,0.0481897
0,36,37,2405.43,0.0407931
0,36,38,2456.34,0.0323506
0,36,39,2517.24,0.0241833
0,36,40,2586.73,0.0172397
0,36,41,2662.86,0.0119412
0,36,42,2741.08,0.00825649
0,36,43,2815.54,0.00589367
0,36,44,2879.54,0.00446035
0,36,45,2925.94,0.00363638
0,36,46,2946.7,0.00314933
0,36,47,2932.18,0.00279542
0,36,48,2870.6,0.00246247
0,36,49,2748.61,0.00209246
0,37,0,3139.06,0.503799
0,37,1,3328.53,0.600301
0,37,2,3451,0.670775
0,37,3,3518.62,0.709644
0,37,4,3541.99,0.716809
0,37,5,3528.95,0.695936
0,37,6,3484.86,0.652023
0,37,7,3413.6,0.590928
0,37,8,3319.32,0.519616
0,37,9,3208.13,0.446067
0,37,10,3089.02,0.377923
0,37,11,2972.25,0.320584
0,37,12,2868.12,0.276462
0,37,13,2781.78,0.245025
0,37,14,2712.93,0.223895
0,37,15,2656.91,0.210382
0,37,16,2607.5,0.202225
0,37,17,2559.09,0.197481
0,37,18,2507.95,0.19459
0,37,19,2452.65,0.19246
0,37,20,2394.55,0.190533
0,37,21,2337.02,0.188256
0,37,22,2284.44,0.184631
0,37,23,2240.89,0.17822
0,37,24,2208.55,0.167649
0,37,25,2187.59,0.152775
0,37,26,2176.92,0.134613
0,37,27,2175.52,0.115439
0,37,28,2182.77,0.0977114
0,37,29,2198,0.0833839
0,37,30,2219.85,0.0734272
0,37,31,2245.97,0.0677505
0,37,32,2274.29,0.0652987
0,37,33,2303.27,0.0644091
0,37,34,2333.38,0.0632599
0,37,35,2365.88,0.0603795
0,37,36,2403.15,0.0551219
0,37,37,2447.57,0.0477357
0,37,38,2500.82,0.0391748
0,37,39,2563.93,0.030652
0,37,40,2634.48,0.0231581
0,37,41,2709.89,0.0172302
0,37,42,2785.74,0.0129545
0,37,43,2856.92,0.0101271
0,37,44,2917.7,0.00839307
0,37,45,2961.58,0.00739764
0,37,46,2980.62,0.0067986
0,37,47,2964.86,0.00630622
0,37,48,2902,0.00572993
0,37,49,2778.21,0.00497466
0,38,0,3103.79,0.444015
0,38,1,3294.39,0.535297
0,38,2,3418.13,0.605192
0,38,3,3486.89,0.647263
0,38,4,3511.1,0.659752
0,38,5,3498.55,0.644721
0,38,6,3454.78,0.60639
0,38,7,3384.26,0.550865
0,38,8,3292.22,0.485902
0,38,9,3186.15,0.42019
0,38,10,3076.24,0.361488
0,38,11,2973.08,0.314663
0,38,12,2885.89,0.281092
0,38,13,2817.5,0.259092
0,38,14,2764.77,0.245293
0,38,15,2720.77,0.236194
0,38,16,2678.27,0.229183
0,38,17,2631.87,0.222519
0,38,18,2578.86,0.215486
0,38,19,2519.04,0.20834
0,38,20,2454.7,0.201947
0,38,21,2389.62,0.197029
0,38,22,2328.27,0.193316
0,38,23,2275.06,0.189447
0,38,24,2233.24,0.18354
0,38,25,2204.67,0.174472
0,38,26,2189.96,0.162097
0,38,27,2188.96,0.147571
0,38,28,2200.71,0.132546
0,38,29,2223.04,0.118759
0,38,30,2252.66,0.107524
0,38,31,2285.59,0.0994845
0,38,32,2318.87,0.0943908
0,38,33,2350.92,0.0911325
0,38,34,2382.78,0.0880515
0,38,35,2416.55,0.0835126
0,38,36,2455.23,0.0765484
0,38,37,2501.47,0.0671941
0,38,38,2556.66,0.0563815
0,38,39,2621.15,0.0454692
0,38,40,2691.81,0.0356704
0,38,41,2765.73,0.0277356
0,38,42,2838.74,0.0218927
0,38,43,2906.52,0.0180043
0,38,44,2964.14,0.0156862
0,38,45,3005.56,0.0144551
0,38,46,3022.75,0.0137786
0,38,47,3005.34,0.0131516
0,38,48,2940.47,0.0122048
0,38,49,2813.84,0.0107592
0,39,0,3063.45,0.392704
0,39,1,3256.08,0.479317
0,39,2,3381.61,0.548129
0,39,3,3451.56,0.591856
0,39,4,3476.23,0.607369
0,39,5,3463.53,0.595637
0,39,6,3419.42,0.560629
0,39,7,3349.28,0.509096
0,39,8,3259.75,0.449789
0,39,9,3160.05,0.39213
0,39,10,3061.69,0.343915
0,39,11,2975.37,0.30932
0,39,12,2908.62,0.28845
0,39,13,2861.24,0.278154
0,39,14,2826.65,0.273707
0,39,15,2795.47,0.270519
0,39,16,2759.52,0.265443
0,39,17,2713.72,0.256894
0,39,18,2656.68,0.245046
0,39,19,2589.78,0.231651
0,39,20,2516.66,0.219228
0,39,21,2442,0.210103
0,39,22,2370.6,0.20513
0,39,23,2307.3,0.203419
0,39,24,2256.33,0.202805
0,39,25,2221.04,0.201163
0,39,26,2203.63,0.196906
0,39,27,2204.65,0.189649
0,39,28,2222.57,0.179828
0,39,29,2253.48,0.168693
0,39,30,2292.06,0.157803
0,39,31,2332.81,0.148532
0,39,32,2372.04,0.141431
0,39,33,2408.32,0.1359
0,39,34,2443.19,0.130386
0,39,35,2479.37,0.123086
0,39,36,2520.18,0.112812
0,39,37,2568.33,0.0995791
0,39,38,2624.9,0.0845249
0,39,39,2689.87,0.0693539
0,39,40,2759.8,0.0556352
0,39,41,2831.85,0.0444246
0,39,42,2902.3,0.0361382
0,39,43,2967.46,0.0307203
0,39,44,3022.89,0.0277144
0,39,45,3062.64,0.0264041
0,39,46,3078.42,0.0259055
0,39,47,3059.27,0.0253056
0,39,48,2991.81,0.0238954
0,39,49,2861.28,0.0213336
0,40,0,3028.53,0.354628
0,40,1,3223.77,0.437496
0,40,2,3351.18,0.50495
0,40,3,3421.91,0.549029
0,40,4,3446.33,0.565635
0,40,5,3432.69,0.555137
0,40,6,3387.7,0.521644
0,40,7,3318,0.47275
0,40,8,3231.98,0.418251
0,40,9,3140.63,0.368273
0,40,10,3056.46,0.330619
0,40,11,2989.61,0.308709
0,40,12,2945.02,0.30125
0,40,13,2918.91,0.303407
0,40,14,2901.39,0.308848
0,40,15,2881.1,0.311751
0,40,16,2849.38,0.308389
0,40,17,2801.8,0.297392
0,40,18,2738.39,0.279916
0,40,19,2662.28,0.259289
0,40,20,2578.72,0.239787
0,40,21,2493.65,0.225491
0,40,22,2412.55,0.218595
0,40,23,2340.67,0.218934
0,40,24,2282.95,0.224239
0,40,25,2243.74,0.231425
0,40,26,2226.21,0.237306
0,40,27,2231.15,0.239684
0,40,28,2256.18,0.23747
0,40,29,2295.72,0.231145
0,40,30,2342.7,0.222333
0,40,31,2390.56,0.213005
0,40,32,2435.29,0.204439
0,40,33,2475.76,0.196517
0,40,34,2514.04,0.187831
0,40,35,2553.15,0.176543
0,40,36,2596.47,0.161445
0,40,37,2646.49,0.142739
0,40,38,2703.96,0.121931
0,40,39,2768.71,0.101164
0,40,40,2837.4,0.0823999
0,40,41,2907.61,0.0670501
0,40,42,2976.18,0.0557758
0,40,43,3039.9,0.0486593
0,40,44,3094.48,0.0451652
0,40,45,3133.72,0.0442486
0,40,46,3148.79,0.0444895
0,40,47,3128.14,0.0443205
0,40,48,3057.84,0.0424745
0,40,49,2922.68,0.0383334
0,41,0,3010.94,0.334268
0,41,1,3208.72,0.414585
0,41,2,3337.4,0.480407
0,41,3,3407.94,0.523395
0,41,4,3431,0.539034
0,41,5,3415.49,0.52766
0,41,6,3369.25,0.493899
0,41,7,3300.52,0.446287
0,41,8,3219.54,0.3956
0,41,9,3138.81,0.352541
0,41,10,3071.02,0.324827
0,41,11,3024.66,0.315035
0,41,12,3001.36,0.320406
0,41,13,2993.82,0.33433
0,41,14,2989.64,0.34879
0,41,15,2976.5,0.356801
0,41,16,2945.96,0.354194
0,41,17,2894.43,0.33998
0,41,18,2823.27,0.316388
0,41,19,2737.24,0.288298
0,41,20,2643.21,0.261649
0,41,21,2548.56,0.242156
0,41,22,2459.66,0.233305
0,41,23,2382.25,0.235702
0,41,24,2321.56,0.247087
0,41,25,2282.18,0.263559
0,41,26,2267.38,0.280423
0,41,27,2277.53,0.293682
0,41,28,2309.23,0.300645
0,41,29,2355.66,0.300833
0,41,30,2408.71,0.295671
0,41,31,2461.45,0.287428
0,41,32,2509.96,0.27789
0,41,33,2553.57,0.267352
0,41,34,2594.72,0.254663
0,41,35,2636.55,0.238207
0,41,36,2682.21,0.217062
0,41,37,2733.85,0.191835
0,41,38,2791.87,0.164483
0,41,39,2856,0.137569
0,41,40,2923.25,0.113377
0,41,41,2991.8,0.0936775
0,41,42,3059.12,0.0794389
0,41,43,3122.37,0.0709745
0,41,44,3177.18,0.0677054
0,41,45,3216.86,0.0681743
0,41,46,3231.94,0.0702158
0,41,47,3210.25,0.0713003
0,41,48,3137.34,0.0693156
0,41,49,2997.45,0.0632072
0,42,0,3017.28,0.334294
0,42,1,3216.92,0.413249
0,42,2,3345.71,0.476868
0,42,3,3414.8,0.516839
0,42,4,3435.36,0.528931
0,42,5,3417.26,0.514158
0,42,6,3369.74,0.478087
0,42,7,3302.83,0.43028
0,42,8,3228.45,0.382324
0,42,9,3159.89,0.345235
0,42,10,3108.96,0.326446
0,42,11,3081.56,0.327549
0,42,12,3075.89,0.344287
0,42,13,3081.91,0.368322
0,42,14,3086.04,0.390075
0,42,15,3076.09,0.401646
0,42,16,3044.37,0.398687
0,42,17,2988.17,0.380804
0,42,18,2909.84,0.35135
0,42,19,2815.37,0.316594
0,42,20,2713.01,0.283842
0,42,21,2611.47,0.260061
0,42,22,2518.09,0.249706
0,42,23,2438.99,0.253987
0,42,24,2379.33,0.270713
0,42,25,2343.14,0.295422
0,42,26,2332.92,0.322289
0,42,27,2348.08,0.345898
0,42,28,2384.38,0.36219
0,42,29,2434.46,0.369692
0,42,30,2490.11,0.369333
0,42,31,2544.74,0.363224
0,42,32,2594.8,0.353281
0,42,33,2639.97,0.340029
0,42,34,2682.86,0.322692
0,42,35,2726.51,0.300191
0,42,36,2773.79,0.272246
0,42,37,2826.47,0.240093
0,42,38,2884.59,0.206172
0,42,39,2947.79,0.173366
0,42,40,3013.43,0.144143
0,42,41,3080.35,0.120595
0,42,42,3146.65,0.104049
0,42,43,3209.81,0.0951548
0,42,44,3265.31,0.0933493
0,42,45,3305.91,0.096699
0,42,46,3321.51,0.102082
0,42,47,3299.36,0.105674
0,42,48,3224.49,0.104194
0,42,49,3080.51,0.0959627
0,43,0,3044.9,0.353887
0,43,1,3245.39,0.432473
0,43,2,3373.16,0.493067
0,43,3,3439.88,0.527794
0,43,4,3457.45,0.533476
0,43,5,3436.75,0.51257
0,43,6,3388.51,0.472049
0,43,7,3324.43,0.422564
0,43,8,3257.64,0.376276
0,43,9,3201.33,0.34416
0,43,10,3165.53,0.333081
0,43,11,3153.17,0.343485
0,43,12,3159.65,0.369658
0,43,13,3173.46,0.401709
0,43,14,3181.16,0.428775
0,43,15,3171.51,0.442392
0,43,16,3137.79,0.438336
0,43,17,3078,0.417001
0,43,18,2995.12,0.382839
0,43,19,2895.81,0.343215
0,43,20,2789.21,0.306338
0,43,21,2684.94,0.279835
0,43,22,2591.09,0.268612
0,43,23,2513.92,0.274162
0,43,24,2458.22,0.294388
0,43,25,2426.9,0.324623
0,43,26,2421.24,0.358539
0,43,27,2439.54,0.389989
0,43,28,2477.14,0.414072
0,43,29,2527.03,0.428481
0,43,30,2581.75,0.433395
0,43,31,2635.49,0.430246
0,43,32,2685.08,0.420571
0,43,33,2730.34,0.404845
0,43,34,2773.7,0.382699
0,43,35,2817.96,0.353862
0,43,36,2865.73,0.319011
0,43,37,2918.51,0.280199
0,43,38,2976.02,0.240353
0,43,39,3037.81,0.202568
0,43,40,3101.52,0.16935
0,43,41,3166.55,0.143054
0,43,42,3231.6,0.1254
0,43,43,3294.48,0.117449
0,43,44,3350.56,0.118713
0,43,45,3392.11,0.126737
0,43,46,3408.5,0.137266
0,43,47,3386.45,0.144885
0,43,48,3310.52,0.144847
0,43,49,3163.59,0.134667
0,44,0,3082.02,0.387321
0,44,1,3282.52,0.466015
0,44,2,3408.75,0.522639
0,44,3,3473.04,0.550099
0,44,4,3488.03,0.546929
0,44,5,3465.59,0.517667
0,44,6,3417.72,0.471057
0,44,7,3357.42,0.418838
0,44,8,3298.38,0.373443
0,44,9,3252.95,0.345415
0,44,10,3228.9,0.340779
0,44,11,3226.54,0.358733
0,44,12,3239.52,0.392255
0,44,13,3256.17,0.430201
0,44,14,3264.06,0.460799
0,44,15,3253.25,0.475378
0,44,16,3218.03,0.470104
0,44,17,3156.95,0.446272
0,44,18,3073.23,0.409318
0,44,19,2973.73,0.367322
0,44,20,2867.81,0.328823
0,44,21,2765.32,0.301424
0,44,22,2674.61,0.289873
0,44,23,2601.83,0.295589
0,44,24,2551.18,0.316592
0,44,25,2524.39,0.348418
0,44,26,2521.55,0.384973
0,44,27,2540.11,0.420226
0,44,28,2575.6,0.449129
0,44,29,2622,0.468862
0,44,30,2673.09,0.478714
0,44,31,2724.02,0.478993
0,44,32,2771.85,0.470353
0,44,33,2816.19,0.452861
0,44,34,2858.98,0.426473
0,44,35,2902.71,0.391835
0,44,36,2949.79,0.350749
0,44,37,3001.58,0.306188
0,44,38,3057.62,0.26156
0,44,39,3117.36,0.220109
0,44,40,3178.65,0.184299
0,44,41,3241.34,0.156703
0,44,42,3304.71,0.139424
0,44,43,3366.87,0.133949
0,44,44,3423.18,0.139886
0,44,45,3465.49,0.154239
0,44,46,3482.71,0.17152
0,44,47,3461.11,0.184556
0,44,48,3384.85,0.186953
0,44,49,3236.08,0.175317
0,45,0,3111.27,0.424049
0,45,1,3311.58,0.502483
0,45,2,3436.61,0.554241
0,45,3,3499.28,0.573229
0,45,4,3512.85,0.560054
0,45,5,3489.99,0.521633
0,45,6,3443.7,0.468569
0,45,7,3387.79,0.413515
0,45,8,3335.9,0.368823
0,45,9,3299.1,0.344249
0,45,10,3282.98,0.344774
0,45,11,3285.99,0.368398
0,45,12,3301.06,0.407078
0,45,13,3317.22,0.448836
0,45,14,3323.42,0.481441
0,45,15,3311.11,0.496341
0,45,16,3275.47,0.490277
0,45,17,3215.48,0.465454
0,45,18,3134.39,0.428083
0,45,19,3038.84,0.38652
0,45,20,2937.77,0.349037
0,45,21,2840.57,0.322529
0,45,22,2755.29,0.311037
0,45,23,2687.72,0.315606
0,45,24,2641.51,0.334417
0,45,25,2617.5,0.363605
0,45,26,2615,0.397984
0,45,27,2631.12,0.43242
0,45,28,2661.98,0.462399
0,45,29,2702.9,0.484992
0,45,30,2749.01,0.498627
0,45,31,2796.3,0.50225
0,45,32,2841.85,0.495284
0,45,33,2884.81,0.477088
0,45,34,2926.47,0.447758
0,45,35,2968.9,0.40877
0,45,36,3014.44,0.362995
0,45,37,3064.43,0.314288
0,45,38,3118.34,0.266502
0,45,39,3175.54,0.223009
0,45,40,3234.08,0.186235
0,45,41,3294.17,0.158923
0,45,42,3355.59,0.143505
0,45,43,3416.75,0.141816
0,45,44,3472.98,0.153539
0,45,45,3515.8,0.175159
0,45,46,3533.68,0.200001
0,45,47,3512.48,0.219183
0,45,48,3435.98,0.224708
0,45,49,3285.83,0.212301
0,46,0,3114.38,0.450503
0,46,1,3315.06,0.527246
0,46,2,3440.04,0.573411
0,46,3,3502.42,0.583967
0,46,4,3515.91,0.561529
0,46,5,3493.82,0.515187
0,46,6,3449.93,0.457087
0,46,7,3398.46,0.400412
0,46,8,3352.64,0.357026
0,46,9,3322.13,0.335607
0,46,10,3310.75,0.340012
0,46,11,3315.8,0.36725
0,46,12,3330.26,0.408705
0,46,13,3344.22,0.452105
0,46,14,3348.06,0.485287
0,46,15,3334.44,0.500127
0,46,16,3299.33,0.494045
0,46,17,3242.09,0.470044
0,46,18,3165.86,0.43479
0,46,19,3076.78,0.396434
0,46,20,2982.93,0.362416
0,46,21,2892.72,0.33837
0,46,22,2813.51,0.327236
0,46,23,2750.57,0.329524
0,46,24,2707.21,0.343668
0,46,25,2683.82,0.366705
0,46,26,2679.44,0.394831
0,46,27,2691.32,0.424348
0,46,28,2716.36,0.45177
0,46,29,2751.16,0.474431
0,46,30,2792.05,0.490088
0,46,31,2835.63,0.496381
0,46,32,2878.88,0.491433
0,46,33,2920.38,0.473752
0,46,34,2960.74,0.443367
0,46,35,3001.67,0.402313
0,46,36,3045.44,0.35425
0,46,37,3093.46,0.303704
0,46,38,3145.15,0.254867
0,46,39,3199.9,0.211229
0,46,40,3255.87,0.17522
0,46,41,3313.57,0.149699
0,46,42,3373.21,0.13731
0,46,43,3433.42,0.140091
0,46,44,3489.52,0.15774
0,46,45,3532.67,0.186318
0,46,46,3550.84,0.218194
0,46,47,3529.45,0.243128
0,46,48,3451.96,0.251845
0,46,49,3299.82,0.23939
0,47,0,3074.52,0.454572
0,47,1,3276.54,0.527194
0,47,2,3403.01,0.567205
0,47,3,3466.57,0.570567
0,47,4,3481.11,0.541436
0,47,5,3460.54,0.490372
0,47,6,3419.28,0.430349
0,47,7,3371.82,0.37447
0,47,8,3330.81,0.333678
0,47,9,3304.63,0.315368
0,47,10,3295.76,0.322312
0,47,11,3300.9,0.350875
0,47,12,3313.47,0.392429
0,47,13,3324.62,0.435059
0,47,14,3326.04,0.467254
0,47,15,3311.4,0.481634
0,47,16,3277.35,0.476325
0,47,17,3223.54,0.454896
0,47,18,3152.99,0.424055
0,47,19,3071.16,0.39127
0,47,20,2985.07,0.362692
0,47,21,2901.89,0.342358
0,47,22,2828.16,0.331941
0,47,23,2768.61,0.331419
0,47,24,2726.4,0.339575
0,47,25,2701.88,0.354513
0,47,26,2694.24,0.373987
0,47,27,2701.15,0.395925
0,47,28,2720.26,0.418077
0,47,29,2749.23,0.438298
0,47,30,2785.26,0.453977
0,47,31,2825.38,0.461787
0,47,32,2866.44,0.458791
0,47,33,2906.54,0.442736
0,47,34,2945.71,0.413434
0,47,35,2985.35,0.373121
0,47,36,3027.69,0.325806
0,47,37,3074.18,0.276315
0,47,38,3124.24,0.228978
0,47,39,3177.21,0.187337
0,47,40,3231.33,0.153841
0,47,41,3287.35,0.131376
0,47,42,3345.77,0.122639
0,47,43,3405.4,0.129683
0,47,44,3461.52,0.152166
0,47,45,3504.87,0.185909
0,47,46,3522.81,0.222765
0,47,47,3500.21,0.251776
0,47,48,3420.26,0.262992
0,47,49,3264.65,0.251141
0,48,0,2976.81,0.429292
0,48,1,3180.5,0.494804
0,48,2,3309.65,0.528256
0,48,3,3375.56,0.526481
0,48,4,3391.91,0.494439
0,48,5,3373.15,0.443119
0,48,6,3334.37,0.38534
0,48,7,3290.29,0.333386
0,48,8,3253.02,0.296859
0,48,9,3229.81,0.281761
0,48,10,3222.14,0.289897
0,48,11,3226.4,0.317422
0,48,12,3236.57,0.356282
0,48,13,3244.84,0.395608
0,48,14,3243.99,0.425136
0,48,15,3228.53,0.43852
0,48,16,3195.69,0.434569
0,48,17,3145.39,0.417076
0,48,18,3080.44,0.39233
0,48,19,3005.57,0.366694
0,48,20,2926.73,0.344767
0,48,21,2849.85,0.328921
0,48,22,2780.59,0.31965
0,48,23,2723.25,0.316528
0,48,24,2680.98,0.318758
0,48,25,2654.38,0.325502
0,48,26,2642.99,0.335953
0,48,27,2645,0.349506
0,48,28,2658.7,0.365077
0,48,29,2682.46,0.38114
0,48,30,2714.1,0.395055
0,48,31,2750.93,0.403043
0,48,32,2789.76,0.401584
0,48,33,2828.4,0.387955
0,48,34,2866.49,0.361712
0,48,35,2905.19,0.324953
0,48,36,2946.64,0.281556
0,48,37,2992.29,0.236204
0,48,38,3041.53,0.193072
0,48,39,3093.61,0.155605
0,48,40,3146.8,0.126217
0,48,41,3201.95,0.107681
0,48,42,3259.8,0.102571
0,48,43,3319.28,0.112778
0,48,44,3375.6,0.137895
0,48,45,3419,0.173775
0,48,46,3436.13,0.212342
0,48,47,3411.18,0.242759
0,48,48,3327.15,0.255189
0,48,49,3166.65,0.244478
0,49,0,2809.62,0.375906
0,49,1,3012.92,0.43154
0,49,2,3144.42,0.45826
0,49,3,3212.93,0.453631
0,49,4,3231.37,0.422637
0,49,5,3214.53,0.375596
0,49,6,3178.14,0.324164
0,49,7,3137.11,0.279097
0,49,8,3102.98,0.248338
0,49,9,3081.97,0.236484
0,49,10,3074.78,0.244567
0,49,11,3077.69,0.268941
0,49,12,3085.29,0.302644
0,49,13,3090.71,0.336434
0,49,14,3087.72,0.36177
0,49,15,3071.62,0.373556
0,49,16,3040.15,0.371186
0,49,17,2993.41,0.358303
0,49,18,2933.96,0.340354
0,49,19,2865.79,0.322331
0,49,20,2793.78,0.307261
0,49,21,2722.74,0.296066
0,49,22,2657.53,0.28834
0,49,23,2602.08,0.283448
0,49,24,2559.58,0.28102
0,49,25,2530.97,0.281085
0,49,26,2516.22,0.283934
0,49,27,2514.01,0.290032
0,49,28,2523.08,0.299182
0,49,29,2542.23,0.310439
0,49,30,2569.7,0.32142
0,49,31,2603.01,0.328439
0,49,32,2639.15,0.327943
0,49,33,2675.83,0.317132
0,49,34,2712.5,0.295375
0,49,35,2750.16,0.264399
0,49,36,2790.8,0.227556
0,49,37,2835.81,0.188973
0,49,38,2884.51,0.152372
0,49,39,2936.04,0.120887
0,49,40,2988.64,0.0967709
0,49,41,3043.19,0.082531
0,49,42,3100.54,0.0804446
0,49,43,3159.77,0.0921152
0,49,44,3216.03,0.117095
0,49,45,3259.08,0.15157
0,49,46,3274.81,0.188158
0,49,47,3246.72,0.216991
0,49,48,3157.93,0.229137
0,49,49,2993.03,0.219974
1,0,0,2110.43,0.127591
1,0,1,2268.25,0.148933
1,0,2,2374.53,0.162349
1,0,3,2432.3,0.166944
1,0,4,2452.86,0.163788
1,0,5,2450.66,0.154941
1,0,6,2438.68,0.142608
1,0,7,2425.06,0.128709
1,0,8,2411.89,0.114859
1,0,9,2397,0.102424
1,0,10,2377.3,0.0923073
1,0,11,2351.13,0.0846176
1,0,12,2319.74,0.07869
1,0,13,2285.41,0.0732377
1,0,14,2250.82,0.067298
1,0,15,2217.26,0.060595
1,0,16,2184.13,0.0539418
1,0,17,2149.74,0.0488435
1,0,18,2111.81,0.0468506
1,0,19,2068.39,0.0485527
1,0,20,2018.52,0.0532852
1,0,21,1962.28,0.0590718
1,0,22,1900.88,0.0634986
1,0,23,1835.75,0.0646926
1,0,24,1768.77,0.0621466
1,0,25,1701.96,0.0568286
1,0,26,1637.95,0.05067
1,0,27,1579.37,0.0454044
1,0,28,1527.92,0.0417294
1,0,29,1483.72,0.0391408
1,0,30,1444.88,0.0364436
1,0,31,1408.62,0.0326033
1,0,32,1372.61,0.0273201
1,0,33,1336.02,0.0211355
1,0,34,1299.64,0.0149812
1,0,35,1265.48,0.009681
1,0,36,1235.48,0.00573005
1,0,37,1211.04,0.00309567
1,0,38,1192.26,0.00153316
1,0,39,1178.64,0.000709798
1,0,40,1169.31,0.000325372
1,0,41,1163.53,0.000201883
1,0,42,1160.45,0.000246452
1,0,43,1158.81,0.00039883
1,0,44,1157.03,0.000624147
1,0,45,1153.04,0.000890229
1,0,46,1145,0.00114608
1,0,47,1131.91,0.00132996
1,0,48,1114.06,0.00139142
1,0,49,1093.07,0.00131256
1,1,0,2227.86,0.134239
1,1,1,2395.88,0.157916
1,1,2,2508.12,0.173691
1,1,3,2568.84,0.180397
1,1,4,2590.34,0.17891
1,1,5,2587.83,0.171242
1,1,6,2575.07,0.159757
1,1,7,2560.94,0.146707
1,1,8,2548.07,0.134063
1,1,9,2534.4,0.123413
1,1,10,2516.57,0.115598
1,1,11,2492.34,0.110369
1,1,12,2462.3,0.106497
1,1,13,2428.14,0.102124
1,1,14,2392.11,0.0958842
1,1,15,2355.36,0.0874425
1,1,16,2317.48,0.0778705
1,1,17,2277.23,0.0691906
1,1,18,2232.96,0.063542
1,1,19,2183.38,0.0619611
1,1,20,2128.07,0.0639858
1,1,21,2067.45,0.0676332
1,1,22,2002.74,0.0704262
1,1,23,1935.11,0.0705267
1,1,24,1866.05,0.067613
1,1,25,1797.13,0.0628839
1,1,26,1730.66,0.0583972
1,1,27,1669.17,0.0557008
1,1,28,1614.36,0.0549524
1,1,29,1566.44,0.054877
1,1,30,1523.53,0.0535333
1,1,31,1482.79,0.0494671
1,1,32,1441.86,0.0424298
1,1,33,1399.95,0.0334433
1,1,34,1358.02,0.0241089
1,1,35,1318.32,0.0158546
1,1,36,1283.05,0.00954194
1,1,37,1253.81,0.00524971
1,1,38,1230.83,0.00265083
1,1,39,1213.64,0.00124926
1,1,40,1201.38,0.000578375
1,1,41,1193.32,0.000343396
1,1,42,1188.62,0.000386814
1,1,43,1185.89,0.000604256
1,1,44,1183.32,0.000932102
1,1,45,1178.5,0.00131616
1,1,46,1169.26,0.00167822
1,1,47,1154.29,0.00192825
1,1,48,1133.79,0.00199696
1,1,49,1109.49,0.00186449
1,2,0,2286.23,0.130772
1,2,1,2459.13,0.155109
1,2,2,2574.62,0.17221
1,2,3,2637.49,0.180718
1,2,4,2660.34,0.181271
1,2,5,2658.57,0.175719
1,2,6,2646.27,0.166462
1,2,7,2632.82,0.155934
1,2,8,2621.31,0.146297
1,2,9,2609.9,0.139193
1,2,10,2595.06,0.135271
1,2,11,2574.06,0.13388
1,2,12,2546.84,0.133262
1,2,13,2514.4,0.131054
1,2,14,2478.46,0.125477
1,2,15,2439.91,0.116042
1,2,16,2398.46,0.10389
1,2,17,2353.4,0.0913914
1,2,18,2303.9,0.0812062
1,2,19,2249.64,0.0749286
1,2,20,2190.98,0.0725584
1,2,21,2128.78,0.0724629
1,2,22,2064.2,0.0724474
1,2,23,1997.92,0.0709484
1,2,24,1930.75,0.0678988
1,2,25,1863.58,0.0646323
1,2,26,1798.21,0.0631159
1,2,27,1736.84,0.0644611
1,2,28,1681.13,0.0680677
1,2,29,1631.37,0.0717276
1,2,30,1585.84,0.0726432
1,2,31,1541.87,0.0688871
1,2,32,1497.26,0.0602581
1,2,33,1451.33,0.0483051
1,2,34,1405.24,0.0353957
1,2,35,1361.4,0.0236847
1,2,36,1322.18,0.0145076
1,2,37,1289.34,0.00813599
1,2,38,1263.19,0.0041921
1,2,39,1243.29,0.00201264
1,2,40,1228.76,0.000941204
1,2,41,1218.86,0.000537133
1,2,42,1212.68,0.000555971
1,2,43,1208.76,0.000833389
1,2,44,1205.16,0.00126579
1,2,45,1199.33,0.00177039
1,2,46,1188.9,0.0022378
1,2,47,1172.4,0.0025478
1,2,48,1149.91,0.00261369
1,2,49,1123.16,0.00241663
1,3,0,2289.76,0.120523
1,3,1,2463.81,0.144011
1,3,2,2581.11,0.161189
1,3,3,2646.23,0.17064
1,3,4,2671.42,0.172831
1,3,5,2671.79,0.169471
1,3,6,2661.33,0.162943
1,3,7,2649.65,0.155731
1,3,8,2640.18,0.149985
1,3,9,2631.4,0.147215
1,3,10,2619.77,0.147786
1,3,11,2602.29,0.150713
1,3,12,2578.36,0.153893
1,3,13,2548.36,0.154656
1,3,14,2513.4,0.15087
1,3,15,2474.07,0.141751
1,3,16,2430.11,0.12821
1,3,17,2381.31,0.112635
1,3,18,2327.79,0.0979883
1,3,19,2270.32,0.0864361
1,3,20,2210.25,0.0786624
1,3,21,2148.91,0.0737385
1,3,22,2087.27,0.0700937
1,3,23,2025.37,0.0666472
1,3,24,1963.16,0.0636085
1,3,25,1900.74,0.0623195
1,3,26,1839.25,0.0644549
1,3,27,1780.53,0.0705292
1,3,28,1726.05,0.0791189
1,3,29,1676.16,0.087095
1,3,30,1629.37,0.09084
1,3,31,1583.36,0.0879621
1,3,32,1536.22,0.0782613
1,3,33,1487.53,0.063735
1,3,34,1438.65,0.0474609
1,3,35,1392.14,0.0323184
1,3,36,1350.52,0.0201633
1,3,37,1315.62,0.0115348
1,3,38,1287.81,0.00606771
1,3,39,1266.62,0.00296876
1,3,40,1251.04,0.00140214
1,3,41,1240.17,0.00077211
1,3,42,1233.01,0.000731634
1,3,43,1228.01,0.00104461
1,3,44,1223.21,0.00155936
1,3,45,1216.12,0.0021611
1,3,46,1204.43,0.00271036
1,3,47,1186.62,0.00306035
1,3,48,1162.66,0.00311224
1,3,49,1134.21,0.00285159
1,4,0,2249.42,0.108626
1,4,1,2422.01,0.130288
1,4,2,2540.48,0.146366
1,4,3,2608.53,0.155521
1,4,4,2637.46,0.158203
1,4,5,2641.57,0.156121
1,4,6,2634.33,0.151692
1,4,7,2625.18,0.147366
1,4,8,2617.8,0.145117
1,4,9,2611.09,0.146177
1,4,10,2601.85,0.150598
1,4,11,2587.11,0.157212
1,4,12,2566.02,0.163863
1,4,13,2538.47,0.167847
1,4,14,2505.01,0.166808
1,4,15,2465.83,0.159554
1,4,16,2420.59,0.146443
1,4,17,2369.45,0.129475
1,4,18,2313.43,0.111578
1,4,19,2254.39,0.0953665
1,4,20,2194.65,0.0822953
1,4,21,2135.93,0.0723731
1,4,22,2079,0.0648962
1,4,23,2023.17,0.0593991
1,4,24,1967.61,0.0563474
1,4,25,1911.64,0.0569738
1,4,26,1855.83,0.0625301
1,4,27,1801.54,0.0729074
1,4,28,1749.99,0.0859777
1,4,29,1701.51,0.0979073
1,4,30,1654.79,0.104469
1,4,31,1607.88,0.102907
1,4,32,1559.28,0.0929532
1,4,33,1508.94,0.0768521
1,4,34,1458.51,0.0581591
1,4,35,1410.74,0.0403127
1,4,36,1368.27,0.0256333
1,4,37,1332.96,0.0149652
1,4,38,1305.15,0.00803819
1,4,39,1284.26,0.0040078
1,4,40,1269.01,0.00191126
1,4,41,1258.24,0.00101937
1,4,42,1250.73,0.000881923
1,4,43,1244.87,0.00118878
1,4,44,1238.78,0.00173924
1,4,45,1230.26,0.00238852
1,4,46,1217.2,0.00297484
1,4,47,1198.22,0.00333406
1,4,48,1173.2,0.00336386
1,4,49,1143.59,0.00305653
1,5,0,2179.92,0.100326
1,5,1,2349.51,0.119932
1,5,2,2469.08,0.134102
1,5,3,2541.05,0.141669
1,5,4,2575.24,0.143263
1,5,5,2584.61,0.140804
1,5,6,2581.56,0.136864
1,5,7,2575.03,0.133864
1,5,8,2568.89,0.13353
1,5,9,2562.72,0.136756
1,5,10,2554.06,0.143323
1,5,11,2540.45,0.15205
1,5,12,2521.14,0.161003
1,5,13,2495.73,0.167729
1,5,14,2464.25,0.169819
1,5,15,2426.41,0.165656
1,5,16,2381.56,0.154832
1,5,17,2330.05,0.138619
1,5,18,2273.52,0.119546
1,5,19,2214.72,0.10041
1,5,20,2156.69,0.0833308
1,5,21,2101.48,0.0692786
1,5,22,2049.64,0.0584916
1,5,23,2000.01,0.0511494
1,5,24,1951.17,0.0479307
1,5,25,1901.95,0.0498854
1,5,26,1852.42,0.057808
1,5,27,1803.53,0.0710682
1,5,28,1756.14,0.087096
1,5,29,1710.37,0.10172
1,5,30,1664.99,0.110452
1,5,31,1618.33,0.110366
1,5,32,1569.33,0.101072
1,5,33,1518.35,0.0847949
1,5,34,1467.46,0.0652133
1,5,35,1419.64,0.0460188
1,5,36,1377.69,0.0298311
1,5,37,1343.43,0.0177747
1,5,38,1317.1,0.00974643
1,5,39,1297.86,0.00495128
1,5,40,1284.07,0.00238574
1,5,41,1274.22,0.00123994
1,5,42,1266.84,0.000980422
1,5,43,1260.29,0.0012339
1,5,44,1252.94,0.00175929
1,5,45,1242.94,0.00239032
1,5,46,1228.6,0.00295653
1,5,47,1208.67,0.00329003
1,5,48,1182.93,0.0032949
1,5,49,1152.56,0.0029707
1,6,0,2097.13,0.0993146
1,6,1,2263.25,0.117431
1,6,2,2384.36,0.129534
1,6,3,2461.26,0.134654
1,6,4,2501.87,0.133739
1,6,5,2517.29,0.129097
1,6,6,2518.48,0.123587
1,6,7,2513.66,0.119678
1,6,8,2506.97,0.118911
1,6,9,2499,0.121907
1,6,10,2488.57,0.128282
1,6,11,2474.17,0.136979
1,6,12,2455.49,0.146466
1,6,13,2432.01,0.154723
1,6,14,2403.26,0.15948
1,6,15,2368.26,0.158789
1,6,16,2325.93,0.151478
1,6,17,2276.42,0.137927
1,6,18,2221.67,0.11998
1,6,19,2164.89,0.100279
1,6,20,2109.53,0.0813208
1,6,21,2057.84,0.0648394
1,6,22,2010.31,0.0519001
1,6,23,1965.65,0.0432531
1,6,24,1922.29,0.0397376
1,6,25,1878.89,0.0422025
1,6,26,1835.23,0.0510391
1,6,27,1791.9,0.0652766
1,6,28,1749.31,0.0822199
1,6,29,1707.22,0.0977695
1,6,30,1664.28,0.107575
1,6,31,1618.95,0.108778
1,6,32,1570.53,0.10087
1,6,33,1519.86,0.0858156
1,6,34,1469.47,0.0670491
1,6,35,1422.66,0.0481558
1,6,36,1382.37,0.0318143
1,6,37,1350.32,0.0193362
1,6,38,1326.51,0.0108155
1,6,39,1309.73,0.00559484
1,6,40,1297.92,0.00272576
1,6,41,1289.24,0.00138935
1,6,42,1282.05,0.00100909
1,6,43,1274.84,0.00117244
1,6,44,1266.27,0.00161592
1,6,45,1255,0.00216548
1,6,46,1239.7,0.00265825
1,6,47,1219.21,0.00293688
1,6,48,1193.15,0.00292023
1,6,49,1162.31,0.00261367
1,7,0,2015.47,0.107091
1,7,1,2178.74,0.12497
1,7,2,2302.06,0.135624
1,7,3,2384.48,0.138204
1,7,4,2431.73,0.133996
1,7,5,2452.78,0.125757
1,7,6,2456.96,0.11672
1,7,7,2451.83,0.109546
1,7,8,2442.11,0.105777
1,7,9,2429.77,0.105962
1,7,10,2415.29,0.109706
1,7,11,2398.5,0.116156
1,7,12,2379.71,0.124208
1,7,13,2358.32,0.13232
1,7,14,2333.22,0.138494
1,7,15,2302.67,0.14065
1,7,16,2264.87,0.137043
1,7,17,2219.62,0.127233
1,7,18,2168.73,0.112245
1,7,19,2115.46,0.0942568
1,7,20,2063.33,0.0757703
1,7,21,2014.71,0.0589253
1,7,22,1970.17,0.0453533
1,7,23,1928.69,0.0362178
1,7,24,1888.95,0.032463
1,7,25,1849.79,0.034765
1,7,26,1810.93,0.0432224
1,7,27,1772.65,0.0567185
1,7,28,1734.91,0.0727035
1,7,29,1697,0.0874776
1,7,30,1657.29,0.0971533
1,7,31,1614.2,0.0991665
1,7,32,1567.3,0.0929433
1,7,33,1517.85,0.0800691
1,7,34,1468.87,0.0634751
1,7,35,1424,0.0463406
1,7,36,1386.29,0.0311602
1,7,37,1357.24,0.0192905
1,7,38,1336.47,0.0109919
1,7,39,1322.32,0.00578734
1,7,40,1312.34,0.0028582
1,7,41,1304.46,0.00144461
1,7,42,1297.1,0.000978635
1,7,43,1289.03,0.00103951
1,7,44,1279.35,0.00136477
1,7,45,1267.17,0.00178843
1,7,46,1251.44,0.0021702
1,7,47,1230.95,0.00237536
1,7,48,1204.97,0.00234261
1,7,49,1173.84,0.00208065
1,8,0,1946.09,0.123022
1,8,1,2107.73,0.142377
1,8,2,2233.73,0.152931
1,8,3,2321.33,0.153777
1,8,4,2374.05,0.146401
1,8,5,2398.77,0.133919
1,8,6,2403.43,0.119946
1,8,7,2395.26,0.107488
1,8,8,2379.85,0.0983759
1,8,9,2360.89,0.0933905
1,8,10,2340.79,0.0923412
1,8,11,2320.82,0.0946156
1,8,12,2301.86,0.0994476
1,8,13,2283.1,0.105679
1,8,14,2262.63,0.111627
1,8,15,2237.78,0.115268
1,8,16,2206.01,0.114591
1,8,17,2166.58,0.108568
1,8,18,2121,0.0974593
1,8,19,2072.24,0.0827818
1,8,20,2023.66,0.0667102
1,8,21,1977.63,0.051399
1,8,22,1934.98,0.0387205
1,8,23,1895.19,0.030051
1,8,24,1857.47,0.0263793
1,8,25,1821.1,0.0282589
1,8,26,1785.86,0.0356215
1,8,27,1751.82,0.0473601
1,8,28,1718.58,0.0612268
1,8,29,1684.89,0.0740815
1,8,30,1648.81,0.082665
1,8,31,1608.61,0.084846
1,8,32,1564.02,0.0800885
1,8,33,1516.65,0.0696245
1,8,34,1469.94,0.055813
1,8,35,1427.85,0.0412794
1,8,36,1393.4,0.0281597
1,8,37,1367.75,0.0177045
1,8,38,1350.07,0.0102547
1,8,39,1338.21,0.00549583
1,8,40,1329.41,0.00276846
1,8,41,1321.63,0.00141518
1,8,42,1313.53,0.000925699
1,8,43,1304.39,0.00089958
1,8,44,1293.78,0.00109811
1,8,45,1281.19,0.00137775
1,8,46,1265.65,0.00163137
1,8,47,1245.7,0.00175493
1,8,48,1220.06,0.00170855
1,8,49,1188.55,0.0015019
1,9,0,1895.64,0.144957
1,9,1,2056.79,0.167681
1,9,2,2185.2,0.179998
1,9,3,2276.46,0.180686
1,9,4,2332.15,0.171148
1,9,5,2357.48,0.154618
1,9,6,2359.43,0.135006
1,9,7,2345.32,0.1158
1,9,8,2321.98,0.0994539
1,9,9,2294.97,0.0873611
1,9,10,2268.65,0.0798061
1,9,11,2245.6,0.076468
1,9,12,2227.07,0.0767767
1,9,13,2211.75,0.0797661
1,9,14,2196.72,0.0839913
1,9,15,2178.33,0.0875913
1,9,16,2153.29,0.0885553
1,9,17,2120.41,0.0855662
1,9,18,2080.78,0.0782998
1,9,19,2036.97,0.0675838
1,9,20,1992.05,0.0550737
1,9,21,1948.36,0.042629
1,9,22,1907.04,0.0320669
1,9,23,1868.19,0.0247778
1,9,24,1831.66,0.0217306
1,9,25,1797.21,0.0234043
1,9,26,1764.77,0.0296717
1,9,27,1734.28,0.0395251
1,9,28,1705.01,0.0510425
1,9,29,1675.31,0.0616156
1,9,30,1642.95,0.0685895
1,9,31,1606.05,0.070288
1,9,32,1564.42,0.0663259
1,9,33,1519.9,0.0577388
1,9,34,1476.25,0.0464396
1,9,35,1437.58,0.0345336
1,9,36,1406.81,0.0237349
1,9,37,1384.66,0.0150698
1,9,38,1369.77,0.00884495
1,9,39,1359.62,0.00483659
1,9,40,1351.3,0.00252303
1,9,41,1343,0.0013552
1,9,42,1333.83,0.000913335
1,9,43,1323.69,0.000833741
1,9,44,1312.59,0.000918177
1,9,45,1300.23,0.00105601
1,9,46,1285.48,0.0011787
1,9,47,1266.39,0.00121719
1,9,48,1241.02,0.0011521
1,9,49,1208.66,0.000992884
1,10,0,1865.62,0.169787
1,10,1,2026.74,0.197553
1,10,2,2156.42,0.213584
1,10,3,2248.96,0.21606
1,10,4,2304.47,0.205941
1,10,5,2327.1,0.186248
1,10,6,2323.4,0.161019
1,10,7,2301.19,0.134309
1,10,8,2268.66,0.109496
1,10,9,2233.26,0.0889594
1,10,10,2201.11,0.0737579
1,10,11,2175.85,0.0639499
1,10,12,2158.72,0.0590456
1,10,13,2147.64,0.0580545
1,10,14,2138.59,0.0596104
1,10,15,2126.9,0.0619895
1,10,16,2108.67,0.0633297
1,10,17,2082.32,0.0622682
1,10,18,2048.57,0.0581352
1,10,19,2009.59,0.0511784
1,10,20,1968.15,0.0425141
1,10,21,1926.59,0.033546
1,10,22,1886.38,0.0258356
1,10,23,1848.3,0.0206311
1,10,24,1812.83,0.0188198
1,10,25,1780.13,0.0208369
1,10,26,1750.25,0.0265655
1,10,27,1722.99,0.0351206
1,10,28,1697.38,0.0448266
1,10,29,1671.46,0.0534399
1,10,30,1642.86,0.0587393
1,10,31,1609.59,0.0594242
1,10,32,1571.5,0.055353
1,10,33,1530.52,0.0475891
1,10,34,1490.57,0.0378515
1,10,35,1455.75,0.0278993
1,10,36,1428.72,0.0190701
1,10,37,1409.77,0.0121057
1,10,38,1397.11,0.00716898
1,10,39,1388,0.00403024
1,10,40,1379.65,0.00224584
1,10,41,1370.65,0.00134616
1,10,42,1360.69,0.00101147
1,10,43,1350.2,0.000914443
1,10,44,1339.51,0.000904913
1,10,45,1328.3,0.000910904
1,10,46,1314.98,0.000904099
1,10,47,1296.92,0.000852127
1,10,48,1271.41,0.000754584
1,10,49,1237.21,0.000620617
1,11,0,1853.22,0.193901
1,11,1,2013.93,0.227709
1,11,2,2143.07,0.248922
1,11,3,2234.15,0.254898
1,11,4,2286.47,0.245838
1,11,5,2303.69,0.224234
1,11,6,2292.42,0.194064
1,11,7,2261.19,0.159947
1,11,8,2219.57,0.126363
1,11,9,2176.67,0.0969313
1,11,10,2140.04,0.0737167
1,11,11,2113.97,0.0572602
1,11,12,2099.41,0.0470993
1,11,13,2093.33,0.0420546
1,11,14,2090.55,0.0406668
1,11,15,2085.49,0.0412406
1,11,16,2073.74,0.0420802
1,11,17,2053.43,0.0419168
1,11,18,2024.94,0.0399548
1,11,19,1990.1,0.0360482
1,11,20,1951.46,0.0308869
1,11,21,1911.45,0.0254025
1,11,22,1872.01,0.0208124
1,11,23,1834.6,0.0181219
1,11,24,1800.3,0.0180775
1,11,25,1769.62,0.021071
1,11,26,1742.56,0.0270217
1,11,27,1718.73,0.0351495
1,11,28,1696.88,0.0439083
1,11,29,1674.86,0.0512104
1,11,30,1650.23,0.0550451
1,11,31,1621,0.0543576
1,11,32,1587.05,0.0493012
1,11,33,1550.3,0.0411761
1,11,34,1514.57,0.0317809
1,11,35,1483.78,0.0227554
1,11,36,1460.21,0.0151721
1,11,37,1443.81,0.00948781
1,11,38,1432.6,0.00564581
1,11,39,1423.95,0.00332146
1,11,40,1415.4,0.00207635
1,11,41,1406.11,0.00147204
1,11,42,1396.28,0.00127696
1,11,43,1386.76,0.00118599
1,11,44,1377.9,0.00109619
1,11,45,1369.03,0.000976096
1,11,46,1357.89,0.000837298
1,11,47,1340.95,0.00068444
1,11,48,1314.68,0.000534784
1,11,49,1277.35,0.000397837
1,12,0,1854.44,0.21415
1,12,1,2013.77,0.254091
1,12,2,2140.36,0.281086
1,12,3,2227.45,0.291584
1,12,4,2274.19,0.28485
1,12,5,2284.31,0.262656
1,12,6,2264.85,0.228752
1,12,7,2225.17,0.188229
1,12,8,2176.03,0.146636
1,12,9,2127.73,0.10888
1,12,10,2088.75,0.0781187
1,12,11,2063.62,0.0554539
1,12,12,2052.74,0.0404754
1,12,13,2052.1,0.0317559
1,12,14,2055.56,0.0276373
1,12,15,2056.77,0.0263372
1,12,16,2050.87,0.0262644
1,12,17,2035.75,0.0262817
1,12,18,2011.47,0.0256243
1,12,19,1979.6,0.0239448
1,12,20,1942.56,0.0216723
1,12,21,1903.02,0.0193455
1,12,22,1863.54,0.0178311
1,12,23,1826.36,0.0178323
1,12,24,1793.19,0.0198907
1,12,25,1764.8,0.0243203
1,12,26,1741.03,0.0310693
1,12,27,1721.17,0.0394403
1,12,28,1703.57,0.0479386
1,12,29,1685.88,0.0544836
1,12,30,1665.68,0.0570993
1,12,31,1641.03,0.0548549
1,12,32,1611.85,0.0481988
1,12,33,1579.96,0.0387912
1,12,34,1548.84,0.0287042
1,12,35,1522.01,0.0196461
1,12,36,1501.35,0.0125448
1,12,37,1486.63,0.00761441
1,12,38,1475.99,0.00455048
1,12,39,1467.32,0.00287785
1,12,40,1458.75,0.00210376
1,12,41,1450.08,0.00177366
1,12,42,1441.92,0.00171962
1,12,43,1435.19,0.00163985
1,12,44,1429.94,0.00147232
1,12,45,1424.85,0.00122517
1,12,46,1416.71,0.000948598
1,12,47,1401,0.000683218
1,12,48,1373.31,0.000462828
1,12,49,1331.46,0.000297818
1,13,0,1864.74,0.228381
1,13,1,2021.49,0.273686
1,13,2,2143.58,0.306099
1,13,3,2224.54,0.321212
1,13,4,2263.92,0.317378
1,13,5,2266.08,0.295642
1,13,6,2238.82,0.25947
1,13,7,2192.38,0.214263
1,13,8,2138.34,0.166419
1,13,9,2087.65,0.121924
1,13,10,2049.08,0.0849074
1,13,11,2026.89,0.0570344
1,13,12,2020.79,0.0380138
1,13,13,2025.89,0.0262273
1,13,14,2035.34,0.0198218
1,13,15,2042.21,0.0168778
1,13,16,2041.32,0.0158388
1,13,17,2030.33,0.0156761
1,13,18,2009,0.0157409
1,13,19,1978.67,0.0156312
1,13,20,1941.78,0.0156632
1,13,21,1901.35,0.0160887
1,13,22,1860.68,0.0174514
1,13,23,1822.92,0.0201117
1,13,24,1790.49,0.0243359
1,13,25,1764.43,0.0303001
1,13,26,1744.34,0.0379589
1,13,27,1729,0.0467043
1,13,28,1716.26,0.0551016
1,13,29,1703.47,0.0610553
1,13,30,1688.22,0.0625614
1,13,31,1668.69,0.0587399
1,13,32,1644.9,0.0502836
1,13,33,1618.43,0.0392119
1,13,34,1592.27,0.027923
1,13,35,1569.33,0.0182773
1,13,36,1551.03,0.0111417
1,13,37,1537.14,0.0065501
1,13,38,1526.31,0.00396689
1,13,39,1517.31,0.00275697
1,13,40,1509.15,0.00234509
1,13,41,1502.29,0.00223301
1,13,42,1497.52,0.00229116
1,13,43,1495.52,0.00220878
1,13,44,1495.67,0.00195714
1,13,45,1495.68,0.0015808
1,13,46,1491.25,0.0011654
1,13,47,1476.83,0.000783744
1,13,48,1447.19,0.000483836
1,13,49,1399.65,0.000276597
1,14,0,1881.15,0.236547
1,14,1,2034.26,0.285952
1,14,2,2150.27,0.322709
1,14,3,2223.4,0.34171
1,14,4,2254.14,0.340605
1,14,5,2247.94,0.319907
1,14,6,2213.72,0.282849
1,14,7,2162.59,0.23498
1,14,8,2106.63,0.183183
1,14,9,2056.82,0.134123
1,14,10,2021.48,0.092616
1,14,11,2004.15,0.0608102
1,14,12,2003.72,0.0386147
1,14,13,2014.57,0.0243629
1,14,14,2029.43,0.0161035
1,14,15,2041.06,0.0118086
1,14,16,2044.13,0.00991399
1,14,17,2036.08,0.00945619
1,14,18,2016.45,0.00992907
1,14,19,1986.42,0.0109633
1,14,20,1948.48,0.012854
1,14,21,1906.05,0.0156559
1,14,22,1863.24,0.0196158
1,14,23,1824.14,0.0247168
1,14,24,1791.97,0.0308774
1,14,25,1768.12,0.0380661
1,14,26,1751.92,0.0462211
1,14,27,1741.55,0.0548681
1,14,28,1734.14,0.0627338
1,14,29,1726.64,0.067819
1,14,30,1716.6,0.0681561
1,14,31,1702.42,0.0629044
1,14,32,1684.23,0.0529089
1,14,33,1663.46,0.0404242
1,14,34,1642.45,0.0280758
1,14,35,1623.36,0.0178396
1,14,36,1607.1,0.010547
1,14,37,1593.57,0.00611211
1,14,38,1582.16,0.00382176
1,14,39,1572.87,0.00291534
1,14,40,1565.75,0.00274531
1,14,41,1561.93,0.00277187
1,14,42,1562.2,0.00288758
1,14,43,1566.56,0.00277473
1,14,44,1573.45,0.00243151
1,14,45,1579.39,0.00193299
1,14,46,1578.99,0.00139311
1,14,47,1565.77,0.000908742
1,14,48,1533.73,0.000537414
1,14,49,1479.72,0.000288966
1,15,0,1903.94,0.241106
1,15,1,2052.83,0.293342
1,15,2,2161.67,0.333025
1,15,3,2225.72,0.354583
1,15,4,2246.85,0.355315
1,15,5,2232.04,0.335554
1,15,6,2191.59,0.298481
1,15,7,2137.54,0.249667
1,15,8,2082.18,0.196095
1,15,9,2035.93,0.144632
1,15,10,2006.09,0.100411
1,15,11,1994.99,0.0659256
1,15,12,2000.59,0.0413447
1,15,13,2016.69,0.0251191
1,15,14,2035.9,0.0153336
1,15,15,2050.96,0.00992811
1,15,16,2056.63,0.00732467
1,15,17,2050.27,0.00659127
1,15,18,2031.31,0.00735825
1,15,19,2000.84,0.00932335
1,15,20,1961.35,0.012788
1,15,21,1916.62,0.0176573
1,15,22,1871.43,0.0238821
1,15,23,1830.73,0.0310336
1,15,24,1798.55,0.0386261
1,15,25,1776.69,0.0463688
1,15,26,1764.31,0.0541822
1,15,27,1758.91,0.0618035
1,15,28,1756.84,0.0682833
1,15,29,1754.48,0.0719169
1,15,30,1749.32,0.0709237
1,15,31,1740.05,0.0645368
1,15,32,1727.08,0.0536377
1,15,33,1711.72,0.0405079
1,15,34,1695.76,0.0277913
1,15,35,1680.49,0.017448
1,15,36,1666.28,0.0102467
1,15,37,1653.14,0.00602826
1,15,38,1641.35,0.00397448
1,15,39,1632.26,0.00326389
1,15,40,1627.08,0.00321894
1,15,41,1627.57,0.00328983
1,15,42,1634.23,0.00338855
1,15,43,1646.13,0.00320869
1,15,44,1660.45,0.00277126
1,15,45,1672.49,0.00217275
1,15,46,1675.9,0.00154309
1,15,47,1663.48,0.000990346
1,15,48,1628.67,0.000573979
1,15,49,1567.82,0.00030022
1,16,0,1935.33,0.246297
1,16,1,2080.07,0.3004
1,16,2,2181.37,0.341537
1,16,3,2235.79,0.363934
1,16,4,2246.84,0.364986
1,16,5,2223.3,0.3453
1,16,6,2177.06,0.308272
1,16,7,2121.13,0.259454
1,16,8,2067.8,0.205615
1,16,9,2026.58,0.153396
1,16,10,2003.29,0.107902
1,16,11,1998.75,0.0718031
1,16,12,2009.89,0.0455381
1,16,13,2030.02,0.0277851
1,16,14,2051.87,0.0167609
1,16,15,2068.53,0.0104433
1,16,16,2075.09,0.00726121
1,16,17,2069.13,0.00631389
1,16,18,2050.09,0.00735936
1,16,19,2019.01,0.0101686
1,16,20,1978.37,0.0150227
1,16,21,1932.04,0.0216694
1,16,22,1885.21,0.0297303
1,16,23,1843.45,0.03834
1,16,24,1811.48,0.046596
1,16,25,1791.53,0.0539555
1,16,26,1782.71,0.0603658
1,16,27,1781.91,0.0658735
1,16,28,1784.63,0.070017
1,16,29,1786.66,0.0715865
1,16,30,1785.38,0.0691492
1,16,31,1779.82,0.0620546
1,16,32,1770.84,0.0511016
1,16,33,1759.91,0.0383676
1,16,34,1748.35,0.0262676
1,16,35,1736.72,0.0165741
1,16,36,1724.78,0.00993559
1,16,37,1712.59,0.00614558
1,16,38,1701.23,0.00435764
1,16,39,1693.37,0.00376617
1,16,40,1691.31,0.00372562
1,16,41,1697.3,0.00372843
1,16,42,1711.38,0.00371757
1,16,43,1731.42,0.0034262
1,16,44,1753.22,0.00289548
1,16,45,1770.96,0.00223064
1,16,46,1777.54,0.00156053
1,16,47,1765.38,0.00098794
1,16,48,1727.55,0.000564791
1,16,49,1659.9,0.000290749
1,17,0,1978.09,0.256096
1,17,1,2119.42,0.311411
1,17,2,2213.65,0.35257
1,17,3,2258.78,0.373897
1,17,4,2260.08,0.373356
1,17,5,2228.11,0.352296
1,17,6,2176.35,0.314613
1,17,7,2118.72,0.265869
1,17,8,2067.46,0.212419
1,17,9,2031.09,0.160393
1,17,10,2013.81,0.114601
1,17,11,2014.78,0.0777346
1,17,12,2029.86,0.0504512
1,17,13,2051.98,0.0316741
1,17,14,2074.18,0.0197676
1,17,15,2090.16,0.0127768
1,17,16,2095.72,0.00916945
1,17,17,2088.85,0.00810982
1,17,18,2069.27,0.00948696
1,17,19,2038.01,0.013138
1,17,20,1997.37,0.0192589
1,17,21,1951.06,0.0273823
1,17,22,1904.25,0.0367416
1,17,23,1862.71,0.0460334
1,17,24,1831.61,0.0539933
1,17,25,1813.59,0.0599163
1,17,26,1807.86,0.0638758
1,17,27,1810.84,0.066327
1,17,28,1817.32,0.0674067
1,17,29,1822.47,0.0665249
1,17,30,1823.53,0.0626962
1,17,31,1819.93,0.0554058
1,17,32,1813.14,0.0452658
1,17,33,1804.98,0.0339551
1,17,34,1796.68,0.0234466
1,17,35,1788.19,0.0151712
1,17,36,1778.76,0.0095966
1,17,37,1768.35,0.0064773
1,17,38,1758.66,0.00500468
1,17,39,1753.41,0.00445994
1,17,40,1755.81,0.00429505
1,17,41,1768.4,0.00410368
1,17,42,1790.56,0.00387999
1,17,43,1818.87,0.003427
1,17,44,1847.82,0.00280252
1,17,45,1870.62,0.00210573
1,17,46,1879.77,0.00144517
1,17,47,1867.54,0.000901205
1,17,48,1826.81,0.000509018
1,17,49,1752.88,0.000259184
1,18,0,2034.1,0.27242
1,18,1,2173.36,0.328381
1,18,2,2261.86,0.368163
1,18,3,2299.13,0.386497
1,18,4,2292.07,0.38235
1,18,5,2252.79,0.358204
1,18,6,2196,0.318697
1,18,7,2136.38,0.26947
1,18,8,2086.15,0.216412
1,18,9,2052.98,0.165016
1,18,10,2039.62,0.119651
1,18,11,2043.69,0.0828859
1,18,12,2060.06,0.0554677
1,18,13,2081.35,0.0364557
1,18,14,2101.06,0.0242695
1,18,15,2113.78,0.0169907
1,18,16,2116.28,0.0131623
1,18,17,2107.29,0.0120897
1,18,18,2086.93,0.0138351
1,18,19,2056.29,0.0183125
1,18,20,2017.31,0.025563
1,18,21,1973.15,0.0348148
1,18,22,1928.48,0.0448423
1,18,23,1888.82,0.053927
1,18,24,1859.45,0.0605603
1,18,25,1843.34,0.0640383
1,18,26,1839.94,0.0647066
1,18,27,1845.5,0.0635094
1,18,28,1854.29,0.061207
1,18,29,1861,0.0578351
1,18,30,1862.7,0.0528552
1,18,31,1859.19,0.0458659
1,18,32,1852.57,0.0372225
1,18,33,1845.29,0.028093
1,18,34,1838.74,0.0198821
1,18,35,1832.61,0.0135833
1,18,36,1825.73,0.00943946
1,18,37,1817.9,0.0071591
1,18,38,1811.17,0.0060167
1,18,39,1809.93,0.00543175
1,18,40,1817.95,0.00500849
1,18,41,1837.84,0.00449304
1,18,42,1868.26,0.00395365
1,18,43,1904.57,0.00328511
1,18,44,1940.12,0.00255763
1,18,45,1967.47,0.00184979
1,18,46,1978.96,0.00123307
1,18,47,1966.88,0.000751543
1,18,48,1923.97,0.000416917
1,18,49,1844.87,0.000208864
1,19,0,2103.74,0.294235
1,19,1,2242.59,0.350213
1,19,2,2327.31,0.387375
1,19,3,2358.99,0.401124
1,19,4,2345.94,0.39173
1,19,5,2301.28,0.363035
1,19,6,2240.45,0.320561
1,19,7,2178.5,0.270124
1,19,8,2127.61,0.21721
1,19,9,2094.95,0.166703
1,19,10,2082.26,0.122474
1,19,11,2085.98,0.0868213
1,19,12,2100.24,0.0603869
1,19,13,2117.46,0.0421562
1,19,14,2131.67,0.0304452
1,19,15,2138.52,0.0233178
1,19,16,2135.98,0.0194506
1,19,17,2123.76,0.018403
1,19,18,2102.56,0.0204905
1,19,19,2073.45,0.0257334
1,19,20,2037.8,0.0339565
1,19,21,1997.87,0.0439845
1,19,22,1957.36,0.0540635
1,19,23,1921.09,0.0621008
1,19,24,1894.14,0.066493
1,19,25,1879.67,0.0667376
1,19,26,1877.56,0.0636113
1,19,27,1884.17,0.0585966
1,19,28,1893.65,0.0530202
1,19,29,1900.39,0.0474396
1,19,30,1901.31,0.04167
1,19,31,1896.44,0.0353663
1,19,32,1888.47,0.0285975
1,19,33,1880.45,0.0220025
1,19,34,1874.23,0.0163926
1,19,35,1869.52,0.012302
1,19,36,1864.94,0.00972877
1,19,37,1860.16,0.00832254
1,19,38,1857.31,0.00746263
1,19,39,1861.09,0.00673404
1,19,40,1875.42,0.00592814
1,19,41,1902.77,0.00497638
1,19,42,1941.09,0.00403825
1,19,43,1984.77,0.00310824
1,19,44,2026.35,0.00226267
1,19,45,2058.02,0.00154803
1,19,46,2072.13,0.000987462
1,19,47,2061.04,0.000580683
1,19,48,2017.29,0.000313166
1,19,49,1934.72,0.000152923
1,20,0,2185.74,0.318227
1,20,1,2325.95,0.373518
1,20,2,2409.16,0.407134
1,20,3,2438.02,0.415324
1,20,4,2421.92,0.399758
1,20,5,2374.43,0.365667
1,20,6,2311.03,0.319483
1,20,7,2246.66,0.2673
1,20,8,2193.35,0.214359
1,20,9,2158.14,0.16506
1,20,10,2142.35,0.122777
1,20,11,2141.8,0.0893785
1,20,12,2150.27,0.0651741
1,20,13,2160.18,0.0488235
1,20,14,2166.08,0.0383677
1,20,15,2164.78,0.0318051
1,20,16,2155.56,0.0280168
1,20,17,2139.26,0.0269375
1,20,18,2117.22,0.0292318
1,20,19,2090.42,0.0350697
1,20,20,2059.43,0.0440317
1,20,21,2025.3,0.0544708
1,20,22,1990.41,0.0640705
1,20,23,1958.56,0.0704187
1,20,24,1934.34,0.0719584
1,20,25,1920.96,0.0685605
1,20,26,1918.82,0.0615543
1,20,27,1924.77,0.0529649
1,20,28,1933.26,0.0445718
1,20,29,1938.73,0.0372896
1,20,30,1937.99,0.0311424
1,20,31,1931.17,0.0257683
1,20,32,1921.25,0.0209535
1,20,33,1911.74,0.0168592
1,20,34,1904.97,0.0137597
1,20,35,1900.9,0.0117695
1,20,36,1898.2,0.010654
1,20,37,1896.5,0.00999933
1,20,38,1897.85,0.00929816
1,20,39,1906.94,0.00830935
1,20,40,1927.52,0.00702347
1,20,41,1961.75,0.00556428
1,20,42,2007.01,0.00418616
1,20,43,2057.07,0.00297364
1,20,44,2104.01,0.00200022
1,20,45,2139.9,0.001273
1,20,46,2157.18,0.00076321
1,20,47,2148.27,0.000424977
1,20,48,2105.35,0.00021918
1,20,49,2021.37,0.000102692
1,21,0,2277.95,0.340683
1,21,1,2421.25,0.394848
1,21,2,2505.2,0.42471
1,21,3,2533.91,0.427347
1,21,4,2517.62,0.405686
1,21,5,2469.81,0.366177
1,21,6,2405.41,0.316109
1,21,7,2338.72,0.261973
1,21,8,2281.5,0.208986
1,21,9,2240.87,0.16124
1,21,10,2218.37,0.121634
1,21,11,2209.87,0.091463
1,21,12,2209.26,0.0704788
1,21,13,2209.17,0.0568038
1,21,14,2204.66,0.0480894
1,21,15,2193.67,0.0422638
1,21,16,2176.73,0.0384804
1,21,17,2155.84,0.0371362
1,21,18,2132.93,0.0393098
1,21,19,2108.74,0.0453565
1,21,20,2082.94,0.0546305
1,21,21,2055.21,0.0650227
1,21,22,2026.48,0.0736963
1,21,23,1999.33,0.0780004
1,21,24,1977.67,0.0765246
1,21,25,1964.6,0.0695975
1,21,26,1961.06,0.0591221
1,21,27,1964.67,0.0475989
1,21,28,1970.66,0.0371111
1,21,29,1973.91,0.0287535
1,21,30,1971.27,0.0226179
1,21,31,1962.8,0.018266
1,21,32,1951.44,0.0152354
1,21,33,1940.79,0.0133051
1,21,34,1933.5,0.012319
1,21,35,1929.82,0.0120559
1,21,36,1928.67,0.0120877
1,21,37,1929.76,0.0119497
1,21,38,1935.07,0.011249
1,21,39,1949.08,0.00991108
1,21,40,1975.11,0.00811323
1,21,41,2014.96,0.00615092
1,21,42,2065.69,0.00435943
1,21,43,2120.78,0.0028889
1,21,44,2172.22,0.0017999
1,21,45,2212.12,0.00105857
1,21,46,2233.05,0.000588495
1,21,47,2227.34,0.000303881
1,21,48,2186.8,0.000146598
1,21,49,2103.34,6.43458e-05
1,22,0,2378.02,0.359541
1,22,1,2525.96,0.412735
1,22,2,2612.53,0.439512
1,22,3,2643.24,0.43757
1,22,4,2628.85,0.410759
1,22,5,2582.52,0.366478
1,22,6,2518.2,0.312793
1,22,7,2449.23,0.256733
1,22,8,2386.9,0.203736
1,22,9,2338.62,0.157754
1,22,10,2306.6,0.121227
1,22,11,2287.37,0.0947405
1,22,12,2275.41,0.0773365
1,22,13,2263.72,0.0664959
1,22,14,2247.85,0.059478
1,22,15,2226.63,0.0541952
1,22,16,2201.68,0.0501168
1,22,17,2175.95,0.0481029
1,22,18,2151.84,0.0496244
1,22,19,2129.8,0.0552172
1,22,20,2108.6,0.0640757
1,22,21,2086.66,0.0737502
1,22,22,2063.52,0.0810424
1,22,23,2040.61,0.0831945
1,22,24,2020.99,0.0789984
1,22,25,2007.47,0.0692056
1,22,26,2001.44,0.0561797
1,22,27,2001.41,0.0427404
1,22,28,2003.77,0.0311035
1,22,29,2004.24,0.0223942
1,22,30,1999.93,0.016673
1,22,31,1990.77,0.0133973
1,22,32,1979.31,0.011905
1,22,33,1968.86,0.0116912
1,22,34,1961.98,0.012283
1,22,35,1959.16,0.0132215
1,22,36,1959.61,0.0139499
1,22,37,1963.27,0.0139942
1,22,38,1972.09,0.0130884
1,22,39,1990.22,0.011316
1,22,40,2020.48,0.00901422
1,22,41,2064.3,0.00660801
1,22,42,2118.67,0.00448234
1,22,43,2177.14,0.00281734
1,22,44,2231.88,0.00164835
1,22,45,2275.21,0.000902488
1,22,46,2299.73,0.000464906
1,22,47,2297.66,0.000219575
1,22,48,2260.34,9.69582e-05
1,22,49,2178.71,3.87039e-05
1,23,0,2483.28,0.375591
1,23,1,2637.15,0.428855
1,23,2,2727.76,0.45411
1,23,3,2761.83,0.449296
1,23,4,2750.52,0.418766
1,23,5,2706.46,0.370597
1,23,6,2642.52,0.313618
1,23,7,2570.95,0.255581
1,23,8,2502.51,0.202376
1,23,9,2444.98,0.157951
1,23,10,2401.59,0.12427
1,23,11,2370,0.101124
1,23,12,2345.6,0.0867789
1,23,13,2321.97,0.0781149
1,23,14,2294.97,0.0721245
1,23,15,2264.01,0.0668163
1,23,16,2231.42,0.0619763
1,23,17,2200.77,0.0588177
1,23,18,2174.73,0.0590583
1,23,19,2153.5,0.0633394
1,23,20,2135.21,0.0707867
1,23,21,2117.3,0.0788364
1,23,22,2098.28,0.0842108
1,23,23,2078.52,0.084244
1,23,24,2060.25,0.0779585
1,23,25,2045.79,0.0663901
1,23,26,2036.74,0.0521256
1,23,27,2032.51,0.0380652
1,23,28,2030.77,0.026378
1,23,29,2028.4,0.0181084
1,23,30,2023.03,0.0132401
1,23,31,2014.45,0.0111286
1,23,32,2004.65,0.0109584
1,23,33,1996.23,0.0120151
1,23,34,1991.36,0.0136079
1,23,35,1990.51,0.0151413
1,23,36,1993.19,0.0160235
1,23,37,1999.61,0.0158493
1,23,38,2011.7,0.0145107
1,23,39,2033.3,0.012242
1,23,40,2066.62,0.00949752
1,23,41,2112.81,0.00676925
1,23,42,2168.94,0.00444348
1,23,43,2228.99,0.00268857
1,23,44,2285.52,0.00150216
1,23,45,2331.13,0.00077822
1,23,46,2358.47,0.000376582
1,23,47,2359.57,0.000163131
1,23,48,2325.32,6.5389e-05
1,23,49,2245.8,2.32097e-05
1,24,0,2591.17,0.392538
1,24,1,2751.88,0.447857
1,24,2,2847.38,0.473793
1,24,3,2885.43,0.468056
1,24,4,2877.43,0.43512
1,24,5,2835.48,0.383609
1,24,6,2771.43,0.323238
1,24,7,2696.52,0.262724
1,24,8,2621.02,0.208623
1,24,9,2553.17,0.16495
1,24,10,2497.43,0.133158
1,24,11,2452.92,0.112194
1,24,12,2416.18,0.0995839
1,24,13,2381.38,0.0917772
1,24,14,2344.52,0.0857263
1,24,15,2305.15,0.0796772
1,24,16,2265.78,0.0736792
1,24,17,2230.15,0.069076
1,24,18,2201.07,0.0675578
1,24,19,2178.64,0.0697087
1,24,20,2160.74,0.0746611
1,24,21,2144.35,0.0800179
1,24,22,2127.34,0.082785
1,24,23,2109.32,0.0806502
1,24,24,2091.68,0.0729087
1,24,25,2076.12,0.0607084
1,24,26,2064.23,0.0465733
1,24,27,2056.05,0.0332186
1,24,28,2050.51,0.0226014
1,24,29,2045.74,0.0156132
1,24,30,2040.08,0.0121526
1,24,31,2033.33,0.0114789
1,24,32,2026.81,0.0126331
1,24,33,2022.25,0.0147058
1,24,34,2021.16,0.0168355
1,24,35,2023.79,0.0183689
1,24,36,2029.83,0.0187935
1,24,37,2039.78,0.0178893
1,24,38,2055.48,0.0157746
1,24,39,2080.42,0.0128507
1,24,40,2116.17,0.00965277
1,24,41,2163.59,0.00667577
1,24,42,2219.99,0.0042519
1,24,43,2279.91,0.00249337
1,24,44,2336.57,0.00134367
1,24,45,2382.9,0.000667082
1,24,46,2411.61,0.000308334
1,24,47,2414.54,0.00012426
1,24,48,2382.21,4.55838e-05
1,24,49,2304.01,1.43327e-05
1,25,0,2699.42,0.416494
1,25,1,2867.33,0.476624
1,25,2,2968,0.505654
1,25,3,3010.04,0.500618
1,25,4,3004.97,0.465899
1,25,5,2964.38,0.410755
1,25,6,2899.26,0.346075
1,25,7,2819.98,0.281832
1,25,8,2736.49,0.225425
1,25,9,2657.55,0.180969
1,25,10,2589.03,0.149376
1,25,11,2531.72,0.12876
1,25,12,2483.47,0.11603
1,25,13,2439.03,0.107444
1,25,14,2394.27,0.100163
1,25,15,2348.33,0.0927859
1,25,16,2303.33,0.0855171
1,25,17,2262.77,0.0795357
1,25,18,2229.42,0.0761543
1,25,19,2203.53,0.075673
1,25,20,2183.21,0.077257
1,25,21,2165.51,0.0789303
1,25,22,2148.18,0.0783394
1,25,23,2130.33,0.073804
1,25,24,2112.65,0.0649645
1,25,25,2096.16,0.0529495
1,25,26,2082.13,0.0399835
1,25,27,2071.01,0.0283793
1,25,28,2062.69,0.0197687
1,25,29,2056.49,0.0148547
1,25,30,2051.54,0.0134545
1,25,31,2047.74,0.0147144
1,25,32,2045.81,0.0174803
1,25,33,2046.58,0.0205834
1,25,34,2050.78,0.0229702
1,25,35,2058.35,0.0239727
1,25,36,2069.08,0.0232766
1,25,37,2083.61,0.0209961
1,25,38,2103.71,0.0175854
1,25,39,2132.4,0.0136642
1,25,40,2170.6,0.00983676
1,25,41,2218.86,0.00654994
1,25,42,2274.7,0.0040294
1,25,43,2333.33,0.00228711
1,25,44,2388.67,0.00118939
1,25,45,2434.09,0.000567352
1,25,46,2462.37,0.000253023
1,25,47,2465.24,9.62038e-05
1,25,48,2432.94,3.27176e-05
1,25,49,2354.37,9.15799e-06
1,26,0,2805.72,0.453031
1,26,1,2980.51,0.521003
1,26,2,3086.03,0.555275
1,26,3,3131.64,0.551876
1,26,4,3128.86,0.515119
1,26,5,3088.81,0.455189
1,26,6,3021.69,0.384536
1,26,7,2937.21,0.314665
1,26,8,2845.03,0.253937
1,26,9,2754.52,0.206583
1,26,10,2673.05,0.172987
1,26,11,2603.27,0.150542
1,26,12,2544.52,0.135735
1,26,13,2492.14,0.124883
1,26,14,2441.6,0.115555
1,26,15,2391.15,0.106738
1,26,16,2341.96,0.0986263
1,26,17,2296.83,0.0919159
1,26,18,2258.37,0.0871753
1,26,19,2227.13,0.0841573
1,26,20,2201.86,0.0820105
1,26,21,2180.21,0.0793301
1,26,22,2160.25,0.0746697
1,26,23,2141,0.0672239
1,26,24,2122.6,0.0570936
1,26,25,2105.4,0.0453661
1,26,26,2090.2,0.0338689
1,26,27,2077.53,0.024422
1,26,28,2067.94,0.0183056
1,26,29,2061.67,0.0160369
1,26,30,2058.59,0.0173493
1,26,31,2058.74,0.0212155
1,26,32,2062.34,0.0261607
1,26,33,2069.4,0.0306093
1,26,34,2079.93,0.0332154
1,26,35,2093.49,0.0332867
1,26,36,2109.92,0.0308096
1,26,37,2129.95,0.0263923
1,26,38,2155.22,0.0209707
1,26,39,2188.27,0.0154777
1,26,40,2229.4,0.0106138
1,26,41,2278.8,0.00675725
1,26,42,2334.14,0.00398851
1,26,43,2391.2,0.00217859
1,26,44,2444.5,0.00108574
1,26,45,2487.82,0.000493415
1,26,46,2514.1,0.000211826
1,26,47,2515,7.61451e-05
1,26,48,2480.6,2.38107e-05
1,26,49,2399.54,5.64164e-06
1,27,0,2907.91,0.505653
1,27,1,3088.59,0.584173
1,27,2,3198.2,0.625136
1,27,3,3246.76,0.623459
1,27,4,3245.75,0.583632
1,27,5,3205.79,0.517191
1,27,6,3136.36,0.438516
1,27,7,3046.49,0.360814
1,27,8,2945.53,0.293432
1,27,9,2843.37,0.24073
1,27,10,2748.85,0.202677
1,27,11,2666.72,0.176177
1,27,12,2598.08,0.157559
1,27,13,2538.99,0.143423
1,27,14,2484.46,0.131821
1,27,15,2431.46,0.122055
1,27,16,2379.72,0.114099
1,27,17,2330.96,0.107873
1,27,18,2287.34,0.102893
1,27,19,2249.72,0.0981148
1,27,20,2217.74,0.0925486
1,27,21,2190.09,0.0853673
1,27,22,2165.59,0.0761461
1,27,23,2143.54,0.0651106
1,27,24,2123.8,0.0529573
1,27,25,2106.11,0.0408332
1,27,26,2090.73,0.0302415
1,27,27,2077.98,0.0225757
1,27,28,2068.75,0.0188382
1,27,29,2063.89,0.0194019
1,27,30,2063.82,0.0239039
1,27,31,2068.7,0.0310502
1,27,32,2078.34,0.0388722
1,27,33,2092.08,0.0451886
1,27,34,2109.27,0.0482041
1,27,35,2129.17,0.047139
1,27,36,2151.65,0.0423372
1,27,37,2177.51,0.0350359
1,27,38,2208.26,0.0268038
1,27,39,2246.02,0.0190099
1,27,40,2290.63,0.0125194
1,27,41,2341.93,0.00765899
1,27,42,2397.61,0.00434907
1,27,43,2453.75,0.00228823
1,27,44,2505.24,0.0010917
1,27,45,2546.14,0.000470843
1,27,46,2569.5,0.000194172
1,27,47,2566.98,6.65991e-05
1,27,48,2528.65,1.91054e-05
1,27,49,2443.02,3.53267e-06
1,28,0,3003.63,0.573228
1,28,1,3188.67,0.664066
1,28,2,3301.29,0.712315
1,28,3,3352.14,0.711919
1,28,4,3352.64,0.667916
1,28,5,3312.92,0.593561
1,28,6,3241.74,0.50532
1,28,7,3147.33,0.418031
1,28,8,3038.55,0.34191
1,28,9,2925.46,0.281476
1,28,10,2818.19,0.236534
1,28,11,2723.66,0.203888
1,28,12,2645.11,0.180053
1,28,13,2579.72,0.162094
1,28,14,2522.23,0.1485
1,28,15,2468.21,0.138708
1,28,16,2415.63,0.132249
1,28,17,2364.7,0.128049
1,28,18,2316.74,0.124363
1,28,19,2272.77,0.119159
1,28,20,2233.37,0.111144
1,28,21,2198.5,0.0999317
1,28,22,2168.14,0.0860638
1,28,23,2142.29,0.0708286
1,28,24,2120.76,0.0556307
1,28,25,2102.83,0.0418601
1,28,26,2088.11,0.0309023
1,28,27,2076.55,0.0239242
1,28,28,2069.02,0.0218071
1,28,29,2066.73,0.0248559
1,28,30,2070.43,0.0326008
1,28,31,2080.36,0.0433938
1,28,32,2096,0.0546147
1,28,33,2116.16,0.0632992
1,28,34,2139.69,0.0670439
1,28,35,2165.57,0.0648834
1,28,36,2193.7,0.0575063
1,28,37,2224.93,0.0468371
1,28,38,2260.74,0.0351769
1,28,39,2303.04,0.0244391
1,28,40,2351.41,0.0157407
1,28,41,2405.46,0.00940747
1,28,42,2462.76,0.00521523
1,28,43,2519.39,0.00267802
1,28,44,2570.24,0.00124068
1,28,45,2609.37,0.000515971
1,28,46,2629.84,0.000206724
1,28,47,2623.37,6.9667e-05
1,28,48,2580.04,1.91365e-05
1,28,49,2488.33,2.93147e-06
1,29,0,3090.72,0.649242
1,29,1,3278.43,0.752758
1,29,2,3392.96,0.808114
1,29,3,3445.59,0.808624
1,29,4,3447.69,0.760194
1,29,5,3408.94,0.677884
1,29,6,3337.35,0.580014
1,29,7,3240.28,0.482656
1,29,8,3125.72,0.396617
1,29,9,3003.43,0.326634
1,29,10,2884.36,0.27274
1,29,11,2777.44,0.232167
1,29,12,2688.41,0.202028
1,29,13,2616.17,0.180003
1,29,14,2555.7,0.164886
1,29,15,2501.42,0.156021
1,29,16,2449.37,0.1523
1,29,17,2397.89,0.151552
1,29,18,2347.09,0.150706
1,29,19,2297.79,0.146647
1,29,20,2251.36,0.137614
1,29,21,2209.17,0.123427
1,29,22,2172.6,0.105382
1,29,23,2142.68,0.0857136
1,29,24,2119.38,0.0665634
1,29,25,2101.61,0.0497535
1,29,26,2088.24,0.0368125
1,29,27,2078.66,0.0289542
1,29,28,2073.52,0.0271412
1,29,29,2074.16,0.0317088
1,29,30,2081.6,0.0420889
1,29,31,2096.12,0.0562443
1,29,32,2117.02,0.0708376
1,29,33,2142.7,0.0820554
1,29,34,2171.65,0.0868042
1,29,35,2202.55,0.0838387
1,29,36,2235.32,0.0741008
1,29,37,2270.83,0.0601356
1,29,38,2310.7,0.0449581
1,29,39,2356.84,0.03106
1,29,40,2408.89,0.019873
1,29,41,2466.37,0.0117874
1,29,42,2526.64,0.00647962
1,29,43,2585.42,0.00329717
1,29,44,2637.26,0.00151119
1,29,45,2675.93,0.000620698
1,29,46,2694.38,0.000245771
1,29,47,2684.36,8.34833e-05
1,29,48,2635.92,2.31109e-05
1,29,49,2537.57,3.57601e-06
1,30,0,3167.3,0.722479
1,30,1,3356.14,0.83744
1,30,2,3471.68,0.899219
1,30,3,3525.81,0.900943
1,30,4,3529.88,0.849476
1,30,5,3493.17,0.761334
1,30,6,3422.99,0.655987
1,30,7,3325.7,0.550018
1,30,8,3208.2,0.454405
1,30,9,3079.41,0.374184
1,30,10,2950.44,0.310076
1,30,11,2831.79,0.26034
1,30,12,2731.77,0.223104
1,30,13,2651.58,0.196782
1,30,14,2587.21,0.18033
1,30,15,2532.4,0.172805
1,30,16,2481.44,0.172375
1,30,17,2430.68,0.175809
1,30,18,2378.66,0.178814
1,30,19,2325.65,0.177227
1,30,20,2273.55,0.168702
1,30,21,2225.05,0.152995
1,30,22,2183.05,0.131838
1,30,23,2149.71,0.108143
1,30,24,2125.32,0.0846889
1,30,25,2108.37,0.063834
1,30,26,2096.89,0.0474673
1,30,27,2089.59,0.0371113
1,30,28,2086.78,0.034002
1,30,29,2089.84,0.0386073
1,30,30,2100.06,0.0502981
1,30,31,2117.86,0.0666998
1,30,32,2142.52,0.0838436
1,30,33,2172.21,0.0971787
1,30,34,2205.16,0.102982
1,30,35,2239.76,0.099686
1,30,36,2275.82,0.0883329
1,30,37,2314.25,0.0718808
1,30,38,2356.84,0.0538833
1,30,39,2405.83,0.0373184
1,30,40,2461.14,0.0239281
1,30,41,2522.35,0.0142168
1,30,42,2586.52,0.00782637
1,30,43,2648.82,0.00398937
1,30,44,2703.13,0.00183624
1,30,45,2742.78,0.000761741
1,30,46,2760.5,0.000305211
1,30,47,2747.98,0.000108031
1,30,48,2695.25,3.25203e-05
1,30,49,2590.71,6.81232e-06
1,31,0,3232.28,0.780041
1,31,1,3421.03,0.903872
1,31,2,3536.93,0.971267
1,31,3,3592.42,0.975548
1,31,4,3598.87,0.924285
1,31,5,3565.21,0.834633
1,31,6,3498.09,0.726126
1,31,7,3402.92,0.614939
1,31,8,3285.39,0.51177
1,31,9,3153.26,0.422049
1,31,10,3017.18,0.347643
1,31,11,2888.57,0.288347
1,31,12,2777.96,0.243636
1,31,13,2689.05,0.21272
1,31,14,2619.51,0.194598
1,31,15,2563.12,0.187958
1,31,16,2512.85,0.190297
1,31,17,2463.26,0.197543
1,31,18,2411.22,0.204453
1,31,19,2356.22,0.206007
1,31,20,2300.38,0.199269
1,31,21,2247.49,0.183692
1,31,22,2201.81,0.161064
1,31,23,2166.57,0.13457
1,31,24,2142.29,0.107358
1,31,25,2126.97,0.0822708
1,31,26,2117.72,0.0616554
1,31,27,2112.53,0.0475278
1,31,28,2111.33,0.0415456
1,31,29,2115.61,0.0444043
1,31,30,2126.97,0.0554885
1,31,31,2146.13,0.0722319
1,31,32,2172.53,0.0902792
1,31,33,2204.3,0.104638
1,31,34,2239.54,0.111179
1,31,35,2276.34,0.108044
1,31,36,2314.32,0.0962067
1,31,37,2354.37,0.0787198
1,31,38,2398.52,0.0593566
1,31,39,2449.43,0.0413573
1,31,40,2507.46,0.0266787
1,31,41,2572.33,0.0159492
1,31,42,2640.76,0.00884013
1,31,43,2707.24,0.00454603
1,31,44,2764.91,0.00212554
1,31,45,2806.57,0.000907916
1,31,46,2824.73,0.000378421
1,31,47,2810.99,0.000145208
1,31,48,2755.3,5.09976e-05
1,31,49,2645.79,1.56072e-05
1,32,0,3284.98,0.811485
1,32,1,3472.81,0.940848
1,32,2,3588.65,1.01319
1,32,3,3645.44,1.02222
1,32,4,3654.54,0.975618
1,32,5,3624.55,0.890058
1,32,6,3561.57,0.78391
1,32,7,3470.16,0.672071
1,32,8,3354.92,0.564617
1,32,9,3222.42,0.467496
1,32,10,3082.55,0.384054
1,32,11,2946.91,0.315923
1,32,12,2827.56,0.264037
1,32,13,2730.38,0.228348
1,32,14,2654.97,0.207831
1,32,15,2595.74,0.20082
1,32,16,2545.08,0.204351
1,32,17,2496.21,0.21387
1,32,18,2444.62,0.223619
1,32,19,2388.96,0.228069
1,32,20,2331.33,0.223815
1,32,21,2276.27,0.209867
1,32,22,2229.05,0.187691
1,32,23,2193.69,0.160259
1,32,24,2170.75,0.130684
1,32,25,2157.67,0.102087
1,32,26,2150.68,0.0772314
1,32,27,2147.11,0.0587137
1,32,28,2146.64,0.0487002
1,32,29,2150.86,0.0481924
1,32,30,2161.75,0.0566805
1,32,31,2180.35,0.0715991
1,32,32,2206.42,0.0885358
1,32,33,2238.26,0.102451
1,32,34,2273.96,0.109125
1,32,35,2311.43,0.106529
1,32,36,2350.14,0.0954142
1,32,37,2390.86,0.0785985
1,32,38,2435.83,0.0596991
1,32,39,2488.09,0.0419191
1,32,40,2548.38,0.0272655
1,32,41,2616.54,0.0164531
1,32,42,2688.94,0.0092281
1,32,43,2759.41,0.00482795
1,32,44,2820.45,0.00232771
1,32,45,2864.42,0.00105094
1,32,46,2883.68,0.000474472
1,32,47,2869.77,0.000208922
1,32,48,2812.45,9.18365e-05
1,32,49,2699.51,4.0882e-05
1,33,0,3325.06,0.811975
1,33,1,3511.5,0.943398
1,33,2,3627.04,1.02009
1,33,3,3684.99,1.03614
1,33,4,3696.67,0.99854
1,33,5,3670.38,0.922341
1,33,6,3611.77,0.823732
1,33,7,3524.77,0.715763
1,33,8,3413.17,0.607767
1,33,9,3282.64,0.506332
1,33,10,3142.25,0.416403
1,33,11,3003.36,0.341414
1,33,12,2878.62,0.283591
1,33,13,2775.34,0.243446
1,33,14,2694.68,0.219882
1,33,15,2632.05,0.210992
1,33,16,2579.9,0.213636
1,33,17,2530.85,0.223217
1,33,18,2479.54,0.233976
1,33,19,2423.94,0.240322
1,33,20,2366.02,0.238632
1,33,21,2310.6,0.227458
1,33,22,2263.55,0.207652
1,33,23,2229.25,0.181502
1,33,24,2208.15,0.15163
1,33,25,2197.21,0.121098
1,33,26,2192.01,0.0929212
1,33,27,2189.46,0.0702337
1,33,28,2189.09,0.0557162
1,33,29,2192.57,0.0507274
1,33,30,2202.12,0.0549624
1,33,31,2219.02,0.0660644
1,33,32,2243.32,0.0799076
1,33,33,2273.58,0.0918038
1,33,34,2308.12,0.0977849
1,33,35,2344.92,0.0958013
1,33,36,2383.42,0.0863082
1,33,37,2424.35,0.0716156
1,33,38,2469.95,0.0548506
1,33,39,2523.45,0.0388826
1,33,40,2585.7,0.0255784
1,33,41,2656.51,0.0156635
1,33,42,2731.93,0.00897284
1,33,43,2805.34,0.00485089
1,33,44,2868.85,0.00247311
1,33,45,2914.65,0.00122262
1,33,46,2935.02,0.000620883
1,33,47,2921.45,0.000319618
1,33,48,2863.5,0.000168963
1,33,49,2748.5,9.16431e-05
1,34,0,3352.02,0.78288
1,34,1,3536.93,0.913213
1,34,2,3652.07,0.993537
1,34,3,3710.98,1.01805
1,34,4,3724.87,0.992344
1,34,5,3701.77,0.928989
1,34,6,3647,0.841426
1,34,7,3564.11,0.740737
1,34,8,3456.51,0.635649
1,34,9,3329.39,0.53349
1,34,10,3191.28,0.440674
1,34,11,3053.08,0.362067
1,34,12,2927.29,0.30075
1,34,13,2821.63,0.257471
1,34,14,2738.13,0.231
1,34,15,2672.96,0.219285
1,34,16,2619.11,0.219287
1,34,17,2569.25,0.226762
1,34,18,2517.81,0.23645
1,34,19,2462.43,0.243183
1,34,20,2404.86,0.243459
1,34,21,2349.89,0.23552
1,34,22,2303.44,0.219463
1,34,23,2269.97,0.196554
1,34,24,2249.85,0.168534
1,34,25,2239.86,0.138033
1,34,26,2235.41,0.108073
1,34,27,2233.3,0.0821737
1,34,28,2232.99,0.0634567
1,34,29,2236.1,0.0536576
1,34,30,2244.76,0.0527673
1,34,31,2260.14,0.0588165
1,34,32,2282.37,0.0682357
1,34,33,2310.28,0.0769706
1,34,34,2342.62,0.0815408
1,34,35,2377.79,0.0800016
1,34,36,2415.48,0.0724853
1,34,37,2456.5,0.0606588
1,34,38,2503.01,0.046968
1,34,39,2558.03,0.0337644
1,34,40,2622.13,0.0226415
1,34,41,2694.8,0.0142684
1,34,42,2771.85,0.00855876
1,34,43,2846.56,0.0049926
1,34,44,2911.04,0.00289149
1,34,45,2957.59,0.00173607
1,34,46,2978.54,0.00112332
1,34,47,2965.28,0.000767649
1,34,48,2907.12,0.000544164
1,34,49,2790.92,0.000388685
1,35,0,3364.67,0.730514
1,35,1,3548.27,0.857251
1,35,2,3663.08,0.940196
1,35,3,3722.77,0.973315
1,35,4,3738.37,0.960277
1,35,5,3717.65,0.910756
1,35,6,3665.74,0.835432
1,35,7,3586.09,0.743746
1,35,8,3482.12,0.644156
1,35,9,3359.08,0.544794
1,35,10,3225.36,0.453212
1,35,11,3091.49,0.375111
1,35,12,2969.3,0.31382
1,35,13,2866.1,0.269911
1,35,14,2783.73,0.2419
1,35,15,2718.63,0.227612
1,35,16,2664.25,0.224269
1,35,17,2613.79,0.228246
1,35,18,2561.97,0.235162
1,35,19,2506.53,0.240709
1,35,20,2449.02,0.241888
1,35,21,2393.95,0.2369
1,35,22,2347.01,0.225158
1,35,23,2312.55,0.206787
1,35,24,2291.13,0.182411
1,35,25,2279.9,0.153914
1,35,26,2274.69,0.124033
1,35,27,2272.57,0.0964273
1,35,28,2272.98,0.0744987
1,35,29,2277.18,0.0603311
1,35,30,2286.74,0.0542832
1,35,31,2302.21,0.054913
1,35,32,2323.44,0.0593754
1,35,33,2349.35,0.0643802
1,35,34,2379.28,0.067022
1,35,35,2412.4,0.0655085
1,35,36,2449.03,0.0596562
1,35,37,2490.28,0.0504907
1,35,38,2538.09,0.039762
1,35,39,2594.97,0.0292771
1,35,40,2660.74,0.020325
1,35,41,2734.36,0.0134897
1,35,42,2811.46,0.00874691
1,35,43,2885.59,0.00571085
1,35,44,2949.34,0.0038575
1,35,45,2995.33,0.00277288
1,35,46,3016.02,0.00213126
1,35,47,3002.66,0.00170148
1,35,48,2944.21,0.00137467
1,35,49,2827.04,0.001092
1,36,0,3361.97,0.663508
1,36,1,3544.77,0.784925
1,36,2,3659.54,0.869263
1,36,3,3719.94,0.909921
1,36,4,3736.77,0.90838
1,36,5,3717.6,0.871476
1,36,6,3667.44,0.807547
1,36,7,3589.89,0.724991
1,36,8,3488.79,0.632437
1,36,9,3369.92,0.538844
1,36,10,3242.05,0.452499
1,36,11,3115.59,0.379308
1,36,12,3001.57,0.322225
1,36,13,2906.13,0.28121
1,36,14,2829.97,0.254305
1,36,15,2768.89,0.239086
1,36,16,2716.41,0.233004
1,36,17,2666.28,0.233119
1,36,18,2613.93,0.236138
1,36,19,2557.57,0.238955
1,36,20,2498.82,0.239467
1,36,21,2441.89,0.236249
1,36,22,2392.09,0.228329
1,36,23,2353.75,0.21486
1,36,24,2327.98,0.195328
1,36,25,2312.94,0.170641
1,36,26,2305.45,0.14293
1,36,27,2303.22,0.115617
1,36,28,2305.65,0.0921
1,36,29,2313.28,0.0747042
1,36,30,2326.5,0.0641998
1,36,31,2344.73,0.0597899
1,36,32,2367.08,0.0594493
1,36,33,2392.39,0.0606634
1,36,34,2420.62,0.0610546
1,36,35,2451.96,0.0589475
1,36,36,2487.63,0.0538573
1,36,37,2529.27,0.0462752
1,36,38,2578.6,0.0373944
1,36,39,2637.38,0.0286037
1,36,40,2704.45,0.0209675
1,36,41,2778.07,0.0150123
1,36,42,2853.84,0.0107666
1,36,43,2925.87,0.00795299
1,36,44,2987.5,0.00616592
1,36,45,3031.86,0.005059
1,36,46,3051.51,0.00433994
1,36,47,3037.47,0.00378579
1,36,48,2978.26,0.00327229
1,36,49,2859.79,0.00273193
1,37,0,3344.33,0.590549
1,37,1,3527.16,0.705747
1,37,2,3642.4,0.790314
1,37,3,3703.58,0.836822
1,37,4,3721.3,0.844564
1,37,5,3702.94,0.817871
1,37,6,3653.52,0.763357
1,37,7,3576.99,0.689033
1,37,8,3477.93,0.604093
1,37,9,3363.16,0.518341
1,37,10,3242.33,0.440462
1,37,11,3126.09,0.376071
1,37,12,3024.58,0.327257
1,37,13,2942.2,0.292969
1,37,14,2877.51,0.270475
1,37,15,2824.74,0.256839
1,37,16,2776.89,0.249541
1,37,17,2728.11,0.246227
1,37,18,2674.79,0.244736
1,37,19,2616.02,0.243397
1,37,20,2553.88,0.241365
1,37,21,2492.52,0.238068
1,37,22,2437.01,0.232638
1,37,23,2391.76,0.223659
1,37,24,2358.78,0.209658
1,37,25,2337.72,0.190444
1,37,26,2326.93,0.16719
1,37,27,2325.01,0.142603
1,37,28,2331.21,0.119665
1,37,29,2344.93,0.100738
1,37,30,2364.86,0.087007
1,37,31,2388.78,0.078421
1,37,32,2414.73,0.0738392
1,37,33,2441.37,0.0714815
1,37,34,2469.25,0.0693807
1,37,35,2499.65,0.0658904
1,37,36,2534.8,0.060237
1,37,37,2576.93,0.0525384
1,37,38,2627.6,0.0436615
1,37,39,2687.86,0.0348005
1,37,40,2755.56,0.0269547
1,37,41,2828.36,0.020674
1,37,42,2901.94,0.0160551
1,37,43,2971.11,0.0129062
1,37,44,3030.02,0.0108841
1,37,45,3072.3,0.00963662
1,37,46,3090.5,0.0088127
1,37,47,3075.28,0.0080994
1,37,48,3014.69,0.00728572
1,37,49,2894.16,0.00626308
1,38,0,3314.95,0.519919
1,38,1,3498.78,0.628796
1,38,2,3615.07,0.712695
1,38,3,3677.17,0.76326
1,38,4,3695.52,0.777797
1,38,5,3677.39,0.758629
1,38,6,3627.93,0.711269
1,38,7,3551.64,0.643865
1,38,8,3454.17,0.56646
1,38,9,3343.79,0.489695
1,38,10,3231.48,0.42245
1,38,11,3128.32,0.369764
1,38,12,3043.34,0.332536
1,38,13,2978.54,0.308358
1,38,14,2929.5,0.293365
1,38,15,2888.16,0.283772
1,38,16,2846.62,0.276813
1,38,17,2799.31,0.27056
1,38,18,2743.82,0.263969
1,38,19,2680.5,0.256969
1,38,20,2612.32,0.250291
1,38,21,2543.85,0.244694
1,38,22,2480.13,0.239978
1,38,23,2425.83,0.234694
1,38,24,2384.02,0.226708
1,38,25,2356.06,0.214689
1,38,26,2342.07,0.198489
1,38,27,2341.62,0.179554
1,38,28,2353.64,0.159937
1,38,29,2375.93,0.141725
1,38,30,2405.06,0.126446
1,38,31,2436.92,0.114856
1,38,32,2468.44,0.106741
1,38,33,2498.14,0.101019
1,38,34,2527.17,0.0960317
1,38,35,2557.77,0.0901009
1,38,36,2593.07,0.082216
1,38,37,2635.79,0.0723192
1,38,38,2687.4,0.0612167
1,38,39,2748.37,0.0501571
1,38,40,2815.9,0.0402513
1,38,41,2887.31,0.0321747
1,38,42,2958.51,0.0261277
1,38,43,3024.96,0.0219981
1,38,44,3081.5,0.019448
1,38,45,3122.02,0.0180207
1,38,46,3138.89,0.0171674
1,38,47,3122.3,0.0163283
1,38,48,3059.75,0.0150827
1,38,49,2936.25,0.0132239
1,39,0,3280.99,0.459061
1,39,1,3466.72,0.562222
1,39,2,3584.5,0.644907
1,39,3,3647.51,0.697892
1,39,4,3666.12,0.716871
1,39,5,3647.66,0.702715
1,39,6,3597.57,0.660371
1,39,7,3521.18,0.598475
1,39,8,3425.53,0.528046
1,39,9,3320.69,0.460533
1,39,10,3219.11,0.404913
1,39,11,3132.1,0.365522
1,39,12,3067,0.341891
1,39,13,3022.64,0.329998
1,39,14,2991.1,0.324507
1,39,15,2961.94,0.320506
1,39,16,2926.4,0.31476
1,39,17,2879.35,0.305668
1,39,18,2819.7,0.293283
1,39,19,2749.36,0.279234
1,39,20,2672.62,0.26604
1,39,21,2594.91,0.256157
1,39,22,2521.58,0.250537
1,39,23,2457.73,0.248204
1,39,24,2407.38,0.246696
1,39,25,2373.5,0.243576
1,39,26,2357.83,0.237083
1,39,27,2360.67,0.226896
1,39,28,2380.31,0.213621
1,39,29,2412.66,0.198691
1,39,30,2452.03,0.18382
1,39,31,2492.56,0.170534
1,39,32,2530.35,0.159557
1,39,33,2563.99,0.150489
1,39,34,2595.25,0.141957
1,39,35,2627.14,0.132284
1,39,36,2663.34,0.120357
1,39,37,2706.84,0.106161
1,39,38,2758.99,0.0906837
1,39,39,2819.95,0.0754288
1,39,40,2886.65,0.0617463
1,39,41,2956.47,0.0505277
1,39,42,3025.65,0.0421287
1,39,43,3090.26,0.0365438
1,39,44,3145.46,0.0334015
1,39,45,3185.12,0.0320266
1,39,46,3201.22,0.0314844
1,39,47,3183.37,0.0307391
1,39,48,3118.55,0.0289691
1,39,49,2991.28,0.0257793
1,40,0,3251.95,0.414131
1,40,1,3440.03,0.51259
1,40,2,3559.28,0.593613
1,40,3,3622.8,0.647365
1,40,4,3641.03,0.668457
1,40,5,3621.56,0.656929
1,40,6,3570.43,0.617625
1,40,7,3494.08,0.559853
1,40,8,3401.26,0.495598
1,40,9,3303.93,0.437013
1,40,10,3215.74,0.393091
1,40,11,3147.51,0.36739
1,40,12,3103.97,0.357975
1,40,13,3080.22,0.359031
1,40,14,3065.05,0.363528
1,40,15,3046.15,0.365294
1,40,16,3014.46,0.360567
1,40,17,2965.52,0.348083
1,40,18,2899.6,0.329039
1,40,19,2820.25,0.306807
1,40,20,2733.31,0.285798
1,40,21,2645.42,0.270336
1,40,22,2562.67,0.262804
1,40,23,2490.62,0.263035
1,40,24,2434.09,0.268499
1,40,25,2397.11,0.275747
1,40,26,2382.42,0.281258
1,40,27,2390.55,0.282624
1,40,28,2418.74,0.278611
1,40,29,2461.02,0.269632
1,40,30,2509.75,0.257322
1,40,31,2557.9,0.243799
1,40,32,2601.19,0.230614
1,40,33,2638.59,0.218025
1,40,34,2672.46,0.205014
1,40,35,2706.3,0.190086
1,40,36,2743.99,0.172283
1,40,37,2788.5,0.151895
1,40,38,2840.97,0.13029
1,40,39,2901.44,0.109332
1,40,40,2966.95,0.0906424
1,40,41,3035.23,0.0753708
1,40,42,3103.04,0.0640788
1,40,43,3166.83,0.0569226
1,40,44,3221.87,0.0534857
1,40,45,3261.71,0.0527614
1,40,46,3277.74,0.0532149
1,40,47,3259.01,0.0530489
1,40,48,3191.95,0.0507917
1,40,49,3060.59,0.0457327
1,41,0,3238.27,0.39038
1,41,1,3428.43,0.485449
1,41,2,3548.51,0.564295
1,41,3,3611.66,0.616856
1,41,4,3628.6,0.637362
1,41,5,3607.44,0.625768
1,41,6,3555.13,0.587296
1,41,7,3479.52,0.532067
1,41,8,3391.22,0.472931
1,41,9,3303.82,0.422538
1,41,10,3231.37,0.389734
1,41,11,3183.05,0.37717
1,41,12,3160.21,0.381366
1,41,13,3154.35,0.394647
1,41,14,3151.85,0.408236
1,41,15,3139.65,0.41479
1,41,16,3109.02,0.410137
1,41,17,3056.34,0.393489
1,41,18,2983.04,0.36725
1,41,19,2894.13,0.336495
1,41,20,2796.96,0.307436
1,41,21,2699.62,0.286166
1,41,22,2609.19,0.276482
1,41,23,2531.82,0.27911
1,41,24,2472.79,0.291614
1,41,25,2436.42,0.309723
1,41,26,2425.58,0.328269
1,41,27,2440.19,0.342769
1,41,28,2476.3,0.350034
1,41,29,2526.43,0.349199
1,41,30,2581.8,0.341486
1,41,31,2634.99,0.329219
1,41,32,2681.9,0.314506
1,41,33,2722.01,0.298158
1,41,34,2758.17,0.279633
1,41,35,2794.05,0.257923
1,41,36,2833.44,0.232606
1,41,37,2879.06,0.204571
1,41,38,2931.74,0.175711
1,41,39,2991.5,0.148266
1,41,40,3055.65,0.124065
1,41,41,3122.49,0.104513
1,41,42,3189.36,0.0904187
1,41,43,3253.02,0.0821747
1,41,44,3308.66,0.0793307
1,41,45,3349.36,0.0804359
1,41,46,3365.94,0.0831122
1,41,47,3346.84,0.0844565
1,41,48,3278,0.082031
1,41,49,3142.87,0.0746404
1,42,0,3245.36,0.390396
1,42,1,3436.7,0.483386
1,42,2,3556.53,0.559247
1,42,3,3618.27,0.608147
1,42,4,3633.1,0.624786
1,42,5,3609.88,0.609897
1,42,6,3556.68,0.569647
1,42,7,3482.96,0.515109
1,42,8,3400.99,0.459823
1,42,9,3325.33,0.416618
1,42,10,3269.29,0.393932
1,42,11,3239.47,0.393312
1,42,12,3233.69,0.409691
1,42,13,3240.77,0.433592
1,42,14,3246.1,0.454622
1,42,15,3236.94,0.464521
1,42,16,3205.37,0.458953
1,42,17,3148.53,0.437778
1,42,18,3068.68,0.404638
1,42,19,2971.82,0.366139
1,42,20,2866.59,0.330008
1,42,21,2762.44,0.303746
1,42,22,2667.51,0.292252
1,42,23,2588.51,0.296989
1,42,24,2530.82,0.3157
1,42,25,2498.29,0.343579
1,42,26,2492.97,0.374228
1,42,27,2513.62,0.401493
1,42,28,2555.2,0.420469
1,42,29,2609.54,0.428953
1,42,30,2667.74,0.427395
1,42,31,2722.79,0.417796
1,42,32,2771.07,0.402355
1,42,33,2812.54,0.382203
1,42,34,2850.19,0.357369
1,42,35,2887.66,0.327683
1,42,36,2928.43,0.293678
1,42,37,2974.88,0.257143
1,42,38,3027.52,0.220609
1,42,39,3086.31,0.186654
1,42,40,3148.9,0.157197
1,42,41,3214.18,0.133861
1,42,42,3280.08,0.117735
1,42,43,3343.69,0.10951
1,42,44,3400.06,0.108723
1,42,45,3441.84,0.113373
1,42,46,3459.31,0.119997
1,42,47,3440.41,0.124223
1,42,48,3370.61,0.122307
1,42,49,3232.65,0.112375
1,43,0,3270.15,0.412489
1,43,1,3461.63,0.504521
1,43,2,3580.24,0.576429
1,43,3,3639.93,0.619046
1,43,4,3652.47,0.628395
1,43,5,3627.49,0.606866
1,43,6,3574.29,0.562139
1,43,7,3503.78,0.506373
1,43,8,3429.43,0.453569
1,43,9,3365.85,0.41636
1,43,10,3324.63,0.402467
1,43,11,3309.46,0.412149
1,43,12,3315.33,0.438798
1,43,13,3329.78,0.471322
1,43,14,3338.51,0.498001
1,43,15,3329.84,0.509984
1,43,16,3296.83,0.503039
1,43,17,3237.19,0.477817
1,43,18,3153.57,0.439131
1,43,19,3052.47,0.394813
1,43,20,2943.32,0.353646
1,43,21,2836.45,0.32395
1,43,22,2740.89,0.311216
1,43,23,2663.71,0.317328
1,43,24,2610.06,0.340244
1,43,25,2582.79,0.375007
1,43,26,2582.65,0.414653
1,43,27,2607.1,0.452092
1,43,28,2650.47,0.481266
1,43,29,2704.87,0.498805
1,43,30,2762.15,0.504111
1,43,31,2816.25,0.498281
1,43,32,2864.04,0.483028
1,43,33,2905.66,0.459448
1,43,34,2943.92,0.428137
1,43,35,2982.15,0.390021
1,43,36,3023.53,0.346936
1,43,37,3070.1,0.301823
1,43,38,3122.12,0.257917
1,43,39,3179.45,0.218097
1,43,40,3240.06,0.184278
1,43,41,3303.37,0.15826
1,43,42,3367.93,0.141423
1,43,43,3431.11,0.134793
1,43,44,3487.95,0.137896
1,43,45,3530.7,0.148095
1,43,46,3549.21,0.160635
1,43,47,3531,0.169368
1,43,48,3461.15,0.168938
1,43,49,3321.64,0.15662
1,44,0,3301.48,0.449487
1,44,1,3492.48,0.541155
1,44,2,3609.62,0.608157
1,44,3,3667.42,0.642317
1,44,4,3678.25,0.641655
1,44,5,3652.52,0.610905
1,44,6,3600.56,0.559672
1,44,7,3534.39,0.501236
1,44,8,3468.03,0.449782
1,44,9,3415.32,0.417363
1,44,10,3385.69,0.410721
1,44,11,3380.25,0.428765
1,44,12,3392.35,0.463529
1,44,13,3409.51,0.50264
1,44,14,3418.59,0.533426
1,44,15,3409.27,0.546771
1,44,16,3375.52,0.538757
1,44,17,3315.46,0.510876
1,44,18,3231.81,0.468945
1,44,19,3131.12,0.421603
1,44,20,3022.94,0.378096
1,44,21,2917.8,0.346861
1,44,22,2825.1,0.333376
1,44,23,2751.96,0.339588
1,44,24,2703.16,0.363711
1,44,25,2680.44,0.401066
1,44,26,2683.35,0.444903
1,44,27,2708.35,0.488094
1,44,28,2749.81,0.524187
1,44,29,2800.78,0.549022
1,44,30,2854.44,0.560837
1,44,31,2905.77,0.559363
1,44,32,2951.97,0.545282
1,44,33,2992.99,0.519235
1,44,34,3031.13,0.482235
1,44,35,3069.26,0.436361
1,44,36,3110.28,0.384892
1,44,37,3156.06,0.332025
1,44,38,3206.65,0.281738
1,44,39,3261.92,0.237207
1,44,40,3320.05,0.200326
1,44,41,3380.97,0.173064
1,44,42,3443.75,0.157085
1,44,43,3506.1,0.153728
1,44,44,3563.05,0.162489
1,44,45,3606.55,0.180034
1,44,46,3626.09,0.200201
1,44,47,3608.84,0.214897
1,44,48,3539.52,0.216987
1,44,49,3399.47,0.202799
1,45,0,3323.39,0.489144
1,45,1,3514.23,0.580148
1,45,2,3630.59,0.64146
1,45,3,3687.45,0.666063
1,45,4,3697.71,0.65429
1,45,5,3672.45,0.613479
1,45,6,3622.85,0.555239
1,45,7,3561.61,0.493798
1,45,8,3502.69,0.443178
1,45,9,3458.7,0.414521
1,45,10,3437,0.413447
1,45,11,3436.87,0.437628
1,45,12,3451.1,0.478113
1,45,13,3467.97,0.521709
1,45,14,3475.83,0.555253
1,45,15,3465.67,0.56966
1,45,16,3432.26,0.561463
1,45,17,3374.04,0.532948
1,45,18,3293.66,0.490663
1,45,19,3197.35,0.443555
1,45,20,3094.16,0.400679
1,45,21,2994.13,0.369865
1,45,22,2906.42,0.356004
1,45,23,2837.91,0.360803
1,45,24,2793.04,0.382794
1,45,25,2772.78,0.41799
1,45,26,2775.91,0.460566
1,45,27,2798.48,0.504208
1,45,28,2835.36,0.542835
1,45,29,2880.89,0.571991
1,45,30,2929.65,0.588851
1,45,31,2977.53,0.591583
1,45,32,3021.81,0.579486
1,45,33,3061.96,0.5524
1,45,34,3099.57,0.511493
1,45,35,3137.02,0.459814
1,45,36,3177,0.401938
1,45,37,3221.32,0.34322
1,45,38,3269.98,0.28833
1,45,39,3322.84,0.240759
1,45,40,3378.32,0.202437
1,45,41,3436.74,0.175508
1,45,42,3497.65,0.161894
1,45,43,3559.03,0.163164
1,45,44,3615.94,0.17874
1,45,45,3660.01,0.204596
1,45,46,3680.39,0.233207
1,45,47,3663.91,0.254604
1,45,48,3594.98,0.259935
1,45,49,3454.48,0.244628
1,46,0,3319.26,0.51634
1,46,1,3511.3,0.60522
1,46,2,3628.43,0.660269
1,46,3,3685.76,0.675626
1,46,4,3696.66,0.65378
1,46,5,3672.81,0.604386
1,46,6,3626.1,0.540682
1,46,7,3569.63,0.477415
1,46,8,3516.96,0.428026
1,46,9,3479.39,0.402488
1,46,10,3462.55,0.405274
1,46,11,3464.68,0.433121
1,46,12,3478.66,0.476614
1,46,13,3493.85,0.522359
1,46,14,3499.98,0.557248
1,46,15,3489.17,0.57253
1,46,16,3456.89,0.565273
1,46,17,3401.88,0.538412
1,46,18,3326.66,0.498852
1,46,19,3236.91,0.455289
1,46,20,3140.8,0.41594
1,46,21,3047.35,0.387393
1,46,22,2965.08,0.373514
1,46,23,2900.42,0.375596
1,46,24,2857.65,0.392574
1,46,25,2837.42,0.421482
1,46,26,2838.31,0.457929
1,46,27,2856.47,0.497027
1,46,28,2887.51,0.53367
1,46,29,2927.01,0.563599
1,46,30,2970.75,0.583218
1,46,31,3015.26,0.589275
1,46,32,3057.72,0.579644
1,46,33,3097.06,0.553202
1,46,34,3134.11,0.510985
1,46,35,3170.79,0.456619
1,46,36,3209.67,0.395559
1,46,37,3252.57,0.333982
1,46,38,3299.48,0.27708
1,46,39,3350.28,0.22864
1,46,40,3403.58,0.190714
1,46,41,3459.98,0.165618
1,46,42,3519.46,0.155473
1,46,43,3580.19,0.161955
1,46,44,3637.2,0.184369
1,46,45,3681.76,0.2181
1,46,46,3702.59,0.254515
1,46,47,3686.13,0.282151
1,46,48,3616.52,0.290798
1,46,49,3474.33,0.275205
1,47,0,3273.38,0.517957
1,47,1,3468.63,0.602106
1,47,2,3588.62,0.650401
1,47,3,3648.06,0.658022
1,47,4,3660.6,0.629054
1,47,5,3638.6,0.574665
1,47,6,3594.64,0.508917
1,47,7,3542.16,0.446406
1,47,8,3494.29,0.399531
1,47,9,3461.13,0.376892
1,47,10,3447.06,0.38189
1,47,11,3449.73,0.410744
1,47,12,3462.41,0.454204
1,47,13,3475.51,0.499384
1,47,14,3479.9,0.533869
1,47,15,3468.62,0.549583
1,47,16,3437.71,0.54418
1,47,17,3386.2,0.521015
1,47,18,3316.48,0.486903
1,47,19,3233.63,0.449742
1,47,20,3144.77,0.416366
1,47,21,3057.68,0.391689
1,47,22,2980.03,0.378319
1,47,23,2917.82,0.377089
1,47,24,2875.27,0.387414
1,47,25,2853.14,0.407512
1,47,26,2850.22,0.434648
1,47,27,2863.09,0.465623
1,47,28,2888.12,0.496632
1,47,29,2921.89,0.523999
1,47,30,2961.08,0.543782
1,47,31,3002.6,0.551742
1,47,32,3043.51,0.544627
1,47,33,3082.22,0.520435
1,47,34,3118.95,0.479861
1,47,35,3155.26,0.426622
1,47,36,3193.62,0.366457
1,47,37,3235.86,0.305849
1,47,38,3281.95,0.2502
1,47,39,3331.75,0.203478
1,47,40,3383.95,0.167894
1,47,41,3439.38,0.145894
1,47,42,3498.31,0.139693
1,47,43,3559.06,0.150941
1,47,44,3616.55,0.178812
1,47,45,3661.61,0.218335
1,47,46,3682.37,0.260249
1,47,47,3664.72,0.292298
1,47,48,3592.44,0.303562
1,47,49,3446.16,0.288484
1,48,0,3170.78,0.486749
1,48,1,3370.93,0.562842
1,48,2,3495.77,0.603901
1,48,3,3558.83,0.605995
1,48,4,3573.76,0.574008
1,48,5,3553.62,0.519488
1,48,6,3511.86,0.456261
1,48,7,3462.37,0.397956
1,48,8,3417.97,0.355471
1,48,9,3387.78,0.335895
1,48,10,3375.21,0.341681
1,48,11,3377.6,0.368975
1,48,12,3388.65,0.409316
1,48,13,3399.66,0.451058
1,48,14,3402.41,0.483132
1,48,15,3390.63,0.498486
1,48,16,3360.89,0.495392
1,48,17,3312.47,0.477322
1,48,18,3247.67,0.45054
1,48,19,3170.96,0.421681
1,48,20,3088.41,0.395861
1,48,21,3006.61,0.376178
1,48,22,2932.37,0.363984
1,48,23,2871.27,0.35972
1,48,24,2827.59,0.363301
1,48,25,2802.43,0.374103
1,48,26,2795.05,0.390951
1,48,27,2802.56,0.412256
1,48,28,2821.99,0.435547
1,48,29,2850.64,0.457937
1,48,30,2885.77,0.475585
1,48,31,2924.56,0.483872
1,48,32,2964.03,0.478947
1,48,33,3002.22,0.45824
1,48,34,3038.95,0.422025
1,48,35,3075.51,0.373672
1,48,36,3114.22,0.318594
1,48,37,3156.9,0.262983
1,48,38,3203.42,0.212049
1,48,39,3253.55,0.169724
1,48,40,3305.99,0.138308
1,48,41,3361.67,0.120266
1,48,42,3421.08,0.117776
1,48,43,3482.62,0.132343
1,48,44,3541.05,0.16305
1,48,45,3586.65,0.204904
1,48,46,3606.75,0.248688
1,48,47,3586.46,0.282258
1,48,48,3509.16,0.294826
1,48,49,3356,0.280984
1,49,0,2997.94,0.424549
1,49,1,3202.49,0.489408
1,49,2,3332.96,0.522836
1,49,3,3400.47,0.521675
1,49,4,3418.21,0.490797
1,49,5,3399.84,0.440981
1,49,6,3359.82,0.384743
1,49,7,3312.62,0.333982
1,49,8,3270.83,0.297729
1,49,9,3242.76,0.28152
1,49,10,3231.01,0.287004
1,49,11,3232.7,0.310649
1,49,12,3241.99,0.345274
1,49,13,3250.9,0.381078
1,49,14,3251.98,0.408857
1,49,15,3239.57,0.422872
1,49,16,3210.71,0.421986
1,49,17,3164.95,0.409474
1,49,18,3104.47,0.390651
1,49,19,3033.17,0.370623
1,49,20,2956.16,0.352742
1,49,21,2878.94,0.338458
1,49,22,2807.5,0.328089
1,49,23,2747.06,0.321804
1,49,24,2701.97,0.319949
1,49,25,2673.73,0.32284
1,49,26,2662.08,0.330526
1,49,27,2664.71,0.342676
1,49,28,2679.13,0.357954
1,49,29,2703.13,0.374293
1,49,30,2734.36,0.388315
1,49,31,2770.23,0.395625
1,49,32,2807.86,0.392367
1,49,33,2845.2,0.375821
1,49,34,2881.82,0.345898
1,49,35,2918.82,0.305335
1,49,36,2958.35,0.258733
1,49,37,3002.09,0.211479
1,49,38,3049.8,0.168196
1,49,39,3101.08,0.132493
1,49,40,3154.53,0.106607
1,49,41,3211.14,0.0928639
1,49,42,3271.53,0.0932572
1,49,43,3334.19,0.109065
1,49,44,3393.72,0.139358
1,49,45,3439.74,0.179509
1,49,46,3458.56,0.221049
1,49,47,3434.36,0.252893
1,49,48,3350.24,0.265231
1,49,49,3188.83,0.253224
2,0,0,2191.69,0.14863
2,0,1,2359.3,0.174351
2,0,2,2473.94,0.191248
2,0,3,2539.45,0.198193
2,0,4,2567.32,0.196303
2,0,5,2571.44,0.187842
2,0,6,2563.76,0.175216
2,0,7,2551.45,0.160463
2,0,8,2536.22,0.145232
2,0,9,2516.31,0.130903
2,0,10,2489.53,0.118445
2,0,11,2455.23,0.108081
2,0,12,2415.63,0.0993121
2,0,13,2373.92,0.0909869
2,0,14,2333.6,0.082287
2,0,15,2296.68,0.0730995
2,0,16,2262.9,0.0644376
2,0,17,2230.19,0.058023
2,0,18,2195.29,0.0556194
2,0,19,2154.9,0.057886
2,0,20,2106.82,0.0640344
2,0,21,2050.37,0.0716669
2,0,22,1986.51,0.0777575
2,0,23,1916.88,0.0797886
2,0,24,1843.76,0.0768145
2,0,25,1769.63,0.0697428
2,0,26,1697.51,0.0608579
2,0,27,1630.51,0.0524808
2,0,28,1570.99,0.0458903
2,0,29,1519.7,0.0409887
2,0,30,1475.3,0.0367483
2,0,31,1435.22,0.0320888
2,0,32,1397.03,0.0265377
2,0,33,1359.51,0.0204165
2,0,34,1322.99,0.01447
2,0,35,1289.01,0.00938284
2,0,36,1259.15,0.00559944
2,0,37,1234.5,0.00306126
2,0,38,1215.05,0.0015438
2,0,39,1200.23,0.000744106
2,0,40,1189.29,0.000387569
2,0,41,1181.71,0.000324363
2,0,42,1176.85,0.000478627
2,0,43,1173.64,0.000808011
2,0,44,1170.52,0.00128188
2,0,45,1165.32,0.00184555
2,0,46,1156.03,0.0023974
2,0,47,1141.5,0.00280745
2,0,48,1122,0.00296401
2,0,49,1099.24,0.00282132
2,1,0,2320.88,0.159369
2,1,1,2498.23,0.188185
2,1,2,2618.08,0.208021
2,1,3,2685.74,0.217445
2,1,4,2713.82,0.217422
2,1,5,2716.97,0.210242
2,1,6,2707.87,0.19856
2,1,7,2694.39,0.18481
2,1,8,2678.82,0.171015
2,1,9,2659.53,0.158734
2,1,10,2634.13,0.14878
2,1,11,2601.42,0.140909
2,1,12,2562.96,0.133984
2,1,13,2521.31,0.126254
2,1,14,2479.53,0.116527
2,1,15,2439.48,0.104719
2,1,16,2401.02,0.0922065
2,1,17,2362.58,0.0813279
2,1,18,2321.54,0.0745111
2,1,19,2275.26,0.0728898
2,1,20,2222.09,0.0758598
2,1,21,2161.64,0.0809865
2,1,22,2094.85,0.0851521
2,1,23,2023,0.0858535
2,1,24,1947.9,0.0823195
2,1,25,1871.53,0.0756712
2,1,26,1796.59,0.0683053
2,1,27,1726.12,0.0623475
2,1,28,1662.54,0.0585401
2,1,29,1606.81,0.0560416
2,1,30,1557.69,0.0531135
2,1,31,1512.68,0.0482782
2,1,32,1469.32,0.0411058
2,1,33,1426.46,0.0323607
2,1,34,1384.54,0.0234079
2,1,35,1345.3,0.0154989
2,1,36,1310.48,0.00942964
2,1,37,1281.3,0.00526289
2,1,38,1257.78,0.00271082
2,1,39,1239.4,0.00132706
2,1,40,1225.4,0.000685617
2,1,41,1215.31,0.000532319
2,1,42,1208.57,0.000732193
2,1,43,1204.02,0.00120301
2,1,44,1199.89,0.00188362
2,1,45,1193.66,0.00268389
2,1,46,1182.92,0.00345139
2,1,47,1166.2,0.00400035
2,1,48,1143.66,0.00417985
2,1,49,1117.17,0.0039376
2,2,0,2388.77,0.158772
2,2,1,2570.65,0.188776
2,2,2,2693.1,0.210334
2,2,3,2762.13,0.221818
2,2,4,2790.75,0.224
2,2,5,2793.81,0.219089
2,2,6,2784.36,0.209858
2,2,7,2770.81,0.198983
2,2,8,2755.92,0.188668
2,2,9,2738.37,0.18045
2,2,10,2715.6,0.17482
2,2,11,2685.92,0.171008
2,2,12,2650.23,0.167263
2,2,13,2610.35,0.161312
2,2,14,2568.72,0.151592
2,2,15,2526.89,0.137956
2,2,16,2484.82,0.121955
2,2,17,2441.45,0.106365
2,2,18,2395.07,0.0941903
2,2,19,2344.09,0.087135
2,2,20,2287.73,0.0850317
2,2,21,2226.03,0.0857918
2,2,22,2159.79,0.0866055
2,2,23,2089.72,0.0852899
2,2,24,2016.83,0.0813705
2,2,25,1942.34,0.0760994
2,2,26,1868.43,0.0717388
2,2,27,1797.86,0.0699127
2,2,28,1733.05,0.0705557
2,2,29,1675.09,0.0718861
2,2,30,1622.98,0.0713358
2,2,31,1574.43,0.0669813
2,2,32,1527.18,0.0584382
2,2,33,1480.25,0.0469638
2,2,34,1434.25,0.0346394
2,2,35,1391.04,0.0234086
2,2,36,1352.5,0.014532
2,2,37,1319.94,0.00828635
2,2,38,1293.41,0.00436163
2,2,39,1272.38,0.00217046
2,2,40,1256.09,0.00111462
2,2,41,1244.05,0.000805864
2,2,42,1235.71,0.00102561
2,2,43,1229.84,0.00163284
2,2,44,1224.58,0.00252201
2,2,45,1217.24,0.00355839
2,2,46,1205.17,0.0045334
2,2,47,1186.69,0.00520395
2,2,48,1161.82,0.00538392
2,2,49,1132.46,0.00502128
2,3,0,2399.44,0.149724
2,3,1,2582.47,0.179094
2,3,2,2706.37,0.200891
2,3,3,2777.05,0.213437
2,3,4,2807.22,0.21738
2,3,5,2811.52,0.214859
2,3,6,2803,0.208695
2,3,7,2790.37,0.201638
2,3,8,2776.85,0.19584
2,3,9,2761.43,0.192599
2,3,10,2741.59,0.191987
2,3,11,2715.34,0.192784
2,3,12,2682.98,0.192844
2,3,13,2645.65,0.189598
2,3,14,2605.1,0.181185
2,3,15,2562.46,0.167259
2,3,16,2517.69,0.149211
2,3,17,2470.25,0.129889
2,3,18,2419.48,0.112608
2,3,19,2365.07,0.099624
2,3,20,2307.3,0.0914133
2,3,21,2246.71,0.0866065
2,3,22,2183.87,0.0830943
2,3,23,2118.69,0.0792849
2,3,24,2051.22,0.0750742
2,3,25,1981.82,0.0717419
2,3,26,1912.02,0.0712016
2,3,27,1844.25,0.0743792
2,3,28,1780.72,0.0802969
2,3,29,1722.63,0.0862152
2,3,30,1669.19,0.0887552
2,3,31,1618.45,0.0855516
2,3,32,1568.51,0.0762183
2,3,33,1518.68,0.0624297
2,3,34,1469.8,0.046931
2,3,35,1423.92,0.0323647
2,3,36,1383.01,0.0205131
2,3,37,1348.45,0.0119552
2,3,38,1320.33,0.00643105
2,3,39,1298.07,0.003254
2,3,40,1280.75,0.00166377
2,3,41,1267.77,0.00112475
2,3,42,1258.45,0.00131448
2,3,43,1251.52,0.00201625
2,3,44,1245.1,0.00306903
2,3,45,1236.53,0.00429001
2,3,46,1223.17,0.00541918
2,3,47,1203.24,0.00616554
2,3,48,1176.67,0.00632003
2,3,49,1145.24,0.00583854
2,4,0,2363.57,0.137189
2,4,1,2545.5,0.1646
2,4,2,2670.53,0.185201
2,4,3,2743.72,0.197418
2,4,4,2776.91,0.201924
2,4,5,2784.05,0.200901
2,4,6,2777.78,0.19723
2,4,7,2766.82,0.193612
2,4,8,2754.73,0.191952
2,4,9,2740.95,0.193152
2,4,10,2723.29,0.196857
2,4,11,2699.75,0.201593
2,4,12,2670.32,0.205154
2,4,13,2635.59,0.204998
2,4,14,2596.64,0.199116
2,4,15,2554.1,0.186826
2,4,16,2507.77,0.168998
2,4,17,2457.55,0.148084
2,4,18,2403.79,0.127306
2,4,19,2347.45,0.109297
2,4,20,2289.91,0.0952467
2,4,21,2232.17,0.0847518
2,4,22,2174.48,0.0766868
2,4,23,2115.95,0.0702317
2,4,24,2055.71,0.0656752
2,4,25,1993.32,0.0642345
2,4,26,1929.73,0.0673481
2,4,27,1866.92,0.075208
2,4,28,1806.82,0.0860241
2,4,29,1750.53,0.0962913
2,4,30,1697.39,0.102008
2,4,31,1645.8,0.100452
2,4,32,1594.28,0.0911612
2,4,33,1542.56,0.0760264
2,4,34,1491.86,0.0582368
2,4,35,1444.44,0.0409831
2,4,36,1402.45,0.0265285
2,4,37,1367.33,0.0158027
2,4,38,1339.14,0.00868447
2,4,39,1317.17,0.00446723
2,4,40,1300.23,0.00227744
2,4,41,1287.42,0.00144663
2,4,42,1277.86,0.00154151
2,4,43,1270.18,0.00226151
2,4,44,1262.62,0.00338665
2,4,45,1252.75,0.00469154
2,4,46,1238.12,0.00588121
2,4,47,1217.01,0.00663717
2,4,48,1189.22,0.00674574
2,4,49,1156.35,0.00617676
2,5,0,2295.64,0.126566
2,5,1,2475.11,0.151446
2,5,2,2601.43,0.169785
2,5,3,2678.3,0.180232
2,5,4,2716.16,0.183663
2,5,5,2727.74,0.182477
2,5,6,2724.8,0.179687
2,5,7,2715.71,0.177907
2,5,8,2704.3,0.178704
2,5,9,2690.71,0.182539
2,5,10,2673.46,0.188705
2,5,11,2651.03,0.195701
2,5,12,2623.48,0.201596
2,5,13,2591.03,0.204193
2,5,14,2554.17,0.201522
2,5,15,2512.91,0.192529
2,5,16,2466.71,0.177301
2,5,17,2415.65,0.157484
2,5,18,2360.87,0.135772
2,5,19,2304.37,0.114861
2,5,20,2248.4,0.0965349
2,5,21,2194.31,0.0813886
2,5,22,2142.12,0.0693816
2,5,23,2090.36,0.0605245
2,5,24,2037.54,0.0554779
2,5,25,1982.68,0.0553442
2,5,26,1926.23,0.0610681
2,5,27,1869.73,0.0722197
2,5,28,1814.7,0.0864601
2,5,29,1761.89,0.0998722
2,5,30,1710.61,0.108159
2,5,31,1659.49,0.108415
2,5,32,1607.49,0.10004
2,5,33,1554.82,0.0848827
2,5,34,1503.2,0.0662391
2,5,35,1455.24,0.04756
2,5,36,1413.32,0.0314379
2,5,37,1378.9,0.0191331
2,5,38,1351.98,0.0107352
2,5,39,1331.57,0.00561413
2,5,40,1316.11,0.00286267
2,5,41,1304.3,0.00172405
2,5,42,1294.99,0.0016677
2,5,43,1286.79,0.00231504
2,5,44,1278.13,0.00339491
2,5,45,1266.97,0.00465432
2,5,46,1251.21,0.00578978
2,5,47,1229.23,0.00648292
2,5,48,1200.67,0.00653589
2,5,49,1166.86,0.00593469
2,6,0,2211.63,0.122022
2,6,1,2388.19,0.144662
2,6,2,2516.32,0.160371
2,6,3,2598.04,0.168065
2,6,4,2641.93,0.168947
2,6,5,2659.01,0.165765
2,6,6,2659.73,0.161747
2,6,7,2651.85,0.159468
2,6,8,2639.53,0.160212
2,6,9,2623.92,0.1641
2,6,10,2604.74,0.170221
2,6,11,2581.46,0.177235
2,6,12,2554.58,0.183699
2,6,13,2524.16,0.187967
2,6,14,2490.09,0.188301
2,6,15,2451.63,0.183351
2,6,16,2407.7,0.17238
2,6,17,2358.26,0.156013
2,6,18,2304.79,0.136078
2,6,19,2249.89,0.114967
2,6,20,2196.34,0.0947676
2,6,21,2145.78,0.0768849
2,6,22,2098.16,0.0622575
2,6,23,2051.88,0.0516532
2,6,24,2005.27,0.0460487
2,6,25,1957.19,0.0464182
2,6,26,1907.78,0.0532819
2,6,27,1858.11,0.0657903
2,6,28,1809.13,0.0813884
2,6,29,1761.06,0.0961569
2,6,30,1712.96,0.105886
2,6,31,1663.51,0.107716
2,6,32,1612.05,0.100902
2,6,33,1559.34,0.087029
2,6,34,1507.68,0.0691472
2,6,35,1460.13,0.0506241
2,6,36,1419.31,0.0341483
2,6,37,1386.67,0.0212124
2,6,38,1361.97,0.0121384
2,6,39,1343.89,0.00645199
2,6,40,1330.39,0.00330083
2,6,41,1319.8,0.00190498
2,6,42,1310.77,0.00167306
2,6,43,1302,0.00217075
2,6,44,1292.24,0.00309513
2,6,45,1279.93,0.00418749
2,6,46,1263.35,0.00516513
2,6,47,1240.91,0.00573743
2,6,48,1212.05,0.00573884
2,6,49,1177.69,0.00516948
2,7,0,2126.56,0.12573
2,7,1,2300.68,0.147227
2,7,2,2431.34,0.160806
2,7,3,2518.68,0.165583
2,7,4,2569.11,0.163093
2,7,5,2591.6,0.156458
2,7,6,2595.12,0.149178
2,7,7,2586.81,0.143912
2,7,8,2571.36,0.141868
2,7,9,2551.28,0.143062
2,7,10,2527.95,0.146577
2,7,11,2502.18,0.151336
2,7,12,2475.13,0.156421
2,7,13,2446.81,0.160778
2,7,14,2416.44,0.163025
2,7,15,2382.39,0.161687
2,7,16,2342.82,0.15538
2,7,17,2297.29,0.143751
2,7,18,2247.23,0.127621
2,7,19,2195.36,0.10877
2,7,20,2144.63,0.0892332
2,7,21,2096.87,0.0708776
2,7,22,2052.24,0.055347
2,7,23,2009.47,0.0439821
2,7,24,1967.2,0.0379875
2,7,25,1924.45,0.0382224
2,7,26,1881.23,0.044901
2,7,27,1838.13,0.0569731
2,7,28,1795.48,0.0719646
2,7,29,1752.82,0.0862952
2,7,30,1708.78,0.0961696
2,7,31,1661.97,0.098997
2,7,32,1612.01,0.0939519
2,7,33,1560.18,0.0822426
2,7,34,1509.41,0.066435
2,7,35,1463.22,0.0495198
2,7,36,1424.45,0.0340333
2,7,37,1394.4,0.0215433
2,7,38,1372.48,0.0125577
2,7,39,1356.89,0.00678885
2,7,40,1345.15,0.00350752
2,7,41,1335.37,0.00197629
2,7,42,1326.16,0.00159464
2,7,43,1316.53,0.00190594
2,7,44,1305.64,0.00260254
2,7,45,1292.44,0.00344368
2,7,46,1275.46,0.00419287
2,7,47,1253.08,0.00460894
2,7,48,1224.34,0.00456827
2,7,49,1189.68,0.00408038
2,8,0,2052.51,0.137735
2,8,1,2225.28,0.159798
2,8,2,2358.95,0.172589
2,8,3,2451.75,0.175249
2,8,4,2507.84,0.169493
2,8,5,2534.18,0.158708
2,8,6,2538.35,0.146661
2,8,7,2527.18,0.136255
2,8,8,2506.19,0.128936
2,8,9,2479.56,0.124955
2,8,10,2450.56,0.123635
2,8,11,2421.48,0.124204
2,8,12,2394.19,0.126165
2,8,13,2368.48,0.128927
2,8,14,2342.74,0.131477
2,8,15,2314.37,0.132391
2,8,16,2280.69,0.129937
2,8,17,2240.68,0.123034
2,8,18,2195.46,0.111578
2,8,19,2147.5,0.0965792
2,8,20,2099.67,0.0797225
2,8,21,2053.93,0.0629488
2,8,22,2010.87,0.0482487
2,8,23,1969.88,0.0372807
2,8,24,1930.24,0.0313609
2,8,25,1891.35,0.0312515
2,8,26,1853.19,0.0369855
2,8,27,1815.96,0.0474921
2,8,28,1779.33,0.060568
2,8,29,1742.15,0.0731616
2,8,30,1702.58,0.082077
2,8,31,1659.05,0.0851427
2,8,32,1611.42,0.0815663
2,8,33,1561.4,0.0722166
2,8,34,1512.48,0.0591113
2,8,35,1468.63,0.0447113
2,8,36,1432.76,0.0312112
2,8,37,1405.85,0.0200806
2,8,38,1386.84,0.0119091
2,8,39,1373.42,0.00656551
2,8,40,1362.78,0.00346978
2,8,41,1352.99,0.00197192
2,8,42,1342.93,0.00151443
2,8,43,1332.1,0.00165214
2,8,44,1320.15,0.00210015
2,8,45,1306.4,0.00265596
2,8,46,1289.52,0.00314591
2,8,47,1267.61,0.00339142
2,8,48,1239.21,0.00331323
2,8,49,1204.22,0.00292555
2,9,0,1997.03,0.156463
2,9,1,2169.53,0.181141
2,9,2,2306.02,0.19513
2,9,3,2402.96,0.197317
2,9,4,2462.47,0.189301
2,9,5,2489.84,0.174495
2,9,6,2491.68,0.15685
2,9,7,2474.93,0.139683
2,9,8,2446.29,0.125049
2,9,9,2411.74,0.113848
2,9,10,2376.51,0.105931
2,9,11,2344.3,0.100878
2,9,12,2317.38,0.0984387
2,9,13,2295.12,0.0982503
2,9,14,2274.88,0.0995507
2,9,15,2252.99,0.101046
2,9,16,2225.94,0.100939
2,9,17,2192.19,0.0977521
2,9,18,2152.41,0.0907077
2,9,19,2108.67,0.0800783
2,9,20,2063.67,0.0670453
2,9,21,2019.48,0.0533121
2,9,22,1977.2,0.0408694
2,9,23,1937.03,0.0314235
2,9,24,1898.98,0.0262687
2,9,25,1862.96,0.0260767
2,9,26,1828.92,0.0308012
2,9,27,1796.74,0.039465
2,9,28,1765.5,0.0501998
2,9,29,1733.45,0.0604977
2,9,30,1698.38,0.067773
2,9,31,1658.53,0.070316
2,9,32,1613.92,0.0674924
2,9,33,1566.6,0.0599894
2,9,34,1520.5,0.049394
2,9,35,1479.85,0.0376553
2,9,36,1447.51,0.026542
2,9,37,1424,0.0172863
2,9,38,1407.71,0.0104274
2,9,39,1395.9,0.00591099
2,9,40,1385.61,0.0032836
2,9,41,1375.13,0.0019921
2,9,42,1363.81,0.00155831
2,9,43,1351.76,0.00157077
2,9,44,1339.07,0.00178856
2,9,45,1325.31,0.00206199
2,9,46,1308.99,0.00228812
2,9,47,1287.79,0.00235677
2,9,48,1259.6,0.00223096
2,9,49,1223.77,0.00192668
2,10,0,1962.26,0.179107
2,10,1,2134.98,0.208362
2,10,2,2273.27,0.225745
2,10,3,2372.11,0.229561
2,10,4,2432.07,0.220916
2,10,5,2457.28,0.202914
2,10,6,2453.92,0.179552
2,10,7,2429.4,0.154682
2,10,8,2391.78,0.131316
2,10,9,2348.91,0.111411
2,10,10,2307.83,0.0956723
2,10,11,2273.35,0.0841102
2,10,12,2247.85,0.0765722
2,10,13,2229.94,0.0726604
2,10,14,2215.81,0.0716552
2,10,15,2200.71,0.0723468
2,10,16,2180.41,0.0730304
2,10,17,2152.93,0.0721307
2,10,18,2118.51,0.0685065
2,10,19,2078.87,0.0618703
2,10,20,2036.48,0.0529153
2,10,21,1993.58,0.0429368
2,10,22,1951.8,0.0336693
2,10,23,1912.17,0.0266383
2,10,24,1875.43,0.022988
2,10,25,1841.89,0.0232891
2,10,26,1811.5,0.0274785
2,10,27,1783.77,0.0347192
2,10,28,1757.36,0.0434414
2,10,29,1730.05,0.0515627
2,10,30,1699.4,0.0569796
2,10,31,1663.55,0.0583875
2,10,32,1622.64,0.0554093
2,10,33,1578.89,0.0487631
2,10,34,1536.48,0.0398377
2,10,35,1499.68,0.0302217
2,10,36,1471.11,0.0212839
2,10,37,1450.82,0.0139444
2,10,38,1436.73,0.00857384
2,10,39,1425.87,0.00509509
2,10,40,1415.37,0.00312205
2,10,41,1403.97,0.00217241
2,10,42,1391.62,0.00185771
2,10,43,1378.98,0.00180363
2,10,44,1366.44,0.00182414
2,10,45,1353.53,0.00183089
2,10,46,1338.37,0.00179414
2,10,47,1317.98,0.00167406
2,10,48,1289.51,0.00147278
2,10,49,1251.82,0.0012076
2,11,0,1945.72,0.202088
2,11,1,2118.32,0.237281
2,11,2,2256.67,0.259842
2,11,3,2354.78,0.26722
2,11,4,2412.26,0.259674
2,11,5,2432.61,0.239691
2,11,6,2422.05,0.211147
2,11,7,2388.68,0.178473
2,11,8,2341.99,0.145858
2,11,9,2291.51,0.116615
2,11,10,2245.79,0.0925556
2,11,11,2210.42,0.0742283
2,11,12,2187.52,0.0614987
2,11,13,2174.77,0.0537281
2,11,14,2167.14,0.0500254
2,11,15,2158.85,0.0491362
2,11,16,2145.05,0.049476
2,11,17,2123.39,0.0495557
2,11,18,2093.77,0.048155
2,11,19,2057.62,0.0446669
2,11,20,2017.29,0.039431
2,11,21,1975.26,0.0333058
2,11,22,1933.76,0.027633
2,11,23,1894.63,0.0235964
2,11,24,1859.28,0.0220767
2,11,25,1828.3,0.0235094
2,11,26,1801.51,0.0278351
2,11,27,1778.08,0.03436
2,11,28,1756.27,0.0417372
2,11,29,1733.56,0.0481489
2,11,30,1707.43,0.0517923
2,11,31,1676.02,0.0516567
2,11,32,1639.54,0.0476724
2,11,33,1600.25,0.0407776
2,11,34,1562.27,0.0324093
2,11,35,1529.68,0.0240007
2,11,36,1504.71,0.0166178
2,11,37,1487.05,0.0108646
2,11,38,1474.37,0.00686635
2,11,39,1463.82,0.00443572
2,11,40,1452.9,0.00318198
2,11,41,1440.97,0.00264547
2,11,42,1428.53,0.00251308
2,11,43,1416.65,0.00243448
2,11,44,1405.73,0.00227972
2,11,45,1394.95,0.00202607
2,11,46,1381.72,0.00171772
2,11,47,1362.23,0.00138562
2,11,48,1332.84,0.00106878
2,11,49,1291.95,0.000786715
2,12,0,1943.72,0.222198
2,12,1,2115.19,0.263801
2,12,2,2251.56,0.29249
2,12,3,2346.41,0.304711
2,12,4,2398.99,0.299667
2,12,5,2412.74,0.279023
2,12,6,2394.23,0.246395
2,12,7,2352.39,0.206729
2,12,8,2297.92,0.165406
2,12,9,2241.67,0.127177
2,12,10,2193.28,0.0950798
2,12,11,2158.65,0.0702882
2,12,12,2139.46,0.0526999
2,12,13,2132.35,0.0413528
2,12,14,2131.24,0.0350506
2,12,15,2129.42,0.0323642
2,12,16,2121.53,0.031773
2,12,17,2104.91,0.0319415
2,12,18,2079.15,0.0317654
2,12,19,2045.46,0.0305404
2,12,20,2006.2,0.0284269
2,12,21,1964.22,0.0259115
2,12,22,1922.47,0.0239029
2,12,23,1883.6,0.023144
2,12,24,1849.64,0.0241509
2,12,25,1821.39,0.0271653
2,12,26,1798.41,0.0321203
2,12,27,1779.46,0.0384618
2,12,28,1762.38,0.0450209
2,12,29,1744.45,0.0501356
2,12,30,1723.16,0.0521592
2,12,31,1696.74,0.0502645
2,12,32,1665.46,0.0446824
2,12,33,1631.44,0.0366732
2,12,34,1598.45,0.0278921
2,12,35,1570.12,0.019788
2,12,36,1548.25,0.0132396
2,12,37,1532.3,0.00858119
2,12,38,1520.11,0.00566867
2,12,39,1509.34,0.00415293
2,12,40,1498.18,0.00357873
2,12,41,1486.67,0.00345919
2,12,42,1475.72,0.00352772
2,12,43,1466.52,0.0034379
2,12,44,1459.13,0.00311092
2,12,45,1452.02,0.00259084
2,12,46,1441.65,0.00199566
2,12,47,1423.24,0.00142593
2,12,48,1392.33,0.000955601
2,12,49,1346.84,0.00060715
2,13,0,1952.05,0.237211
2,13,1,2121.04,0.284798
2,13,2,2253.28,0.319563
2,13,3,2342.51,0.336949
2,13,4,2388.22,0.335104
2,13,5,2394.35,0.314864
2,13,6,2368.13,0.279539
2,13,7,2319.33,0.234459
2,13,8,2259.57,0.186001
2,13,9,2200.47,0.14017
2,13,10,2152.09,0.101138
2,13,11,2120.2,0.070717
2,13,12,2105.81,0.0489075
2,13,13,2104.63,0.0344754
2,13,14,2109.75,0.025914
2,13,15,2113.78,0.0215645
2,13,16,2110.93,0.019901
2,13,17,2098.28,0.0197311
2,13,18,2075.14,0.0201624
2,13,19,2042.61,0.0205466
2,13,20,2003.16,0.0210091
2,13,21,1960.13,0.0217592
2,13,22,1917.25,0.0232861
2,13,23,1878.07,0.0258326
2,13,24,1845.23,0.0294622
2,13,25,1819.7,0.0341493
2,13,26,1800.71,0.0397954
2,13,27,1786.5,0.0460036
2,13,28,1774.44,0.0518125
2,13,29,1761.58,0.0557146
2,13,30,1745.51,0.0561721
2,13,31,1724.62,0.0524706
2,13,32,1699.22,0.0450839
2,13,33,1671.18,0.0355805
2,13,34,1643.65,0.0258749
2,13,35,1619.56,0.0175101
2,13,36,1600.21,0.0112622
2,13,37,1585.09,0.00726476
2,13,38,1572.57,0.00512528
2,13,39,1561.28,0.00432542
2,13,40,1550.33,0.00431596
2,13,41,1540.46,0.00455252
2,13,42,1532.83,0.00478796
2,13,43,1528.33,0.00466716
2,13,44,1526.37,0.00415633
2,13,45,1524.38,0.00336415
2,13,46,1517.73,0.0024784
2,13,47,1500.63,0.00166294
2,13,48,1467.76,0.00102207
2,13,49,1416.56,0.000580191
2,14,0,1968.42,0.247162
2,14,1,2133.61,0.299752
2,14,2,2259.73,0.339739
2,14,3,2341.2,0.361701
2,14,4,2378.36,0.362935
2,14,5,2376.15,0.343662
2,14,6,2342.83,0.306962
2,14,7,2289.05,0.258394
2,14,8,2226.98,0.204977
2,14,9,2168.38,0.153575
2,14,10,2123.01,0.109212
2,14,11,2095.95,0.0742765
2,14,12,2087.34,0.0489643
2,14,13,2092.11,0.0319227
2,14,14,2102.83,0.0214401
2,14,15,2111.72,0.0156586
2,14,16,2112.75,0.0130027
2,14,17,2102.79,0.012379
2,14,18,2080.98,0.0131251
2,14,19,2048.36,0.0147246
2,14,20,2007.59,0.0173508
2,14,21,1962.52,0.0210174
2,14,22,1917.72,0.025821
2,14,23,1877.62,0.0314703
2,14,24,1845.52,0.0375043
2,14,25,1822.56,0.0435592
2,14,26,1807.63,0.0494836
2,14,27,1798.35,0.0550849
2,14,28,1791.51,0.0597115
2,14,29,1783.88,0.0621197
2,14,30,1773.14,0.0609382
2,14,31,1757.94,0.0555485
2,14,32,1738.68,0.046572
2,14,33,1716.92,0.0357642
2,14,34,1695.07,0.0252066
2,14,35,1675.18,0.0165066
2,14,36,1658.01,0.0103685
2,14,37,1643.19,0.00678996
2,14,38,1629.97,0.00518183
2,14,39,1618.22,0.00488958
2,14,40,1608.17,0.0052791
2,14,41,1601.27,0.00575161
2,14,42,1598.65,0.00606821
2,14,43,1600.58,0.0058701
2,14,44,1605.44,0.00516433
2,14,45,1609.5,0.00411614
2,14,46,1607.02,0.0029703
2,14,47,1591.26,0.0019386
2,14,48,1556.16,0.0011459
2,14,49,1498.62,0.000614987
2,15,0,1993.59,0.254695
2,15,1,2154.08,0.311213
2,15,2,2272.48,0.355102
2,15,3,2344.35,0.380297
2,15,4,2371.41,0.383639
2,15,5,2360.13,0.365134
2,15,6,2320.17,0.327846
2,15,7,2263.14,0.277449
2,15,8,2201.46,0.221198
2,15,9,2146.41,0.166319
2,15,10,2106.72,0.118306
2,15,11,2086.22,0.0799898
2,15,12,2084,0.0518407
2,15,13,2094.29,0.0325713
2,15,14,2109.49,0.0204198
2,15,15,2121.76,0.01341
2,15,16,2125.15,0.00990978
2,15,17,2116.48,0.00888281
2,15,18,2094.84,0.00987222
2,15,19,2061.28,0.0125097
2,15,20,2018.65,0.0170304
2,15,21,1971.21,0.0232917
2,15,22,1924.22,0.0310088
2,15,23,1882.93,0.0393367
2,15,24,1851.24,0.0472511
2,15,25,1830.56,0.0540138
2,15,26,1819.47,0.059427
2,15,27,1814.97,0.0635753
2,15,28,1813.15,0.0662609
2,15,29,1810.45,0.0666727
2,15,30,1804.59,0.063728
2,15,31,1794.55,0.0569245
2,15,32,1780.95,0.0469189
2,15,33,1765.16,0.0354653
2,15,34,1748.82,0.0246281
2,15,35,1733.06,0.0159659
2,15,36,1718.03,0.010091
2,15,37,1703.58,0.00690769
2,15,38,1689.88,0.00569496
2,15,39,1678.26,0.00572082
2,15,40,1670.11,0.00630937
2,15,41,1667.51,0.00684664
2,15,42,1671.32,0.00711362
2,15,43,1680.87,0.00677373
2,15,44,1693.28,0.0058734
2,15,45,1703.59,0.00461885
2,15,46,1705.11,0.00328763
2,15,47,1690.43,0.00211376
2,15,48,1652.88,0.00122667
2,15,49,1588.78,0.000642055
2,16,0,2029.89,0.264273
2,16,1,2185.43,0.323875
2,16,2,2295.24,0.370148
2,16,3,2356.32,0.396679
2,16,4,2372.18,0.400366
2,16,5,2351.2,0.381546
2,16,6,2304.74,0.34359
2,16,7,2245.48,0.292258
2,16,8,2185.9,0.234694
2,16,9,2136.37,0.178013
2,16,10,2103.99,0.127796
2,16,11,2090.86,0.0871414
2,16,12,2094.83,0.0568109
2,16,13,2109.54,0.0357096
2,16,14,2127.47,0.0221383
2,16,15,2141.17,0.0140778
2,16,16,2145.1,0.00986183
2,16,17,2136.28,0.00850611
2,16,18,2113.94,0.00973668
2,16,19,2079.19,0.0133218
2,16,20,2034.96,0.0195184
2,16,21,1985.69,0.0280107
2,16,22,1937.09,0.0381114
2,16,23,1894.93,0.0484224
2,16,24,1863.68,0.0573801
2,16,25,1845.02,0.063911
2,16,26,1837.37,0.0678314
2,16,27,1837.14,0.0695908
2,16,28,1839.72,0.0695702
2,16,29,1841.07,0.0675391
2,16,30,1838.96,0.0628173
2,16,31,1832.76,0.0550408
2,16,32,1823.48,0.0447918
2,16,33,1812.51,0.0336227
2,16,34,1800.95,0.0233695
2,16,35,1789.06,0.015393
2,16,36,1776.41,0.0101607
2,16,37,1762.93,0.00749858
2,16,38,1749.68,0.00661759
2,16,39,1739.32,0.00677817
2,16,40,1734.36,0.00733039
2,16,41,1737.35,0.00771292
2,16,42,1748.67,0.00776083
2,16,43,1766.41,0.00719963
2,16,44,1786.38,0.00611417
2,16,45,1802.51,0.0047283
2,16,46,1807.42,0.00331796
2,16,47,1793.32,0.0021061
2,16,48,1753.18,0.00120684
2,16,49,1682.73,0.000622581
2,17,0,2079.26,0.279815
2,17,1,2230.38,0.34187
2,17,2,2331.73,0.388936
2,17,3,2381.94,0.414588
2,17,4,2386.47,0.416351
2,17,5,2355.72,0.395462
2,17,6,2302.84,0.355967
2,17,7,2241.57,0.303747
2,17,8,2184.44,0.245602
2,17,9,2140.68,0.188188
2,17,10,2115.53,0.136859
2,17,11,2109.11,0.0948009
2,17,12,2117.94,0.0630124
2,17,13,2135.14,0.0406141
2,17,14,2153.52,0.025995
2,17,15,2166.33,0.0171242
2,17,16,2168.8,0.0123392
2,17,17,2158.5,0.0107427
2,17,18,2134.96,0.0122414
2,17,19,2099.39,0.0167201
2,17,20,2054.62,0.0243788
2,17,21,2005,0.0346589
2,17,22,1956.22,0.0464254
2,17,23,1914.2,0.0577606
2,17,24,1883.77,0.0666694
2,17,25,1866.93,0.0718807
2,17,26,1862.12,0.0733499
2,17,27,1865.29,0.0719721
2,17,28,1871.18,0.0687659
2,17,29,1875.27,0.0641366
2,17,30,1875.28,0.05785
2,17,31,1871.02,0.0496761
2,17,32,1864.08,0.0400306
2,17,33,1856.14,0.030105
2,17,34,1848.09,0.0213308
2,17,35,1839.55,0.014737
2,17,36,1829.54,0.0105867
2,17,37,1817.96,0.00861902
2,17,38,1806.52,0.00802983
2,17,39,1798.95,0.0081383
2,17,40,1798.63,0.00839714
2,17,41,1808.38,0.00837853
2,17,42,1827.89,0.00801824
2,17,43,1853.95,0.00714689
2,17,44,1881.08,0.00588441
2,17,45,1902.31,0.00444417
2,17,46,1909.93,0.00306221
2,17,47,1896.06,0.00191604
2,17,48,1853.47,0.00108532
2,17,49,1777.26,0.000554023
2,18,0,2142.05,0.30286
2,18,1,2289.99,0.36673
2,18,2,2384.12,0.412952
2,18,3,2424.8,0.435436
2,18,4,2419.33,0.432864
2,18,5,2379.85,0.407867
2,18,6,2321.04,0.365481
2,18,7,2257.59,0.311807
2,18,8,2202.04,0.253214
2,18,9,2162.62,0.195721
2,18,10,2142.83,0.144254
2,18,11,2140.86,0.101896
2,18,12,2152.01,0.0697349
2,18,13,2168.95,0.0469785
2,18,14,2184.98,0.0320042
2,18,15,2194.34,0.0227377
2,18,16,2193.33,0.0175703
2,18,17,2180.35,0.0157803
2,18,18,2155.43,0.0175056
2,18,19,2119.9,0.0227536
2,18,20,2076.27,0.0315842
2,18,21,2028.37,0.0430951
2,18,22,1981.39,0.0556444
2,18,23,1940.96,0.0668598
2,18,24,1912.01,0.0744943
2,18,25,1896.81,0.0773017
2,18,26,1894.04,0.0755494
2,18,27,1899.42,0.0706391
2,18,28,1907.21,0.064192
2,18,29,1912.47,0.0571838
2,18,30,1912.79,0.0497696
2,18,31,1908.44,0.0418102
2,18,32,1901.67,0.0334952
2,18,33,1894.71,0.0255727
2,18,34,1888.6,0.0189713
2,18,35,1882.61,0.0143055
2,18,36,1875.35,0.0115852
2,18,37,1866.57,0.010439
2,18,38,1858.33,0.0100838
2,18,39,1855.06,0.00994949
2,18,40,1860.66,0.00966136
2,18,41,1877.96,0.00899976
2,18,42,1905.85,0.00804772
2,18,43,1939.91,0.00677332
2,18,44,1973.56,0.00532546
2,18,45,1999.26,0.00388013
2,18,46,2009.23,0.00260087
2,18,47,1995.7,0.00159259
2,18,48,1951.3,0.000886819
2,18,49,1870.46,0.000445675
2,19,0,2216.8,0.331694
2,19,1,2363.18,0.396601
2,19,2,2452.21,0.440476
2,19,3,2485.92,0.457877
2,19,4,2473.14,0.449
2,19,5,2427.22,0.418178
2,19,6,2363.74,0.371637
2,19,7,2297.96,0.315821
2,19,8,2242.38,0.256728
2,19,9,2204.59,0.199723
2,19,10,2186.76,0.149195
2,19,11,2185.66,0.107917
2,19,12,2195.61,0.0768186
2,19,13,2209.01,0.0549532
2,19,14,2219.7,0.0405072
2,19,15,2223.05,0.031313
2,19,16,2216.66,0.0258981
2,19,17,2199.99,0.0238554
2,19,18,2173.76,0.0256536
2,19,19,2139.33,0.0314541
2,19,20,2098.68,0.0411033
2,19,21,2054.7,0.0532454
2,19,22,2011.58,0.0656734
2,19,23,1974.24,0.0756426
2,19,24,1947.42,0.0808657
2,19,25,1933.6,0.0803766
2,19,26,1931.86,0.0749379
2,19,27,1938.03,0.0664854
2,19,28,1946.18,0.0571312
2,19,29,1951.08,0.0482568
2,19,30,1950.24,0.0402702
2,19,31,1944.23,0.0330505
2,19,32,1935.96,0.0265402
2,19,33,1928.28,0.0210422
2,19,34,1922.64,0.0169703
2,19,35,1918.29,0.0145031
2,19,36,1913.58,0.013371
2,19,37,1908.12,0.013066
2,19,38,1904.07,0.0128471
2,19,39,1906.17,0.0122893
2,19,40,1918.44,0.011242
2,19,41,1943.48,0.00974544
2,19,42,1979.41,0.00806186
2,19,43,2020.81,0.00630939
2,19,44,2060.32,0.00465569
2,19,45,2090.12,0.00321893
2,19,46,2102.56,0.00206964
2,19,47,2090.03,0.00122545
2,19,48,2045.02,0.000664422
2,19,49,1961.18,0.000325796
2,20,0,2300.83,0.362239
2,20,1,2447.52,0.427285
2,20,2,2534.04,0.467689
2,20,3,2564.04,0.478834
2,20,4,2547.5,0.462552
2,20,5,2498.26,0.424933
2,20,6,2432.06,0.373458
2,20,7,2364.1,0.315057
2,20,8,2306.73,0.255526
2,20,9,2267.25,0.199688
2,20,10,2247.26,0.15134
2,20,11,2242.74,0.112722
2,20,12,2247.55,0.084308
2,20,13,2254.04,0.0646988
2,20,14,2256.56,0.0516963
2,20,15,2251.64,0.0430051
2,20,16,2238.28,0.0373904
2,20,17,2217.19,0.0349137
2,20,18,2189.81,0.0364934
2,20,19,2157.5,0.0424954
2,20,20,2121.42,0.0525157
2,20,21,2083.2,0.0646734
2,20,22,2045.64,0.0761741
2,20,23,2012.63,0.0839918
2,20,24,1988.42,0.0859885
2,20,25,1975.62,0.0816894
2,20,26,1973.81,0.0724855
2,20,27,1979.24,0.0608302
2,20,28,1986.21,0.0491721
2,20,29,1989.53,0.0390956
2,20,30,1986.65,0.0310945
2,20,31,1978.33,0.0249868
2,20,32,1967.88,0.0204742
2,20,33,1958.66,0.0174687
2,20,34,1952.58,0.0159213
2,20,35,1949.08,0.0156074
2,20,36,1946.51,0.0159819
2,20,37,1944.37,0.016393
2,20,38,1944.81,0.0161596
2,20,39,1952.54,0.0150229
2,20,40,1971.4,0.0130818
2,20,41,2003.61,0.0106529
2,20,42,2046.63,0.00818241
2,20,43,2094.35,0.00592546
2,20,44,2138.97,0.00405383
2,20,45,2172.64,0.00261641
2,20,46,2187.92,0.00158594
2,20,47,2177.35,0.000892332
2,20,48,2133.23,0.000463867
2,20,49,2048.32,0.000218579
2,21,0,2391.62,0.390112
2,21,1,2540.44,0.454692
2,21,2,2627.05,0.491343
2,21,3,2656.59,0.49625
2,21,4,2639.78,0.472703
2,21,5,2590.4,0.428353
2,21,6,2523.57,0.371881
2,21,7,2453.81,0.310853
2,21,8,2393.09,0.251119
2,21,9,2348.75,0.19714
2,21,10,2322.52,0.152103
2,21,11,2310.42,0.1175
2,21,12,2306.42,0.0930623
2,21,13,2303.06,0.0766876
2,21,14,2295.19,0.0656722
2,21,15,2280.44,0.0576159
2,21,16,2259.12,0.0516258
2,21,17,2233.18,0.0483461
2,21,18,2204.81,0.0492243
2,21,19,2175.2,0.0548678
2,21,20,2144.56,0.064635
2,21,21,2113.06,0.0761347
2,21,22,2081.95,0.0860431
2,21,23,2053.88,0.091162
2,21,24,2032.47,0.0896302
2,21,25,2020.23,0.0815627
2,21,26,2017.29,0.0689951
2,21,27,2020.6,0.0548115
2,21,28,2025.11,0.0416254
2,21,29,2026.05,0.031035
2,21,30,2020.96,0.0234774
2,21,31,2010.66,0.0186521
2,21,32,1998.5,0.0160532
2,21,33,1988.06,0.0152875
2,21,34,1981.48,0.0159355
2,21,35,1978.49,0.0174427
2,21,36,1977.58,0.0190262
2,21,37,1978.35,0.019913
2,21,38,1982.88,0.0195
2,21,39,1995.72,0.0177021
2,21,40,2020.29,0.0148616
2,21,41,2058.38,0.0115459
2,21,42,2107.02,0.00835748
2,21,43,2159.72,0.00565239
2,21,44,2208.55,0.0035893
2,21,45,2245.79,0.0021468
2,21,46,2264.23,0.00121021
2,21,47,2256.51,0.000634535
2,21,48,2214.64,0.000309734
2,21,49,2130.46,0.000137047
2,22,0,2487.39,0.412806
2,22,1,2639.99,0.476959
2,22,2,2728.88,0.510607
2,22,3,2760.51,0.510494
2,22,4,2746.06,0.480957
2,22,5,2698.85,0.430851
2,22,6,2632.88,0.369945
2,22,7,2561.57,0.30659
2,22,8,2496.29,0.246968
2,22,9,2444.58,0.195356
2,22,10,2408.9,0.154316
2,22,11,2386.02,0.124409
2,22,12,2370.54,0.104425
2,22,13,2355.46,0.0914496
2,22,14,2336.07,0.0822945
2,22,15,2310.85,0.0745559
2,22,16,2281.28,0.0677596
2,22,17,2250.37,0.0631446
2,22,18,2220.87,0.0626569
2,22,19,2193.75,0.0671313
2,22,20,2168.28,0.075751
2,22,21,2143.24,0.0857538
2,22,22,2118.4,0.0934682
2,22,23,2095.19,0.0956761
2,22,24,2076.41,0.0908537
2,22,25,2064.33,0.0796594
2,22,26,2059.51,0.0646371
2,22,27,2059.72,0.0489279
2,22,28,2060.93,0.0351338
2,22,29,2059.14,0.0247265
2,22,30,2052.23,0.0180029
2,22,31,2040.97,0.0145246
2,22,32,2028.47,0.0136225
2,22,33,2018.04,0.0146809
2,22,34,2011.78,0.0170064
2,22,35,2009.55,0.0198048
2,22,36,2010.12,0.0221269
2,22,37,2013.33,0.0231402
2,22,38,2021.25,0.0223534
2,22,39,2038.2,0.0198591
2,22,40,2067.12,0.0162123
2,22,41,2109.39,0.0121712
2,22,42,2161.83,0.00843869
2,22,43,2217.9,0.00541822
2,22,44,2269.8,0.00323579
2,22,45,2310.02,0.00180561
2,22,46,2331.53,0.000945393
2,22,47,2326.98,0.000456085
2,22,48,2288.09,0.00020487
2,22,49,2205.82,8.27375e-05
2,23,0,2586.66,0.430924
2,23,1,2744.42,0.49564
2,23,2,2837.17,0.52806
2,23,3,2872.5,0.525085
2,23,4,2861.85,0.491562
2,23,5,2817.87,0.437165
2,23,6,2753.31,0.372642
2,23,7,2680.27,0.307289
2,23,8,2609.44,0.247861
2,23,9,2548.65,0.198596
2,23,10,2501.42,0.16141
2,23,11,2465.82,0.135827
2,23,12,2437.48,0.119637
2,23,13,2410.03,0.109186
2,23,14,2379.14,0.100988
2,23,15,2343.88,0.0928038
2,23,16,2306.45,0.0846025
2,23,17,2270.6,0.0780906
2,23,18,2239.44,0.0755287
2,23,19,2213.71,0.0778746
2,23,20,2191.97,0.0842262
2,23,21,2171.89,0.0917056
2,23,22,2152.09,0.0966077
2,23,23,2132.9,0.0959104
2,23,24,2116.32,0.0884445
2,23,25,2104.18,0.0752411
2,23,26,2097.25,0.059078
2,23,27,2094.07,0.0430978
2,23,28,2091.79,0.0297177
2,23,29,2087.47,0.0201948
2,23,30,2079.5,0.0146639
2,23,31,2068.65,0.0125622
2,23,32,2057.54,0.0130986
2,23,33,2048.84,0.0154951
2,23,34,2044.27,0.0188707
2,23,35,2043.64,0.0222944
2,23,36,2046.02,0.0247609
2,23,37,2051.56,0.0254825
2,23,38,2062.37,0.0241304
2,23,39,2082.56,0.0209727
2,23,40,2114.52,0.0167186
2,23,41,2159.32,0.0122267
2,23,42,2213.74,0.00822039
2,23,43,2271.48,0.00508918
2,23,44,2325.05,0.00290793
2,23,45,2367.23,0.00153884
2,23,46,2391.11,0.000758123
2,23,47,2389.3,0.00033758
2,23,48,2353.21,0.000138534
2,23,49,2273.06,5.00169e-05
2,24,0,2688.25,0.448365
2,24,1,2852.1,0.515629
2,24,2,2949.58,0.549314
2,24,3,2989.23,0.545982
2,24,4,2982.63,0.510507
2,24,5,2941.74,0.453106
2,24,6,2878.14,0.385507
2,24,7,2802.69,0.318117
2,24,8,2725.43,0.258451
2,24,9,2654.53,0.210785
2,24,10,2594.77,0.176368
2,24,11,2545.79,0.153666
2,24,12,2504.52,0.139563
2,24,13,2465.35,0.129913
2,24,14,2424.13,0.121246
2,24,15,2380.13,0.111692
2,24,16,2335.79,0.101609
2,24,17,2295.1,0.0929013
2,24,18,2261.34,0.0877974
2,24,19,2235.12,0.0871658
2,24,20,2214.66,0.0900889
2,24,21,2197.07,0.0938886
2,24,22,2180.25,0.0952312
2,24,23,2163.73,0.091572
2,24,24,2148.73,0.0821238
2,24,25,2136.47,0.0680824
2,24,26,2127.7,0.0521351
2,24,27,2121.54,0.0371444
2,24,28,2116.24,0.0251891
2,24,29,2110.01,0.0172633
2,24,30,2101.92,0.0133553
2,24,31,2092.78,0.0127952
2,24,32,2084.62,0.014678
2,24,33,2079.32,0.0180695
2,24,34,2077.94,0.0219456
2,24,35,2080.14,0.0253253
2,24,36,2085.2,0.0272786
2,24,37,2093.56,0.0272013
2,24,38,2107.41,0.0250053
2,24,39,2130.55,0.0211452
2,24,40,2164.84,0.0164281
2,24,41,2211,0.0117191
2,24,42,2265.94,0.0076792
2,24,43,2323.8,0.00462398
2,24,44,2377.58,0.00255815
2,24,45,2420.39,0.00130255
2,24,46,2445.4,0.000614174
2,24,47,2445.15,0.000256124
2,24,48,2410.79,9.6909e-05
2,24,49,2331.95,3.12592e-05
2,25,0,2791.07,0.471778
2,25,1,2961.37,0.544371
2,25,2,3063.75,0.582013
2,25,3,3107.58,0.580479
2,25,4,3104.45,0.544385
2,25,5,3065.75,0.484442
2,25,6,3002.01,0.413509
2,25,7,2923.12,0.343278
2,25,8,2838.58,0.282149
2,25,9,2756.98,0.234463
2,25,10,2684.44,0.200805
2,25,11,2622.34,0.178674
2,25,12,2569.06,0.164268
2,25,13,2519.72,0.153302
2,25,14,2470.18,0.142669
2,25,15,2419.41,0.131023
2,25,16,2369.5,0.118981
2,25,17,2324.16,0.108271
2,25,18,2286.65,0.100645
2,25,19,2257.63,0.0965896
2,25,20,2235.5,0.0951884
2,25,21,2217.39,0.0942521
2,25,22,2201,0.0912209
2,25,23,2185.44,0.0843314
2,25,24,2171.22,0.0732446
2,25,25,2158.9,0.0591631
2,25,26,2148.94,0.0444159
2,25,27,2140.75,0.0313584
2,25,28,2133.47,0.0216287
2,25,29,2126.34,0.0159417
2,25,30,2119.17,0.0141622
2,25,31,2112.85,0.0155066
2,25,32,2108.86,0.018907
2,25,33,2108.25,0.0232102
2,25,34,2111.38,0.0272309
2,25,35,2117.65,0.0299904
2,25,36,2126.52,0.0307633
2,25,37,2138.68,0.0292849
2,25,38,2156.28,0.0258145
2,25,39,2182.75,0.0210322
2,25,40,2219.36,0.0158109
2,25,41,2266.48,0.0109507
2,25,42,2321.2,0.00698127
2,25,43,2378.17,0.00409346
2,25,44,2430.98,0.00220047
2,25,45,2473.07,0.00108462
2,25,46,2497.72,0.000495093
2,25,47,2497.38,0.000196155
2,25,48,2463.01,6.94331e-05
2,25,49,2383.84,2.02357e-05
2,26,0,2893.74,0.507476
2,26,1,3070.1,0.588495
2,26,2,3176.9,0.632465
2,26,3,3224.22,0.634074
2,26,4,3223.62,0.597653
2,26,5,3185.95,0.534599
2,26,6,3120.92,0.45916
2,26,7,3037.62,0.384479
2,26,8,2945.16,0.31989
2,26,9,2852.6,0.269812
2,26,10,2767.43,0.23425
2,26,11,2692.89,0.209946
2,26,12,2628.94,0.192739
2,26,13,2571.42,0.178572
2,26,14,2515.97,0.164975
2,26,15,2460.75,0.151176
2,26,16,2406.92,0.137825
2,26,17,2357.47,0.126059
2,26,18,2315.34,0.116684
2,26,19,2281.45,0.109465
2,26,20,2254.77,0.103421
2,26,21,2233.07,0.0970296
2,26,22,2214.43,0.088818
2,26,23,2197.9,0.0780814
2,26,24,2183.47,0.065057
2,26,25,2171.04,0.0509273
2,26,26,2160.56,0.037554
2,26,27,2151.49,0.0266905
2,26,28,2143.52,0.0195167
2,26,29,2136.72,0.0164811
2,26,30,2131.51,0.0173334
2,26,31,2128.9,0.0211256
2,26,32,2129.9,0.0265092
2,26,33,2134.8,0.0319721
2,26,34,2143.35,0.0360751
2,26,35,2154.7,0.0378336
2,26,36,2168.42,0.0368242
2,26,37,2185.38,0.0332708
2,26,38,2207.63,0.027909
2,26,39,2238.15,0.021724
2,26,40,2277.6,0.0156707
2,26,41,2326.02,0.0104578
2,26,42,2380.61,0.00644489
2,26,43,2436.52,0.00366124
2,26,44,2487.84,0.0019029
2,26,45,2528.32,0.000903306
2,26,46,2551.33,0.000398837
2,26,47,2549.27,0.000150342
2,26,48,2512.99,4.95348e-05
2,26,49,2431.47,1.26205e-05
2,27,0,2994.67,0.55974
2,27,1,3176.04,0.651991
2,27,2,3286.32,0.703883
2,27,3,3336.22,0.708927
2,27,4,3337.27,0.671407
2,27,5,3299.8,0.603779
2,27,6,3232.8,0.52196
2,27,7,3144.65,0.440623
2,27,8,3044.1,0.370019
2,27,9,2940.62,0.314676
2,27,10,2843.08,0.274209
2,27,11,2756.69,0.244961
2,27,12,2683.19,0.222802
2,27,13,2619.24,0.204218
2,27,14,2560.12,0.18749
2,27,15,2502.81,0.172312
2,27,16,2447.01,0.159083
2,27,17,2394.49,0.147949
2,27,18,2347.61,0.138356
2,27,19,2307.52,0.129032
2,27,20,2274.1,0.118784
2,27,21,2246.25,0.106783
2,27,22,2222.94,0.0927915
2,27,23,2203.59,0.0773625
2,27,24,2187.92,0.0614773
2,27,25,2175.19,0.0464181
2,27,26,2164.76,0.0336619
2,27,27,2155.86,0.0244313
2,27,28,2148.43,0.0195286
2,27,29,2143.08,0.0191801
2,27,30,2140.71,0.0230115
2,27,31,2142.39,0.0298263
2,27,32,2148.74,0.0378312
2,27,33,2159.47,0.0449667
2,27,34,2173.81,0.0493859
2,27,35,2190.73,0.0500265
2,27,36,2209.9,0.0468035
2,27,37,2232.28,0.0405372
2,27,38,2259.77,0.0325669
2,27,39,2294.91,0.0242933
2,27,40,2337.87,0.0168229
2,27,41,2388.38,0.0108018
2,27,42,2443.67,0.00641877
2,27,43,2499.18,0.0035221
2,27,44,2549.32,0.00176258
2,27,45,2588.03,0.000801343
2,27,46,2608.71,0.000341453
2,27,47,2603.75,0.000123134
2,27,48,2563.93,3.77067e-05
2,27,49,2478.11,7.97969e-06
2,28,0,3091.68,0.627992
2,28,1,3276.48,0.733372
2,28,2,3388.98,0.793839
2,28,3,3440.56,0.801875
2,28,4,3442.67,0.762092
2,28,5,3405.15,0.688359
2,28,6,3336.3,0.598392
2,28,7,3243.78,0.508292
2,28,8,3135.86,0.429103
2,28,9,3022.18,0.365543
2,28,10,2912.79,0.31718
2,28,11,2814.97,0.280463
2,28,12,2732.5,0.25173
2,28,13,2663.15,0.228244
2,28,14,2601.98,0.208978
2,28,15,2544.58,0.193848
2,28,16,2488.81,0.18268
2,28,17,2434.79,0.174315
2,28,18,2383.9,0.166558
2,28,19,2337.36,0.15685
2,28,20,2296.06,0.143598
2,28,21,2260.36,0.126523
2,28,22,2230.59,0.106601
2,28,23,2206.97,0.0857082
2,28,24,2189.18,0.0657262
2,28,25,2175.96,0.0482558
2,28,26,2165.94,0.0346231
2,28,27,2157.94,0.0257349
2,28,28,2151.88,0.0221822
2,28,29,2148.68,0.0240463
2,28,30,2149.54,0.0308193
2,28,31,2155.57,0.0409738
2,28,32,2167.1,0.0521187
2,28,33,2183.42,0.0614745
2,28,34,2203.4,0.0666234
2,28,35,2225.84,0.0663095
2,28,36,2250.47,0.0607451
2,28,37,2278.25,0.0513745
2,28,38,2310.96,0.0402175
2,28,39,2350.81,0.0291947
2,28,40,2397.7,0.0196633
2,28,41,2451.14,0.0122796
2,28,42,2508.32,0.00709902
2,28,43,2564.72,0.0037915
2,28,44,2614.76,0.00184121
2,28,45,2652.34,0.000808793
2,28,46,2670.82,0.00033571
2,28,47,2662.56,0.000118959
2,28,48,2618.3,3.52535e-05
2,28,49,2526.84,6.63279e-06
2,29,0,3182.3,0.705851
2,29,1,3368.76,0.824816
2,29,2,3482.27,0.893623
2,29,3,3534.81,0.904051
2,29,4,3537.8,0.861382
2,29,5,3500.61,0.781012
2,29,6,3430.83,0.682257
2,29,7,3335.37,0.582283
2,29,8,3221.77,0.492691
2,29,9,3099.44,0.418522
2,29,10,2979.25,0.359763
2,29,11,2870.35,0.313571
2,29,12,2778.89,0.277213
2,29,13,2704.2,0.248866
2,29,14,2641.54,0.228008
2,29,15,2585.27,0.21447
2,29,16,2531.22,0.207229
2,29,17,2477.47,0.203655
2,29,18,2424.04,0.199808
2,29,19,2371.89,0.191718
2,29,20,2322.84,0.177204
2,29,21,2278.85,0.156291
2,29,22,2241.94,0.130959
2,29,23,2213.42,0.10431
2,29,24,2193.16,0.0791855
2,29,25,2179.44,0.0577309
2,29,26,2170.06,0.041418
2,29,27,2163.25,0.0311383
2,29,28,2158.74,0.0274914
2,29,29,2157.61,0.0305209
2,29,30,2161.29,0.0395934
2,29,31,2170.97,0.0528152
2,29,32,2186.84,0.0671246
2,29,33,2207.93,0.0789469
2,29,34,2232.88,0.0851982
2,29,35,2260.29,0.0843152
2,29,36,2289.84,0.0766961
2,29,37,2322.41,0.064323
2,29,38,2359.7,0.0498688
2,29,39,2403.83,0.0358114
2,29,40,2454.65,0.0238381
2,29,41,2511.65,0.0147022
2,29,42,2571.89,0.00838995
2,29,43,2630.63,0.00442273
2,29,44,2681.97,0.0021176
2,29,45,2719.56,0.000916629
2,29,46,2736.61,0.000376858
2,29,47,2725.44,0.000135038
2,29,48,2676.73,4.08051e-05
2,29,49,2579.15,8.05084e-06
2,30,0,3263.93,0.781798
2,30,1,3450.49,0.913084
2,30,2,3564.02,0.98931
2,30,3,3617.12,1.00198
2,30,4,3621.14,0.957161
2,30,5,3585.05,0.871517
2,30,6,3515.81,0.765345
2,30,7,3419.45,0.656235
2,30,8,3302.6,0.556004
2,30,9,3174.04,0.470148
2,30,10,3044.86,0.399579
2,30,11,2925.71,0.342763
2,30,12,2825.11,0.298283
2,30,13,2744.46,0.265288
2,30,14,2679.85,0.243534
2,30,15,2624.83,0.23251
2,30,16,2573.31,0.230217
2,30,17,2521.23,0.232588
2,30,18,2466.92,0.234056
2,30,19,2410.78,0.229286
2,30,20,2355.27,0.21539
2,30,21,2303.91,0.192401
2,30,22,2260.45,0.162952
2,30,23,2227.49,0.131087
2,30,24,2205.19,0.100508
2,30,25,2191.32,0.074023
2,30,26,2182.78,0.0535022
2,30,27,2177.11,0.0401207
2,30,28,2173.75,0.0347112
2,30,29,2173.87,0.0374023
2,30,30,2179.2,0.0474758
2,30,31,2191.09,0.062714
2,30,32,2209.82,0.0794472
2,30,33,2234.32,0.0933925
2,30,34,2263.1,0.100841
2,30,35,2294.5,0.0998684
2,30,36,2328.03,0.0909085
2,30,37,2364.36,0.0762805
2,30,38,2405.19,0.0591447
2,30,39,2452.74,0.0424557
2,30,40,2507.08,0.028236
2,30,41,2567.83,0.0173935
2,30,42,2631.87,0.00991542
2,30,43,2694.02,0.00522773
2,30,44,2747.85,0.00251212
2,30,45,2786.61,0.0010996
2,30,46,2803.31,0.000461274
2,30,47,2790.16,0.000174571
2,30,48,2737.75,5.84458e-05
2,30,49,2634.53,1.52753e-05
2,31,0,3334.59,0.842429
2,31,1,3520.04,0.983266
2,31,2,3632.91,1.06568
2,31,3,3686.35,1.08127
2,31,4,3691.67,1.03673
2,31,5,3657.51,0.949248
2,31,6,3590.2,0.839161
2,31,7,3494.98,0.723685
2,31,8,3377.48,0.614479
2,31,9,3245.56,0.517622
2,31,10,3109.99,0.435377
2,31,11,2982.3,0.367965
2,31,12,2873.05,0.315502
2,31,13,2785.89,0.278062
2,31,14,2718.31,0.255478
2,31,15,2663.66,0.246772
2,31,16,2614.41,0.24905
2,31,17,2564.54,0.257087
2,31,18,2510.65,0.26405
2,31,19,2452.37,0.263498
2,31,20,2392.48,0.251841
2,31,21,2335.77,0.22885
2,31,22,2287.54,0.197371
2,31,23,2251.59,0.161909
2,31,24,2228.32,0.126701
2,31,25,2214.94,0.095154
2,31,26,2207.41,0.0696518
2,31,27,2202.57,0.0518878
2,31,28,2199.58,0.0431255
2,31,29,2199.74,0.0437114
2,31,30,2205.13,0.0529273
2,31,31,2217.42,0.0683595
2,31,32,2237.13,0.0859389
2,31,33,2263.32,0.100934
2,31,34,2294.45,0.10921
2,31,35,2328.57,0.108526
2,31,36,2364.91,0.0992048
2,31,37,2403.86,0.0836244
2,31,38,2447.12,0.0651424
2,31,39,2497.15,0.0469779
2,31,40,2554.41,0.0313893
2,31,41,2618.69,0.0194357
2,31,42,2686.68,0.0111551
2,31,43,2752.65,0.00594476
2,31,44,2809.57,0.00291473
2,31,45,2850.25,0.00132485
2,31,46,2867.5,0.000587974
2,31,47,2853.46,0.000246368
2,31,48,2798.52,9.75099e-05
2,31,49,2690.82,3.51885e-05
2,32,0,3392.79,0.876645
2,32,1,3576.36,1.02335
2,32,2,3688.2,1.11073
2,32,3,3741.91,1.13073
2,32,4,3748.76,1.09008
2,32,5,3717.04,1.00556
2,32,6,3652.62,0.896426
2,32,7,3560.02,0.778778
2,32,8,3444,0.66384
2,32,9,3311.46,0.558394
2,32,10,3172.54,0.466312
2,32,11,3039.03,0.389726
2,32,12,2922.82,0.330238
2,32,13,2829.49,0.288647
2,32,14,2758.16,0.26471
2,32,15,2702.57,0.257008
2,32,16,2654.43,0.262032
2,32,17,2606.32,0.273901
2,32,18,2553.41,0.285098
2,32,19,2494.52,0.28853
2,32,20,2432.46,0.280079
2,32,21,2372.89,0.259068
2,32,22,2322.24,0.228085
2,32,23,2285.17,0.191487
2,32,24,2262.15,0.153541
2,32,25,2249.86,0.117983
2,32,26,2243.41,0.087682
2,32,27,2239.06,0.0649838
2,32,28,2235.76,0.0517315
2,32,29,2234.97,0.0486197
2,32,30,2239.14,0.0550386
2,32,31,2250.26,0.0685528
2,32,32,2269.23,0.0849829
2,32,33,2295.35,0.0995029
2,32,34,2327.16,0.10786
2,32,35,2362.55,0.107626
2,32,36,2400.45,0.0989235
2,32,37,2440.98,0.0839083
2,32,38,2485.78,0.0657996
2,32,39,2537.57,0.0477892
2,32,40,2597.12,0.0321863
2,32,41,2664.41,0.0201299
2,32,42,2735.87,0.0117225
2,32,43,2805.3,0.00639508
2,32,44,2865.11,0.00326769
2,32,45,2907.79,0.00159435
2,32,46,2926.05,0.00078204
2,32,47,2911.93,0.000380296
2,32,48,2855.62,0.000184793
2,32,49,2744.81,8.91406e-05
2,33,0,3437.74,0.878943
2,33,1,3619.06,1.02761
2,33,2,3729.71,1.11886
2,33,3,3783.63,1.14491
2,33,4,3792,1.11189
2,33,5,3762.8,1.03506
2,33,6,3701.5,0.931725
2,33,7,3612.13,0.816375
2,33,8,3498.85,0.699718
2,33,9,3367.83,0.589332
2,33,10,3228.6,0.49072
2,33,11,3092.69,0.407731
2,33,12,2972.53,0.343109
2,33,13,2874.84,0.298044
2,33,14,2800.03,0.272104
2,33,15,2742.6,0.263558
2,33,16,2694.2,0.268694
2,33,17,2646.78,0.281582
2,33,18,2594.67,0.294719
2,33,19,2536.05,0.300957
2,33,20,2473.62,0.295951
2,33,21,2413.35,0.278534
2,33,22,2362.29,0.250623
2,33,23,2325.51,0.215809
2,33,24,2303.43,0.177795
2,33,25,2292.3,0.140234
2,33,26,2286.69,0.106302
2,33,27,2282.54,0.0790004
2,33,28,2278.73,0.0608206
2,33,29,2276.83,0.0529108
2,33,30,2279.46,0.054891
2,33,31,2288.83,0.0644969
2,33,32,2306.08,0.0777523
2,33,33,2330.81,0.0901057
2,33,34,2361.8,0.0975196
2,33,35,2397.01,0.0975648
2,33,36,2435.27,0.0901397
2,33,37,2476.54,0.0769677
2,33,38,2522.35,0.0608292
2,33,39,2575.5,0.0445921
2,33,40,2636.86,0.0303961
2,33,41,2706.37,0.0193417
2,33,42,2780.28,0.0115723
2,33,43,2852.05,0.00659446
2,33,44,2913.82,0.00361683
2,33,45,2957.95,0.00196099
2,33,46,2977.1,0.00109165
2,33,47,2963.25,0.000614139
2,33,48,2906.35,0.000347423
2,33,49,2793.62,0.000195463
2,34,0,3468.94,0.850047
2,34,1,3647.98,0.997134
2,34,2,3757.49,1.09115
2,34,3,3811.56,1.12441
2,34,4,3821.22,1.10171
2,34,5,3794.17,1.03598
2,34,6,3735.58,0.94202
2,34,7,3649.21,0.832632
2,34,8,3539,0.718157
2,34,9,3410.82,0.607038
2,34,10,3273.81,0.506201
2,34,11,3139.08,0.420718
2,34,12,3018.82,0.353893
2,34,13,2919.98,0.306865
2,34,14,2843.53,0.278892
2,34,15,2784.6,0.268067
2,34,16,2735.25,0.270863
2,34,17,2687.57,0.281875
2,34,18,2635.72,0.294292
2,34,19,2577.62,0.301531
2,34,20,2515.72,0.299424
2,34,21,2455.92,0.286424
2,34,22,2405.3,0.263536
2,34,23,2368.97,0.233105
2,34,24,2347.32,0.19775
2,34,25,2336.51,0.160594
2,34,26,2331.06,0.124846
2,34,27,2326.96,0.0940404
2,34,28,2323.13,0.071282
2,34,29,2321.06,0.0582338
2,34,30,2323.24,0.0548588
2,34,31,2331.64,0.0592411
2,34,32,2347.38,0.0678699
2,34,33,2370.23,0.0767446
2,34,34,2399.38,0.082289
2,34,35,2433.19,0.0822301
2,34,36,2470.79,0.0762584
2,34,37,2512.19,0.0655693
2,34,38,2558.82,0.05233
2,34,39,2613.24,0.038891
2,34,40,2676.05,0.027058
2,34,41,2746.94,0.0177866
2,34,42,2821.96,0.01122
2,34,43,2894.53,0.0069524
2,34,44,2956.88,0.00432499
2,34,45,3001.46,0.00277333
2,34,46,3020.98,0.00186055
2,34,47,3007.3,0.00127766
2,34,48,2950.1,0.00088512
2,34,49,2836.1,0.000608289
2,35,0,3485.58,0.795786
2,35,1,3662.69,0.93849
2,35,2,3771.27,1.03417
2,35,3,3825.5,1.0749
2,35,4,3836.16,1.06357
2,35,5,3810.68,1.01034
2,35,6,3754.02,0.927428
2,35,7,3669.91,0.826219
2,35,8,3562.43,0.717009
2,35,9,3437.65,0.609155
2,35,10,3304.71,0.510651
2,35,11,3174.4,0.427152
2,35,12,3058.2,0.361846
2,35,13,2962.42,0.315345
2,35,14,2887.67,0.286448
2,35,15,2829.2,0.273114
2,35,16,2779.56,0.272248
2,35,17,2731.41,0.279361
2,35,18,2679.35,0.28884
2,35,19,2621.45,0.295205
2,35,20,2559.98,0.29488
2,35,21,2500.47,0.286194
2,35,22,2449.63,0.269234
2,35,23,2412.44,0.244897
2,35,24,2389.42,0.214403
2,35,25,2377.21,0.179971
2,35,26,2370.88,0.144529
2,35,27,2366.83,0.111886
2,35,28,2364.08,0.0856067
2,35,29,2363.82,0.0678529
2,35,30,2367.87,0.0590145
2,35,31,2377.42,0.057675
2,35,32,2393.1,0.0609764
2,35,33,2414.61,0.06562
2,35,34,2441.63,0.0686031
2,35,35,2473.32,0.0678845
2,35,36,2509.49,0.0629744
2,35,37,2550.59,0.0545538
2,35,38,2597.92,0.0441561
2,35,39,2653.58,0.0335677
2,35,40,2717.49,0.024202
2,35,41,2788.85,0.0168165
2,35,42,2863.58,0.0115212
2,35,43,2935.37,0.00799256
2,35,44,2996.86,0.00571643
2,35,45,3040.81,0.00425771
2,35,46,3060,0.00328584
2,35,47,3046.11,0.00257217
2,35,48,2988.45,0.00201089
2,35,49,2873.31,0.00154144
2,36,0,3487.22,0.724693
2,36,1,3663.02,0.861119
2,36,2,3771.11,0.957358
2,36,3,3825.59,1.00493
2,36,4,3837.01,1.00449
2,36,5,3812.48,0.96334
2,36,6,3756.87,0.891379
2,36,7,3674.06,0.7991
2,36,8,3568.58,0.697126
2,36,9,3447.19,0.595753
2,36,10,3319.53,0.503677
2,36,11,3196.33,0.426538
2,36,12,3088.21,0.366819
2,36,13,3000.18,0.324172
2,36,14,2931.54,0.296718
2,36,15,2876.87,0.28216
2,36,16,2828.83,0.277837
2,36,17,2780.76,0.280296
2,36,18,2728.12,0.285377
2,36,19,2669.54,0.28908
2,36,20,2607.33,0.288826
2,36,21,2546.64,0.283225
2,36,22,2493.68,0.271734
2,36,23,2453.24,0.253959
2,36,24,2426.35,0.229694
2,36,25,2410.69,0.200008
2,36,26,2402.42,0.167193
2,36,27,2398.73,0.134919
2,36,28,2398.74,0.106882
2,36,29,2402.95,0.0856094
2,36,30,2411.97,0.0719564
2,36,31,2425.62,0.0651397
2,36,32,2443.52,0.0630898
2,36,33,2465.08,0.0632667
2,36,34,2490.47,0.0632343
2,36,35,2519.9,0.0611737
2,36,36,2554.28,0.0564319
2,36,37,2594.74,0.0492706
2,36,38,2642.55,0.0407015
2,36,39,2699.23,0.0320449
2,36,40,2763.8,0.02438
2,36,41,2834.83,0.0182832
2,36,42,2908.17,0.0138236
2,36,43,2978.02,0.0107435
2,36,44,3037.65,0.00864804
2,36,45,3080.23,0.00719934
2,36,46,3098.53,0.00612856
2,36,47,3083.98,0.00523566
2,36,48,3025.44,0.00441199
2,36,49,2908.75,0.00359492
2,37,0,3474.75,0.645927
2,37,1,3650.15,0.775124
2,37,2,3758.32,0.87101
2,37,3,3813.29,0.9243
2,37,4,3825.3,0.933352
2,37,5,3801.25,0.90279
2,37,6,3745.91,0.840657
2,37,7,3663.48,0.757043
2,37,8,3559.27,0.663219
2,37,9,3441.13,0.570429
2,37,10,3319.69,0.487797
2,37,11,3206,0.42056
2,37,12,3109.76,0.3701
2,37,13,3034.15,0.334785
2,37,14,2976.27,0.311787
2,37,15,2929.14,0.298298
2,37,16,2885.02,0.291879
2,37,17,2837.8,0.289995
2,37,18,2784.05,0.289951
2,37,19,2723.3,0.289432
2,37,20,2658.32,0.287192
2,37,21,2594.12,0.282604
2,37,22,2536.5,0.275016
2,37,23,2490.2,0.263211
2,37,24,2457.04,0.245795
2,37,25,2436.17,0.222589
2,37,26,2425.34,0.194877
2,37,27,2422.75,0.165648
2,37,28,2427.52,0.138243
2,37,29,2439.07,0.115282
2,37,30,2456.18,0.0980625
2,37,31,2476.85,0.0865458
2,37,32,2499.34,0.0795592
2,37,33,2522.64,0.0753374
2,37,34,2547.45,0.0719455
2,37,35,2575.11,0.0677286
2,37,36,2607.73,0.0618803
2,37,37,2647.32,0.0543822
2,37,38,2695.23,0.0459178
2,37,39,2752.42,0.0375294
2,37,40,2817.06,0.0301012
2,37,41,2887.15,0.0241079
2,37,42,2958.56,0.0196087
2,37,43,3026.08,0.0164114
2,37,44,3083.64,0.0142031
2,37,45,3124.74,0.012674
2,37,46,3142.03,0.0115156
2,37,47,3126.52,0.0104403
2,37,48,3066.61,0.00924936
2,37,49,2947.69,0.00783829
2,38,0,3451.39,0.568838
2,38,1,3627.37,0.69073
2,38,2,3736.27,0.785589
2,38,3,3791.96,0.843258
2,38,4,3804.48,0.859967
2,38,5,3780.55,0.838067
2,38,6,3724.95,0.784219
2,38,7,3642.32,0.708495
2,38,8,3539.02,0.62299
2,38,9,3424.38,0.539861
2,38,10,3310.44,0.468512
2,38,11,3208.74,0.413596
2,38,12,3127.93,0.375204
2,38,13,3068.72,0.350181
2,38,14,3025.27,0.334448
2,38,15,2988.41,0.324363
2,38,16,2949.67,0.317398
2,38,17,2903.37,0.311709
2,38,18,2847.33,0.305978
2,38,19,2782.36,0.29966
2,38,20,2712.07,0.293122
2,38,21,2641.78,0.28699
2,38,22,2577.14,0.281128
2,38,23,2523.04,0.27413
2,38,24,2482.26,0.263812
2,38,25,2455.59,0.248763
2,38,26,2442.59,0.228898
2,38,27,2442.51,0.20591
2,38,28,2454.22,0.18218
2,38,29,2475.58,0.160022
2,38,30,2503.15,0.141045
2,38,31,2532.83,0.12601
2,38,32,2561.55,0.114712
2,38,33,2587.97,0.106181
2,38,34,2613.34,0.0989359
2,38,35,2640.09,0.091466
2,38,36,2671.43,0.0828721
2,38,37,2710.17,0.073038
2,38,38,2757.81,0.0625515
2,38,39,2814.89,0.0523896
2,38,40,2879.01,0.0433954
2,38,41,2947.83,0.036043
2,38,42,3017.39,0.0304364
2,38,43,3083.01,0.0264711
2,38,44,3139.1,0.0238809
2,38,45,3179.28,0.0222888
2,38,46,3195.9,0.0211913
2,38,47,3179.46,0.0200283
2,38,48,3117.83,0.0183628
2,38,49,2995.96,0.0159788
2,39,0,3423.66,0.502212
2,39,1,3601.1,0.617471
2,39,2,3711.16,0.710843
2,39,3,3767.66,0.771421
2,39,4,3780.5,0.793713
2,39,5,3756.35,0.778339
2,39,6,3700.16,0.731053
2,39,7,3617.23,0.662148
2,39,8,3515.2,0.584569
2,39,9,3405.21,0.511305
2,39,10,3300.85,0.451946
2,39,11,3213.98,0.410515
2,39,12,3151.58,0.385737
2,39,13,3111.25,0.372786
2,39,14,3083.76,0.366071
2,39,15,3057.75,0.360856
2,39,16,3024.05,0.35427
2,39,17,2977.54,0.344981
2,39,18,2917.35,0.332934
2,39,19,2845.81,0.319374
2,39,20,2767.73,0.306459
2,39,21,2689.19,0.296446
2,39,22,2616.1,0.29026
2,39,23,2553.65,0.286916
2,39,24,2505.58,0.283869
2,39,25,2474.19,0.27859
2,39,26,2460.67,0.269344
2,39,27,2465.04,0.255981
2,39,28,2485.53,0.239314
2,39,29,2518.08,0.220879
2,39,30,2556.89,0.202367
2,39,31,2595.94,0.185261
2,39,32,2631.17,0.170339
2,39,33,2661.25,0.157439
2,39,34,2688.04,0.145566
2,39,35,2714.88,0.133435
2,39,36,2745.77,0.120218
2,39,37,2784.02,0.10593
2,39,38,2831.24,0.0912933
2,39,39,2887.79,0.0773959
2,39,40,2951.01,0.065145
2,39,41,3018.58,0.0550993
2,39,42,3086.8,0.0474701
2,39,43,3151.42,0.0422895
2,39,44,3207.1,0.0393159
2,39,45,3247.3,0.0379898
2,39,46,3263.91,0.0374036
2,39,47,3246.83,0.0364603
2,39,48,3183.4,0.0342623
2,39,49,3058.09,0.0303772
2,40,0,3399.87,0.453234
2,40,1,3579.18,0.562935
2,40,2,3690.44,0.654296
2,40,3,3747.45,0.715979
2,40,4,3760.18,0.7414
2,40,5,3735.42,0.730139
2,40,6,3678.51,0.687511
2,40,7,3595.66,0.624171
2,40,8,3496.08,0.553826
2,40,9,3392.79,0.490118
2,40,10,3300.66,0.442703
2,40,11,3231.16,0.414913
2,40,12,3188.69,0.404076
2,40,13,3167.27,0.403602
2,40,14,3154.52,0.406226
2,40,15,3137.47,0.406018
2,40,16,3106.8,0.399669
2,40,17,3058.1,0.386296
2,40,18,2991.81,0.367078
2,40,19,2911.75,0.345047
2,40,20,2824.18,0.324235
2,40,21,2736.31,0.308729
2,40,22,2654.7,0.300851
2,40,23,2585.04,0.300438
2,40,24,2531.83,0.304921
2,40,25,2498.46,0.310808
2,40,26,2487.1,0.314594
2,40,27,2497.93,0.313947
2,40,28,2528.08,0.30766
2,40,29,2571.5,0.296039
2,40,30,2620.36,0.280515
2,40,31,2667.37,0.263051
2,40,32,2708.05,0.245268
2,40,33,2741.43,0.227799
2,40,34,2770.04,0.210234
2,40,35,2797.81,0.191743
2,40,36,2829.13,0.17188
2,40,37,2867.49,0.151087
2,40,38,2914.45,0.130442
2,40,39,2970.33,0.111247
2,40,40,3032.54,0.094492
2,40,41,3099.02,0.0808546
2,40,42,3166.48,0.070698
2,40,43,3231,0.0642497
2,40,44,3287.24,0.0612843
2,40,45,3328.3,0.0609399
2,40,46,3345.52,0.06167
2,40,47,3328.23,0.0615241
2,40,48,3263.24,0.0588662
2,40,49,3134.48,0.0529067
2,41,0,3388.91,0.427565
2,41,1,3569.82,0.533066
2,41,2,3681.74,0.621722
2,41,3,3738.59,0.682208
2,41,4,3750.59,0.707664
2,41,5,3724.86,0.697477
2,41,6,3667.4,0.657088
2,41,7,3585.62,0.597665
2,41,8,3490.39,0.533528
2,41,9,3396.39,0.478693
2,41,10,3318.95,0.442665
2,41,11,3268.03,0.427925
2,41,12,3244.73,0.430344
2,41,13,3239.61,0.441546
2,41,14,3238.13,0.452595
2,41,15,3226.75,0.456462
2,41,16,3196.6,0.449487
2,41,17,3144.07,0.431304
2,41,18,3070.67,0.404337
2,41,19,2981.51,0.373347
2,41,20,2884.26,0.344172
2,41,21,2787.5,0.322678
2,41,22,2698.76,0.312607
2,41,23,2624.36,0.314745
2,41,24,2569.33,0.326708
2,41,25,2537.44,0.34426
2,41,26,2530.94,0.362271
2,41,27,2549.34,0.376227
2,41,28,2588.39,0.382746
2,41,29,2640.41,0.380588
2,41,30,2696.35,0.370511
2,41,31,2748.54,0.354514
2,41,32,2792.71,0.334736
2,41,33,2828.45,0.312482
2,41,34,2858.82,0.288056
2,41,35,2888.03,0.261428
2,41,36,2920.48,0.232962
2,41,37,2959.51,0.203885
2,41,38,3006.51,0.175828
2,41,39,3061.76,0.150363
2,41,40,3122.92,0.12851
2,41,41,3188.4,0.111051
2,41,42,3255.36,0.0985238
2,41,43,3320.15,0.0914003
2,41,44,3377.36,0.0894606
2,41,45,3419.67,0.0914084
2,41,46,3437.91,0.0947955
2,41,47,3420.87,0.0964529
2,41,48,3354.89,0.0936732
2,41,49,3223.25,0.085133
2,42,0,3395.13,0.427431
2,42,1,3576.83,0.530077
2,42,2,3688.52,0.615036
2,42,3,3744.44,0.671487
2,42,4,3755.17,0.69322
2,42,5,3728.38,0.680408
2,42,6,3670.96,0.639266
2,42,7,3591.62,0.58167
2,42,8,3502.79,0.522376
2,42,9,3420.11,0.47542
2,42,10,3358.3,0.449838
2,42,11,3324.81,0.447027
2,42,12,3317.36,0.46136
2,42,13,3323.98,0.482757
2,42,14,3329.36,0.500756
2,42,15,3320.43,0.50747
2,42,16,3289.14,0.499074
2,42,17,3232.58,0.475823
2,42,18,3152.93,0.441375
2,42,19,3056.19,0.402058
2,42,20,2951.18,0.365281
2,42,21,2847.77,0.338386
2,42,22,2754.62,0.326286
2,42,23,2678.68,0.330588
2,42,24,2625.23,0.349194
2,42,25,2597.66,0.377426
2,42,26,2597.46,0.408945
2,42,27,2622.79,0.437447
2,42,28,2668.14,0.457584
2,42,29,2724.98,0.46647
2,42,30,2784.08,0.46379
2,42,31,2838.25,0.450994
2,42,32,2883.79,0.430237
2,42,33,2920.83,0.403222
2,42,34,2952.64,0.371046
2,42,35,2983.37,0.334834
2,42,36,3017.16,0.296218
2,42,37,3057.04,0.257575
2,42,38,3104.11,0.22128
2,42,39,3158.63,0.189208
2,42,40,3218.54,0.162333
2,42,41,3282.77,0.141512
2,42,42,3348.99,0.127454
2,42,43,3413.84,0.120892
2,42,44,3471.84,0.121582
2,42,45,3515.33,0.127653
2,42,46,3534.72,0.135496
2,42,47,3518.37,0.14036
2,42,48,3452.2,0.138126
2,42,49,3318.77,0.126747
2,43,0,3415.47,0.45025
2,43,1,3597.12,0.551217
2,43,2,3707.87,0.631438
2,43,3,3762.44,0.68101
2,43,4,3771.88,0.695252
2,43,5,3744.49,0.676054
2,43,6,3688.1,0.631052
2,43,7,3612.68,0.573022
2,43,8,3531.7,0.516965
2,43,9,3460.91,0.476554
2,43,10,3413.44,0.460039
2,43,11,3393.92,0.467549
2,43,12,3397.38,0.49201
2,43,13,3410.73,0.521845
2,43,14,3419.12,0.545339
2,43,15,3410.59,0.554024
2,43,16,3378.01,0.544102
2,43,17,3318.96,0.516503
2,43,18,3235.85,0.476015
2,43,19,3135.07,0.430236
2,43,20,3026.15,0.38774
2,43,21,2919.8,0.356831
2,43,22,2825.61,0.343145
2,43,23,2751.05,0.348835
2,43,24,2701.38,0.372141
2,43,25,2679.16,0.408316
2,43,26,2684.59,0.45045
2,43,27,2714.4,0.491157
2,43,28,2762.24,0.523659
2,43,29,2819.67,0.543585
2,43,30,2878.21,0.549257
2,43,31,2931.68,0.540995
2,43,32,2976.99,0.520371
2,43,33,3014.51,0.489098
2,43,34,3047.34,0.449012
2,43,35,3079.27,0.40262
2,43,36,3114.05,0.353168
2,43,37,3154.37,0.304473
2,43,38,3201.08,0.259807
2,43,39,3254.42,0.2214
2,43,40,3312.62,0.190156
2,43,41,3375.08,0.166989
2,43,42,3440.04,0.152766
2,43,43,3504.42,0.148453
2,43,44,3562.77,0.153723
2,43,45,3607.17,0.165994
2,43,46,3627.7,0.180281
2,43,47,3612.42,0.189952
2,43,48,3546.87,0.189196
2,43,49,3412.9,0.175089
2,44,0,3439.9,0.487805
2,44,1,3621.18,0.587782
2,44,2,3730.95,0.662391
2,44,3,3784.41,0.702914
2,44,4,3793.13,0.706827
2,44,5,3766.04,0.67842
2,44,6,3711.85,0.627198
2,44,7,3641.43,0.566926
2,44,8,3568.74,0.512615
2,44,9,3508.82,0.477233
2,44,10,3472.74,0.468019
2,44,11,3462.71,0.483809
2,44,12,3472.2,0.516313
2,44,13,3488.21,0.552797
2,44,14,3497.11,0.580649
2,44,15,3488.26,0.591067
2,44,16,3455.39,0.580405
2,44,17,3396.33,0.550234
2,44,18,3313.47,0.506248
2,44,19,3213.15,0.456894
2,44,20,3104.92,0.411353
2,44,21,2999.7,0.37824
2,44,22,2907.55,0.363375
2,44,23,2836.14,0.369139
2,44,24,2790.63,0.394173
2,44,25,2772.67,0.434073
2,44,26,2781.31,0.482101
2,44,27,2812.14,0.530649
2,44,28,2858.65,0.572256
2,44,29,2913.18,0.60146
2,44,30,2968.55,0.61515
2,44,31,3019.69,0.612093
2,44,32,3063.92,0.59275
2,44,33,3101.49,0.558394
2,44,34,3134.93,0.511385
2,44,35,3167.5,0.455587
2,44,36,3202.55,0.395946
2,44,37,3242.57,0.337819
2,44,38,3288.21,0.285459
2,44,39,3339.76,0.241545
2,44,40,3395.72,0.206976
2,44,41,3455.97,0.182762
2,44,42,3519.24,0.169924
2,44,43,3582.75,0.169586
2,44,44,3641.11,0.181256
2,44,45,3686.17,0.201536
2,44,46,3707.77,0.223939
2,44,47,3693.69,0.239805
2,44,48,3629.22,0.241498
2,44,49,3495.58,0.22515
2,45,0,3454.17,0.527003
2,45,1,3635.76,0.62582
2,45,2,3745.4,0.694239
2,45,3,3798.64,0.724805
2,45,4,3807.58,0.717377
2,45,5,3781.75,0.678858
2,45,6,3730.59,0.6207
2,45,7,3665.55,0.557514
2,45,8,3600.52,0.504025
2,45,9,3549.4,0.472225
2,45,10,3521.32,0.468266
2,45,11,3516.75,0.489881
2,45,12,3528.65,0.527985
2,45,13,3544.82,0.56918
2,45,14,3553.08,0.600379
2,45,15,3544.02,0.612676
2,45,16,3512.07,0.602641
2,45,17,3455.29,0.572371
2,45,18,3375.89,0.528147
2,45,19,3279.8,0.478736
2,45,20,3176.05,0.433269
2,45,21,3075.08,0.399963
2,45,22,2986.78,0.384279
2,45,23,2918.82,0.388559
2,45,24,2876.27,0.411917
2,45,25,2860.21,0.450692
2,45,26,2868.98,0.498997
2,45,27,2897.67,0.54983
2,45,28,2940.08,0.595838
2,45,29,2989.73,0.631023
2,45,30,3040.76,0.651027
2,45,31,3089.02,0.652954
2,45,32,3132.01,0.635845
2,45,33,3169.5,0.600161
2,45,34,3203.28,0.548444
2,45,35,3236.03,0.485611
2,45,36,3270.78,0.41806
2,45,37,3309.89,0.352528
2,45,38,3354.01,0.294201
2,45,39,3403.49,0.246285
2,45,40,3457.11,0.209813
2,45,41,3515.13,0.185967
2,45,42,3576.75,0.175919
2,45,43,3639.4,0.180862
2,45,44,3697.73,0.200055
2,45,45,3743.34,0.229257
2,45,46,3765.79,0.260514
2,45,47,3752.64,0.28323
2,45,48,3688.97,0.288041
2,45,49,3555.54,0.270209
2,46,0,3443.19,0.552322
2,46,1,3626.86,0.648643
2,46,2,3738.03,0.710533
2,46,3,3792.4,0.731698
2,46,4,3802.5,0.714135
2,46,5,3778.51,0.667013
2,46,6,3730.53,0.603342
2,46,7,3670.4,0.538166
2,46,8,3611.69,0.485554
2,46,9,3567.1,0.456308
2,46,10,3544.15,0.455537
2,46,11,3542.3,0.480243
2,46,12,3554.58,0.521116
2,46,13,3569.84,0.564722
2,46,14,3577.18,0.598027
2,46,15,3568.22,0.612286
2,46,16,3537.99,0.604335
2,46,17,3484.74,0.576634
2,46,18,3410.51,0.535645
2,46,19,3320.63,0.489859
2,46,20,3223.26,0.447668
2,46,21,3127.83,0.416213
2,46,22,3043.7,0.400145
2,46,23,2978.3,0.401586
2,46,24,2936.75,0.420208
2,46,25,2920.02,0.453405
2,46,26,2926.3,0.496642
2,46,27,2950.71,0.544162
2,46,28,2987.67,0.58939
2,46,29,3031.8,0.626393
2,46,30,3078.4,0.649982
2,46,31,3123.95,0.65584
2,46,32,3165.87,0.641593
2,46,33,3203.38,0.606706
2,46,34,3237.5,0.553526
2,46,35,3270.36,0.487498
2,46,36,3304.78,0.415914
2,46,37,3343.11,0.346448
2,46,38,3386,0.285003
2,46,39,3433.88,0.235302
2,46,40,3485.76,0.198662
2,46,41,3542.21,0.176509
2,46,42,3602.78,0.170176
2,46,43,3665.07,0.180824
2,46,44,3723.66,0.207429
2,46,45,3769.83,0.245001
2,46,46,3792.79,0.284368
2,46,47,3779.79,0.313403
2,46,48,3715.66,0.321393
2,46,49,3580.89,0.302973
2,47,0,3392.2,0.550653
2,47,1,3580.48,0.64191
2,47,2,3695.45,0.696895
2,47,3,3752.52,0.7103
2,47,4,3764.6,0.68564
2,47,5,3742.55,0.633515
2,47,6,3697.23,0.567694
2,47,7,3640.92,0.502994
2,47,8,3586.89,0.452384
2,47,9,3546.81,0.425304
2,47,10,3526.99,0.425914
2,47,11,3526.33,0.450926
2,47,12,3538.17,0.491434
2,47,13,3552.28,0.534683
2,47,14,3558.78,0.568319
2,47,15,3550.07,0.584101
2,47,16,3521.65,0.579215
2,47,17,3472.01,0.556293
2,47,18,3403.03,0.521543
2,47,19,3319.45,0.482601
2,47,20,3228.42,0.446506
2,47,21,3138.2,0.418816
2,47,22,3057.4,0.403064
2,47,23,2993.16,0.401056
2,47,24,2950.73,0.413058
2,47,25,2931.33,0.437674
2,47,26,2933.45,0.471955
2,47,27,2952.57,0.51173
2,47,28,2983.8,0.551651
2,47,29,3022.66,0.586364
2,47,30,3065.27,0.610408
2,47,31,3108.5,0.61857
2,47,32,3149.63,0.607392
2,47,33,3187.37,0.575404
2,47,34,3222.09,0.524465
2,47,35,3255.49,0.459935
2,47,36,3290.24,0.389267
2,47,37,3328.67,0.320421
2,47,38,3371.41,0.259619
2,47,39,3418.94,0.210959
2,47,40,3470.36,0.176107
2,47,41,3526.47,0.156757
2,47,42,3587.08,0.154374
2,47,43,3649.87,0.170027
2,47,44,3709.27,0.202432
2,47,45,3756.13,0.246103
2,47,46,3779.12,0.291155
2,47,47,3765.01,0.324633
2,47,48,3698.25,0.335142
2,47,49,3559.22,0.317065
2,48,0,3286.27,0.515005
2,48,1,3481.56,0.597767
2,48,2,3602.68,0.645278
2,48,3,3664.04,0.653052
2,48,4,3678.74,0.625319
2,48,5,3658.42,0.573002
2,48,6,3614.9,0.509583
2,48,7,3561.1,0.448853
2,48,8,3510.22,0.402226
2,48,9,3473.13,0.377624
2,48,10,3455.24,0.378351
2,48,11,3455.06,0.401229
2,48,12,3466.26,0.438332
2,48,13,3479.29,0.478286
2,48,14,3485.02,0.510068
2,48,15,3476.38,0.526346
2,48,16,3449.31,0.524765
2,48,17,3402.56,0.507921
2,48,18,3337.91,0.481355
2,48,19,3259.58,0.451381
2,48,20,3173.77,0.423291
2,48,21,3087.62,0.400817
2,48,22,3008.95,0.386274
2,48,23,2944.59,0.381129
2,48,24,2899.98,0.38619
2,48,25,2876.77,0.401225
2,48,26,2873.96,0.424824
2,48,27,2887.58,0.454421
2,48,28,2913.32,0.486065
2,48,29,2947.39,0.515332
2,48,30,2986.44,0.537036
2,48,31,3027.59,0.545742
2,48,32,3068.06,0.537448
2,48,33,3106.19,0.510032
2,48,34,3141.9,0.464728
2,48,35,3176.56,0.406285
2,48,36,3212.66,0.341589
2,48,37,3252.48,0.278169
2,48,38,3296.56,0.222068
2,48,39,3345.3,0.177472
2,48,40,3397.81,0.146331
2,48,41,3455.01,0.130536
2,48,42,3516.92,0.131623
2,48,43,3581.24,0.150522
2,48,44,3642.16,0.185799
2,48,45,3689.92,0.231861
2,48,46,3712.41,0.278807
2,48,47,3695.61,0.313792
2,48,48,3623.47,0.325585
2,48,49,3476.61,0.30876
2,49,0,3110.78,0.447647
2,49,1,3313.55,0.518501
2,49,2,3442.2,0.557869
2,49,3,3509,0.562003
2,49,4,3526.75,0.535096
2,49,5,3507.88,0.487293
2,49,6,3465.42,0.430763
2,49,7,3413.16,0.377521
2,49,8,3364.4,0.337052
2,49,9,3329.38,0.315667
2,49,10,3312.78,0.315877
2,49,11,3312.76,0.334912
2,49,12,3323.24,0.366224
2,49,13,3335.16,0.400366
2,49,14,3339.96,0.428181
2,49,15,3331.01,0.443598
2,49,16,3304.66,0.444805
2,49,17,3259.94,0.434168
2,49,18,3198.65,0.416251
2,49,19,3124.54,0.395796
2,49,20,3043,0.376268
2,49,21,2960.15,0.359666
2,49,22,2883.07,0.347196
2,49,23,2818.26,0.340004
2,49,24,2771.26,0.339287
2,49,25,2744.16,0.345735
2,49,26,2736.5,0.359181
2,49,27,2744.89,0.378416
2,49,28,2765.53,0.400811
2,49,29,2795.07,0.423007
2,49,30,2830.57,0.440524
2,49,31,2869.37,0.448333
2,49,32,2908.78,0.442477
2,49,33,2947,0.420585
2,49,34,2983.7,0.383299
2,49,35,3019.99,0.334426
2,49,36,3058.15,0.27974
2,49,37,3100.25,0.225739
2,49,38,3146.7,0.177799
2,49,39,3197.71,0.139845
2,49,40,3252.35,0.113925
2,49,41,3311.6,0.10197
2,49,42,3375.61,0.105483
2,49,43,3442.11,0.125241
2,49,44,3505.02,0.159807
2,49,45,3553.79,0.203937
2,49,46,3575.21,0.248474
2,49,47,3554.2,0.281663
2,49,48,3474.19,0.293289
2,49,49,3316.89,0.278527
3,0,0,2236.05,0.170984
3,0,1,2408.64,0.200392
3,0,2,2528.14,0.219596
3,0,3,2598.9,0.22737
3,0,4,2632.38,0.225161
3,0,5,2641.8,0.215789
3,0,6,2637.97,0.202155
3,0,7,2626.95,0.186519
3,0,8,2609.98,0.170437
3,0,9,2585.57,0.155011
3,0,10,2552.38,0.140958
3,0,11,2510.77,0.128419
3,0,12,2463.97,0.117059
3,0,13,2416.07,0.105989
3,0,14,2371.42,0.094699
3,0,15,2332.69,0.0833455
3,0,16,2299.87,0.0731069
3,0,17,2270.55,0.0657903
3,0,18,2240.53,0.0632096
3,0,19,2205.31,0.0660116
3,0,20,2161.6,0.0733228
3,0,21,2107.9,0.0824596
3,0,22,2044.75,0.0899409
3,0,23,1973.68,0.0926963
3,0,24,1897.06,0.0893218
3,0,25,1817.55,0.0805621
3,0,26,1738.55,0.0689344
3,0,27,1663.79,0.0572944
3,0,28,1596.47,0.0475456
3,0,29,1538.3,0.0401129
3,0,30,1488.72,0.0342627
3,0,31,1445.53,0.0289385
3,0,32,1406.24,0.0234814
3,0,33,1369.17,0.0179102
3,0,34,1334.06,0.0126793
3,0,35,1301.8,0.00825016
3,0,36,1273.45,0.00497047
3,0,37,1249.71,0.00275618
3,0,38,1230.41,0.0014231
3,0,39,1214.99,0.000729483
3,0,40,1202.86,0.000457458
3,0,41,1193.73,0.000511594
3,0,42,1187.27,0.000857533
3,0,43,1182.62,0.00149097
3,0,44,1178.3,0.00239416
3,0,45,1172.11,0.00347954
3,0,46,1161.9,0.00456124
3,0,47,1146.42,0.00538995
3,0,48,1125.92,0.00574153
3,0,49,1102.16,0.00551287
3,1,0,2374.56,0.187447
3,1,1,2556.8,0.22076
3,1,2,2681.1,0.243337
3,1,3,2753.44,0.253654
3,1,4,2786.53,0.25312
3,1,5,2794.38,0.24475
3,1,6,2788.55,0.231846
3,1,7,2775.84,0.21715
3,1,8,2758.02,0.20258
3,1,9,2733.75,0.18932
3,1,10,2701.47,0.177798
3,1,11,2660.99,0.167575
3,1,12,2614.92,0.157629
3,1,13,2566.75,0.146497
3,1,14,2520.4,0.13337
3,1,15,2478.4,0.118538
3,1,16,2440.91,0.103634
3,1,17,2405.97,0.0911394
3,1,18,2370.03,0.083558
3,1,19,2329.23,0.0820024
3,1,20,2280.81,0.0857524
3,1,21,2223.52,0.0920683
3,1,22,2157.8,0.0973643
3,1,23,2084.75,0.0985676
3,1,24,2006.16,0.0944221
3,1,25,1924.17,0.0858427
3,1,26,1841.84,0.0754254
3,1,27,1762.86,0.0658301
3,1,28,1690.65,0.0584699
3,1,29,1627.23,0.0531167
3,1,30,1572.27,0.048424
3,1,31,1523.72,0.0429952
3,1,32,1479.12,0.0361996
3,1,33,1436.85,0.0284212
3,1,34,1396.69,0.0206291
3,1,35,1359.64,0.0137638
3,1,36,1326.84,0.00847892
3,1,37,1299.03,0.00481151
3,1,38,1276,0.00253967
3,1,39,1257.19,0.00131274
3,1,40,1242.01,0.000793246
3,1,41,1230.29,0.000807988
3,1,42,1221.81,0.00128047
3,1,43,1215.67,0.00217903
3,1,44,1210.21,0.00345605
3,1,45,1202.84,0.00496982
3,1,46,1190.98,0.00644757
3,1,47,1173.03,0.00754004
3,1,48,1149.13,0.00794906
3,1,49,1121.24,0.00755501
3,2,0,2450.85,0.191307
3,2,1,2637.59,0.226474
3,2,2,2764.13,0.251163
3,2,3,2837.32,0.263662
3,2,4,2870.32,0.265279
3,2,5,2877.43,0.259087
3,2,6,2870.62,0.248623
3,2,7,2857.24,0.236929
3,2,8,2839.58,0.226074
3,2,9,2816.57,0.217118
3,2,10,2786.48,0.210034
3,2,11,2748.67,0.203745
3,2,12,2705.04,0.196578
3,2,13,2658.39,0.186576
3,2,14,2611.98,0.172638
3,2,15,2568.04,0.155105
3,2,16,2526.77,0.135879
3,2,17,2486.77,0.117942
3,2,18,2445.41,0.104389
3,2,19,2399.95,0.0968732
3,2,20,2348.47,0.0950562
3,2,21,2290.17,0.0965223
3,2,22,2225.29,0.0980114
3,2,23,2154.23,0.0968062
3,2,24,2077.93,0.0919755
3,2,25,1997.72,0.0845482
3,2,26,1916.15,0.0769386
3,2,27,1836.73,0.0712612
3,2,28,1762.88,0.0681209
3,2,29,1696.82,0.0664118
3,2,30,1638.53,0.0640511
3,2,31,1586.22,0.0592645
3,2,32,1537.65,0.0514633
3,2,33,1491.4,0.0414505
3,2,34,1447.38,0.0307996
3,2,35,1406.7,0.0210489
3,2,36,1370.55,0.0132663
3,2,37,1339.68,0.00770726
3,2,38,1313.9,0.00415925
3,2,39,1292.61,0.00217152
3,2,40,1275.2,0.00127099
3,2,41,1261.54,0.00117881
3,2,42,1251.45,0.00175129
3,2,43,1244.01,0.00290807
3,2,44,1237.45,0.00455485
3,2,45,1228.98,0.00648397
3,2,46,1215.71,0.00832975
3,2,47,1195.78,0.00964411
3,2,48,1169.22,0.010065
3,2,49,1138.02,0.00946994
3,3,0,2468.65,0.184504
3,3,1,2656.69,0.219446
3,3,2,2784.53,0.244682
3,3,3,2858.97,0.258455
3,3,4,2892.97,0.262004
3,3,5,2900.68,0.258397
3,3,6,2894.13,0.251272
3,3,7,2881.03,0.243748
3,3,8,2864.16,0.23779
3,3,9,2842.77,0.234117
3,3,10,2815.19,0.232175
3,3,11,2780.43,0.230369
3,3,12,2739.85,0.226619
3,3,13,2695.52,0.218725
3,3,14,2650.01,0.205377
3,3,15,2605.06,0.18682
3,3,16,2560.83,0.164886
3,3,17,2516.45,0.142674
3,3,18,2470.41,0.123576
3,3,19,2421.34,0.109737
3,3,20,2368.43,0.101372
3,3,21,2311.37,0.0967508
3,3,22,2250.08,0.0933565
3,3,23,2184.1,0.0891465
3,3,24,2113.34,0.0836468
3,3,25,2038.27,0.0779363
3,3,26,1960.87,0.074039
3,3,27,1884.28,0.0733011
3,3,28,1811.77,0.0753737
3,3,29,1745.63,0.0782176
3,3,30,1686.03,0.0790101
3,3,31,1631.52,0.0755975
3,3,32,1580.24,0.0673927
3,3,33,1531.08,0.0555535
3,3,34,1484.23,0.0422161
3,3,35,1440.95,0.0295321
3,3,36,1402.52,0.0190469
3,3,37,1369.75,0.0113278
3,3,38,1342.44,0.00624745
3,3,39,1319.96,0.00329757
3,3,40,1301.57,0.00187841
3,3,41,1287.01,0.00158824
3,3,42,1276.03,0.00219124
3,3,43,1267.68,0.00353587
3,3,44,1260.16,0.0054667
3,3,45,1250.65,0.00770773
3,3,46,1236.19,0.00981211
3,3,47,1214.76,0.0112539
3,3,48,1186.22,0.0116324
3,3,49,1152.55,0.0108381
3,4,0,2438.23,0.171446
3,4,1,2625.56,0.204499
3,4,2,2754.56,0.228721
3,4,3,2831.25,0.242467
3,4,4,2867.8,0.246994
3,4,5,2877.72,0.245394
3,4,6,2872.75,0.241322
3,4,7,2860.66,0.237791
3,4,8,2844.61,0.236438
3,4,9,2824.34,0.237507
3,4,10,2798.47,0.239958
3,4,11,2766.04,0.241928
3,4,12,2728.11,0.241317
3,4,13,2686.18,0.236031
3,4,14,2642.1,0.224707
3,4,15,2597.04,0.207349
3,4,16,2550.95,0.185323
3,4,17,2503.4,0.161347
3,4,18,2453.98,0.138662
3,4,19,2402.7,0.119686
3,4,20,2349.91,0.105229
3,4,21,2295.73,0.0944864
3,4,22,2239.74,0.0859839
3,4,23,2180.6,0.0785758
3,4,24,2117.29,0.0723157
3,4,25,2049.51,0.0682859
3,4,26,1978.68,0.0680134
3,4,27,1907.54,0.0720328
3,4,28,1839,0.079111
3,4,29,1775.16,0.0864243
3,4,30,1716.22,0.0905563
3,4,31,1661.03,0.0890373
3,4,32,1608.17,0.081206
3,4,33,1557.01,0.0683977
3,4,34,1508.14,0.0531204
3,4,35,1463.1,0.0380165
3,4,36,1423.36,0.0250864
3,4,37,1389.81,0.0152648
3,4,38,1362.25,0.00859644
3,4,39,1339.93,0.00458887
3,4,40,1321.85,0.00255555
3,4,41,1307.49,0.00197604
3,4,42,1296.41,0.00250678
3,4,43,1287.55,0.00390916
3,4,44,1279.21,0.00596039
3,4,45,1268.74,0.00832735
3,4,46,1253.28,0.0105131
3,4,47,1230.75,0.0119534
3,4,48,1200.88,0.0122443
3,4,49,1165.46,0.0113027
3,5,0,2373.8,0.157532
3,5,1,2559.17,0.187742
3,5,2,2689.6,0.209711
3,5,3,2769.81,0.22203
3,5,4,2810.61,0.226096
3,5,5,2824.41,0.225104
3,5,6,2822.15,0.222708
3,5,7,2811.33,0.221713
3,5,8,2795.42,0.223325
3,5,9,2774.82,0.227298
3,5,10,2748.9,0.232231
3,5,11,2717.19,0.236287
3,5,12,2680.83,0.237716
3,5,13,2640.97,0.234876
3,5,14,2598.82,0.226546
3,5,15,2554.82,0.212423
3,5,16,2508.54,0.19312
3,5,17,2459.74,0.170511
3,5,18,2408.89,0.147201
3,5,19,2357.1,0.125534
3,5,20,2305.67,0.106784
3,5,21,2255.12,0.0911052
3,5,22,2204.74,0.0781868
3,5,23,2152.61,0.0678634
3,5,24,2097.09,0.0607246
3,5,25,2037.39,0.057835
3,5,26,1974.48,0.0602289
3,5,27,1910.59,0.0677474
3,5,28,1848.1,0.0785187
3,5,29,1788.61,0.0892454
3,5,30,1732.15,0.0961941
3,5,31,1677.73,0.0967175
3,5,32,1624.38,0.0900154
3,5,33,1572.02,0.0773696
3,5,34,1521.81,0.0613685
3,5,35,1475.74,0.0449002
3,5,36,1435.55,0.0302955
3,5,37,1402.23,0.0188431
3,5,38,1375.53,0.0108262
3,5,39,1354.48,0.00585098
3,5,40,1337.72,0.003209
3,5,41,1324.34,0.00229057
3,5,42,1313.63,0.00264681
3,5,43,1304.49,0.00394966
3,5,44,1295.4,0.00591528
3,5,45,1284.04,0.00817824
3,5,46,1267.79,0.0102376
3,5,47,1244.61,0.011541
3,5,48,1213.99,0.0117192
3,5,49,1177.45,0.0107221
3,6,0,2291.25,0.14754
3,6,1,2474.15,0.174847
3,6,2,2606.55,0.194002
3,6,3,2691.48,0.203883
3,6,4,2737.99,0.206107
3,6,5,2756.86,0.204028
3,6,6,2757.81,0.201318
3,6,7,2747.8,0.200581
3,6,8,2730.6,0.202651
3,6,9,2707.61,0.206922
3,6,10,2679.36,0.211829
3,6,11,2646.4,0.215778
3,6,12,2610.37,0.217615
3,6,13,2572.28,0.216363
3,6,14,2532.71,0.211123
3,6,15,2491.28,0.201347
3,6,16,2446.94,0.186809
3,6,17,2399.32,0.168283
3,6,18,2349.31,0.147362
3,6,19,2298.69,0.125939
3,6,20,2249.38,0.105475
3,6,21,2202.19,0.0869167
3,6,22,2156.42,0.0710247
3,6,23,2110.04,0.0585477
3,6,24,2061.29,0.0505544
3,6,25,2009.25,0.0480869
3,6,26,1954.55,0.0517708
3,6,27,1898.84,0.0609678
3,6,28,1843.74,0.0734954
3,6,29,1790.13,0.0859604
3,6,30,1737.61,0.0946496
3,6,31,1685.2,0.0969335
3,6,32,1632.35,0.0918624
3,6,33,1579.59,0.0804689
3,6,34,1528.78,0.0651223
3,6,35,1482.45,0.0486575
3,6,36,1442.68,0.0335298
3,6,37,1410.5,0.0212874
3,6,38,1385.51,0.0124633
3,6,39,1366.42,0.00682508
3,6,40,1351.4,0.00371338
3,6,41,1339.18,0.00247945
3,6,42,1328.81,0.00259545
3,6,43,1319.27,0.00366038
3,6,44,1309.35,0.00534971
3,6,45,1297.17,0.00729875
3,6,46,1280.41,0.0090509
3,6,47,1257.02,0.0101137
3,6,48,1226.21,0.0101819
3,6,49,1189.08,0.00923559
3,7,0,2205.81,0.144675
3,7,1,2386.55,0.169936
3,7,2,2521.57,0.186602
3,7,3,2612.05,0.193782
3,7,4,2664.91,0.193295
3,7,5,2688.98,0.188651
3,7,6,2692.54,0.183572
3,7,7,2681.99,0.180577
3,7,8,2661.57,0.180347
3,7,9,2633.96,0.182182
3,7,10,2601.29,0.184565
3,7,11,2565.49,0.186262
3,7,12,2528.95,0.186744
3,7,13,2492.67,0.185727
3,7,14,2456.52,0.182742
3,7,15,2419.21,0.177136
3,7,16,2378.87,0.167994
3,7,17,2334.69,0.155006
3,7,18,2287.56,0.138609
3,7,19,2239.41,0.119954
3,7,20,2192.41,0.100374
3,7,21,2147.64,0.0812937
3,7,22,2104.74,0.0642772
3,7,23,2062.12,0.0507845
3,7,24,2018.4,0.0422442
3,7,25,1972.83,0.0396705
3,7,26,1925.78,0.0433997
3,7,27,1878.3,0.0525469
3,7,28,1831.1,0.0649249
3,7,29,1784.15,0.0773767
3,7,30,1736.49,0.086511
3,7,31,1687.03,0.0899173
3,7,32,1635.55,0.0865579
3,7,33,1583.23,0.0771283
3,7,34,1532.67,0.0635749
3,7,35,1486.99,0.04842
3,7,36,1448.57,0.0340141
3,7,37,1418.37,0.0220063
3,7,38,1395.68,0.0131208
3,7,39,1378.74,0.00730165
3,7,40,1365.29,0.00399194
3,7,41,1353.78,0.00255849
3,7,42,1343.23,0.00243901
3,7,43,1332.89,0.00319094
3,7,44,1321.96,0.00447868
3,7,45,1309.02,0.005972
3,7,46,1292.04,0.0072985
3,7,47,1268.86,0.00806083
3,7,48,1238.29,0.00803389
3,7,49,1200.95,0.00722015
3,8,0,2129.95,0.150144
3,8,1,2309.45,0.174975
3,8,2,2447.56,0.190362
3,8,3,2543.52,0.195474
3,8,4,2602.02,0.192197
3,8,5,2629.96,0.184105
3,8,6,2634.29,0.174984
3,8,7,2621.06,0.167462
3,8,8,2595.29,0.162405
3,8,9,2561.22,0.159367
3,8,10,2522.81,0.15712
3,8,11,2483.51,0.154807
3,8,12,2446.43,0.152395
3,8,13,2412.48,0.150129
3,8,14,2380.7,0.147953
3,8,15,2348.77,0.145261
3,8,16,2313.93,0.14073
3,8,17,2274.78,0.133214
3,8,18,2231.85,0.122109
3,8,19,2186.87,0.107715
3,8,20,2142.01,0.0909989
3,8,21,2098.64,0.0735073
3,8,22,2056.97,0.0572375
3,8,23,2016.26,0.0440632
3,8,24,1975.85,0.0355993
3,8,25,1935.36,0.0328105
3,8,26,1895,0.0358585
3,8,27,1855.13,0.0438074
3,8,28,1815.57,0.0546803
3,8,29,1775.32,0.065764
3,8,30,1732.86,0.0741788
3,8,31,1686.92,0.0778819
3,8,32,1637.59,0.0758615
3,8,33,1586.61,0.0685203
3,8,34,1537.3,0.0573327
3,8,35,1493.31,0.0443664
3,8,36,1457.21,0.0316806
3,8,37,1429.68,0.0208457
3,8,38,1409.56,0.0126622
3,8,39,1394.55,0.0072098
3,8,40,1382.06,0.0040516
3,8,41,1370.46,0.00260988
3,8,42,1358.99,0.00233618
3,8,43,1347.37,0.00278112
3,8,44,1335.28,0.0036288
3,8,45,1321.7,0.00461077
3,8,46,1304.76,0.00546328
3,8,47,1282.05,0.00590349
3,8,48,1251.89,0.00578942
3,8,49,1214.35,0.00513709
3,9,0,2071.7,0.16339
3,9,1,2250.99,0.189905
3,9,2,2392.07,0.20594
3,9,3,2492.32,0.210441
3,9,4,2554.43,0.205096
3,9,5,2583.6,0.193362
3,9,6,2585.9,0.179077
3,9,7,2567.45,0.165205
3,9,8,2534.4,0.153194
3,9,9,2492.7,0.143262
3,9,10,2448.19,0.134741
3,9,11,2405.72,0.127156
3,9,12,2368.9,0.120751
3,9,13,2338.24,0.116021
3,9,14,2311.79,0.113168
3,9,15,2286.11,0.111683
3,9,16,2257.56,0.110119
3,9,17,2224.15,0.106851
3,9,18,2185.96,0.10054
3,9,19,2144.34,0.0907406
3,9,20,2101.38,0.0779544
3,9,21,2058.72,0.0635615
3,9,22,2017.29,0.0496134
3,9,23,1977.35,0.0380657
3,9,24,1939.1,0.0305157
3,9,25,1902.59,0.027835
3,9,26,1867.87,0.030098
3,9,27,1834.66,0.0364514
3,9,28,1801.95,0.0452338
3,9,29,1767.91,0.0542355
3,9,30,1730.55,0.0611343
3,9,31,1688.45,0.064314
3,9,32,1641.94,0.0629147
3,9,33,1593.23,0.0571932
3,9,34,1546.23,0.0482549
3,9,35,1504.97,0.0377162
3,9,36,1472.01,0.0272502
3,9,37,1447.61,0.0182002
3,9,38,1430.03,0.0113056
3,9,39,1416.51,0.00669851
3,9,40,1404.26,0.00403775
3,9,41,1391.87,0.00281008
3,9,42,1379,0.0025148
3,9,43,1365.97,0.00272012
3,9,44,1352.87,0.00315428
3,9,45,1338.98,0.00362962
3,9,46,1322.32,0.00400214
3,9,47,1300.14,0.00411054
3,9,48,1270.15,0.00389138
3,9,49,1231.91,0.00336829
3,10,0,2033.6,0.182189
3,10,1,2213.25,0.212559
3,10,2,2356.42,0.231478
3,10,3,2458.93,0.23733
3,10,4,2521.84,0.231261
3,10,5,2549.19,0.216352
3,10,6,2546.61,0.196442
3,10,7,2520.76,0.175009
3,10,8,2479.11,0.15447
3,10,9,2429.41,0.136116
3,10,10,2379.27,0.120135
3,10,11,2334.64,0.106483
3,10,12,2299.29,0.095485
3,10,13,2273.01,0.0875789
3,10,14,2252.68,0.0829704
3,10,15,2233.71,0.0811857
3,10,16,2211.69,0.0808144
3,10,17,2184.11,0.0800911
3,10,18,2150.59,0.0773221
3,10,19,2112.18,0.071558
3,10,20,2070.85,0.062897
3,10,21,2028.58,0.0523844
3,10,22,1987.05,0.0418258
3,10,23,1947.5,0.0329634
3,10,24,1910.94,0.02718
3,10,25,1877.79,0.0251957
3,10,26,1847.9,0.0270468
3,10,27,1820.44,0.0320316
3,10,28,1793.7,0.0388167
3,10,29,1765.25,0.0456397
3,10,30,1732.78,0.0506628
3,10,31,1694.8,0.0526657
3,10,32,1651.82,0.0510392
3,10,33,1606.39,0.0460806
3,10,34,1562.74,0.0387207
3,10,35,1525.03,0.0302447
3,10,36,1495.66,0.0219451
3,10,37,1474.38,0.0148569
3,10,38,1458.94,0.00954072
3,10,39,1446.32,0.00608518
3,10,40,1433.79,0.00418839
3,10,41,1420.35,0.00337657
3,10,42,1406.24,0.00320349
3,10,43,1392.32,0.00325956
3,10,44,1378.98,0.00333045
3,10,45,1365.47,0.00332138
3,10,46,1349.52,0.00321247
3,10,47,1327.8,0.00296582
3,10,48,1297.41,0.00259092
3,10,49,1257.42,0.00211728
3,11,0,2013.57,0.203054
3,11,1,2193.32,0.238934
3,11,2,2337.01,0.262664
3,11,3,2439.33,0.271764
3,11,4,2500.25,0.266509
3,11,5,2523.13,0.249351
3,11,6,2513.65,0.224031
3,11,7,2479.2,0.194651
3,11,8,2428.7,0.164846
3,11,9,2371.56,0.137292
3,11,10,2316.93,0.113286
3,11,11,2271.54,0.0932941
3,11,12,2238.98,0.0776102
3,11,13,2218.07,0.0663717
3,11,14,2204.45,0.0595379
3,11,15,2192.4,0.0565238
3,11,16,2176.79,0.0559961
3,11,17,2154.7,0.0562729
3,11,18,2125.4,0.0556467
3,11,19,2089.68,0.0529548
3,11,20,2049.54,0.0480474
3,11,21,2007.37,0.041598
3,11,22,1965.62,0.0349846
3,11,23,1926.44,0.0295199
3,11,24,1891.53,0.0262033
3,11,25,1861.56,0.0255313
3,11,26,1836.07,0.0275121
3,11,27,1813.76,0.0316204
3,11,28,1792.36,0.0368244
3,11,29,1769.05,0.041712
3,11,30,1741.42,0.0448063
3,11,31,1707.97,0.0452006
3,11,32,1669.38,0.0425834
3,11,33,1628.28,0.0374474
3,11,34,1588.91,0.0307501
3,11,35,1555.31,0.0236122
3,11,36,1529.51,0.0170228
3,11,37,1510.86,0.0117013
3,11,38,1496.84,0.00795763
3,11,39,1484.48,0.00575722
3,11,40,1471.44,0.00476885
3,11,41,1457.3,0.0045097
3,11,42,1442.84,0.00456837
3,11,43,1429.31,0.00454405
3,11,44,1417.13,0.00428327
3,11,45,1405.21,0.00379264
3,11,46,1390.65,0.00317998
3,11,47,1369.43,0.00253206
3,11,48,1337.93,0.00192776
3,11,49,1294.81,0.0014034
3,12,0,2008.33,0.222545
3,12,1,2187.23,0.264756
3,12,2,2329.48,0.294499
3,12,3,2429.18,0.308247
3,12,4,2485.77,0.305191
3,12,5,2502.46,0.286972
3,12,6,2485.26,0.257122
3,12,7,2442.41,0.220343
3,12,8,2384.09,0.181545
3,12,9,2321.13,0.144897
3,12,10,2263.8,0.112949
3,12,11,2219.25,0.0867701
3,12,12,2190.63,0.0666229
3,12,13,2175.71,0.0522355
3,12,14,2168.96,0.0431591
3,12,15,2163.66,0.038557
3,12,16,2154,0.037124
3,12,17,2136.71,0.0373607
3,12,18,2110.75,0.0377741
3,12,19,2076.83,0.0372333
3,12,20,2037.1,0.0355172
3,12,21,1994.46,0.0329744
3,12,22,1952.18,0.0304833
3,12,23,1913.3,0.0287894
3,12,24,1880.05,0.0283742
3,12,25,1853.22,0.0294275
3,12,26,1831.99,0.0319129
3,12,27,1814.54,0.0354951
3,12,28,1798.18,0.0394379
3,12,29,1779.87,0.0426204
3,12,30,1757.22,0.0438284
3,12,31,1728.86,0.0423804
3,12,32,1695.53,0.0382511
3,12,33,1659.75,0.0322019
3,12,34,1625.42,0.0253492
3,12,35,1596.13,0.01879
3,12,36,1573.46,0.0133099
3,12,37,1556.57,0.00936003
3,12,38,1543.04,0.00698134
3,12,39,1530.42,0.00597074
3,12,40,1517,0.00590963
3,12,41,1503.05,0.00625395
3,12,42,1489.78,0.00659322
3,12,43,1478.55,0.00651468
3,12,44,1469.42,0.00592347
3,12,45,1460.65,0.00493334
3,12,46,1448.46,0.00378306
3,12,47,1427.95,0.00268355
3,12,48,1394.75,0.00178031
3,12,49,1347.1,0.00111728
3,13,0,2014.21,0.238078
3,13,1,2190.8,0.286532
3,13,2,2329.37,0.322542
3,13,3,2424.02,0.3415
3,13,4,2474.3,0.341482
3,13,5,2483.75,0.323297
3,13,6,2459,0.290218
3,13,7,2409.11,0.24742
3,13,8,2345.27,0.200924
3,13,9,2279.21,0.15626
3,13,10,2221.76,0.117183
3,13,11,2180.02,0.0854103
3,13,12,2156.48,0.0612463
3,13,13,2147.93,0.0440514
3,13,14,2147.85,0.0329477
3,13,15,2148.7,0.0267832
3,13,16,2144.14,0.0242134
3,13,17,2130.58,0.023925
3,13,18,2106.76,0.0247433
3,13,19,2073.4,0.025721
3,13,20,2032.97,0.0266997
3,13,21,1988.98,0.0277816
3,13,22,1945.58,0.0293448
3,13,23,1906.62,0.0314954
3,13,24,1874.87,0.0340967
3,13,25,1851.08,0.0369478
3,13,26,1834.02,0.0399408
3,13,27,1821.33,0.0429557
3,13,28,1809.9,0.0455986
3,13,29,1796.57,0.0470625
3,13,30,1779.11,0.0463705
3,13,31,1756.35,0.0430071
3,13,32,1729.06,0.0371745
3,13,33,1699.43,0.0298773
3,13,34,1670.74,0.022415
3,13,35,1645.82,0.0159261
3,13,36,1625.75,0.0110695
3,13,37,1609.71,0.00809669
3,13,38,1595.85,0.00680086
3,13,39,1582.63,0.00680408
3,13,40,1569.26,0.00757035
3,13,41,1556.72,0.00846298
3,13,42,1546.44,0.00904631
3,13,43,1539.53,0.00888564
3,13,44,1535.39,0.00794324
3,13,45,1531.3,0.00644073
3,13,46,1522.46,0.00474351
3,13,47,1503,0.00317704
3,13,48,1467.76,0.00194524
3,13,49,1414.51,0.00109724
3,14,0,2029.67,0.249443
3,14,1,2202.42,0.303461
3,14,2,2335.04,0.345188
3,14,3,2422.23,0.369042
3,14,4,2464.27,0.372167
3,14,5,2465.6,0.354711
3,14,6,2433.78,0.319731
3,14,7,2378.74,0.272713
3,14,8,2312.31,0.220455
3,14,9,2246.51,0.169496
3,14,10,2192.02,0.124576
3,14,11,2155.31,0.0880389
3,14,12,2137.98,0.060347
3,14,13,2135.89,0.0406475
3,14,14,2141.87,0.0277353
3,14,15,2147.82,0.0201648
3,14,16,2147.09,0.0165038
3,14,17,2135.87,0.0155801
3,14,18,2112.8,0.0165439
3,14,19,2078.73,0.0186916
3,14,20,2036.48,0.0219942
3,14,21,1990.28,0.026377
3,14,22,1945.1,0.0317476
3,14,23,1905.62,0.0375454
3,14,24,1875.04,0.0429515
3,14,25,1854.09,0.0473081
3,14,26,1841.08,0.0504147
3,14,27,1833.04,0.0524101
3,14,28,1826.43,0.0533388
3,14,29,1817.99,0.0528081
3,14,30,1805.71,0.0501282
3,14,31,1788.67,0.0449314
3,14,32,1767.71,0.037558
3,14,33,1744.63,0.0291452
3,14,34,1721.83,0.0210952
3,14,35,1701.26,0.0145635
3,14,36,1683.42,0.0101119
3,14,37,1667.7,0.00785122
3,14,38,1653.1,0.00736982
3,14,39,1639.34,0.00814206
3,14,40,1626.72,0.00952316
3,14,41,1616.89,0.0107922
3,14,42,1611.29,0.0114898
3,14,43,1610.44,0.0111734
3,14,44,1612.77,0.00986432
3,14,45,1614.44,0.00788185
3,14,46,1609.56,0.00569634
3,14,47,1591.36,0.00372079
3,14,48,1553.97,0.00219905
3,14,49,1494.56,0.00117847
3,15,0,2056.06,0.259215
3,15,1,2223.77,0.317965
3,15,2,2348.4,0.364323
3,15,3,2425.83,0.391944
3,15,4,2457.66,0.397417
3,15,5,2449.82,0.380607
3,15,6,2411.2,0.344545
3,15,7,2352.7,0.294889
3,15,8,2286.49,0.238815
3,15,9,2224.25,0.183405
3,15,10,2175.73,0.134043
3,15,11,2146.13,0.0936172
3,15,12,2135.87,0.0628515
3,15,13,2139.93,0.0408753
3,15,14,2150.81,0.0263137
3,15,15,2160.27,0.0175005
3,15,16,2161.68,0.0129002
3,15,17,2151.2,0.0114304
3,15,18,2127.56,0.0125223
3,15,19,2091.79,0.0157081
3,15,20,2047.1,0.0210874
3,15,21,1998.27,0.0284376
3,15,22,1951.03,0.0372199
3,15,23,1910.73,0.0462071
3,15,24,1880.95,0.0538855
3,15,25,1862.46,0.0591221
3,15,26,1853.13,0.0616379
3,15,27,1849.4,0.0618927
3,15,28,1847.24,0.0604834
3,15,29,1843.24,0.0575604
3,15,30,1835.58,0.0528082
3,15,31,1823.72,0.0460143
3,15,32,1808.62,0.0375575
3,15,33,1791.75,0.0285516
3,15,34,1774.68,0.0203534
3,15,35,1758.34,0.0140433
3,15,36,1742.67,0.010067
3,15,37,1727.29,0.0084239
3,15,38,1712.17,0.00854291
3,15,39,1698.47,0.00979791
3,15,40,1687.6,0.0114812
3,15,41,1681.83,0.0128426
3,15,42,1682.35,0.0134375
3,15,43,1688.78,0.0128587
3,15,44,1698.39,0.0111915
3,15,45,1706.15,0.00882765
3,15,46,1705.26,0.00629843
3,15,47,1688.25,0.00405751
3,15,48,1648.62,0.0023582
3,15,49,1582.94,0.00123549
3,16,0,2095.76,0.271979
3,16,1,2257.88,0.334797
3,16,2,2373.21,0.384394
3,16,3,2439.15,0.413951
3,16,4,2459.15,0.420032
3,16,5,2441.08,0.402779
3,16,6,2395.56,0.365527
3,16,7,2334.62,0.314072
3,16,8,2270.58,0.255606
3,16,9,2214.29,0.197286
3,16,10,2173.89,0.144775
3,16,11,2152.7,0.10135
3,16,12,2149.65,0.0680387
3,16,13,2158.92,0.044087
3,16,14,2172.96,0.0280694
3,16,15,2183.84,0.018167
3,16,16,2185.39,0.0127582
3,16,17,2174.07,0.0108363
3,16,18,2148.83,0.012076
3,16,19,2110.96,0.0162143
3,16,20,2063.92,0.0234264
3,16,21,2012.84,0.0333157
3,16,22,1963.9,0.0448927
3,16,23,1922.87,0.0562923
3,16,24,1893.69,0.0653676
3,16,25,1877.2,0.0705821
3,16,26,1870.99,0.0716522
3,16,27,1870.97,0.0694288
3,16,28,1872.55,0.0651401
3,16,29,1872.09,0.0595652
3,16,30,1867.9,0.0528237
3,16,31,1859.86,0.0448604
3,16,32,1849.24,0.0360002
3,16,33,1837.41,0.027178
3,16,34,1825.28,0.0195424
3,16,35,1812.88,0.0139763
3,16,36,1799.57,0.0107569
3,16,37,1785.13,0.00976469
3,16,38,1770.44,0.0103082
3,16,39,1757.95,0.0117182
3,16,40,1750.16,0.0133011
3,16,41,1749.77,0.014373
3,16,42,1757.52,0.0145773
3,16,43,1771.89,0.0136042
3,16,44,1788.89,0.0116071
3,16,45,1802.43,0.00901008
3,16,46,1805.04,0.00634239
3,16,47,1788.87,0.00403695
3,16,48,1746.98,0.00231892
3,16,49,1675.3,0.00119896
3,17,0,2149.94,0.291691
3,17,1,2306.8,0.358067
3,17,2,2412.61,0.409325
3,17,3,2466.57,0.438513
3,17,4,2474.19,0.44278
3,17,5,2445.45,0.423185
3,17,6,2392.9,0.383771
3,17,7,2329.78,0.330521
3,17,8,2268.54,0.270393
3,17,9,2218.92,0.210241
3,17,10,2187.05,0.155671
3,17,11,2174.02,0.110165
3,17,12,2177.13,0.0750097
3,17,13,2189.8,0.0495959
3,17,14,2204.71,0.0324786
3,17,15,2214.66,0.0217142
3,17,16,2214.3,0.0156334
3,17,17,2200.72,0.0133358
3,17,18,2173.33,0.0147299
3,17,19,2133.67,0.0197229
3,17,20,2085.25,0.0284752
3,17,21,2033.19,0.0403385
3,17,22,1983.68,0.0538435
3,17,23,1942.58,0.0665563
3,17,24,1914.06,0.0758531
3,17,25,1899.13,0.0799738
3,17,26,1895.31,0.0787732
3,17,27,1898.1,0.0735531
3,17,28,1902.37,0.0661744
3,17,29,1904.15,0.0580283
3,17,30,1901.81,0.0496541
3,17,31,1895.68,0.0411282
3,17,32,1887.54,0.0326491
3,17,33,1878.93,0.0248594
3,17,34,1870.45,0.0185699
3,17,35,1861.46,0.0143559
3,17,36,1850.82,0.0122608
3,17,37,1838.28,0.0120103
3,17,38,1825.39,0.0128211
3,17,39,1815.69,0.0140376
3,17,40,1812.48,0.0150741
3,17,41,1818.7,0.0154289
3,17,42,1834.43,0.014923
3,17,43,1856.94,0.0134105
3,17,44,1880.99,0.0111111
3,17,45,1899.68,0.00843289
3,17,46,1905.16,0.0058335
3,17,47,1889.5,0.00366238
3,17,48,1845.5,0.0020806
3,17,49,1768.43,0.0010649
3,18,0,2217.4,0.319787
3,18,1,2370.13,0.389145
3,18,2,2467.58,0.440346
3,18,3,2510.75,0.466669
3,18,4,2507.13,0.466435
3,18,5,2468.62,0.442198
3,18,6,2409.49,0.399107
3,18,7,2344.11,0.343466
3,18,8,2285.05,0.281893
3,18,9,2240.98,0.220714
3,18,10,2216.04,0.165225
3,18,11,2209.11,0.118891
3,18,12,2215.93,0.0830867
3,18,13,2229.32,0.0572171
3,18,14,2242.34,0.0397185
3,18,15,2248.8,0.0284945
3,18,16,2244.53,0.0218896
3,18,17,2227.57,0.0192044
3,18,18,2197.96,0.0206346
3,18,19,2157.43,0.026256
3,18,20,2109.3,0.0361195
3,18,21,2058.23,0.0492161
3,18,22,2009.9,0.0635548
3,18,23,1969.87,0.0762357
3,18,24,1942.36,0.0843926
3,18,25,1928.61,0.086311
3,18,26,1926.33,0.082176
3,18,27,1930.81,0.0737761
3,18,28,1936.47,0.0635135
3,18,29,1939,0.0532573
3,18,30,1936.76,0.0438583
3,18,31,1930.49,0.0354638
3,18,32,1922.61,0.0281035
3,18,33,1915.15,0.0220804
3,18,34,1908.77,0.0178019
3,18,35,1902.47,0.0154646
3,18,36,1894.64,0.0148196
3,18,37,1884.96,0.0153877
3,18,38,1875.35,0.0163117
3,18,39,1869.99,0.0170002
3,18,40,1872.7,0.0170659
3,18,41,1886.41,0.016299
3,18,42,1910.43,0.0147819
3,18,43,1940.85,0.0125827
3,18,44,1971.4,0.00998043
3,18,45,1994.6,0.00732099
3,18,46,2002.55,0.00493303
3,18,47,1987.41,0.00303402
3,18,48,1941.84,0.00169575
3,18,49,1860.42,0.000854984
3,19,0,2294.87,0.35428
3,19,1,2445.13,0.425849
3,19,2,2536.45,0.475377
3,19,3,2571.57,0.496677
3,19,4,2559.59,0.489669
3,19,5,2513.75,0.458796
3,19,6,2449.46,0.410604
3,19,7,2381.84,0.351892
3,19,8,2323.49,0.288987
3,19,9,2282.3,0.227623
3,19,10,2260.89,0.172598
3,19,11,2256.37,0.127089
3,19,12,2263.3,0.0922773
3,19,13,2274.05,0.0673189
3,19,14,2282.18,0.0503538
3,19,15,2282.68,0.0390987
3,19,16,2272.72,0.0320185
3,19,17,2251.54,0.0287723
3,19,18,2219.94,0.0299534
3,19,19,2179.83,0.0358339
3,19,20,2133.99,0.0462688
3,19,21,2086.15,0.0597726
3,19,22,2041,0.0737896
3,19,23,2003.4,0.0850754
3,19,24,1977.41,0.0907861
3,19,25,1964.54,0.0895495
3,19,26,1962.88,0.0820771
3,19,27,1967.78,0.0706472
3,19,28,1973.47,0.0580411
3,19,29,1975.37,0.0463898
3,19,30,1971.77,0.0366851
3,19,31,1963.78,0.0290633
3,19,32,1954.45,0.0233753
3,19,33,1946.43,0.0196006
3,19,34,1940.72,0.0177431
3,19,35,1936.25,0.0175974
3,19,36,1931.14,0.0185829
3,19,37,1924.92,0.0199723
3,19,38,1919.61,0.0208499
3,19,39,1919.72,0.0207301
3,19,40,1929.18,0.0194962
3,19,41,1950.7,0.0173086
3,19,42,1982.81,0.0145642
3,19,43,2020.6,0.0115659
3,19,44,2057.01,0.0086365
3,19,45,2084.3,0.0060271
3,19,46,2094.7,0.00390303
3,19,47,2080.56,0.00232531
3,19,48,2034.43,0.00126707
3,19,49,1950.16,0.000623901
3,20,0,2378.35,0.390718
3,20,1,2528.09,0.46358
3,20,2,2616.15,0.510207
3,20,3,2646.87,0.525129
3,20,4,2630.48,0.510015
3,20,5,2580.85,0.471323
3,20,6,2513.67,0.417144
3,20,7,2444.16,0.354964
3,20,8,2384.78,0.291006
3,20,9,2343.04,0.230467
3,20,10,2320.75,0.177524
3,20,11,2314.06,0.134764
3,20,12,2316.89,0.102813
3,20,13,2321.46,0.0802635
3,20,14,2321.84,0.064765
3,20,15,2314.16,0.0538406
3,20,16,2297.06,0.046212
3,20,17,2271.11,0.0420759
3,20,18,2237.96,0.0425544
3,20,19,2199.54,0.0481646
3,20,20,2157.85,0.0585153
3,20,21,2115.3,0.0715717
3,20,22,2075.17,0.084206
3,20,23,2041.33,0.0929568
3,20,24,2017.46,0.0952339
3,20,25,2005.25,0.0902476
3,20,26,2003.34,0.0793715
3,20,27,2007.42,0.0653331
3,20,28,2011.87,0.0511036
3,20,29,2012.08,0.0388447
3,20,30,2006.31,0.0295096
3,20,31,1995.92,0.0231443
3,20,32,1984.42,0.0194315
3,20,33,1974.99,0.0180806
3,20,34,1969.07,0.0187351
3,20,35,1965.67,0.0208076
3,20,36,1962.9,0.0233797
3,20,37,1960.14,0.0254654
3,20,38,1959.44,0.0261178
3,20,39,1965.31,0.0249936
3,20,40,1981.53,0.0222885
3,20,41,2010.43,0.0185591
3,20,42,2049.83,0.0145222
3,20,43,2094.06,0.0106964
3,20,44,2135.61,0.0074264
3,20,45,2166.66,0.00485167
3,20,46,2179.71,0.00296917
3,20,47,2167.33,0.00168547
3,20,48,2121.94,0.000882371
3,20,49,2036.55,0.000418105
3,21,0,2464.9,0.424269
3,21,1,2616.09,0.497782
3,21,2,2703.81,0.541196
3,21,3,2733.8,0.549723
3,21,4,2717.01,0.526601
3,21,5,2667.25,0.480128
3,21,6,2599.66,0.419925
3,21,7,2528.85,0.354363
3,21,8,2466.85,0.28983
3,21,9,2421.11,0.231139
3,21,10,2393.47,0.181764
3,21,11,2380.02,0.143405
3,21,12,2374.71,0.115797
3,21,13,2369.94,0.0966957
3,21,14,2360.23,0.0831578
3,21,15,2342.79,0.0725764
3,21,16,2317.65,0.0640749
3,21,17,2286.7,0.0585258
3,21,18,2252.41,0.057663
3,21,19,2216.59,0.0622787
3,21,20,2180.26,0.0717334
3,21,21,2144.3,0.0834604
3,21,22,2110.39,0.0938328
3,21,23,2081.22,0.0993094
3,21,24,2059.93,0.0977072
3,21,25,2048.26,0.0889282
3,21,26,2045.43,0.0750164
3,21,27,2047.7,0.0590435
3,21,28,2049.96,0.0439809
3,21,29,2047.9,0.0318293
3,21,30,2039.88,0.0233668
3,21,31,2027.42,0.018498
3,21,32,2014.17,0.0167665
3,21,33,2003.56,0.0176819
3,21,34,1997.29,0.0205975
3,21,35,1994.55,0.0246014
3,21,36,1993.56,0.0284738
3,21,37,1993.76,0.0310069
3,21,38,1997.18,0.0312651
3,21,39,2008.25,0.0290744
3,21,40,2030.4,0.0249434
3,21,41,2065.5,0.0197899
3,21,42,2110.86,0.0146005
3,21,43,2160.31,0.0100549
3,21,44,2206.13,0.00649149
3,21,45,2240.6,0.00393913
3,21,46,2256.5,0.00224723
3,21,47,2246.57,0.00119308
3,21,48,2203.08,0.000588264
3,21,49,2118.21,0.000262269
3,22,0,2553.3,0.451862
3,22,1,2707.74,0.526001
3,22,2,2797.58,0.566996
3,22,3,2829.78,0.570494
3,22,4,2815.64,0.540848
3,22,5,2768.48,0.487808
3,22,6,2702.32,0.422394
3,22,7,2630.6,0.354025
3,22,8,2564.7,0.289535
3,22,9,2512.2,0.233517
3,22,10,2475.61,0.188675
3,22,11,2451.78,0.155586
3,22,12,2435.3,0.132857
3,22,13,2419.01,0.117304
3,22,14,2397.88,0.105447
3,22,15,2370,0.0947084
3,22,16,2336.58,0.0847302
3,22,17,2300.65,0.0770893
3,22,18,2265.34,0.0740912
3,22,19,2232.26,0.0767727
3,22,20,2201.4,0.0842951
3,22,21,2172.16,0.0937043
3,22,22,2144.67,0.101069
3,22,23,2120.45,0.102936
3,22,24,2101.97,0.0975973
3,22,25,2090.86,0.0855922
3,22,26,2086.75,0.0694829
3,22,27,2086.63,0.052501
3,22,28,2086.19,0.0374443
3,22,29,2081.77,0.0260278
3,22,30,2072.03,0.0187905
3,22,31,2058.53,0.0154834
3,22,32,2044.83,0.0155464
3,22,33,2034.15,0.0183481
3,22,34,2028.14,0.0230236
3,22,35,2026.11,0.028416
3,22,36,2026.49,0.0330854
3,22,37,2028.97,0.0356926
3,22,38,2035.64,0.0353785
3,22,39,2050.83,0.0321613
3,22,40,2077.55,0.0268265
3,22,41,2117.25,0.0205663
3,22,42,2166.87,0.0145431
3,22,43,2220.05,0.00951583
3,22,44,2269.04,0.00578492
3,22,45,2306.34,0.00328066
3,22,46,2324.96,0.00174158
3,22,47,2317.76,0.000854534
3,22,48,2276.82,0.000389328
3,22,49,2193.54,0.000158901
3,23,0,2643.19,0.47346
3,23,1,2802.37,0.549089
3,23,2,2896.11,0.58954
3,23,3,2932.36,0.590487
3,23,4,2922.59,0.556802
3,23,5,2879.37,0.499201
3,23,6,2815.39,0.429917
3,23,7,2742.7,0.359522
3,23,8,2671.87,0.295526
3,23,9,2610.71,0.242434
3,23,10,2562.8,0.20214
3,23,11,2526.33,0.173971
3,23,12,2496.97,0.15535
3,23,13,2468.25,0.142261
3,23,14,2435.53,0.130933
3,23,15,2397.53,0.119048
3,23,16,2356.26,0.106827
3,23,17,2315.55,0.0964218
3,23,18,2278.95,0.0904982
3,23,19,2247.82,0.0902092
3,23,20,2221.31,0.0945942
3,23,21,2197.62,0.100578
3,23,22,2175.65,0.104251
3,23,23,2155.9,0.102468
3,23,24,2140.16,0.0939973
3,23,25,2129.7,0.0798271
3,23,26,2124.41,0.0627414
3,23,27,2121.91,0.0458757
3,23,28,2118.86,0.0316973
3,23,29,2112.48,0.0215751
3,23,30,2101.92,0.0158104
3,23,31,2088.8,0.0140208
3,23,32,2076.28,0.0155714
3,23,33,2067.07,0.0197273
3,23,34,2062.43,0.0254734
3,23,35,2061.65,0.0315109
3,23,36,2063.4,0.036311
3,23,37,2067.76,0.0385432
3,23,38,2076.98,0.0375062
3,23,39,2095.28,0.0334193
3,23,40,2125.22,0.0272691
3,23,41,2167.9,0.0203931
3,23,42,2220.07,0.0140033
3,23,43,2275.39,0.00884528
3,23,44,2326.29,0.00515185
3,23,45,2365.51,0.00277519
3,23,46,2386.24,0.00138817
3,23,47,2381.38,0.000631705
3,23,48,2342.84,0.000264234
3,23,49,2261.35,9.68358e-05
3,24,0,2734.77,0.492453
3,24,1,2899.7,0.571355
3,24,2,2998.29,0.613853
3,24,3,3039.31,0.615183
3,24,4,3034.24,0.580175
3,24,5,2994.92,0.520099
3,24,6,2932.74,0.448253
3,24,7,2858.43,0.376424
3,24,8,2781.8,0.312929
3,24,9,2710.93,0.262245
3,24,10,2650.63,0.225441
3,24,11,2600.73,0.200599
3,24,12,2558.23,0.184102
3,24,13,2517.53,0.17142
3,24,14,2474.26,0.158889
3,24,15,2427.41,0.14471
3,24,16,2379.3,0.129647
3,24,17,2334.07,0.116137
3,24,18,2295.44,0.10681
3,24,19,2264.58,0.10269
3,24,20,2240.19,0.102753
3,24,21,2219.77,0.10413
3,24,22,2201.47,0.103349
3,24,23,2185.05,0.0978513
3,24,24,2171.6,0.0868889
3,24,25,2161.92,0.0716647
3,24,26,2155.86,0.0548421
3,24,27,2151.5,0.039186
3,24,28,2146.42,0.0267034
3,24,29,2138.8,0.0183978
3,24,30,2128.41,0.0143683
3,24,31,2116.95,0.0141214
3,24,32,2107.1,0.016947
3,24,33,2100.82,0.0220016
3,24,34,2098.79,0.0281584
3,24,35,2100.14,0.0340742
3,24,36,2103.84,0.0382851
3,24,37,2110.33,0.0396363
3,24,38,2122.04,0.0376798
3,24,39,2143.03,0.0328449
3,24,40,2175.4,0.0262375
3,24,41,2219.9,0.0192072
3,24,42,2273.23,0.0128922
3,24,43,2329.28,0.00793947
3,24,44,2380.81,0.00448838
3,24,45,2420.82,0.00233248
3,24,46,2442.6,0.00111847
3,24,47,2439.09,0.000479141
3,24,48,2402.02,0.000185848
3,24,49,2321.6,6.12541e-05
3,25,0,2828.31,0.51522
3,25,1,2999.41,0.599894
3,25,2,3103.02,0.64718
3,25,3,3148.59,0.651478
3,25,4,3147.58,0.617224
3,25,5,3111.15,0.556047
3,25,6,3049.63,0.482274
3,25,7,2972.65,0.408931
3,25,8,2889.41,0.345171
3,25,9,2808.32,0.295447
3,25,10,2735.49,0.260035
3,25,11,2672.46,0.235929
3,25,12,2617.78,0.218792
3,25,13,2566.65,0.20403
3,25,14,2514.85,0.188519
3,25,15,2461.17,0.171185
3,25,16,2407.65,0.153193
3,25,17,2358.22,0.13684
3,25,18,2316.52,0.12422
3,25,19,2283.67,0.115884
3,25,20,2258.44,0.110755
3,25,21,2238.26,0.106474
3,25,22,2221.09,0.100424
3,25,23,2206.29,0.0909318
3,25,24,2194.36,0.0777836
3,25,25,2185.47,0.0622196
3,25,26,2179.18,0.0465043
3,25,27,2173.79,0.0328145
3,25,28,2167.6,0.0226185
3,25,29,2159.68,0.0165594
3,25,30,2150.44,0.0145715
3,25,31,2141.68,0.0160493
3,25,32,2135.56,0.0201588
3,25,33,2133.31,0.025888
3,25,34,2134.97,0.0319899
3,25,35,2139.5,0.0371434
3,25,36,2146.09,0.0400935
3,25,37,2155.55,0.0400259
3,25,38,2170.38,0.036849
3,25,39,2194.39,0.0312249
3,25,40,2229.16,0.02432
3,25,41,2275.05,0.0173942
3,25,42,2328.81,0.0114179
3,25,43,2384.69,0.00687622
3,25,44,2435.84,0.00379407
3,25,45,2475.53,0.00191785
3,25,46,2497.15,0.000892607
3,25,47,2493.61,0.000365354
3,25,48,2456.5,0.000133501
3,25,49,2375.67,4.01898e-05
3,26,0,2923.68,0.54823
3,26,1,3100.58,0.641484
3,26,2,3208.62,0.695934
3,26,3,3257.89,0.704897
3,26,4,3259.76,0.672342
3,26,5,3224.86,0.610304
3,26,6,3162.64,0.534222
3,26,7,3081.89,0.458361
3,26,8,2991.41,0.392669
3,26,9,2899.97,0.341568
3,26,10,2814.97,0.304676
3,26,11,2739.77,0.278207
3,26,12,2674.49,0.257554
3,26,13,2615.15,0.238534
3,26,14,2557.43,0.218911
3,26,15,2499.42,0.198399
3,26,16,2442.33,0.178301
3,26,17,2389.31,0.160287
3,26,18,2343.63,0.145363
3,26,19,2306.57,0.133223
3,26,20,2277.41,0.122658
3,26,21,2254.17,0.112016
3,26,22,2235.26,0.099863
3,26,23,2219.99,0.0857051
3,26,24,2208.4,0.0699856
3,26,25,2200.01,0.053953
3,26,26,2193.87,0.0393627
3,26,27,2188.24,0.0277164
3,26,28,2181.88,0.0199407
3,26,29,2174.59,0.01634
3,26,30,2167.33,0.0166986
3,26,31,2161.96,0.0202561
3,26,32,2160.22,0.0259488
3,26,33,2162.67,0.0324752
3,26,34,2168.82,0.0383941
3,26,35,2177.46,0.0424116
3,26,36,2188.01,0.0435771
3,26,37,2201.52,0.041551
3,26,38,2220.48,0.0367017
3,26,39,2248.29,0.0299765
3,26,40,2285.99,0.0225968
3,26,41,2333.57,0.0156935
3,26,42,2387.83,0.0100259
3,26,43,2443.36,0.00588394
3,26,44,2493.72,0.00315982
3,26,45,2532.38,0.00155007
3,26,46,2552.82,0.000700682
3,26,47,2547.89,0.000274531
3,26,48,2509.1,9.43179e-05
3,26,49,2426.05,2.54115e-05
3,27,0,3020.27,0.596275
3,27,1,3201.92,0.70071
3,27,2,3313.3,0.763912
3,27,3,3365.12,0.778064
3,27,4,3368.68,0.746856
3,27,5,3334.11,0.682996
3,27,6,3270.15,0.603181
3,27,7,3184.94,0.522879
3,27,8,3086.93,0.452749
3,27,9,2985.24,0.397226
3,27,10,2888.57,0.355526
3,27,11,2802.16,0.323554
3,27,12,2727.83,0.296939
3,27,13,2662.44,0.27232
3,27,14,2601.42,0.248505
3,27,15,2541.75,0.225867
3,27,16,2483.2,0.205488
3,27,17,2427.67,0.187919
3,27,18,2377.76,0.172591
3,27,19,2334.88,0.157965
3,27,20,2299.24,0.142539
3,27,21,2270.03,0.125408
3,27,22,2246.63,0.106504
3,27,23,2228.78,0.0867315
3,27,24,2216.22,0.0673837
3,27,25,2207.8,0.0498515
3,27,26,2201.91,0.0354728
3,27,27,2196.57,0.0251497
3,27,28,2190.75,0.019351
3,27,29,2184.75,0.018084
3,27,30,2179.94,0.0209738
3,27,31,2178.24,0.0270312
3,27,32,2181.04,0.0348172
3,27,33,2188.41,0.0425793
3,27,34,2199.43,0.04855
3,27,35,2212.84,0.0513964
3,27,36,2228.21,0.050491
3,27,37,2246.71,0.046043
3,27,38,2270.69,0.0389692
3,27,39,2303.1,0.0305842
3,27,40,2344.49,0.0222219
3,27,41,2394.49,0.0149175
3,27,42,2449.95,0.00923242
3,27,43,2505.69,0.00525718
3,27,44,2555.53,0.00273555
3,27,45,2593.06,0.00129634
3,27,46,2611.76,0.000568469
3,27,47,2604.45,0.000214183
3,27,48,2562.57,6.93297e-05
3,27,49,2475.54,1.62898e-05
3,28,0,3116.36,0.659536
3,28,1,3301.12,0.776989
3,28,2,3414.42,0.849619
3,28,3,3467.6,0.868596
3,28,4,3471.91,0.837669
3,28,5,3437.02,0.770502
3,28,6,3371.03,0.685123
3,28,7,3281.43,0.598068
3,28,8,3176.29,0.520592
3,28,9,3064.98,0.457278
3,28,10,2957.33,0.407363
3,28,11,2860.49,0.367043
3,28,12,2778.18,0.332712
3,28,13,2708.31,0.30211
3,28,14,2646.07,0.275029
3,28,15,2587.11,0.2522
3,28,16,2529.32,0.23407
3,28,17,2472.88,0.219665
3,28,18,2419.3,0.206482
3,28,19,2370.05,0.191449
3,28,20,2326.39,0.17257
3,28,21,2289.14,0.149556
3,28,22,2259.14,0.123711
3,28,23,2236.95,0.0974463
3,28,24,2222.22,0.073097
3,28,25,2213.2,0.0524435
3,28,26,2207.45,0.0366571
3,28,27,2202.58,0.0262577
3,28,28,2197.54,0.0214193
3,28,29,2192.97,0.0219215
3,28,30,2190.55,0.0272165
3,28,31,2192.24,0.0360131
3,28,32,2199.21,0.0463602
3,28,33,2211.21,0.0559019
3,28,34,2227.09,0.0623959
3,28,35,2245.53,0.0643501
3,28,36,2266.17,0.0613966
3,28,37,2290.14,0.0542839
3,28,38,2319.56,0.0445187
3,28,39,2356.98,0.0338659
3,28,40,2402.58,0.0238709
3,28,41,2455.8,0.0155622
3,28,42,2513.46,0.00936371
3,28,43,2570.47,0.0051897
3,28,44,2620.66,0.00262593
3,28,45,2657.58,0.00120833
3,28,46,2674.64,0.000518765
3,28,47,2664.62,0.000192873
3,28,48,2618.85,6.13387e-05
3,28,49,2526.64,1.3619e-05
3,29,0,3209.24,0.732412
3,29,1,3395.23,0.863407
3,29,2,3509.03,0.945234
3,29,3,3562.61,0.968316
3,29,4,3567.17,0.936757
3,29,5,3531.93,0.865286
3,29,6,3464.38,0.7731
3,29,7,3371.34,0.677504
3,29,8,3260.34,0.590205
3,29,9,3140.69,0.516145
3,29,10,3023.08,0.455125
3,29,11,2916.42,0.40429
3,29,12,2826.57,0.361278
3,29,13,2752.82,0.32506
3,29,14,2690.44,0.296174
3,29,15,2633.79,0.27533
3,29,16,2578.66,0.261981
3,29,17,2523.12,0.253383
3,29,18,2467.25,0.244945
3,29,19,2412.26,0.23191
3,29,20,2360.45,0.211591
3,29,21,2314.43,0.184072
3,29,22,2276.86,0.151846
3,29,23,2249.44,0.118764
3,29,24,2231.94,0.0883038
3,29,25,2221.94,0.0628863
3,29,26,2216.14,0.0438332
3,29,27,2211.54,0.0315893
3,29,28,2206.98,0.0262545
3,29,29,2203.3,0.0274846
3,29,30,2202.46,0.0345646
3,29,31,2206.56,0.0458669
3,29,32,2216.7,0.0588545
3,29,33,2232.54,0.070493
3,29,34,2252.83,0.0779659
3,29,35,2276.13,0.0794993
3,29,36,2302.02,0.0748592
3,29,37,2331.38,0.0652295
3,29,38,2366.08,0.0526651
3,29,39,2408.37,0.0394145
3,29,40,2458.29,0.0273225
3,29,41,2515.27,0.0175158
3,29,42,2576.09,0.0103655
3,29,43,2635.51,0.00565445
3,29,44,2687.14,0.00281723
3,29,45,2724.33,0.00127869
3,29,46,2740.35,0.000546468
3,29,47,2727.9,0.000206863
3,29,48,2678.21,6.81779e-05
3,29,49,2580.37,1.64368e-05
3,30,0,3295.46,0.804054
3,30,1,3480.98,0.94741
3,30,2,3594.11,1.03739
3,30,3,3647.45,1.06401
3,30,4,3652.15,1.03185
3,30,5,3617.02,0.956509
3,30,6,3548.95,0.857859
3,30,7,3454.08,0.75349
3,30,8,3339.22,0.655348
3,30,9,3213.28,0.56897
3,30,10,3087.33,0.495253
3,30,11,2971.72,0.432873
3,30,12,2874.48,0.381039
3,30,13,2796.63,0.339933
3,30,14,2734.08,0.310534
3,30,15,2680.19,0.293199
3,30,16,2628.77,0.286208
3,30,17,2575.63,0.285057
3,30,18,2519.13,0.283185
3,30,19,2459.96,0.274205
3,30,20,2401.18,0.25462
3,30,21,2347.17,0.224591
3,30,22,2302.45,0.187456
3,30,23,2270.05,0.148228
3,30,24,2249.91,0.111433
3,30,25,2239.03,0.0802641
3,30,26,2233.09,0.0564625
3,30,27,2228.42,0.0407137
3,30,28,2223.67,0.0332838
3,30,29,2219.86,0.0338402
3,30,30,2219.27,0.0415427
3,30,31,2224.24,0.0544589
3,30,32,2236.06,0.0695022
3,30,33,2254.48,0.0830145
3,30,34,2278.29,0.0916228
3,30,35,2305.84,0.0932074
3,30,36,2336.47,0.0875276
3,30,37,2370.63,0.0760201
3,30,38,2409.9,0.061142
3,30,39,2456.4,0.0455616
3,30,40,2510.29,0.0314397
3,30,41,2571.1,0.0200669
3,30,42,2635.57,0.0118355
3,30,43,2698.18,0.0064523
3,30,44,2752.14,0.00323051
3,30,45,2790.46,0.00148932
3,30,46,2806.26,0.000656793
3,30,47,2792.12,0.000266749
3,30,48,2739.1,9.90348e-05
3,30,49,2636.04,3.08801e-05
3,31,0,3371.88,0.861646
3,31,1,3555.58,1.01459
3,31,2,3667.23,1.11115
3,31,3,3719.96,1.14127
3,31,4,3724.87,1.10987
3,31,5,3690.42,1.03284
3,31,6,3622.97,0.93
3,31,7,3527.97,0.818609
3,31,8,3411.49,0.71063
3,31,9,3281.79,0.612377
3,31,10,3149.82,0.526249
3,31,11,3026.82,0.452795
3,31,12,2922.71,0.392879
3,31,13,2840.4,0.347707
3,31,14,2776.88,0.318394
3,31,15,2725.11,0.304777
3,31,16,2677.31,0.304041
3,31,17,2627.25,0.310247
3,31,18,2571.56,0.315295
3,31,19,2510.15,0.311477
3,31,20,2446.54,0.294525
3,31,21,2386.51,0.264393
3,31,22,2336.32,0.224791
3,31,23,2300.2,0.181373
3,31,24,2278.29,0.139353
3,31,25,2266.94,0.102608
3,31,26,2260.9,0.0734289
3,31,27,2255.84,0.0530068
3,31,28,2250.19,0.0420109
3,31,29,2245.16,0.0402872
3,31,30,2243.4,0.0469636
3,31,31,2247.62,0.0599087
3,31,32,2259.47,0.0756427
3,31,33,2278.98,0.090084
3,31,34,2305.06,0.0994617
3,31,35,2335.85,0.101349
3,31,36,2370.28,0.0953894
3,31,37,2408.28,0.0830506
3,31,38,2451.12,0.0669554
3,31,39,2500.92,0.0500127
3,31,40,2558.08,0.0346078
3,31,41,2622.36,0.0221823
3,31,42,2690.43,0.0131829
3,31,43,2756.41,0.00729161
3,31,44,2813.03,0.00375348
3,31,45,2852.99,0.00181953
3,31,46,2869.25,0.000865293
3,31,47,2854.27,0.00039625
3,31,48,2798.91,0.000174393
3,31,49,2691.59,7.12018e-05
3,32,0,3435.97,0.894369
3,32,1,3617.01,1.05307
3,32,2,3726.72,1.15446
3,32,3,3778.68,1.1886
3,32,4,3783.93,1.16036
3,32,5,3750.58,1.08514
3,32,6,3684.55,0.981829
3,32,7,3590.73,0.866808
3,32,8,3474.53,0.751883
3,32,9,3343.52,0.64428
3,32,10,3208.26,0.548072
3,32,11,3080.3,0.465686
3,32,12,2970.78,0.399398
3,32,13,2884.26,0.351073
3,32,14,2818.98,0.321698
3,32,15,2768.05,0.310594
3,32,16,2722.76,0.314201
3,32,17,2675.44,0.325757
3,32,18,2621.25,0.336334
3,32,19,2559.32,0.337467
3,32,20,2493.28,0.324327
3,32,21,2429.84,0.296462
3,32,22,2376.49,0.257413
3,32,23,2338.38,0.212775
3,32,24,2315.76,0.16786
3,32,25,2304.45,0.126913
3,32,26,2298.39,0.0927447
3,32,27,2292.8,0.0672286
3,32,28,2285.93,0.0516428
3,32,29,2279.16,0.0461933
3,32,30,2275.46,0.0501033
3,32,31,2277.86,0.0611895
3,32,32,2288.46,0.0758069
3,32,33,2307.68,0.0897348
3,32,34,2334.61,0.0990635
3,32,35,2367.29,0.101195
3,32,36,2404.25,0.0956238
3,32,37,2444.92,0.0836456
3,32,38,2490.28,0.0677843
3,32,39,2542.46,0.0509342
3,32,40,2602.08,0.0355191
3,32,41,2669.13,0.0230323
3,32,42,2740.17,0.013954
3,32,43,2809,0.0079761
3,32,44,2867.98,0.00434197
3,32,45,2909.55,0.00229935
3,32,46,2926.56,0.00122803
3,32,47,2911.4,0.000652867
3,32,48,2854.63,0.000343106
3,32,49,2744.24,0.000175133
3,33,0,3486.3,0.896622
3,33,1,3664.3,1.05692
3,33,2,3771.92,1.16139
3,33,3,3823.07,1.20027
3,33,4,3828.66,1.17783
3,33,5,3796.48,1.10815
3,33,6,3732.1,1.00842
3,33,7,3640.04,0.893821
3,33,8,3525.29,0.775969
3,33,9,3394.94,0.663057
3,33,10,3259.12,0.560752
3,33,11,3129.26,0.473005
3,33,12,3016.93,0.40297
3,33,13,2927.62,0.352666
3,33,14,2860.57,0.322742
3,33,15,2809.37,0.312137
3,33,16,2765.12,0.317049
3,33,17,2719.45,0.330669
3,33,18,2666.67,0.344104
3,33,19,2605.31,0.348857
3,33,20,2538.85,0.339896
3,33,21,2474.35,0.31629
3,33,22,2419.96,0.280908
3,33,23,2381.28,0.23854
3,33,24,2358.59,0.193894
3,33,25,2347.42,0.151101
3,33,26,2341.3,0.113311
3,33,27,2335.23,0.0831308
3,33,28,2327.46,0.0625791
3,33,29,2319.43,0.0523862
3,33,30,2314.21,0.0520148
3,33,31,2314.94,0.0593986
3,33,32,2323.95,0.070986
3,33,33,2342,0.082724
3,33,34,2368.5,0.0908607
3,33,35,2401.57,0.0928251
3,33,36,2439.59,0.0879909
3,33,37,2481.71,0.0773537
3,33,38,2528.62,0.0631012
3,33,39,2582.4,0.0478468
3,33,40,2643.73,0.0338224
3,33,41,2712.63,0.0224197
3,33,42,2785.57,0.014087
3,33,43,2856.16,0.00853717
3,33,44,2916.58,0.00507527
3,33,45,2959.21,0.00302104
3,33,46,2976.84,0.00183035
3,33,47,2961.75,0.00110535
3,33,48,2904.22,0.00065591
3,33,49,2791.72,0.000377739
3,34,0,3522.27,0.868606
3,34,1,3697.25,1.02666
3,34,2,3802.88,1.1326
3,34,3,3853.27,1.17676
3,34,4,3859.1,1.16218
3,34,5,3827.86,1.10093
3,34,6,3764.85,1.00811
3,34,7,3674.4,0.897622
3,34,8,3561.43,0.78102
3,34,9,3432.93,0.667489
3,34,10,3298.82,0.564004
3,34,11,3170.22,0.47543
3,34,12,3058.46,0.405082
3,34,13,2969.03,0.354564
3,34,14,2901.52,0.323994
3,34,15,2849.94,0.312075
3,34,16,2805.71,0.315269
3,34,17,2760.55,0.327452
3,34,18,2708.62,0.340608
3,34,19,2648.19,0.346953
3,34,20,2582.45,0.341696
3,34,21,2518.36,0.323495
3,34,22,2464.05,0.294203
3,34,23,2425.2,0.25721
3,34,24,2402.17,0.21599
3,34,25,2390.54,0.174057
3,34,26,2384,0.134616
3,34,27,2377.72,0.100917
3,34,28,2370.04,0.0757388
3,34,29,2362.33,0.0604421
3,34,30,2357.37,0.0548645
3,34,31,2357.96,0.0572231
3,34,32,2366.24,0.0642964
3,34,33,2383.08,0.072446
3,34,34,2408.26,0.0783115
3,34,35,2440.32,0.0795206
3,34,36,2477.92,0.075387
3,34,37,2520.29,0.0665586
3,34,38,2567.96,0.054748
3,34,39,2622.8,0.0421027
3,34,40,2685.19,0.0304803
3,34,41,2754.99,0.0210311
3,34,42,2828.56,0.0140962
3,34,43,2899.54,0.00939847
3,34,44,2960.22,0.0063398
3,34,45,3003.08,0.00436307
3,34,46,3020.9,0.00305032
3,34,47,3005.78,0.00212015
3,34,48,2947.7,0.00144861
3,34,49,2833.64,0.000965457
3,35,0,3543.43,0.815332
3,35,1,3715.79,0.968117
3,35,2,3819.79,1.07419
3,35,3,3869.57,1.12372
3,35,4,3875.56,1.11805
3,35,5,3844.92,1.06681
3,35,6,3782.72,0.982886
3,35,7,3693.3,0.879112
3,35,8,3581.83,0.767246
3,35,9,3455.67,0.657459
3,35,10,3324.9,0.557665
3,35,11,3200.41,0.472974
3,35,12,3092.82,0.406155
3,35,13,3006.84,0.357865
3,35,14,2941.53,0.327502
3,35,15,2890.93,0.313595
3,35,16,2846.86,0.313196
3,35,17,2801.66,0.321383
3,35,18,2749.96,0.33164
3,35,19,2690.19,0.337502
3,35,20,2625.3,0.334851
3,35,21,2561.81,0.322144
3,35,22,2507.38,0.300137
3,35,23,2467.54,0.270533
3,35,24,2442.85,0.235195
3,35,25,2429.5,0.196613
3,35,26,2421.89,0.157725
3,35,27,2415.78,0.122179
3,35,28,2409.72,0.0933789
3,35,29,2404.76,0.073323
3,35,30,2402.91,0.0623189
3,35,31,2406.02,0.0590193
3,35,32,2415.5,0.0607265
3,35,33,2431.96,0.0643773
3,35,34,2455.53,0.0671309
3,35,35,2485.54,0.0669123
3,35,36,2521.44,0.0630223
3,35,37,2562.98,0.0557862
3,35,38,2610.7,0.046416
3,35,39,2666.08,0.0365303
3,35,40,2728.97,0.0275305
3,35,41,2798.77,0.0202485
3,35,42,2871.76,0.0148693
3,35,43,2941.85,0.0111134
3,35,44,3001.68,0.00849292
3,35,45,3043.97,0.00659483
3,35,46,3061.47,0.00514121
3,35,47,3046.06,0.00396593
3,35,48,2987.31,0.00300626
3,35,49,2871.74,0.00222069
3,36,0,3549.85,0.744598
3,36,1,3720.29,0.89011
3,36,2,3823.21,0.995292
3,36,3,3872.68,1.04988
3,36,4,3878.84,1.05321
3,36,5,3848.49,1.01227
3,36,6,3786.5,0.937885
3,36,7,3697.37,0.842189
3,36,8,3586.79,0.737411
3,36,9,3462.91,0.634706
3,36,10,3336.46,0.542602
3,36,11,3218.38,0.465941
3,36,12,3118.39,0.406411
3,36,13,3039.86,0.363328
3,36,14,2980.43,0.335155
3,36,15,2933.43,0.320142
3,36,16,2890.84,0.315968
3,36,17,2845.77,0.319087
3,36,18,2793.76,0.32477
3,36,19,2733.78,0.328264
3,36,20,2668.8,0.3265
3,36,21,2604.84,0.3181
3,36,22,2548.97,0.302969
3,36,23,2506.41,0.281266
3,36,24,2478.23,0.253211
3,36,25,2461.67,0.220028
3,36,26,2452.38,0.18403
3,36,27,2447.08,0.14884
3,36,28,2444.54,0.118148
3,36,29,2445.21,0.0944366
3,36,30,2449.82,0.0785162
3,36,31,2458.62,0.0696147
3,36,32,2471.74,0.0657225
3,36,33,2489.21,0.0644498
3,36,34,2511.49,0.0635125
3,36,35,2538.96,0.0611537
3,36,36,2572.27,0.0566806
3,36,37,2612.08,0.0501717
3,36,38,2659.15,0.0424113
3,36,39,2714.54,0.0345473
3,36,40,2777.37,0.0275543
3,36,41,2846.49,0.0219512
3,36,42,2918.1,0.0177633
3,36,43,2986.53,0.0147044
3,36,44,3044.92,0.0123846
3,36,45,3086.25,0.0105092
3,36,46,3103.17,0.00889496
3,36,47,3087.19,0.00743397
3,36,48,3027.46,0.00608316
3,36,49,2910.04,0.00481241
3,37,0,3542.78,0.665269
3,37,1,3712.25,0.802561
3,37,2,3814.81,0.906218
3,37,3,3864.42,0.965349
3,37,4,3870.86,0.977144
3,37,5,3840.63,0.94603
3,37,6,3778.43,0.880995
3,37,7,3688.97,0.793786
3,37,8,3578.71,0.697297
3,37,9,3456.97,0.603661
3,37,10,3335.59,0.521826
3,37,11,3225.89,0.456114
3,37,12,3136.71,0.406886
3,37,13,3069.56,0.371898
3,37,14,3019.86,0.348462
3,37,15,2979.52,0.334311
3,37,16,2940.22,0.327539
3,37,17,2895.72,0.32583
3,37,18,2842.71,0.326224
3,37,19,2781.1,0.325818
3,37,20,2714.23,0.32288
3,37,21,2647.87,0.316641
3,37,22,2588.54,0.306675
3,37,23,2541.29,0.292096
3,37,24,2507.85,0.27177
3,37,25,2486.9,0.245601
3,37,26,2475.74,0.214917
3,37,27,2472.23,0.182756
3,37,28,2475.33,0.152567
3,37,29,2484.5,0.127004
3,37,30,2498.62,0.107325
3,37,31,2515.92,0.0934414
3,37,32,2534.86,0.0841733
3,37,33,2554.78,0.0778752
3,37,34,2576.49,0.0728127
3,37,35,2601.5,0.0675281
3,37,36,2631.86,0.0613434
3,37,37,2669.38,0.0541942
3,37,38,2715.17,0.0465731
3,37,39,2769.97,0.0392901
3,37,40,2832.22,0.0329995
3,37,41,2900.27,0.0279834
3,37,42,2970.29,0.0241602
3,37,43,3037.04,0.0212674
3,37,44,3094.17,0.0190002
3,37,45,3134.77,0.0171199
3,37,46,3151.26,0.0154263
3,37,47,3134.69,0.0137338
3,37,48,3073.69,0.0119138
3,37,49,2953.89,0.00990007
3,38,0,3525.29,0.586951
3,38,1,3694.86,0.716029
3,38,2,3797.8,0.817824
3,38,3,3847.99,0.880787
3,38,4,3854.93,0.900087
3,38,5,3824.82,0.877837
3,38,6,3762.24,0.821488
3,38,7,3672.24,0.742589
3,38,8,3562.19,0.65475
3,38,9,3442.91,0.571026
3,38,10,3327.71,0.500712
3,38,11,3228.48,0.447582
3,38,12,3153.04,0.410652
3,38,13,3100.54,0.386025
3,38,14,3063.57,0.369653
3,38,15,3032.07,0.358457
3,38,16,2997.15,0.350598
3,38,17,2953.12,0.344706
3,38,18,2897.93,0.339394
3,38,19,2832.75,0.33361
3,38,20,2761.64,0.327172
3,38,21,2690.57,0.320386
3,38,22,2625.77,0.313134
3,38,23,2572.3,0.304181
3,38,24,2532.69,0.291516
3,38,25,2507.17,0.273807
3,38,26,2494.81,0.251065
3,38,27,2494.65,0.225123
3,38,28,2505.55,0.198538
3,38,29,2525.55,0.173676
3,38,30,2551.27,0.152064
3,38,31,2578.68,0.134328
3,38,32,2604.66,0.120203
3,38,33,2627.97,0.108857
3,38,34,2649.87,0.0991223
3,38,35,2673,0.0898658
3,38,36,2700.72,0.0804925
3,38,37,2735.91,0.0709455
3,38,38,2780.1,0.0616019
3,38,39,2833.87,0.053087
3,38,40,2895.19,0.0458533
3,38,41,2962.1,0.0400461
3,38,42,3030.86,0.0355597
3,38,43,3096.61,0.0322176
3,38,44,3153.28,0.0297964
3,38,45,3193.94,0.0280256
3,38,46,3210.58,0.026516
3,38,47,3193.67,0.0247878
3,38,48,3131.31,0.0224495
3,38,49,3008.67,0.0193143
3,39,0,3503.19,0.51906
3,39,1,3673.75,0.640697
3,39,2,3777.66,0.740419
3,39,3,3828.72,0.806173
3,39,4,3836.26,0.831498
3,39,5,3806.31,0.816653
3,39,6,3743.46,0.767888
3,39,7,3653.2,0.696653
3,39,8,3544.04,0.617196
3,39,9,3428.5,0.543369
3,39,10,3321.46,0.484767
3,39,11,3235.18,0.444675
3,39,12,3175.96,0.420842
3,39,13,3140.02,0.407719
3,39,14,3116.87,0.399741
3,39,15,3094.48,0.392794
3,39,16,3063.46,0.384817
3,39,17,3018.74,0.375101
3,39,18,2959.59,0.363619
3,39,19,2888.56,0.351101
3,39,20,2810.83,0.339034
3,39,21,2732.96,0.32917
3,39,22,2661.34,0.322277
3,39,23,2601.2,0.317433
3,39,24,2555.86,0.312254
3,39,25,2527.01,0.304353
3,39,26,2515.25,0.292198
3,39,27,2520.45,0.275875
3,39,28,2540.93,0.25641
3,39,29,2572.9,0.23535
3,39,30,2610.64,0.214187
3,39,31,2648.07,0.194142
3,39,32,2680.92,0.175862
3,39,33,2707.77,0.159374
3,39,34,2730.48,0.144159
3,39,35,2752.65,0.129542
3,39,36,2778.62,0.115195
3,39,37,2812.05,0.101288
3,39,38,2854.83,0.0882805
3,39,39,2907.51,0.076742
3,39,40,2967.87,0.0669974
3,39,41,3033.9,0.0591367
3,39,42,3102.03,0.0531144
3,39,43,3167.71,0.048923
3,39,44,3224.97,0.046427
3,39,45,3266.6,0.0452154
3,39,46,3284.09,0.0444819
3,39,47,3267.28,0.0431523
3,39,48,3203.7,0.0403148
3,39,49,3078.02,0.0355375
3,40,0,3483.55,0.469226
3,40,1,3655.59,0.584566
3,40,2,3760.64,0.681793
3,40,3,3812.52,0.748705
3,40,4,3820.55,0.777861
3,40,5,3790.75,0.768331
3,40,6,3727.92,0.725573
3,40,7,3638.21,0.661005
3,40,8,3531.45,0.589337
3,40,9,3421.88,0.524999
3,40,10,3325.62,0.477758
3,40,11,3254.63,0.450406
3,40,12,3212.89,0.439489
3,40,13,3193.33,0.43783
3,40,14,3182.67,0.438286
3,40,15,3167.51,0.435638
3,40,16,3138.44,0.427463
3,40,17,3091.12,0.413558
3,40,18,3026.07,0.395132
3,40,19,2947.23,0.374632
3,40,20,2861.08,0.355288
3,40,21,2775.2,0.340515
3,40,22,2696.48,0.332329
3,40,23,2630.55,0.330567
3,40,24,2581.45,0.332853
3,40,25,2551.85,0.335956
3,40,26,2543.33,0.336733
3,40,27,2555.87,0.333198
3,40,28,2586.75,0.324369
3,40,29,2630.22,0.310472
3,40,30,2678.51,0.292551
3,40,31,2724.21,0.272116
3,40,32,2762.54,0.250562
3,40,33,2792.41,0.228763
3,40,34,2816.31,0.206983
3,40,35,2838.55,0.185277
3,40,36,2863.99,0.163926
3,40,37,2896.69,0.143635
3,40,38,2938.69,0.125157
3,40,39,2990.57,0.109097
3,40,40,3050.16,0.0956547
3,40,41,3115.64,0.0848891
3,40,42,3183.7,0.076866
3,40,43,3250.02,0.071821
3,40,44,3308.58,0.0697139
3,40,45,3351.79,0.0698792
3,40,46,3370.6,0.0708462
3,40,47,3354.28,0.070603
3,40,48,3289.85,0.0674099
3,40,49,3161.38,0.0604286
3,41,0,3473.87,0.443122
3,41,1,3647.26,0.553542
3,41,2,3753.13,0.64757
3,41,3,3805.43,0.713321
3,41,4,3813.65,0.743216
3,41,5,3784.02,0.736003
3,41,6,3721.76,0.696913
3,41,7,3633.92,0.637456
3,41,8,3531.74,0.572622
3,41,9,3430.9,0.517098
3,41,10,3347.99,0.480573
3,41,11,3293.61,0.465189
3,41,12,3268.72,0.466282
3,41,13,3263.19,0.475102
3,41,14,3261.85,0.482994
3,41,15,3250.92,0.483743
3,41,16,3221.49,0.474599
3,41,17,3170,0.455839
3,41,18,3097.97,0.429853
3,41,19,3010.54,0.400727
3,41,20,2915.51,0.3734
3,41,21,2821.66,0.352959
3,41,22,2736.75,0.34274
3,41,23,2667,0.343497
3,41,24,2616.97,0.353091
3,41,25,2589.73,0.367693
3,41,26,2586.95,0.382711
3,41,27,2607.88,0.394088
3,41,28,2648.4,0.39865
3,41,29,2701.05,0.39493
3,41,30,2756.82,0.383055
3,41,31,2807.89,0.364329
3,41,32,2849.7,0.340543
3,41,33,2881.75,0.31329
3,41,34,2907.08,0.283758
3,41,35,2930.32,0.253097
3,41,36,2956.47,0.222648
3,41,37,2989.55,0.194036
3,41,38,3031.53,0.168548
3,41,39,3083.02,0.146901
3,41,40,3142.03,0.129122
3,41,41,3207.06,0.115225
3,41,42,3275.17,0.105391
3,41,43,3342.21,0.100134
3,41,44,3402.11,0.0994878
3,41,45,3446.92,0.102398
3,41,46,3467.17,0.106464
3,41,47,3451.66,0.108363
3,41,48,3386.93,0.10518
3,41,49,3256.36,0.0954833
3,42,0,3477.78,0.442472
3,42,1,3651.94,0.549301
3,42,2,3757.99,0.639101
3,42,3,3810.17,0.70078
3,42,4,3818.28,0.727555
3,42,5,3788.95,0.718845
3,42,6,3728.06,0.68033
3,42,7,3643.67,0.623842
3,42,8,3548.27,0.564476
3,42,9,3458.39,0.516797
3,42,10,3390.05,0.490072
3,42,11,3351.56,0.48555
3,42,12,3340.8,0.497333
3,42,13,3345.4,0.515219
3,42,14,3349.63,0.529217
3,42,15,3340.21,0.532327
3,42,16,3309.06,0.521591
3,42,17,3253.24,0.497773
3,42,18,3174.92,0.464385
3,42,19,3080.08,0.42701
3,42,20,2977.59,0.392134
3,42,21,2877.41,0.366309
3,42,22,2788.35,0.354024
3,42,23,2717.25,0.356863
3,42,24,2669.03,0.373038
3,42,25,2646.52,0.39841
3,42,26,2650.65,0.427327
3,42,27,2679.32,0.454006
3,42,28,2726.94,0.473231
3,42,29,2785.09,0.481692
3,42,30,2844.51,0.478158
3,42,31,2897.87,0.463136
3,42,32,2941.26,0.438304
3,42,33,2974.75,0.405706
3,42,34,3001.67,0.367521
3,42,35,3026.57,0.326333
3,42,36,3054.21,0.285007
3,42,37,3088.34,0.24649
3,42,38,3130.71,0.212848
3,42,39,3181.92,0.185014
3,42,40,3240.22,0.162811
3,42,41,3304.5,0.14618
3,42,42,3372.24,0.135385
3,42,43,3439.51,0.131186
3,42,44,3500.24,0.133626
3,42,45,3546.25,0.141104
3,42,46,3567.78,0.150033
3,42,47,3553.29,0.155432
3,42,48,3488.93,0.152886
3,42,49,3357.32,0.140182
3,43,0,3492.66,0.464022
3,43,1,3667,0.568444
3,43,2,3772.73,0.65301
3,43,3,3824.48,0.707787
3,43,4,3832.49,0.72761
3,43,5,3803.91,0.713499
3,43,6,3745.34,0.672262
3,43,7,3665.83,0.616292
3,43,8,3578.72,0.560641
3,43,9,3500.57,0.519387
3,43,10,3445.93,0.501062
3,43,11,3420.54,0.505838
3,43,12,3419.82,0.526655
3,43,13,3430.43,0.552082
3,43,14,3437.15,0.571052
3,43,15,3427.79,0.575995
3,43,16,3395.1,0.563847
3,43,17,3336.58,0.535816
3,43,18,3254.6,0.496385
3,43,19,3155.5,0.452374
3,43,20,3048.8,0.411495
3,43,21,2945.28,0.38137
3,43,22,2854.66,0.367308
3,43,23,2784.38,0.371505
3,43,24,2739.52,0.392601
3,43,25,2722.28,0.426481
3,43,26,2732.45,0.466993
3,43,27,2766.36,0.507235
3,43,28,2817.4,0.540394
3,43,29,2877,0.561425
3,43,30,2936.56,0.567458
3,43,31,2989.78,0.557648
3,43,32,3033.46,0.533016
3,43,33,3067.99,0.495668
3,43,34,3096.55,0.448693
3,43,35,3123.31,0.39629
3,43,36,3152.55,0.343163
3,43,37,3187.68,0.293887
3,43,38,3230.2,0.251531
3,43,39,3280.74,0.217397
3,43,40,3337.82,0.191147
3,43,41,3400.77,0.172657
3,43,42,3467.48,0.162233
3,43,43,3534.31,0.160785
3,43,44,3595.25,0.168243
3,43,45,3641.99,0.182291
3,43,46,3664.58,0.197947
3,43,47,3651.27,0.20831
3,43,48,3587.92,0.207223
3,43,49,3456.43,0.191562
3,44,0,3509.87,0.499146
3,44,1,3684.31,0.60193
3,44,2,3789.77,0.680548
3,44,3,3841.28,0.726384
3,44,4,3849.59,0.736441
3,44,5,3822.39,0.713979
3,44,6,3767,0.667415
3,44,7,3693.21,0.609851
3,44,8,3614.71,0.556128
3,44,9,3547.41,0.519543
3,44,10,3503.99,0.507703
3,44,11,3487.94,0.519713
3,44,12,3493.22,0.547603
3,44,13,3506.61,0.579066
3,44,14,3514.04,0.602266
3,44,15,3504.57,0.609236
3,44,16,3471.69,0.596825
3,44,17,3413.1,0.566566
3,44,18,3331.08,0.52365
3,44,19,3231.89,0.475734
3,44,20,3125.09,0.431276
3,44,21,3021.66,0.398429
3,44,22,2931.84,0.382891
3,44,23,2863.5,0.387244
3,44,24,2821.86,0.410632
3,44,25,2808.48,0.449335
3,44,26,2822.07,0.497332
3,44,27,2857.74,0.547337
3,44,28,2908.44,0.591589
3,44,29,2966.14,0.623674
3,44,30,3023.42,0.639049
3,44,31,3075.1,0.635191
3,44,32,3118.49,0.611999
3,44,33,3153.93,0.571217
3,44,34,3184.06,0.516573
3,44,35,3212.42,0.453768
3,44,36,3242.81,0.389362
3,44,37,3278.33,0.329649
3,44,38,3320.34,0.278845
3,44,39,3369.6,0.238812
3,44,40,3424.89,0.209212
3,44,41,3486,0.189944
3,44,42,3551.26,0.181335
3,44,43,3617.24,0.184318
3,44,44,3678.03,0.198559
3,44,45,3725.21,0.220873
3,44,46,3748.69,0.244761
3,44,47,3736.59,0.261293
3,44,48,3674.57,0.262489
3,44,49,3543.93,0.244288
3,45,0,3516.79,0.534883
3,45,1,3692.18,0.636042
3,45,2,3798.19,0.708382
3,45,3,3850.2,0.744571
3,45,4,3859.42,0.743897
3,45,5,3834.12,0.712038
3,45,6,3782.29,0.659122
3,45,7,3714.22,0.59889
3,45,8,3643.53,0.545759
3,45,9,3585.14,0.512035
3,45,10,3549.9,0.504382
3,45,11,3539.71,0.52108
3,45,12,3548.01,0.55369
3,45,13,3562.28,0.589509
3,45,14,3569.8,0.616303
3,45,15,3560.72,0.625848
3,45,16,3529.16,0.614892
3,45,17,3472.93,0.585126
3,45,18,3394.08,0.542094
3,45,19,3298.4,0.493778
3,45,20,3194.94,0.448771
3,45,21,3094.26,0.415111
3,45,22,3006.64,0.398434
3,45,23,2940.15,0.401498
3,45,24,2900.23,0.424049
3,45,25,2888.14,0.463105
3,45,26,2901.96,0.513356
3,45,27,2936.14,0.567855
3,45,28,2983.7,0.618622
3,45,29,3037.54,0.658442
3,45,30,3091.44,0.681373
3,45,31,3141.15,0.683214
3,45,32,3184.22,0.662515
3,45,33,3220.59,0.620288
3,45,34,3252.13,0.560483
3,45,35,3281.7,0.489887
3,45,36,3312.69,0.416568
3,45,37,3348.03,0.348336
3,45,38,3389.08,0.290534
3,45,39,3436.75,0.245744
3,45,40,3490.15,0.21386
3,45,41,3549.44,0.194948
3,45,42,3613.33,0.189384
3,45,43,3678.57,0.197998
3,45,44,3739.27,0.220064
3,45,45,3786.84,0.25145
3,45,46,3811.02,0.284158
3,45,47,3799.82,0.307356
3,45,48,3738.76,0.311383
3,45,49,3608.73,0.291356
3,46,0,3499.53,0.556433
3,46,1,3677.74,0.654886
3,46,2,3785.91,0.720854
3,46,3,3839.54,0.748088
3,46,4,3850.29,0.737842
3,46,5,3827.05,0.697854
3,46,6,3778.49,0.63963
3,46,7,3715.29,0.577212
3,46,8,3650.88,0.524304
3,46,9,3599.12,0.492077
3,46,10,3569.43,0.486342
3,46,11,3562.71,0.504945
3,46,12,3572.37,0.539547
3,46,13,3586.79,0.577636
3,46,14,3594.4,0.607047
3,46,15,3586.25,0.619503
3,46,16,3556.95,0.611677
3,46,17,3504.42,0.585246
3,46,18,3430.42,0.545711
3,46,19,3340.15,0.500787
3,46,20,3241.78,0.458514
3,46,21,3145.02,0.426148
3,46,22,3059.77,0.408828
3,46,23,2994.15,0.409329
3,46,24,2953.95,0.42807
3,46,25,2940.51,0.463083
3,46,26,2951.82,0.510207
3,46,27,2982.22,0.563428
3,46,28,3025.15,0.61524
3,46,29,3074.4,0.65829
3,46,30,3124.79,0.685773
3,46,31,3172.69,0.692162
3,46,32,3215.63,0.674719
3,46,33,3252.99,0.633516
3,46,34,3285.89,0.572258
3,46,35,3316.55,0.498164
3,46,36,3348.05,0.420143
3,46,37,3383.27,0.347003
3,46,38,3423.63,0.284989
3,46,39,3470.2,0.237438
3,46,40,3522.35,0.204704
3,46,41,3580.54,0.187175
3,46,42,3643.79,0.185337
3,46,43,3708.93,0.199846
3,46,44,3769.98,0.229519
3,46,45,3818.06,0.269342
3,46,46,3842.67,0.310051
3,46,47,3831.61,0.339311
3,46,48,3770.23,0.346194
3,46,49,3639.13,0.325262
3,47,0,3443.91,0.551545
3,47,1,3627.58,0.644951
3,47,2,3740.11,0.704288
3,47,3,3796.76,0.724149
3,47,4,3809.59,0.707123
3,47,5,3788.2,0.662229
3,47,6,3742.04,0.601639
3,47,7,3682.32,0.539125
3,47,8,3622.38,0.487309
3,47,9,3575.23,0.456084
3,47,10,3549.21,0.4505
3,47,11,3544.59,0.468384
3,47,12,3554.95,0.502057
3,47,13,3569.41,0.53985
3,47,14,3577.28,0.570228
3,47,15,3570.23,0.585195
3,47,16,3543.27,0.581464
3,47,17,3494.45,0.56058
3,47,18,3425.31,0.527617
3,47,19,3340.47,0.489453
3,47,20,3247.16,0.452933
3,47,21,3154.03,0.42397
3,47,22,3070.43,0.406839
3,47,23,3004.42,0.404193
3,47,24,2962.17,0.417118
3,47,25,2945.41,0.444782
3,47,26,2952.46,0.484401
3,47,27,2977.91,0.531279
3,47,28,3015.72,0.578922
3,47,29,3060.44,0.620486
3,47,30,3107.63,0.648978
3,47,31,3154.02,0.658154
3,47,32,3197.01,0.644332
3,47,33,3235.51,0.606653
3,47,34,3269.93,0.548192
3,47,35,3302,0.475875
3,47,36,3334.6,0.398614
3,47,37,3370.56,0.325478
3,47,38,3411.33,0.263174
3,47,39,3458.07,0.215648
3,47,40,3510.3,0.183831
3,47,41,3568.72,0.168528
3,47,42,3632.54,0.170389
3,47,43,3698.61,0.189884
3,47,44,3760.73,0.225425
3,47,45,3809.61,0.27136
3,47,46,3834.27,0.31764
3,47,47,3822.14,0.351122
3,47,48,3758.22,0.360272
3,47,49,3622.92,0.339478
3,48,0,3335.01,0.513814
3,48,1,3526.74,0.598844
3,48,2,3645.99,0.650882
3,48,3,3707.15,0.665196
3,48,4,3722.55,0.644971
3,48,5,3702.57,0.599505
3,48,6,3657.68,0.540714
3,48,7,3599.94,0.481391
3,48,8,3542.81,0.432671
3,48,9,3498.77,0.403004
3,48,10,3475.28,0.396707
3,48,11,3472.14,0.411889
3,48,12,3483.06,0.441984
3,48,13,3497.65,0.47677
3,48,14,3505.78,0.505947
3,48,15,3499.56,0.52223
3,48,16,3474.31,0.52258
3,48,17,3428.28,0.508334
3,48,18,3362.93,0.483822
3,48,19,3282.39,0.454642
3,48,20,3193.04,0.426006
3,48,21,3102.55,0.402145
3,48,22,3019.64,0.38626
3,48,23,2952.25,0.380753
3,48,24,2906.84,0.38726
3,48,25,2885.7,0.406019
3,48,26,2887.64,0.435615
3,48,27,2907.74,0.472797
3,48,28,2940.45,0.512405
3,48,29,2980.89,0.548592
3,48,30,3025.1,0.574833
3,48,31,3070.07,0.584876
3,48,32,3113.14,0.57461
3,48,33,3152.83,0.54247
3,48,34,3189.09,0.490692
3,48,35,3223.26,0.425303
3,48,36,3257.98,0.354413
3,48,37,3295.99,0.286562
3,48,38,3338.69,0.22835
3,48,39,3387.21,0.184008
3,48,40,3441.15,0.154987
3,48,41,3501.33,0.142485
3,48,42,3567.14,0.147326
3,48,43,3635.35,0.16983
3,48,44,3699.46,0.20816
3,48,45,3749.53,0.256442
3,48,46,3773.85,0.304535
3,48,47,3759.1,0.339409
3,48,48,3689.73,0.349744
3,48,49,3546.26,0.330182
3,49,0,3157.65,0.445608
3,49,1,3358.26,0.518781
3,49,2,3485.79,0.562561
3,49,3,3552.63,0.572849
3,49,4,3570.92,0.552781
3,49,5,3551.93,0.51098
3,49,6,3507.41,0.458207
3,49,7,3450.52,0.405602
3,49,8,3395.14,0.36246
3,49,9,3353.32,0.335645
3,49,10,3331.79,0.328701
3,49,11,3329.87,0.340162
3,49,12,3341.28,0.364821
3,49,13,3355.93,0.394335
3,49,14,3364.04,0.420144
3,49,15,3358.03,0.43609
3,49,16,3333.56,0.439594
3,49,17,3289.19,0.431753
3,49,18,3226.44,0.415965
3,49,19,3149.09,0.396331
3,49,20,3062.82,0.376305
3,49,21,2974.43,0.358424
3,49,22,2892.02,0.344788
3,49,23,2823.24,0.337451
3,49,24,2774.74,0.338366
3,49,25,2749.22,0.348594
3,49,26,2746.05,0.367857
3,49,27,2760.85,0.394233
3,49,28,2788.54,0.423972
3,49,29,2824.65,0.452479
3,49,30,2865.62,0.474194
3,49,31,2908.69,0.483484
3,49,32,2951.27,0.476354
3,49,33,2991.76,0.450886
3,49,34,3029.81,0.408476
3,49,35,3066.45,0.353893
3,49,36,3104.03,0.293868
3,49,37,3145.07,0.235754
3,49,38,3190.8,0.185486
3,49,39,3242.26,0.147161
3,49,40,3299.01,0.122537
3,49,41,3362.02,0.113065
3,49,42,3430.79,0.119683
3,49,43,3502.05,0.142611
3,49,44,3568.9,0.179985
3,49,45,3620.52,0.226206
3,49,46,3644.04,0.271829
3,49,47,3625.04,0.304901
3,49,48,3547.39,0.315148
3,49,49,3392.43,0.297843
4,0,0,2254.31,0.196866
4,0,1,2427.57,0.228994
4,0,2,2548.2,0.248665
4,0,3,2621,0.254767
4,0,4,2657.43,0.249495
4,0,5,2670.11,0.236747
4,0,6,2668.86,0.220371
4,0,7,2658.67,0.203079
4,0,8,2640.19,0.186287
4,0,9,2611.96,0.170542
4,0,10,2573.3,0.155955
4,0,11,2525.42,0.142298
4,0,12,2472.59,0.129289
4,0,13,2419.82,0.116331
4,0,14,2372.18,0.103308
4,0,15,2332.89,0.0907028
4,0,16,2302.08,0.0797836
4,0,17,2277.01,0.0722824
4,0,18,2252.75,0.0698713
4,0,19,2223.94,0.0730939
4,0,20,2186.49,0.0810493
4,0,21,2138.23,0.0909773
4,0,22,2079.08,0.0992041
4,0,23,2010.07,0.102314
4,0,24,1933.14,0.0985134
4,0,25,1850.85,0.0883123
4,0,26,1766.78,0.0743014
4,0,27,1685.37,0.0597284
4,0,28,1610.9,0.0470572
4,0,29,1546.27,0.0372544
4,0,30,1491.89,0.0299453
4,0,31,1446.05,0.024154
4,0,32,1406.21,0.0190496
4,0,33,1370.22,0.0143257
4,0,34,1337.1,0.0101056
4,0,35,1307.07,0.00659252
4,0,36,1280.63,0.00401345
4,0,37,1258.12,0.00226309
4,0,38,1239.28,0.0012064
4,0,39,1223.57,0.000680312
4,0,40,1210.6,0.000543348
4,0,41,1200.32,0.000775977
4,0,42,1192.64,0.00141155
4,0,43,1186.9,0.00250733
4,0,44,1181.71,0.00407086
4,0,45,1174.83,0.0059716
4,0,46,1164.03,0.00789842
4,0,47,1148.01,0.00941572
4,0,48,1127,0.0101157
4,0,49,1102.8,0.00979265
4,1,0,2399.84,0.220526
4,1,1,2583.05,0.257354
4,1,2,2708.48,0.280605
4,1,3,2782.64,0.288906
4,1,4,2818.3,0.284608
4,1,5,2828.99,0.272073
4,1,6,2825.35,0.255774
4,1,7,2813.12,0.239023
4,1,8,2793.46,0.223568
4,1,9,2765.03,0.209908
4,1,10,2726.86,0.19771
4,1,11,2679.61,0.186053
4,1,12,2626.94,0.17395
4,1,13,2573.32,0.160284
4,1,14,2523.49,0.144735
4,1,15,2480.58,0.128014
4,1,16,2444.95,0.111897
4,1,17,2414.3,0.0987949
4,1,18,2384.31,0.0910414
4,1,19,2350.24,0.0896086
4,1,20,2308.47,0.0937204
4,1,21,2257.03,0.100563
4,1,22,2195.68,0.106373
4,1,23,2124.89,0.107727
4,1,24,2045.98,0.102944
4,1,25,1960.88,0.0926459
4,1,26,1872.88,0.0794525
4,1,27,1786.44,0.0664201
4,1,28,1706.16,0.0555948
4,1,29,1635.4,0.0474187
4,1,30,1574.97,0.0410372
4,1,31,1523.39,0.0352104
4,1,32,1478.18,0.0291199
4,1,33,1437.19,0.022728
4,1,34,1399.45,0.0165398
4,1,35,1365.18,0.0111235
4,1,36,1334.86,0.00694735
4,1,37,1308.8,0.00401776
4,1,38,1286.65,0.0021873
4,1,39,1267.84,0.00122434
4,1,40,1251.98,0.000909197
4,1,41,1239.19,0.00118111
4,1,42,1229.51,0.00205883
4,1,43,1222.28,0.00359304
4,1,44,1215.9,0.00576501
4,1,45,1207.76,0.00836711
4,1,46,1195.13,0.0109523
4,1,47,1176.36,0.0129225
4,1,48,1151.59,0.0137435
4,1,49,1122.86,0.0131747
4,2,0,2483.07,0.23
4,2,1,2671.13,0.269432
4,2,2,2798.86,0.295139
4,2,3,2873.69,0.305574
4,2,4,2908.93,0.303122
4,2,5,2918.48,0.29238
4,2,6,2913.44,0.278206
4,2,7,2900.16,0.264272
4,2,8,2880.3,0.252441
4,2,9,2852.75,0.242984
4,2,10,2816.35,0.235001
4,2,11,2771.29,0.226863
4,2,12,2720.55,0.216933
4,2,13,2667.93,0.203659
4,2,14,2617.59,0.186523
4,2,15,2572.38,0.166374
4,2,16,2532.71,0.145324
4,2,17,2496.84,0.126308
4,2,18,2461.38,0.112226
4,2,19,2422.69,0.104541
4,2,20,2377.99,0.102793
4,2,21,2325.69,0.104469
4,2,22,2265.27,0.106143
4,2,23,2196.46,0.104768
4,2,24,2119.66,0.0990023
4,2,25,2036.04,0.0895512
4,2,26,1948.4,0.0788098
4,2,27,1861.04,0.0692688
4,2,28,1778.65,0.0622039
4,2,29,1704.86,0.0572873
4,2,30,1640.81,0.0530599
4,2,31,1585.33,0.0479938
4,2,32,1536.18,0.041311
4,2,33,1491.41,0.0333022
4,2,34,1450.13,0.0249358
4,2,35,1412.63,0.0172509
4,2,36,1379.38,0.0110537
4,2,37,1350.66,0.00655528
4,2,38,1326.07,0.00364399
4,2,39,1305.02,0.00203302
4,2,40,1287.1,0.00141415
4,2,41,1272.49,0.00166077
4,2,42,1261.33,0.00275235
4,2,43,1252.95,0.00470951
4,2,44,1245.64,0.0074671
4,2,45,1236.48,0.0107261
4,2,46,1222.41,0.0138991
4,2,47,1201.45,0.0162339
4,2,48,1173.63,0.0170919
4,2,49,1141.13,0.0162222
4,3,0,2507.31,0.225949
4,3,1,2697.12,0.265731
4,3,2,2826.29,0.292448
4,3,3,2902.29,0.304502
4,3,4,2938.3,0.304239
4,3,5,2948.1,0.2963
4,3,6,2942.93,0.28566
4,3,7,2929.53,0.276048
4,3,8,2910.04,0.269168
4,3,9,2883.65,0.264888
4,3,10,2849.24,0.261734
4,3,11,2806.7,0.257558
4,3,12,2758.47,0.250357
4,3,13,2707.7,0.23841
4,3,14,2657.85,0.221074
4,3,15,2611.29,0.199187
4,3,16,2568.35,0.174861
4,3,17,2527.83,0.151179
4,3,18,2487.5,0.131316
4,3,19,2445.08,0.117153
4,3,20,2398.89,0.108679
4,3,21,2347.77,0.104004
4,3,22,2290.83,0.100445
4,3,23,2226.91,0.0956762
4,3,24,2155.4,0.0888723
4,3,25,2076.66,0.0808102
4,3,26,1992.99,0.0734716
4,3,27,1908.4,0.068546
4,3,28,1827.41,0.0663579
4,3,29,1753.64,0.0657153
4,3,30,1688.39,0.0645252
4,3,31,1630.82,0.0609668
4,3,32,1579.08,0.0542749
4,3,33,1531.53,0.0450247
4,3,34,1487.58,0.0346212
4,3,35,1447.66,0.0245984
4,3,36,1412.29,0.0161634
4,3,37,1381.8,0.00982222
4,3,38,1355.76,0.00557103
4,3,39,1333.57,0.00310723
4,3,40,1314.72,0.00204044
4,3,41,1299.31,0.00215702
4,3,42,1287.46,0.0033673
4,3,43,1278.45,0.00563316
4,3,44,1270.53,0.00882472
4,3,45,1260.65,0.0125517
4,3,46,1245.56,0.01611
4,3,47,1223.02,0.0186335
4,3,48,1192.94,0.019426
4,3,49,1157.49,0.0182568
4,4,0,2482.52,0.212062
4,4,1,2672.16,0.250246
4,4,2,2802.71,0.276476
4,4,3,2880.97,0.289234
4,4,4,2919.36,0.290808
4,4,5,2931.11,0.285748
4,4,6,2927.15,0.278917
4,4,7,2914.33,0.273826
4,4,8,2895.17,0.271778
4,4,9,2869.35,0.272148
4,4,10,2836.03,0.27301
4,4,11,2795.19,0.272025
4,4,12,2749.03,0.267254
4,4,13,2700.16,0.257171
4,4,14,2651.37,0.241163
4,4,15,2604.37,0.219895
4,4,16,2559.27,0.195081
4,4,17,2515.27,0.169449
4,4,18,2471.3,0.145988
4,4,19,2426.46,0.126761
4,4,20,2380.21,0.11221
4,4,21,2331.78,0.101274
4,4,22,2279.91,0.0923067
4,4,23,2222.56,0.0839419
4,4,24,2158.28,0.0759867
4,4,25,2086.75,0.0692914
4,4,26,2009.81,0.0653498
4,4,27,1931.05,0.0650042
4,4,28,1854.56,0.0676632
4,4,29,1783.64,0.0713656
4,4,30,1719.52,0.0734809
4,4,31,1661.57,0.0719335
4,4,32,1608.4,0.0659035
4,4,33,1558.9,0.0561066
4,4,34,1512.88,0.0442367
4,4,35,1471.09,0.0322344
4,4,36,1434.25,0.0217019
4,4,37,1402.76,0.013497
4,4,38,1376.24,0.0078021
4,4,39,1354,0.00435965
4,4,40,1335.34,0.00272472
4,4,41,1320.14,0.00258845
4,4,42,1308.36,0.00376599
4,4,43,1299.2,0.00613531
4,4,44,1290.93,0.00949244
4,4,45,1280.58,0.0133753
4,4,46,1264.85,0.0170152
4,4,47,1241.35,0.0195004
4,4,48,1209.79,0.0201393
4,4,49,1172.24,0.0187473
4,5,0,2422.68,0.193778
4,5,1,2610.89,0.229055
4,5,2,2743.12,0.253529
4,5,3,2824.91,0.265872
4,5,4,2867.42,0.268335
4,5,5,2882.81,0.265307
4,5,6,2881.24,0.261393
4,5,7,2869.29,0.259704
4,5,8,2849.79,0.261028
4,5,9,2823.06,0.264275
4,5,10,2789.01,0.267259
4,5,11,2748.18,0.267802
4,5,12,2702.94,0.264435
4,5,13,2655.62,0.256186
4,5,14,2608.33,0.242662
4,5,15,2562.06,0.224283
4,5,16,2516.43,0.20205
4,5,17,2470.86,0.177862
4,5,18,2425.13,0.154016
4,5,19,2379.48,0.132392
4,5,20,2334.32,0.113741
4,5,21,2289.24,0.0978603
4,5,22,2242.72,0.0842593
4,5,23,2192.18,0.0726309
4,5,24,2135.65,0.0634501
4,5,25,2072.44,0.0576549
4,5,26,2003.99,0.0562834
4,5,27,1933.34,0.0594522
4,5,28,1863.88,0.0658704
4,5,29,1798.23,0.0730585
4,5,30,1737.26,0.0780598
4,5,31,1680.46,0.0786409
4,5,32,1626.9,0.0738621
4,5,33,1576.09,0.064391
4,5,34,1528.48,0.0519808
4,5,35,1485.27,0.0387893
4,5,36,1447.52,0.0267232
4,5,37,1415.75,0.0169853
4,5,38,1389.59,0.00999958
4,5,39,1368.21,0.00561808
4,5,40,1350.58,0.0033853
4,5,41,1336.27,0.0029073
4,5,42,1324.98,0.0038915
4,5,43,1315.87,0.00611856
4,5,44,1307.34,0.00931491
4,5,45,1296.65,0.0129842
4,5,46,1280.62,0.0163655
4,5,47,1256.75,0.0185841
4,5,48,1224.48,0.0190164
4,5,49,1185.62,0.0175375
4,6,0,2343.5,0.176704
4,6,1,2529.65,0.208671
4,6,2,2664.01,0.230708
4,6,3,2750.49,0.241722
4,6,4,2798.55,0.243937
4,6,5,2818.79,0.241552
4,6,6,2820.2,0.238843
4,6,7,2808.8,0.238492
4,6,8,2787.67,0.240833
4,6,9,2758.06,0.244473
4,6,10,2721.05,0.247192
4,6,11,2678.26,0.247219
4,6,12,2632.64,0.243809
4,6,13,2586.49,0.23676
4,6,14,2541.29,0.226076
4,6,15,2497.17,0.211967
4,6,16,2453.08,0.194624
4,6,17,2408.27,0.174827
4,6,18,2362.96,0.153789
4,6,19,2318.08,0.132826
4,6,20,2274.64,0.112744
4,6,21,2232.56,0.0940508
4,6,22,2190.38,0.0773369
4,6,23,2145.53,0.0632959
4,6,24,2096.03,0.053016
4,6,25,2041.12,0.0475295
4,6,26,1981.91,0.0475167
4,6,27,1920.73,0.0525871
4,6,28,1860,0.0610579
4,6,29,1801.35,0.0702593
4,6,30,1745.08,0.0771809
4,6,31,1690.64,0.0795805
4,6,32,1637.55,0.0763819
4,6,33,1586.07,0.0680457
4,6,34,1537.39,0.0561505
4,6,35,1493.35,0.0428352
4,6,36,1455.35,0.0301464
4,6,37,1424.05,0.0195491
4,6,38,1398.99,0.011711
4,6,39,1379.04,0.00663613
4,6,40,1362.81,0.00390616
4,6,41,1349.49,0.00307124
4,6,42,1338.59,0.00374192
4,6,43,1329.33,0.0056088
4,6,44,1320.37,0.00834931
4,6,45,1309.33,0.0114796
4,6,46,1293.25,0.0143192
4,6,47,1269.52,0.0161046
4,6,48,1237.23,0.0163269
4,6,49,1197.78,0.0149197
4,7,0,2260.09,0.165403
4,7,1,2444.28,0.194659
4,7,2,2581.27,0.214397
4,7,3,2673.15,0.223709
4,7,4,2727.39,0.224755
4,7,5,2752.68,0.221515
4,7,6,2756.62,0.217966
4,7,7,2744.62,0.216484
4,7,8,2720.16,0.217185
4,7,9,2685.67,0.218644
4,7,10,2643.81,0.218819
4,7,11,2597.57,0.216439
4,7,12,2550.78,0.2115
4,7,13,2505.79,0.204578
4,7,14,2463.46,0.19617
4,7,15,2422.94,0.186406
4,7,16,2382.36,0.174782
4,7,17,2340.47,0.160954
4,7,18,2297.48,0.144901
4,7,19,2254.49,0.127106
4,7,20,2212.79,0.108164
4,7,21,2172.66,0.0890248
4,7,22,2133.08,0.0711075
4,7,23,2092.05,0.0559001
4,7,24,2048.11,0.0449623
4,7,25,2000.68,0.0393991
4,7,26,1950.55,0.0396502
4,7,27,1899.21,0.0450551
4,7,28,1847.9,0.053841
4,7,29,1797.08,0.063452
4,7,30,1746.37,0.0710835
4,7,31,1695.1,0.0746492
4,7,32,1643.22,0.0729862
4,7,33,1591.74,0.066283
4,7,34,1542.7,0.0557874
4,7,35,1498.61,0.0434106
4,7,36,1461.25,0.0311463
4,7,37,1431.25,0.0205764
4,7,38,1407.89,0.0125499
4,7,39,1389.65,0.00722161
4,7,40,1374.69,0.00424446
4,7,41,1361.95,0.00314935
4,7,42,1350.87,0.00348068
4,7,43,1340.93,0.00486359
4,7,44,1331.17,0.00695766
4,7,45,1319.64,0.00933677
4,7,46,1303.62,0.0114579
4,7,47,1280.38,0.0127207
4,7,48,1248.56,0.0127545
4,7,49,1209.05,0.011539
4,8,0,2184.84,0.16259
4,8,1,2367.8,0.190612
4,8,2,2507.76,0.209036
4,8,3,2604.94,0.216969
4,8,4,2664.66,0.216405
4,8,5,2693.75,0.211073
4,8,6,2698.49,0.204743
4,8,7,2683.96,0.199733
4,8,8,2654.32,0.196303
4,8,9,2613.44,0.193328
4,8,10,2565.69,0.189131
4,8,11,2515.58,0.182912
4,8,12,2467.75,0.175227
4,8,13,2424.54,0.167246
4,8,14,2386.04,0.159914
4,8,15,2350.37,0.153415
4,8,16,2314.74,0.146815
4,8,17,2277.27,0.138881
4,8,18,2237.8,0.128488
4,8,19,2197.24,0.115225
4,8,20,2156.93,0.0992995
4,8,21,2117.56,0.0817934
4,8,22,2078.86,0.0645976
4,8,23,2039.84,0.0496735
4,8,24,1999.86,0.0388344
4,8,25,1958.73,0.0332002
4,8,26,1916.88,0.0330702
4,8,27,1874.87,0.0377166
4,8,28,1832.72,0.045507
4,8,29,1789.71,0.0542126
4,8,30,1744.78,0.0614164
4,8,31,1697.1,0.0653205
4,8,32,1647.03,0.0647775
4,8,33,1596.32,0.059748
4,8,34,1547.85,0.0511156
4,8,35,1504.75,0.0404441
4,8,36,1469.06,0.0295091
4,8,37,1441.18,0.0198414
4,8,38,1419.97,0.0123583
4,8,39,1403.39,0.00731863
4,8,40,1389.23,0.00445272
4,8,41,1376.34,0.00330077
4,8,42,1364.32,0.00337823
4,8,43,1353.08,0.00427513
4,8,44,1342.12,0.00566527
4,8,45,1329.94,0.00721492
4,8,46,1313.98,0.00855214
4,8,47,1291.29,0.009265
4,8,48,1260.05,0.00912383
4,8,49,1220.59,0.00813892
4,9,0,2125.83,0.16899
4,9,1,2308.49,0.197885
4,9,2,2451.3,0.216685
4,9,3,2552.64,0.224247
4,9,4,2615.86,0.222209
4,9,5,2646.16,0.213995
4,9,6,2649,0.203285
4,9,7,2629.54,0.192656
4,9,8,2592.98,0.182932
4,9,9,2544.8,0.173661
4,9,10,2491.13,0.163728
4,9,11,2437.82,0.152727
4,9,12,2390.04,0.141505
4,9,13,2349.8,0.131501
4,9,14,2316.27,0.123933
4,9,15,2286.44,0.119073
4,9,16,2256.61,0.115831
4,9,17,2224.29,0.112451
4,9,18,2188.81,0.107047
4,9,19,2150.76,0.0984737
4,9,20,2111.45,0.0865129
4,9,21,2072.01,0.0721281
4,9,22,2033.09,0.0572942
4,9,23,1994.86,0.0440769
4,9,24,1957.66,0.0342823
4,9,25,1921.65,0.0289557
4,9,26,1886.94,0.0283241
4,9,27,1853.17,0.031739
4,9,28,1819.21,0.0378473
4,9,29,1783.33,0.0448469
4,9,30,1743.9,0.0507828
4,9,31,1699.98,0.0542119
4,9,32,1652.32,0.0541171
4,9,33,1603.25,0.0503563
4,9,34,1556.42,0.043531
4,9,35,1515.42,0.0348509
4,9,36,1482.37,0.0257807
4,9,37,1457.27,0.0176585
4,9,38,1438.41,0.0113409
4,9,39,1423.24,0.00711183
4,9,40,1409.33,0.00475159
4,9,41,1395.63,0.00381313
4,9,42,1382.15,0.00380732
4,9,43,1369.32,0.00431022
4,9,44,1357.09,0.00503524
4,9,45,1344.26,0.00576482
4,9,46,1328.31,0.00631302
4,9,47,1306,0.00646375
4,9,48,1274.99,0.0061193
4,9,49,1235.1,0.00530965
4,10,0,2085.79,0.183102
4,10,1,2268.77,0.215139
4,10,2,2413.67,0.236367
4,10,3,2517.27,0.245061
4,10,4,2581.29,0.242258
4,10,5,2609.8,0.230963
4,10,6,2607.9,0.214855
4,10,7,2581.32,0.197053
4,10,8,2536.58,0.179349
4,10,9,2480.88,0.16233
4,10,10,2421.95,0.14567
4,10,11,2366.75,0.129326
4,10,12,2320.57,0.114185
4,10,13,2284.74,0.10161
4,10,14,2257.26,0.0928086
4,10,15,2233.98,0.0880695
4,10,16,2210.37,0.0863109
4,10,17,2183.37,0.0856141
4,10,18,2151.87,0.0837599
4,10,19,2116.14,0.0791629
4,10,20,2077.54,0.0712806
4,10,21,2037.66,0.0608095
4,10,22,1998.1,0.0494848
4,10,23,1960.19,0.039137
4,10,24,1925.12,0.0313118
4,10,25,1893.38,0.026877
4,10,26,1864.68,0.0260189
4,10,27,1837.86,0.0282529
4,10,28,1810.88,0.0325642
4,10,29,1781.23,0.0375819
4,10,30,1746.91,0.0417935
4,10,31,1706.95,0.0441059
4,10,32,1662.38,0.0437226
4,10,33,1616,0.0405475
4,10,34,1571.92,0.0350488
4,10,35,1534,0.0281673
4,10,36,1504.23,0.0210478
4,10,37,1482.13,0.0147589
4,10,38,1465.43,0.00999049
4,10,39,1451.23,0.00696585
4,10,40,1437.13,0.00546219
4,10,41,1422.39,0.00501678
4,10,42,1407.53,0.00513262
4,10,43,1393.46,0.00537271
4,10,44,1380.47,0.00550404
4,10,45,1367.43,0.00544186
4,10,46,1351.62,0.00519414
4,10,47,1329.41,0.00474246
4,10,48,1297.92,0.0041118
4,10,49,1256.54,0.0033477
4,11,0,2063.02,0.201485
4,11,1,2246.15,0.238488
4,11,2,2391.77,0.263989
4,11,3,2495.39,0.275387
4,11,4,2557.55,0.272867
4,11,5,2581.67,0.258875
4,11,6,2572.95,0.237111
4,11,7,2537.96,0.211409
4,11,8,2484.69,0.184807
4,11,9,2421.98,0.159215
4,11,10,2359.03,0.135308
4,11,11,2303.52,0.113437
4,11,12,2260.53,0.0943725
4,11,13,2230.44,0.0791245
4,11,14,2209.94,0.068612
4,11,15,2193.71,0.0629886
4,11,16,2176.42,0.0612313
4,11,17,2154.55,0.0615119
4,11,18,2126.63,0.0616596
4,11,19,2092.77,0.0599752
4,11,20,2054.49,0.0557683
4,11,21,2013.97,0.0494306
4,11,22,1973.71,0.0422493
4,11,23,1936.09,0.0355635
4,11,24,1902.97,0.0304466
4,11,25,1875,0.0274809
4,11,26,1851.46,0.0268078
4,11,27,1830.5,0.0281465
4,11,28,1809.42,0.030838
4,11,29,1785.24,0.0339096
4,11,30,1755.79,0.0362295
4,11,31,1720.14,0.0370043
4,11,32,1679.55,0.0357008
4,11,33,1637.03,0.0323854
4,11,34,1596.8,0.0275401
4,11,35,1562.7,0.02196
4,11,36,1536.38,0.0165257
4,11,37,1516.96,0.0120287
4,11,38,1501.82,0.0089314
4,11,39,1488.07,0.00732769
4,11,40,1473.55,0.00692693
4,11,41,1458.06,0.00719859
4,11,42,1442.57,0.00760836
4,11,43,1428.4,0.00768928
4,11,44,1415.86,0.00726733
4,11,45,1403.58,0.00640546
4,11,46,1388.41,0.00531523
4,11,47,1366.16,0.00417924
4,11,48,1333.39,0.00314042
4,11,49,1289.12,0.00226021
4,12,0,2054.74,0.220247
4,12,1,2237.18,0.26326
4,12,2,2381.7,0.29431
4,12,3,2483.08,0.309736
4,12,4,2541.21,0.308691
4,12,5,2559.3,0.29293
4,12,6,2542.93,0.266104
4,12,7,2499.59,0.232772
4,12,8,2438.63,0.197296
4,12,9,2370.35,0.163039
4,12,10,2305.09,0.131826
4,12,11,2250.92,0.104492
4,12,12,2212.48,0.0816666
4,12,13,2189.01,0.0638728
4,12,14,2175.95,0.0515562
4,12,15,2166.83,0.044586
4,12,16,2155.57,0.0419579
4,12,17,2138.23,0.0420588
4,12,18,2113.09,0.0430199
4,12,19,2080.26,0.0432876
4,12,20,2041.63,0.0422011
4,12,21,2000.05,0.0398821
4,12,22,1958.98,0.0370762
4,12,23,1921.66,0.0344702
4,12,24,1890.46,0.0325065
4,12,25,1865.99,0.031378
4,12,26,1847.06,0.0311554
4,12,27,1831.21,0.031784
4,12,28,1815.28,0.032985
4,12,29,1796.05,0.0341721
4,12,30,1771.42,0.0345447
4,12,31,1740.59,0.0335492
4,12,32,1704.93,0.0309051
4,12,33,1667.39,0.026887
4,12,34,1631.95,0.0220815
4,12,35,1602.02,0.0172432
4,12,36,1578.87,0.0130674
4,12,37,1561.36,0.010113
4,12,38,1546.95,0.00860178
4,12,39,1533.11,0.00845962
4,12,40,1518.27,0.00927124
4,12,41,1502.82,0.010382
4,12,42,1488.12,0.0111793
4,12,43,1475.59,0.0111443
4,12,44,1465.25,0.010164
4,12,45,1455.21,0.00846241
4,12,46,1441.57,0.00646457
4,12,47,1419.44,0.00455603
4,12,48,1384.76,0.0029942
4,12,49,1336.16,0.00185692
4,13,0,2057.88,0.236127
4,13,1,2238.17,0.285296
4,13,2,2379.4,0.322357
4,13,3,2476.21,0.342556
4,13,4,2528.45,0.343966
4,13,5,2539.57,0.327596
4,13,6,2515.72,0.296956
4,13,7,2465.31,0.257193
4,13,8,2398.78,0.213854
4,13,9,2327.46,0.171676
4,13,10,2262.37,0.133657
4,13,11,2211.54,0.1012
4,13,12,2178.91,0.0748757
4,13,13,2162.62,0.0547433
4,13,14,2156.95,0.0407311
4,13,15,2154.46,0.0323449
4,13,16,2148.4,0.028532
4,13,17,2134.5,0.0279108
4,13,18,2110.87,0.0290231
4,13,19,2077.86,0.030609
4,13,20,2037.84,0.0321602
4,13,21,1994.49,0.0335949
4,13,22,1952.2,0.0351103
4,13,23,1915.01,0.036666
4,13,24,1885.6,0.0379705
4,13,25,1864.42,0.0387378
4,13,26,1849.71,0.0389328
4,13,27,1838.46,0.0387497
4,13,28,1827.15,0.038343
4,13,29,1812.56,0.0375528
4,13,30,1792.77,0.035907
4,13,31,1767.24,0.0330511
4,13,32,1737.36,0.0289067
4,13,33,1705.78,0.0239262
4,13,34,1675.85,0.0188105
4,13,35,1650.27,0.0143211
4,13,36,1629.83,0.0110298
4,13,37,1613.39,0.0093229
4,13,38,1598.88,0.00919728
4,13,39,1584.6,0.0104021
4,13,40,1569.79,0.0123661
4,13,41,1555.48,0.0142793
4,13,42,1543.23,0.0154283
4,13,43,1534.27,0.0152387
4,13,44,1528.03,0.0136649
4,13,45,1521.79,0.0110987
4,13,46,1510.73,0.00817461
4,13,47,1489.14,0.00546781
4,13,48,1452.25,0.00333703
4,13,49,1398.25,0.00187164
4,14,0,2071.6,0.248338
4,14,1,2248.08,0.303208
4,14,2,2383.63,0.346031
4,14,3,2473.41,0.371053
4,14,4,2517.86,0.375397
4,14,5,2521.16,0.35941
4,14,6,2490.35,0.326411
4,14,7,2434.7,0.28192
4,14,8,2365.43,0.23236
4,14,9,2294.35,0.183579
4,14,10,2232.49,0.139625
4,14,11,2187.31,0.102526
4,14,12,2161.77,0.0729348
4,14,13,2152.91,0.0505965
4,14,14,2154.09,0.035001
4,14,15,2157.16,0.0252909
4,14,16,2154.95,0.0203059
4,14,17,2142.96,0.0188502
4,14,18,2119.33,0.0198731
4,14,19,2084.75,0.0224509
4,14,20,2042.21,0.0262814
4,14,21,1996.27,0.0311371
4,14,22,1952.24,0.0367052
4,14,23,1914.83,0.0422045
4,14,24,1886.96,0.0465625
4,14,25,1868.8,0.0489549
4,14,26,1857.98,0.0492182
4,14,27,1850.94,0.047826
4,14,28,1843.86,0.0454443
4,14,29,1833.58,0.0424233
4,14,30,1818.5,0.0386611
4,14,31,1798.38,0.0339891
4,14,32,1774.64,0.0284569
4,14,33,1749.49,0.0226045
4,14,34,1725.41,0.0171828
4,14,35,1704.19,0.0129391
4,14,36,1686.09,0.0103414
4,14,37,1670.14,0.00964611
4,14,38,1655.08,0.0106496
4,14,39,1640.35,0.0129402
4,14,40,1626.18,0.0157995
4,14,41,1614.19,0.018281
4,14,42,1606,0.0195936
4,14,43,1602.31,0.0191388
4,14,44,1601.72,0.0169517
4,14,45,1600.49,0.013579
4,14,46,1592.84,0.0098309
4,14,47,1572.22,0.00642835
4,14,48,1533.12,0.00379995
4,14,49,1473.18,0.00203427
4,15,0,2097.75,0.25915
4,15,1,2268.99,0.319094
4,15,2,2396.6,0.366905
4,15,3,2476.83,0.396024
4,15,4,2511.35,0.402938
4,15,5,2505.71,0.38761
4,15,6,2468.17,0.353251
4,15,7,2408.96,0.305565
4,15,8,2339.8,0.251466
4,15,9,2272.36,0.19753
4,15,10,2216.94,0.148625
4,15,11,2179.74,0.107401
4,15,12,2162.38,0.0747423
4,15,13,2160.75,0.0502688
4,15,14,2167.65,0.0331723
4,15,15,2174.59,0.0222786
4,15,16,2174.34,0.0162869
4,15,17,2162.46,0.0141249
4,15,18,2137.32,0.0150891
4,15,19,2100.02,0.0185638
4,15,20,2054.2,0.0244381
4,15,21,2005.2,0.0323602
4,15,22,1959.09,0.0415454
4,15,23,1921.14,0.0504957
4,15,24,1894.4,0.0573717
4,15,25,1878.79,0.0608131
4,15,26,1871.36,0.0605451
4,15,27,1868.02,0.0573663
4,15,28,1864.64,0.0525323
4,15,29,1858.1,0.0469888
4,15,30,1847.16,0.0410576
4,15,31,1831.94,0.034755
4,15,32,1813.95,0.0281809
4,15,33,1794.97,0.0218466
4,15,34,1776.58,0.0164457
4,15,35,1759.59,0.0126377
4,15,36,1743.68,0.0107613
4,15,37,1728.16,0.0109454
4,15,38,1712.68,0.0128013
4,15,39,1698,0.0157865
4,15,40,1685.35,0.019087
4,15,41,1676.95,0.0217017
4,15,42,1674.2,0.0228419
4,15,43,1677.04,0.0219577
4,15,44,1683.06,0.0191813
4,15,45,1687.44,0.0151766
4,15,46,1683.51,0.0108562
4,15,47,1664.03,0.00700869
4,15,48,1622.81,0.00408035
4,15,49,1556.88,0.00214027
4,16,0,2138.75,0.273174
4,16,1,2304.01,0.337722
4,16,2,2422.02,0.389391
4,16,3,2490.64,0.421084
4,16,4,2513.31,0.429138
4,16,5,2497.43,0.413622
4,16,6,2452.95,0.377912
4,16,7,2391.24,0.327823
4,16,8,2324.31,0.270415
4,16,9,2263.2,0.212581
4,16,10,2216.72,0.15971
4,16,11,2189.15,0.114989
4,16,12,2180.38,0.0796046
4,16,13,2185.17,0.0531878
4,16,14,2196.03,0.0347383
4,16,15,2204.65,0.0228102
4,16,16,2204.23,0.0159637
4,16,17,2190.7,0.0132241
4,16,18,2162.87,0.0141848
4,16,19,2122.31,0.0184908
4,16,20,2073.16,0.0261604
4,16,21,2021.28,0.0366841
4,16,22,1973.23,0.0488174
4,16,23,1934.61,0.0603975
4,16,24,1908.57,0.0689119
4,16,25,1894.86,0.0725608
4,16,26,1890.14,0.0710409
4,16,27,1889.81,0.0655272
4,16,28,1889.38,0.0579008
4,16,29,1885.72,0.0497311
4,16,30,1877.84,0.0417773
4,16,31,1866.28,0.0342291
4,16,32,1852.76,0.027167
4,16,33,1838.83,0.020967
4,16,34,1825.36,0.0161533
4,16,35,1812.25,0.013199
4,16,36,1798.65,0.012251
4,16,37,1784.06,0.0132695
4,16,38,1768.97,0.0156833
4,16,39,1755.37,0.0188586
4,16,40,1745.48,0.0219781
4,16,41,1741.93,0.0241238
4,16,42,1745.74,0.0246397
4,16,43,1755.88,0.023124
4,16,44,1768.83,0.0198192
4,16,45,1778.78,0.0154432
4,16,46,1778.38,0.0109061
4,16,47,1759.93,0.0069617
4,16,48,1716.71,0.00400924
4,16,49,1645.07,0.00207785
4,17,0,2195.19,0.294548
4,17,1,2354.6,0.363379
4,17,2,2462.57,0.417511
4,17,3,2518.76,0.449622
4,17,4,2528.68,0.456494
4,17,5,2501.86,0.438933
4,17,6,2450.16,0.400892
4,17,7,2386.27,0.348351
4,17,8,2322.45,0.28827
4,17,9,2268.76,0.227488
4,17,10,2232.05,0.171602
4,17,11,2214.19,0.124172
4,17,12,2213.17,0.0866628
4,17,13,2222.66,0.058751
4,17,14,2235.18,0.0392741
4,17,15,2243.04,0.0265318
4,17,16,2240.32,0.0189763
4,17,17,2223.71,0.0157504
4,17,18,2192.62,0.0167264
4,17,19,2149.06,0.0217629
4,17,20,2097.44,0.0309092
4,17,21,2043.72,0.0434147
4,17,22,1994.55,0.0575604
4,17,23,1955.53,0.0706102
4,17,24,1929.9,0.0795684
4,17,25,1917.38,0.0824026
4,17,26,1914.5,0.0789345
4,17,27,1916.28,0.0707573
4,17,28,1917.85,0.0603353
4,17,29,1915.91,0.0497882
4,17,30,1909.63,0.0402512
4,17,31,1899.97,0.0320471
4,17,32,1889.03,0.0251877
4,17,33,1878.42,0.019846
4,17,34,1868.64,0.0162926
4,17,35,1858.89,0.0147222
4,17,36,1847.84,0.0150105
4,17,37,1835.04,0.0168752
4,17,38,1821.63,0.0195546
4,17,39,1810.58,0.0223688
4,17,40,1804.88,0.0246131
4,17,41,1807.4,0.0256188
4,17,42,1818.61,0.0250144
4,17,43,1836.44,0.0226482
4,17,44,1856.21,0.0188769
4,17,45,1871.34,0.0143955
4,17,46,1874.04,0.00999761
4,17,47,1856.4,0.00629823
4,17,48,1811.37,0.00358884
4,17,49,1734.63,0.00184197
4,18,0,2264.61,0.32494
4,18,1,2419.25,0.397665
4,18,2,2518.2,0.452652
4,18,3,2562.99,0.482678
4,18,4,2561.1,0.485571
4,18,5,2524.03,0.463518
4,18,6,2465.49,0.421508
4,18,7,2399.43,0.365864
4,18,8,2338.36,0.303338
4,18,9,2291.31,0.240461
4,18,10,2263.05,0.182744
4,18,11,2253.03,0.133875
4,18,12,2257.37,0.0954252
4,18,13,2268.85,0.0669939
4,18,14,2280.23,0.0471694
4,18,15,2284.79,0.0339762
4,18,16,2277.84,0.0258258
4,18,17,2257.1,0.0220711
4,18,18,2222.78,0.0229123
4,18,19,2177.25,0.0284101
4,18,20,2124.81,0.03854
4,18,21,2071.08,0.052197
4,18,22,2022.23,0.0671582
4,18,23,1983.56,0.0802406
4,18,24,1958.29,0.0882322
4,18,25,1946.35,0.0891617
4,18,26,1944.39,0.083176
4,18,27,1947.26,0.072305
4,18,28,1949.72,0.0594665
4,18,29,1948.23,0.0471508
4,18,30,1941.98,0.0367274
4,18,31,1932.3,0.0285822
4,18,32,1921.85,0.0226346
4,18,33,1912.6,0.0188399
4,18,34,1905.03,0.0171784
4,18,35,1897.95,0.0175016
4,18,36,1889.65,0.0193367
4,18,37,1879.56,0.0220754
4,18,38,1869.22,0.0247562
4,18,39,1862.25,0.0266982
4,18,40,1862.09,0.0274265
4,18,41,1871.65,0.026678
4,18,42,1890.76,0.0244994
4,18,43,1916.28,0.0210675
4,18,44,1942.54,0.0168454
4,18,45,1962.36,0.0124352
4,18,46,1967.8,0.00842154
4,18,47,1950.95,0.00520198
4,18,48,1904.57,0.00291824
4,18,49,1823.64,0.00147632
4,19,0,2342.24,0.362559
4,19,1,2493.82,0.438594
4,19,2,2586.06,0.492876
4,19,3,2622.23,0.518558
4,19,4,2611.41,0.514977
4,19,5,2566.56,0.486185
4,19,6,2502.67,0.438611
4,19,7,2434.62,0.379155
4,19,8,2375.04,0.314412
4,19,9,2332.15,0.250464
4,19,10,2309.01,0.192479
4,19,11,2303.08,0.143943
4,19,12,2309.02,0.106228
4,19,13,2319.02,0.0786061
4,19,14,2326.21,0.0592653
4,19,15,2325.01,0.0459481
4,19,16,2312.16,0.037154
4,19,17,2286.66,0.0326089
4,19,18,2249.6,0.032948
4,19,19,2203.57,0.0384511
4,19,20,2152.45,0.0489184
4,19,21,2100.93,0.0627711
4,19,22,2054.23,0.0772523
4,19,23,2016.98,0.0888783
4,19,24,1992.34,0.0945162
4,19,25,1980.55,0.0925726
4,19,26,1978.64,0.0837175
4,19,27,1981.53,0.070401
4,19,28,1983.77,0.055803
4,19,29,1981.57,0.0425405
4,19,30,1974.04,0.0320306
4,19,31,1962.86,0.0246399
4,19,32,1951.25,0.0201971
4,19,33,1941.72,0.0184701
4,19,34,1935.03,0.0191556
4,19,35,1929.89,0.0217315
4,19,36,1924.29,0.0253199
4,19,37,1917.55,0.0289207
4,19,38,1911.33,0.0313773
4,19,39,1909.58,0.0320547
4,19,40,1915.89,0.0308028
4,19,41,1933.02,0.0278738
4,19,42,1960.1,0.0238134
4,19,43,1993.01,0.0191587
4,19,44,2025.32,0.0144598
4,19,45,2049.46,0.010177
4,19,46,2057.54,0.00663455
4,19,47,2041.82,0.00397543
4,19,48,1994.91,0.00217667
4,19,49,1911.08,0.00107637
4,20,0,2423,0.403052
4,20,1,2573.56,0.481651
4,20,2,2662.16,0.534036
4,20,3,2693.55,0.553896
4,20,4,2677.96,0.54227
4,20,5,2629.04,0.505305
4,20,6,2562.27,0.451125
4,20,7,2492.75,0.387475
4,20,8,2433.04,0.320961
4,20,9,2390.87,0.257215
4,20,10,2368.32,0.200828
4,20,11,2361.67,0.154711
4,20,12,2364.75,0.119645
4,20,13,2369.52,0.0942705
4,20,14,2369.55,0.0762167
4,20,15,2360.43,0.062981
4,20,16,2340.37,0.0533201
4,20,17,2309.79,0.0475245
4,20,18,2270.69,0.0467898
4,20,19,2225.74,0.0516492
4,20,20,2178.01,0.061659
4,20,21,2130.89,0.0746909
4,20,22,2088.18,0.0874603
4,20,23,2053.62,0.0963377
4,20,24,2030.17,0.0985276
4,20,25,2018.38,0.0930673
4,20,26,2015.87,0.0812796
4,20,27,2017.86,0.065975
4,20,28,2018.93,0.0503851
4,20,29,2015.18,0.0370124
4,20,30,2005.68,0.0271433
4,20,31,1992.34,0.0210524
4,20,32,1978.84,0.0184932
4,20,33,1968.2,0.0190952
4,20,34,1961.54,0.022302
4,20,35,1957.64,0.0272223
4,20,36,1954.42,0.0325547
4,20,37,1951.09,0.0368941
4,20,38,1949.32,0.0389242
4,20,39,1953.19,0.0381077
4,20,40,1966.16,0.0346764
4,20,41,1990.71,0.0294325
4,20,42,2025.26,0.023423
4,20,43,2064.93,0.0175192
4,20,44,2102.69,0.0123264
4,20,45,2130.81,0.00814228
4,20,46,2141.62,0.00502731
4,20,47,2127.56,0.00287678
4,20,48,2081.16,0.0015161
4,20,49,1995.93,0.000722526
4,21,0,2503.54,0.441456
4,21,1,2655.21,0.522101
4,21,2,2743.31,0.572312
4,21,3,2773.88,0.586266
4,21,4,2757.82,0.566559
4,21,5,2708.8,0.52133
4,21,6,2641.87,0.460467
4,21,7,2571.62,0.392799
4,21,8,2510.19,0.325208
4,21,9,2465.14,0.262958
4,21,10,2438.42,0.2099
4,21,11,2426.12,0.167998
4,21,12,2421.99,0.137073
4,21,13,2418.09,0.114881
4,21,14,2408.49,0.0984285
4,21,15,2389.85,0.0850862
4,21,16,2361.81,0.0740532
4,21,17,2326.16,0.0663377
4,21,18,2285.72,0.0637676
4,21,19,2243.09,0.0671397
4,21,20,2200.26,0.0757403
4,21,21,2159.08,0.0869069
4,21,22,2121.75,0.0969119
4,21,23,2090.98,0.102142
4,21,24,2069.36,0.100315
4,21,25,2057.73,0.0912131
4,21,26,2054.31,0.076811
4,21,27,2054.79,0.0601582
4,21,28,2054.1,0.0443394
4,21,29,2048.47,0.0315557
4,21,30,2037.01,0.0228396
4,21,31,2021.81,0.018331
4,21,32,2006.75,0.0177325
4,21,33,1995.13,0.0205865
4,21,34,1988.31,0.0261281
4,21,35,1985.19,0.0331371
4,21,36,1983.77,0.0399253
4,21,37,1983.31,0.0447384
4,21,38,1985.56,0.0461716
4,21,39,1994.58,0.0438353
4,21,40,2013.62,0.0383484
4,21,41,2044.71,0.0310118
4,21,42,2085.72,0.0232932
4,21,43,2131.14,0.016316
4,21,44,2173.59,0.0106989
4,21,45,2205.34,0.00658192
4,21,46,2218.95,0.00379855
4,21,47,2207.07,0.00204027
4,21,48,2162.15,0.00101597
4,21,49,2076.94,0.000456841
4,22,0,2582.99,0.474157
4,22,1,2737.68,0.556834
4,22,2,2827.96,0.605674
4,22,3,2860.9,0.615107
4,22,4,2847.72,0.588851
4,22,5,2801.62,0.536673
4,22,6,2736.6,0.47011
4,22,7,2666.11,0.399247
4,22,8,2601.62,0.3315
4,22,9,2550.71,0.271877
4,22,10,2515.91,0.223354
4,22,11,2493.97,0.186656
4,22,12,2479.25,0.160386
4,22,13,2464.26,0.141327
4,22,14,2443.52,0.125972
4,22,15,2414.63,0.111782
4,22,16,2378.44,0.0985633
4,22,17,2337.93,0.0880891
4,22,18,2296.59,0.0827676
4,22,19,2256.75,0.0836087
4,22,20,2219.31,0.0896522
4,22,21,2184.54,0.0978397
4,22,22,2153.13,0.1042
4,22,23,2126.74,0.105317
4,22,24,2107.56,0.0994956
4,22,25,2096.46,0.0872122
4,22,26,2092.2,0.0709293
4,22,27,2091.01,0.0537477
4,22,28,2088.38,0.0384349
4,22,29,2080.98,0.0267837
4,22,30,2068.16,0.0195257
4,22,31,2052.09,0.01666
4,22,32,2036.64,0.0178606
4,22,33,2024.97,0.0226142
4,22,34,2018.42,0.0299914
4,22,35,2015.97,0.0385112
4,22,36,2015.79,0.0461945
4,22,37,2017.44,0.0510642
4,22,38,2022.79,0.0517331
4,22,39,2035.96,0.0480077
4,22,40,2059.87,0.0408518
4,22,41,2096.15,0.0319429
4,22,42,2142.18,0.0230234
4,22,43,2192.06,0.0153475
4,22,44,2238.21,0.00949823
4,22,45,2273.02,0.00547734
4,22,46,2289.25,0.00295188
4,22,47,2279.75,0.0014738
4,22,48,2236.87,0.000682241
4,22,49,2152.65,0.000282661
4,23,0,2661.81,0.500189
4,23,1,2821.11,0.585594
4,23,2,2915.48,0.634881
4,23,3,2952.83,0.642376
4,23,4,2944.48,0.612318
4,23,5,2902.86,0.555576
4,23,6,2840.65,0.485097
4,23,7,2769.91,0.412277
4,23,8,2701.24,0.345247
4,23,9,2642.4,0.288852
4,23,10,2596.88,0.245117
4,23,11,2562.76,0.21337
4,23,12,2535.45,0.190936
4,23,13,2508.2,0.17376
4,23,14,2476,0.158116
4,23,15,2437.1,0.141846
4,23,16,2393.24,0.125465
4,23,17,2348.24,0.111402
4,23,18,2306,0.102429
4,23,19,2268.51,0.0996238
4,23,20,2235.72,0.101838
4,23,21,2206.57,0.105876
4,23,22,2180.56,0.10784
4,23,23,2158.48,0.104727
4,23,24,2142.03,0.0954236
4,23,25,2131.96,0.0809008
4,23,26,2127.27,0.0638103
4,23,27,2124.71,0.0470584
4,23,28,2120.47,0.0329576
4,23,29,2111.86,0.0228563
4,23,30,2098.62,0.0172034
4,23,31,2083.04,0.0158761
4,23,32,2068.71,0.0185305
4,23,33,2058.35,0.0246081
4,23,34,2052.94,0.0330603
4,23,35,2051.42,0.0422478
4,23,36,2052.25,0.0500567
4,23,37,2055.4,0.054472
4,23,38,2063.04,0.054249
4,23,39,2079.32,0.0494198
4,23,40,2106.84,0.0412022
4,23,41,2146.84,0.0314742
4,23,42,2196.35,0.0220677
4,23,43,2249.25,0.0142301
4,23,44,2297.96,0.00846037
4,23,45,2334.99,0.00465123
4,23,46,2353.31,0.00237267
4,23,47,2345.87,0.00110799
4,23,48,2304.94,0.000475848
4,23,49,2221.93,0.000179589
4,24,0,2741.34,0.521864
4,24,1,2906.32,0.611398
4,24,2,3005.82,0.663574
4,24,3,3048.39,0.672221
4,24,4,3045.31,0.641523
4,24,5,3008.23,0.582954
4,24,6,2948.53,0.510597
4,24,7,2876.9,0.437101
4,24,8,2803.14,0.371365
4,24,9,2735.21,0.318094
4,24,10,2677.77,0.27833
4,24,11,2630.51,0.250013
4,24,12,2590.2,0.229364
4,24,13,2550.97,0.211839
4,24,14,2508.2,0.193945
4,24,15,2460.5,0.17422
4,24,16,2410.02,0.153889
4,24,17,2360.94,0.135762
4,24,18,2317.29,0.122576
4,24,19,2280.77,0.11522
4,24,20,2250.71,0.112406
4,24,21,2225.27,0.111118
4,24,22,2203.16,0.107929
4,24,23,2184.59,0.100502
4,24,24,2170.76,0.088289
4,24,25,2162.07,0.0725148
4,24,26,2157.53,0.0556796
4,24,27,2154.19,0.0402436
4,24,28,2148.93,0.0279637
4,24,29,2139.83,0.0197492
4,24,30,2127.16,0.0158122
4,24,31,2113.3,0.015927
4,24,32,2101.43,0.0197142
4,24,33,2093.65,0.0265486
4,24,34,2090.38,0.035293
4,24,35,2090.43,0.0442586
4,24,36,2092.57,0.0513781
4,24,37,2097.25,0.0548018
4,24,38,2106.95,0.0535533
4,24,39,2125.84,0.047906
4,24,40,2156.16,0.039227
4,24,41,2198.75,0.0294156
4,24,42,2250.41,0.0202163
4,24,43,2305.02,0.0127469
4,24,44,2355.12,0.0073825
4,24,45,2393.38,0.00393396
4,24,46,2412.91,0.00193469
4,24,47,2406.74,0.000859803
4,24,48,2367,0.000347666
4,24,49,2284.64,0.000121073
4,25,0,2823.16,0.544551
4,25,1,2994.31,0.640147
4,25,2,3099.1,0.697703
4,25,3,3146.69,0.71025
4,25,4,3148.21,0.681546
4,25,5,3114.66,0.623353
4,25,6,3056.28,0.550676
4,25,7,2982.68,0.47728
4,25,8,2902.99,0.412758
4,25,9,2825.45,0.361623
4,25,10,2755.96,0.323969
4,25,11,2695.88,0.296541
4,25,12,2643.49,0.274826
4,25,13,2593.81,0.254302
4,25,14,2542.46,0.232206
4,25,15,2487.97,0.208013
4,25,16,2432.34,0.183536
4,25,17,2379.59,0.161547
4,25,18,2333.61,0.144233
4,25,19,2295.95,0.131948
4,25,20,2265.84,0.123267
4,25,21,2241.27,0.115651
4,25,22,2220.78,0.106539
4,25,23,2204.27,0.09453
4,25,24,2192.45,0.079664
4,25,25,2185.21,0.063233
4,25,26,2181.27,0.0473168
4,25,27,2177.81,0.0337398
4,25,28,2172.25,0.0236542
4,25,29,2163.42,0.0175539
4,25,30,2152.13,0.0154559
4,25,31,2140.9,0.0170252
4,25,32,2132.45,0.0217925
4,25,33,2128.2,0.029007
4,25,34,2127.96,0.0374445
4,25,35,2130.43,0.0454531
4,25,36,2134.66,0.051177
4,25,37,2141.55,0.0531137
4,25,38,2153.85,0.0506631
4,25,39,2175.59,0.0443509
4,25,40,2208.59,0.0356064
4,25,41,2253.27,0.0262111
4,25,42,2306.33,0.0176933
4,25,43,2361.75,0.0109561
4,25,44,2412.31,0.00622413
4,25,45,2450.86,0.00324647
4,25,46,2470.6,0.0015601
4,25,47,2464.55,0.000670742
4,25,48,2424.77,0.000260341
4,25,49,2341.84,8.58602e-05
4,26,0,2908.56,0.574232
4,26,1,3085.56,0.678086
4,26,2,3195.05,0.743126
4,26,3,3246.68,0.761426
4,26,4,3251.48,0.736211
4,26,5,3219.89,0.679445
4,26,6,3161.3,0.606958
4,26,7,3084.5,0.533467
4,26,8,2998.19,0.469103
4,26,9,2910.96,0.418144
4,26,10,2829.9,0.379885
4,26,11,2758.12,0.350239
4,26,12,2695.41,0.324486
4,26,13,2637.63,0.298679
4,26,14,2580.4,0.27118
4,26,15,2521.72,0.242488
4,26,16,2462.81,0.214735
4,26,17,2407,0.190137
4,26,18,2357.78,0.169767
4,26,19,2316.72,0.153043
4,26,20,2283.46,0.138324
4,26,21,2256.53,0.123743
4,26,22,2234.87,0.107924
4,26,23,2218.43,0.0906726
4,26,24,2207.48,0.0727236
4,26,25,2201.29,0.0554064
4,26,26,2198.03,0.0402804
4,26,27,2194.83,0.028468
4,26,28,2189.48,0.0205318
4,26,29,2181.45,0.0165777
4,26,30,2172.07,0.0164389
4,26,31,2163.93,0.0196285
4,26,32,2159.38,0.0254892
4,26,33,2159.2,0.0330455
4,26,34,2162.7,0.0409399
4,26,35,2168.48,0.0475866
4,26,36,2175.87,0.0514448
4,26,37,2186.1,0.0514851
4,26,38,2202.03,0.0475639
4,26,39,2227.4,0.0404823
4,26,40,2263.55,0.0316965
4,26,41,2310.5,0.0228088
4,26,42,2364.86,0.0150753
4,26,43,2420.83,0.00914917
4,26,44,2471.42,0.00509295
4,26,45,2509.63,0.00259998
4,26,46,2528.71,0.00122355
4,26,47,2521.67,0.000510809
4,26,48,2480.48,0.00019107
4,26,49,2395.44,5.97638e-05
4,27,0,2998.24,0.6158
4,27,1,3180.1,0.73003
4,27,2,3293.08,0.803964
4,27,3,3347.4,0.828703
4,27,4,3354.01,0.807074
4,27,5,3322.87,0.751375
4,27,6,3262.72,0.678267
4,27,7,3181.73,0.603257
4,27,8,3088.32,0.536871
4,27,9,2991.47,0.483184
4,27,10,2899.49,0.440981
4,27,11,2817.22,0.405881
4,27,12,2746.04,0.37355
4,27,13,2682.62,0.341093
4,27,14,2622.37,0.308198
4,27,15,2562.29,0.276255
4,27,16,2502.28,0.247306
4,27,17,2444.43,0.222476
4,27,18,2391.54,0.201187
4,27,19,2345.29,0.181519
4,27,20,2306.17,0.161459
4,27,21,2273.87,0.139859
4,27,22,2248.32,0.116715
4,27,23,2229.83,0.0932633
4,27,24,2218.33,0.0711295
4,27,25,2212.42,0.0518232
4,27,26,2209.57,0.0364855
4,27,27,2206.61,0.0256192
4,27,28,2201.59,0.0192831
4,27,29,2194.48,0.0172279
4,27,30,2187.05,0.0190861
4,27,31,2181.95,0.0241492
4,27,32,2181.23,0.031447
4,27,33,2185.2,0.0396528
4,27,34,2192.84,0.0471799
4,27,35,2202.7,0.0524643
4,27,36,2214.32,0.0542964
4,27,37,2229.1,0.0521652
4,27,38,2249.82,0.0464303
4,27,39,2279.78,0.0382098
4,27,40,2319.84,0.0290193
4,27,41,2369.64,0.0203072
4,27,42,2425.78,0.0130781
4,27,43,2482.61,0.00774544
4,27,44,2533.32,0.00420817
4,27,45,2571,0.00209572
4,27,46,2588.91,0.000965523
4,27,47,2580.01,0.000393015
4,27,48,2536.19,0.000142516
4,27,49,2447.52,4.23833e-05
4,28,0,3091.29,0.670196
4,28,1,3276.37,0.796419
4,28,2,3391.28,0.87991
4,28,3,3446.86,0.910883
4,28,4,3453.98,0.892006
4,28,5,3422.22,0.836091
4,28,6,3359.74,0.760622
4,28,7,3274.2,0.681743
4,28,8,3173.76,0.610278
4,28,9,3067.72,0.55028
4,28,10,2965.54,0.500505
4,28,11,2873.8,0.456939
4,28,12,2795.6,0.416227
4,28,13,2728.48,0.376852
4,28,14,2667.61,0.339772
4,28,15,2608.72,0.306932
4,28,16,2549.89,0.279801
4,28,17,2491.5,0.25792
4,28,18,2435.31,0.238649
4,28,19,2383.04,0.218397
4,28,20,2336.3,0.194575
4,28,21,2296.4,0.166642
4,28,22,2264.75,0.136001
4,28,23,2242.39,0.105455
4,28,24,2229.06,0.0777356
4,28,25,2222.59,0.0547968
4,28,26,2219.61,0.0376199
4,28,27,2216.54,0.0262988
4,28,28,2211.51,0.0205393
4,28,29,2204.91,0.01979
4,28,30,2198.87,0.0234586
4,28,31,2196.16,0.0305486
4,28,32,2198.64,0.0396598
4,28,33,2206.39,0.0489947
4,28,34,2218.21,0.0566197
4,28,35,2232.66,0.060889
4,28,36,2249.36,0.0608516
4,28,37,2269.65,0.0564748
4,28,38,2296,0.0486213
4,28,39,2331.25,0.0387739
4,28,40,2375.82,0.0285892
4,28,41,2429.15,0.0194552
4,28,42,2487.8,0.0122027
4,28,43,2546.2,0.00705021
4,28,44,2597.58,0.00374023
4,28,45,2635.01,0.0018214
4,28,46,2651.69,0.000827372
4,28,47,2640.54,0.000334864
4,28,48,2593.33,0.000121486
4,28,49,2499.94,3.62024e-05
4,29,0,3185,0.733006
4,29,1,3371.33,0.871813
4,29,2,3486.56,0.964757
4,29,3,3542.12,1.00132
4,29,4,3548.9,0.984189
4,29,5,3516.06,0.926746
4,29,6,3451.23,0.847155
4,29,7,3361.55,0.761988
4,29,8,3254.86,0.682333
4,29,9,3140.6,0.612544
4,29,10,3029.11,0.551954
4,29,11,2928.64,0.497611
4,29,12,2844.15,0.447625
4,29,13,2774.33,0.401979
4,29,14,2714.3,0.362637
4,29,15,2658.44,0.331655
4,29,16,2602.81,0.309483
4,29,17,2545.68,0.293757
4,29,18,2487.4,0.279566
4,29,19,2429.53,0.261468
4,29,20,2374.81,0.236103
4,29,21,2326.43,0.20332
4,29,22,2287.59,0.165785
4,29,23,2260.38,0.127839
4,29,24,2244.45,0.0934559
4,29,25,2236.85,0.0652965
4,29,26,2233.21,0.0445046
4,29,27,2229.44,0.0310605
4,29,28,2223.67,0.0245229
4,29,29,2216.62,0.0241288
4,29,30,2210.81,0.0290599
4,29,31,2209.19,0.0379977
4,29,32,2213.67,0.0490439
4,29,33,2224.33,0.0598618
4,29,34,2240,0.0680819
4,29,35,2259.18,0.0718587
4,29,36,2281.41,0.0703725
4,29,37,2307.66,0.0639529
4,29,38,2339.97,0.0539061
4,29,39,2380.7,0.0420982
4,29,40,2430.02,0.0304106
4,29,41,2487.3,0.0202853
4,29,42,2549.11,0.0124811
4,29,43,2609.85,0.00708439
4,29,44,2662.62,0.0036998
4,29,45,2700.33,0.00178106
4,29,46,2716.11,0.000809154
4,29,47,2702.8,0.000334794
4,29,48,2652.03,0.000126753
4,29,49,2553.44,4.07979e-05
4,30,0,3275.12,0.794817
4,30,1,3460.84,0.945262
4,30,2,3574.97,1.04671
4,30,3,3629.63,1.08812
4,30,4,3635.63,1.07225
4,30,5,3601.79,1.01285
4,30,6,3535.21,0.928417
4,30,7,3442.5,0.835637
4,30,8,3331.05,0.745844
4,30,9,3210.14,0.664051
4,30,10,3090.7,0.590756
4,30,11,2982.32,0.524633
4,30,12,2891.87,0.465523
4,30,13,2819.45,0.414816
4,30,14,2760.56,0.375093
4,30,15,2708.49,0.348118
4,30,16,2657.28,0.333075
4,30,17,2602.98,0.325649
4,30,18,2544.27,0.318755
4,30,19,2482.26,0.305155
4,30,20,2420.58,0.280624
4,30,21,2364.29,0.245127
4,30,22,2318.53,0.202285
4,30,23,2286.53,0.157727
4,30,24,2267.99,0.116591
4,30,25,2259.12,0.0823769
4,30,26,2254.55,0.0566579
4,30,27,2249.59,0.0396102
4,30,28,2242.27,0.0308845
4,30,29,2233.65,0.0296435
4,30,30,2226.62,0.0348852
4,30,31,2224.48,0.0449916
4,30,32,2229.4,0.0575783
4,30,33,2241.77,0.0697956
4,30,34,2260.54,0.0788321
4,30,35,2284.15,0.0825739
4,30,36,2311.8,0.0802056
4,30,37,2343.87,0.0722598
4,30,38,2381.83,0.0603632
4,30,39,2427.63,0.046717
4,30,40,2481.39,0.0334538
4,30,41,2542.58,0.0221414
4,30,42,2607.81,0.0135458
4,30,43,2671.35,0.00767873
4,30,44,2726.04,0.00403691
4,30,45,2764.58,0.00198346
4,30,46,2779.97,0.000938595
4,30,47,2764.99,0.000419812
4,30,48,2711.04,0.000178156
4,30,49,2607.46,6.85868e-05
4,31,0,3357.21,0.844285
4,31,1,3540.77,1.00384
4,31,2,3652.79,1.11213
4,31,3,3705.94,1.15779
4,31,4,3711.02,1.14356
4,31,5,3676.48,1.08311
4,31,6,3608.96,0.994714
4,31,7,3514.56,0.894808
4,31,8,3400.17,0.794934
4,31,9,3274.73,0.701066
4,31,10,3149.27,0.61528
4,31,11,3034.34,0.538145
4,31,12,2938.44,0.471185
4,31,13,2863.22,0.416868
4,31,14,2804.93,0.377978
4,31,15,2756.27,0.355744
4,31,16,2709.63,0.348129
4,31,17,2659.03,0.349199
4,31,18,2601.43,0.35016
4,31,19,2537.25,0.342333
4,31,20,2470.7,0.320698
4,31,21,2408.35,0.285079
4,31,22,2357.07,0.239586
4,31,23,2321.26,0.19061
4,31,24,2300.67,0.144078
4,31,25,2290.78,0.104217
4,31,26,2285.25,0.0731604
4,31,27,2278.85,0.0515526
4,31,28,2269.49,0.0393929
4,31,29,2258.47,0.0359607
4,31,30,2249.08,0.0401721
4,31,31,2245.03,0.0501945
4,31,32,2248.97,0.0632612
4,31,33,2261.73,0.0761424
4,31,34,2282.57,0.0856917
4,31,35,2309.81,0.0895513
4,31,36,2342.18,0.0868347
4,31,37,2379.32,0.0781154
4,31,38,2422.05,0.0651673
4,31,39,2472.06,0.0503923
4,31,40,2529.52,0.036102
4,31,41,2594.12,0.0239746
4,31,42,2662.54,0.0148022
4,31,43,2728.84,0.00855797
4,31,44,2785.6,0.00467093
4,31,45,2825.27,0.0024458
4,31,46,2840.77,0.00126724
4,31,47,2824.72,0.000642648
4,31,48,2768.32,0.000316955
4,31,49,2660.45,0.000147369
4,32,0,3427.51,0.871697
4,32,1,3607.9,1.03661
4,32,2,3717.2,1.14959
4,32,3,3768.56,1.19914
4,32,4,3772.71,1.18767
4,32,5,3737.74,1.12822
4,32,6,3669.92,1.0382
4,32,7,3574.93,0.93345
4,32,8,3459.25,0.825703
4,32,9,3331.42,0.72208
4,32,10,3202.34,0.626373
4,32,11,3082.94,0.540932
4,32,12,2982.85,0.468546
4,32,13,2905.01,0.412224
4,32,14,2846.59,0.374553
4,32,15,2800.23,0.356178
4,32,16,2757.27,0.354208
4,32,17,2710.23,0.361769
4,32,18,2654.63,0.369159
4,32,19,2590.16,0.366905
4,32,20,2521.16,0.349449
4,32,21,2455.19,0.316282
4,32,22,2400.43,0.271447
4,32,23,2362.19,0.22135
4,32,24,2340.27,0.172069
4,32,25,2329.66,0.128206
4,32,26,2323.32,0.0924124
4,32,27,2315.6,0.0660019
4,32,28,2304.34,0.0495672
4,32,29,2290.98,0.0427277
4,32,30,2279.09,0.0444632
4,32,31,2272.66,0.0528491
4,32,32,2274.83,0.064898
4,32,33,2286.99,0.0772017
4,32,34,2308.75,0.0864716
4,32,35,2338.39,0.0902274
4,32,36,2374.21,0.0875175
4,32,37,2415.14,0.0788388
4,32,38,2461.44,0.0659299
4,32,39,2514.55,0.0511963
4,32,40,2574.74,0.0369612
4,32,41,2641.91,0.0249019
4,32,42,2712.77,0.0157854
4,32,43,2781.26,0.00955134
4,32,44,2839.71,0.00560585
4,32,45,2880.44,0.00325421
4,32,46,2896.25,0.00190408
4,32,47,2879.65,0.00110454
4,32,48,2821.54,0.000625148
4,32,49,2710.32,0.000338446
4,33,0,3483.8,0.871934
4,33,1,3660.53,1.03796
4,33,2,3766.88,1.15327
4,33,3,3816.37,1.20639
4,33,4,3819.58,1.19903
4,33,5,3784.26,1.14301
4,33,6,3716.37,1.05436
4,33,7,3621.33,0.94814
4,33,8,3505.43,0.836264
4,33,9,3377.01,0.727052
4,33,10,3246.75,0.625872
4,33,11,3125.58,0.536377
4,33,12,3023.52,0.461923
4,33,13,2944.2,0.405387
4,33,14,2885.49,0.368823
4,33,15,2840.29,0.352382
4,33,16,2799.59,0.352884
4,33,17,2755.16,0.363399
4,33,18,2701.67,0.374312
4,33,19,2638.14,0.376177
4,33,20,2568.79,0.363309
4,33,21,2501.54,0.33478
4,33,22,2445.21,0.294009
4,33,23,2405.64,0.246607
4,33,24,2382.78,0.198029
4,33,25,2371.44,0.152731
4,33,26,2364.34,0.113699
4,33,27,2355.74,0.0829942
4,33,28,2343.47,0.0619877
4,33,29,2328.97,0.0508523
4,33,30,2315.78,0.0487962
4,33,31,2307.92,0.0539474
4,33,32,2308.72,0.0632953
4,33,33,2319.95,0.0734838
4,33,34,2341.63,0.0813189
4,33,35,2372.2,0.0843824
4,33,36,2409.77,0.0817316
4,33,37,2452.87,0.0737306
4,33,38,2501.33,0.0619237
4,33,39,2556.37,0.0485056
4,33,40,2618.24,0.0355947
4,33,41,2686.93,0.0246951
4,33,42,2759.17,0.016448
4,33,43,2828.84,0.0107362
4,33,44,2888.2,0.006984
4,33,45,2929.54,0.00456768
4,33,46,2945.58,0.00299518
4,33,47,2928.69,0.00192404
4,33,48,2869.39,0.00119119
4,33,49,2755.62,0.000703527
4,34,0,3525.23,0.844952
4,34,1,3698.27,1.00806
4,34,2,3801.79,1.12347
4,34,3,3849.52,1.17976
4,34,4,3851.81,1.1776
4,34,5,3816.05,1.1271
4,34,6,3747.94,1.04264
4,34,7,3652.82,0.938442
4,34,8,3537.07,0.826714
4,34,9,3409.14,0.716925
4,34,10,3279.76,0.615669
4,34,11,3159.63,0.527212
4,34,12,3058.52,0.454653
4,34,13,2979.92,0.400042
4,34,14,2921.82,0.364613
4,34,15,2877.38,0.348166
4,34,16,2837.77,0.347804
4,34,17,2794.79,0.357412
4,34,18,2742.89,0.36842
4,34,19,2680.81,0.372241
4,34,20,2612.4,0.363524
4,34,21,2545.4,0.340955
4,34,22,2488.66,0.306923
4,34,23,2448.15,0.265574
4,34,24,2424.05,0.221051
4,34,25,2411.47,0.177125
4,34,26,2403.46,0.136836
4,34,27,2394.6,0.102936
4,34,28,2382.82,0.0776375
4,34,29,2369.4,0.0618145
4,34,30,2357.45,0.0550574
4,34,31,2350.47,0.0556991
4,34,32,2351.48,0.0609075
4,34,33,2362.28,0.0675849
4,34,34,2383.24,0.0728351
4,34,35,2413.24,0.0744728
4,34,36,2450.68,0.0716523
4,34,37,2494.18,0.0646042
4,34,38,2543.38,0.0545808
4,34,39,2599.29,0.0434055
4,34,40,2661.91,0.0328096
4,34,41,2731.1,0.0239634
4,34,42,2803.57,0.0172769
4,34,43,2873.29,0.0125392
4,34,44,2932.64,0.00921289
4,34,45,2973.99,0.00679617
4,34,46,2990.01,0.00495561
4,34,47,2972.8,0.00350675
4,34,48,2912.55,0.00238887
4,34,49,2796.67,0.00156278
4,35,0,3551.58,0.79484
4,35,1,3721.35,0.95179
4,35,2,3822.47,1.06554
4,35,3,3868.75,1.12459
4,35,4,3870.23,1.12828
4,35,5,3833.95,1.08472
4,35,6,3765.33,1.00651
4,35,7,3669.77,0.907195
4,35,8,3554.01,0.799427
4,35,9,3427.06,0.693735
4,35,10,3300,0.597535
4,35,11,3183.41,0.515037
4,35,12,3086.34,0.448351
4,35,13,3011.43,0.398138
4,35,14,2956.01,0.36458
4,35,15,2913.14,0.347191
4,35,16,2874.36,0.343756
4,35,17,2832.04,0.349586
4,35,18,2781.05,0.357858
4,35,19,2720.2,0.361492
4,35,20,2653.03,0.355888
4,35,21,2586.76,0.339503
4,35,22,2529.74,0.313546
4,35,23,2487.79,0.280365
4,35,24,2461.5,0.242382
4,35,25,2446.73,0.202273
4,35,26,2437.45,0.162815
4,35,27,2428.99,0.127234
4,35,28,2419.52,0.0984796
4,35,29,2410,0.0781519
4,35,30,2402.63,0.0663295
4,35,31,2399.76,0.0616976
4,35,32,2403.45,0.0617918
4,35,33,2415.04,0.0639326
4,35,34,2435.11,0.0656565
4,35,35,2463.3,0.0651221
4,35,36,2498.87,0.0616402
4,35,37,2541.06,0.0553395
4,35,38,2589.67,0.0471498
4,35,39,2645.45,0.0384494
4,35,40,2707.99,0.0304852
4,35,41,2776.8,0.0240004
4,35,42,2848.52,0.0191116
4,35,43,2917.36,0.0154927
4,35,44,2975.98,0.0126551
4,35,45,3016.89,0.0102421
4,35,46,3032.64,0.00809755
4,35,47,3015.02,0.00619906
4,35,48,2953.78,0.00458846
4,35,49,2835.85,0.00327957
4,36,0,3563.3,0.728238
4,36,1,3730.54,0.876921
4,36,2,3829.95,0.987853
4,36,3,3875.29,1.04937
4,36,4,3876.28,1.05918
4,36,5,3839.5,1.02327
4,36,6,3770.15,0.952526
4,36,7,3673.7,0.859986
4,36,8,3557.5,0.758885
4,36,9,3431.51,0.660741
4,36,10,3307.59,0.573488
4,36,11,3196.46,0.500835
4,36,12,3106.31,0.443459
4,36,13,3038.36,0.400284
4,36,14,2988.49,0.370243
4,36,15,2949.13,0.352488
4,36,16,2911.97,0.345556
4,36,17,2870.11,0.346395
4,36,18,2819.32,0.350237
4,36,19,2758.89,0.351872
4,36,20,2692.26,0.347779
4,36,21,2626.08,0.336487
4,36,22,2567.99,0.318227
4,36,23,2523.56,0.293667
4,36,24,2493.86,0.263488
4,36,25,2475.93,0.229053
4,36,26,2465.15,0.192544
4,36,27,2457.91,0.157257
4,36,28,2452.77,0.126552
4,36,29,2450.14,0.102606
4,36,30,2450.83,0.0860103
4,36,31,2455.44,0.0759388
4,36,32,2464.42,0.0704723
4,36,33,2478.25,0.0674782
4,36,34,2497.67,0.0649997
4,36,35,2523.27,0.0615876
4,36,36,2555.63,0.056729
4,36,37,2595.12,0.0505007
4,36,38,2641.96,0.0435391
4,36,39,2696.74,0.0367917
4,36,40,2758.52,0.031022
4,36,41,2826.37,0.0265425
4,36,42,2896.84,0.0231797
4,36,43,2964.44,0.0205012
4,36,44,3022.17,0.0180669
4,36,45,3062.64,0.0156433
4,36,46,3078.17,0.0132037
4,36,47,3060.13,0.0108249
4,36,48,2997.77,0.0086053
4,36,49,2877.57,0.00659497
4,37,0,3561.85,0.653043
4,37,1,3727.6,0.792519
4,37,2,3826.18,0.900178
4,37,3,3871.29,0.964048
4,37,4,3872.24,0.980134
4,37,5,3835.23,0.952201
4,37,6,3765.15,0.889518
4,37,7,3667.63,0.804765
4,37,8,3550.72,0.711791
4,37,9,3425.62,0.623043
4,37,10,3305.41,0.546844
4,37,11,3201.26,0.486279
4,37,12,3120.54,0.440503
4,37,13,3062.64,0.406609
4,37,14,3021.36,0.382146
4,37,15,2987.81,0.365695
4,37,16,2953.47,0.35633
4,37,17,2912.17,0.352478
4,37,18,2860.76,0.351344
4,37,19,2799.41,0.349664
4,37,20,2731.8,0.345205
4,37,21,2664.23,0.336952
4,37,22,2603.73,0.324631
4,37,23,2555.56,0.307742
4,37,24,2521.43,0.285544
4,37,25,2499.77,0.258086
4,37,26,2487.63,0.226636
4,37,27,2482.73,0.194031
4,37,28,2483.99,0.163525
4,37,29,2490.96,0.137548
4,37,30,2502.6,0.11713
4,37,31,2517.28,0.10203
4,37,32,2533.54,0.0910268
4,37,33,2550.83,0.0826435
4,37,34,2570.02,0.0754752
4,37,35,2592.81,0.0684806
4,37,36,2621.3,0.0613296
4,37,37,2657.21,0.0541087
4,37,38,2701.46,0.0472302
4,37,39,2754.57,0.0412813
4,37,40,2815.14,0.0366122
4,37,41,2881.8,0.0331806
4,37,42,2951.09,0.0306031
4,37,43,3017.78,0.0284066
4,37,44,3075.15,0.0262122
4,37,45,3115.76,0.0238518
4,37,46,3131.57,0.0213017
4,37,47,3113.36,0.018579
4,37,48,3049.85,0.015714
4,37,49,2927.08,0.0127383
4,38,0,3550.05,0.578268
4,38,1,3715.44,0.708648
4,38,2,3814.16,0.813054
4,38,3,3859.76,0.879206
4,38,4,3861.27,0.901461
4,38,5,3824.5,0.881494
4,38,6,3754.06,0.827046
4,38,7,3655.75,0.750445
4,38,8,3538.41,0.666082
4,38,9,3414.68,0.587254
4,38,10,3299.12,0.522668
4,38,11,3203.55,0.47492
4,38,12,3134.41,0.441801
4,38,13,3088.97,0.418657
4,38,14,3058.45,0.401549
4,38,15,3032.25,0.388231
4,38,16,3001.4,0.377948
4,38,17,2960.32,0.370238
4,38,18,2907.09,0.364
4,38,19,2842.99,0.357816
4,38,20,2772.34,0.350877
4,38,21,2701.5,0.343029
4,38,22,2637.09,0.334117
4,38,23,2584.26,0.323167
4,38,24,2545.34,0.308536
4,38,25,2520.22,0.289099
4,38,26,2507.69,0.264946
4,38,27,2506.73,0.237884
4,38,28,2516.39,0.210433
4,38,29,2534.97,0.18481
4,38,30,2559.25,0.162274
4,38,31,2585.2,0.143166
4,38,32,2609.49,0.127048
4,38,33,2630.76,0.113191
4,38,34,2650.15,0.100809
4,38,35,2670.46,0.0893325
4,38,36,2695.24,0.0786815
4,38,37,2727.54,0.0690602
4,38,38,2768.99,0.0607643
4,38,39,2820.18,0.0541058
4,38,40,2879.41,0.049103
4,38,41,2945.07,0.0454628
4,38,42,3013.7,0.042714
4,38,43,3080.32,0.0404537
4,38,44,3138.34,0.0383959
4,38,45,3180.07,0.0363568
4,38,46,3196.93,0.0341215
4,38,47,3179.07,0.0313937
4,38,48,3114.61,0.0279244
4,38,49,2989.08,0.0236269
4,39,0,3532.85,0.513147
4,39,1,3698.91,0.635344
4,39,2,3798.56,0.736672
4,39,3,3845.28,0.804697
4,39,4,3847.86,0.832446
4,39,5,3811.85,0.819821
4,39,6,3741.72,0.773199
4,39,7,3643.47,0.704512
4,39,8,3526.84,0.62852
4,39,9,3405.95,0.559238
4,39,10,3296.86,0.505771
4,39,11,3211.83,0.470411
4,39,12,3156.06,0.449843
4,39,13,3124.3,0.437823
4,39,14,3105.07,0.428895
4,39,15,3086.1,0.419804
4,39,16,3058.06,0.40963
4,39,17,3015.96,0.398642
4,39,18,2959.11,0.387112
4,39,19,2890.09,0.37531
4,39,20,2814.19,0.363919
4,39,21,2738.2,0.353991
4,39,22,2668.78,0.346039
4,39,23,2611.08,0.339283
4,39,24,2568.1,0.331702
4,39,25,2540.97,0.321233
4,39,26,2529.95,0.306642
4,39,27,2534.93,0.288228
4,39,28,2554.61,0.267174
4,39,29,2585.67,0.244947
4,39,30,2622.6,0.222689
4,39,31,2659.24,0.201158
4,39,32,2690.93,0.180662
4,39,33,2715.93,0.161282
4,39,34,2735.89,0.142965
4,39,35,2754.55,0.125781
4,39,36,2776.61,0.110091
4,39,37,2806.13,0.0964073
4,39,38,2845.32,0.0850553
4,39,39,2894.91,0.0761473
4,39,40,2953.11,0.0694123
4,39,41,3018.25,0.0643919
4,39,42,3086.96,0.0606482
4,39,43,3154.45,0.0579779
4,39,44,3214.07,0.0562322
4,39,45,3257.78,0.055113
4,39,46,3276.41,0.0539648
4,39,47,3259.44,0.051837
4,39,48,3194.4,0.0479031
4,39,49,3066.22,0.0418076
4,40,0,3516.18,0.465128
4,40,1,3683.57,0.580392
4,40,2,3784.56,0.678542
4,40,3,3832.66,0.74733
4,40,4,3836.61,0.779022
4,40,5,3801.84,0.772295
4,40,6,3732.85,0.732444
4,40,7,3635.99,0.670969
4,40,8,3521.97,0.602774
4,40,9,3406.34,0.542363
4,40,10,3306.24,0.499156
4,40,11,3233.76,0.475224
4,40,12,3192.21,0.46633
4,40,13,3173.66,0.464803
4,40,14,3164.27,0.463723
4,40,15,3150.63,0.458782
4,40,16,3123.42,0.448707
4,40,17,3078.36,0.434239
4,40,18,3015.92,0.416805
4,40,19,2939.99,0.39824
4,40,20,2857,0.380778
4,40,21,2774.6,0.366898
4,40,22,2699.79,0.358147
4,40,23,2638,0.354373
4,40,24,2592.75,0.353564
4,40,25,2566.09,0.35297
4,40,26,2559.18,0.350025
4,40,27,2572.06,0.343256
4,40,28,2602.53,0.332065
4,40,29,2645.43,0.316655
4,40,30,2693.28,0.297592
4,40,31,2738.53,0.275698
4,40,32,2775.93,0.251834
4,40,33,2803.93,0.226875
4,40,34,2824.79,0.201664
4,40,35,2842.98,0.177203
4,40,36,2863.86,0.154635
4,40,37,2892.04,0.135072
4,40,38,2930.08,0.119058
4,40,39,2978.82,0.106566
4,40,40,3036.52,0.0970166
4,40,41,3101.65,0.0898145
4,40,42,3170.99,0.0846258
4,40,43,3239.85,0.0815533
4,40,44,3301.51,0.0806246
4,40,45,3347.53,0.0813302
4,40,46,3368.2,0.0823188
4,40,47,3352.45,0.0816149
4,40,48,3287.26,0.0774695
4,40,49,3156.89,0.0690693
4,41,0,3506.43,0.439584
4,41,1,3675.21,0.549338
4,41,2,3777.5,0.643836
4,41,3,3826.88,0.71145
4,41,4,3832.23,0.744453
4,41,5,3799.1,0.741073
4,41,6,3732.18,0.706
4,41,7,3638.41,0.650386
4,41,8,3529.47,0.589069
4,41,9,3421.98,0.53673
4,41,10,3333.45,0.502864
4,41,11,3274.88,0.489208
4,41,12,3247.15,0.490673
4,41,13,3239.79,0.498315
4,41,14,3237.45,0.503888
4,41,15,3226.42,0.502157
4,41,16,3197.85,0.491471
4,41,17,3148.18,0.472917
4,41,18,3078.89,0.448945
4,41,19,2994.99,0.422867
4,41,20,2904.13,0.398463
4,41,21,2814.99,0.379704
4,41,22,2735.27,0.369282
4,41,23,2670.82,0.367835
4,41,24,2625.66,0.373587
4,41,25,2602.2,0.383353
4,41,26,2601.72,0.393415
4,41,27,2623.59,0.400548
4,41,28,2664.19,0.402175
4,41,29,2716.73,0.396837
4,41,30,2772.45,0.384009
4,41,31,2823.37,0.364053
4,41,32,2864.43,0.338027
4,41,33,2894.66,0.307481
4,41,34,2916.87,0.274305
4,41,35,2935.91,0.2408
4,41,36,2957.3,0.20934
4,41,37,2985.76,0.182018
4,41,38,3023.88,0.159835
4,41,39,3072.58,0.142709
4,41,40,3130.24,0.129712
4,41,41,3195.56,0.120093
4,41,42,3265.55,0.113626
4,41,43,3335.62,0.110755
4,41,44,3398.99,0.111679
4,41,45,3446.95,0.115561
4,41,46,3469.44,0.120097
4,41,47,3454.98,0.121912
4,41,48,3390.09,0.11797
4,41,49,3258.25,0.106788
4,42,0,3506.85,0.437783
4,42,1,3676.69,0.543352
4,42,2,3779.85,0.633341
4,42,3,3830.17,0.697158
4,42,4,3836.8,0.727935
4,42,5,3805.59,0.72436
4,42,6,3741.67,0.691166
4,42,7,3652.66,0.639377
4,42,8,3551.07,0.583607
4,42,9,3454.09,0.538339
4,42,10,3378.65,0.51281
4,42,11,3333.86,0.508191
4,42,12,3318.04,0.518556
4,42,13,3318.9,0.533859
4,42,14,3320.64,0.54475
4,42,15,3310,0.545253
4,42,16,3278.88,0.533396
4,42,17,3224.35,0.510523
4,42,18,3148.53,0.479997
4,42,19,3057.31,0.446482
4,42,20,2959.38,0.41522
4,42,21,2864.44,0.391573
4,42,22,2781.06,0.379293
4,42,23,2715.67,0.379765
4,42,24,2672.64,0.391565
4,42,25,2654.28,0.411335
4,42,26,2661.24,0.434553
4,42,27,2691.54,0.45652
4,42,28,2740.06,0.472749
4,42,29,2798.86,0.479908
4,42,30,2858.88,0.475915
4,42,31,2912.58,0.460088
4,42,32,2955.59,0.433216
4,42,33,2987.59,0.397289
4,42,34,3011.72,0.355316
4,42,35,3032.75,0.311223
4,42,36,3055.98,0.269047
4,42,37,3085.86,0.232264
4,42,38,3124.82,0.202612
4,42,39,3173.82,0.180102
4,42,40,3231.44,0.163455
4,42,41,3296.66,0.151736
4,42,42,3366.76,0.14477
4,42,43,3437.31,0.143288
4,42,44,3501.57,0.147575
4,42,45,3550.7,0.156322
4,42,46,3574.49,0.166046
4,42,47,3561.25,0.171647
4,42,48,3497.11,0.168489
4,42,49,3364.77,0.154226
4,43,0,3515.61,0.456225
4,43,1,3686.11,0.558797
4,43,2,3789.74,0.643444
4,43,3,3840.71,0.700882
4,43,4,3848.54,0.725823
4,43,5,3819.54,0.718282
4,43,6,3759.37,0.683698
4,43,7,3676.34,0.633251
4,43,8,3583.5,0.581222
4,43,9,3497.94,0.541562
4,43,10,3435.3,0.522936
4,43,11,3402.48,0.525776
4,43,12,3395.69,0.543409
4,43,13,3401.82,0.564934
4,43,14,3405.49,0.580151
4,43,15,3394.4,0.58252
4,43,16,3361.19,0.569761
4,43,17,3303.35,0.543354
4,43,18,3223.27,0.507378
4,43,19,3127.28,0.467632
4,43,20,3024.71,0.430602
4,43,21,2926.03,0.402781
4,43,22,2840.64,0.388777
4,43,23,2775.57,0.390592
4,43,24,2735.5,0.407244
4,43,25,2722.36,0.435492
4,43,26,2735.8,0.470456
4,43,27,2772.25,0.506423
4,43,28,2825.34,0.537301
4,43,29,2886.75,0.5579
4,43,30,2947.9,0.56429
4,43,31,3002.25,0.554257
4,43,32,3046.24,0.527857
4,43,33,3079.98,0.487195
4,43,34,3106.51,0.436313
4,43,35,3130.19,0.380896
4,43,36,3155.77,0.326922
4,43,37,3187.33,0.279552
4,43,38,3227.08,0.241537
4,43,39,3276.08,0.213213
4,43,40,3333.16,0.193043
4,43,41,3397.65,0.179934
4,43,42,3467.13,0.173688
4,43,43,3537.35,0.175169
4,43,44,3601.68,0.184594
4,43,45,3651.28,0.200001
4,43,46,3675.91,0.216544
4,43,47,3663.78,0.22719
4,43,48,3600.83,0.225499
4,43,49,3468.97,0.20815
4,44,0,3525.58,0.486577
4,44,1,3696.75,0.587005
4,44,2,3800.87,0.665799
4,44,3,3852.49,0.715039
4,44,4,3861.6,0.731451
4,44,5,3835,0.716967
4,44,6,3778.96,0.678244
4,44,7,3702.31,0.626824
4,44,8,3618.35,0.576568
4,44,9,3543.52,0.54063
4,44,10,3491.84,0.526933
4,44,11,3468.26,0.53519
4,44,12,3467.64,0.558235
4,44,13,3476.85,0.584659
4,44,14,3481.54,0.603689
4,44,15,3470.43,0.608321
4,44,16,3436.84,0.595914
4,44,17,3378.42,0.567889
4,44,18,3297.51,0.528757
4,44,19,3200.4,0.4851
4,44,20,3096.52,0.444268
4,44,21,2996.62,0.413488
4,44,22,2910.67,0.397942
4,44,23,2846.26,0.400122
4,44,24,2808.47,0.419601
4,44,25,2798.86,0.453556
4,44,26,2816.14,0.49723
4,44,27,2855.4,0.54444
4,44,28,2909.56,0.587966
4,44,29,2970.49,0.621034
4,44,30,3030.61,0.637856
4,44,31,3084.47,0.634458
4,44,32,3129.14,0.609813
4,44,33,3164.78,0.565773
4,44,34,3193.93,0.507122
4,44,35,3220.26,0.441128
4,44,36,3247.95,0.375668
4,44,37,3280.69,0.317677
4,44,38,3320.62,0.271118
4,44,39,3368.97,0.236936
4,44,40,3424.89,0.213574
4,44,41,3488.09,0.199901
4,44,42,3556.47,0.195655
4,44,43,3625.95,0.20165
4,44,44,3689.95,0.217825
4,44,45,3739.65,0.24138
4,44,46,3764.83,0.26599
4,44,47,3753.72,0.282633
4,44,48,3692.12,0.283048
4,44,49,3561.37,0.262948
4,45,0,3525.57,0.516865
4,45,1,3698.24,0.615367
4,45,2,3803.52,0.688208
4,45,3,3856.23,0.728682
4,45,4,3866.82,0.73556
4,45,5,3842.62,0.712858
4,45,6,3790.49,0.668611
4,45,7,3719.73,0.614754
4,45,8,3643.59,0.564605
4,45,9,3577.69,0.530367
4,45,10,3534.49,0.519224
4,45,11,3517.45,0.530411
4,45,12,3520.82,0.55669
4,45,13,3531.96,0.58659
4,45,14,3537.64,0.609066
4,45,15,3527.53,0.616716
4,45,16,3495.44,0.606463
4,45,17,3439.08,0.579464
4,45,18,3360.53,0.540313
4,45,19,3265.64,0.49591
4,45,20,3163.43,0.453941
4,45,21,3064.37,0.421838
4,45,22,2978.63,0.405023
4,45,23,2914.3,0.406363
4,45,24,2876.99,0.426097
4,45,25,2868.2,0.462104
4,45,26,2886.08,0.510171
4,45,27,2924.91,0.564193
4,45,28,2977.37,0.616414
4,45,29,3035.91,0.658992
4,45,30,3093.99,0.684612
4,45,31,3147.06,0.687655
4,45,32,3192.5,0.665881
4,45,33,3230.16,0.620545
4,45,34,3261.85,0.556716
4,45,35,3290.49,0.482738
4,45,36,3319.73,0.407978
4,45,37,3353.06,0.34093
4,45,38,3392.63,0.286805
4,45,39,3439.96,0.247403
4,45,40,3494.54,0.221475
4,45,41,3556.45,0.208045
4,45,42,3623.85,0.206825
4,45,43,3692.74,0.218413
4,45,44,3756.54,0.242274
4,45,45,3806.34,0.274643
4,45,46,3831.91,0.307726
4,45,47,3821.5,0.330664
4,45,48,3760.85,0.333579
4,45,49,3630.91,0.311383
4,46,0,3502.58,0.53382
4,46,1,3678.51,0.629629
4,46,2,3786.32,0.696615
4,46,3,3840.93,0.728994
4,46,4,3853.23,0.727229
4,46,5,3831.1,0.697111
4,46,6,3782.1,0.64783
4,46,7,3715.96,0.591496
4,46,8,3645.92,0.540702
4,46,9,3586.79,0.506606
4,46,10,3549.76,0.495752
4,46,11,3537.28,0.507263
4,46,12,3543.38,0.534331
4,46,13,3556.08,0.565938
4,46,14,3563.08,0.591139
4,46,15,3554.8,0.602281
4,46,16,3525.42,0.595852
4,46,17,3472.67,0.5726
4,46,18,3398.27,0.536843
4,46,19,3307.47,0.495256
4,46,20,3208.55,0.455226
4,46,21,3111.27,0.423778
4,46,22,3025.74,0.406196
4,46,23,2960.41,0.405594
4,46,24,2921.53,0.422951
4,46,25,2910.88,0.457052
4,46,26,2926.56,0.504567
4,46,27,2962.54,0.559955
4,46,28,3011.62,0.61556
4,46,29,3066.9,0.663161
4,46,30,3122.69,0.694536
4,46,31,3175.07,0.70287
4,46,32,3221.42,0.684826
4,46,33,3261.12,0.640838
4,46,34,3295.21,0.575716
4,46,35,3325.9,0.498132
4,46,36,3356.47,0.418212
4,46,37,3390.33,0.345473
4,46,38,3429.73,0.286182
4,46,39,3476.45,0.243106
4,46,40,3530.3,0.215607
4,46,41,3591.63,0.203098
4,46,42,3658.82,0.205358
4,46,43,3727.86,0.222691
4,46,44,3792.03,0.253982
4,46,45,3842.21,0.294502
4,46,46,3868.01,0.335189
4,46,47,3857.61,0.363755
4,46,48,3796.67,0.369149
4,46,49,3665.85,0.345788
4,47,0,3442.66,0.52654
4,47,1,3624.32,0.617649
4,47,2,3736.64,0.678592
4,47,3,3794.29,0.704222
4,47,4,3808.52,0.696103
4,47,5,3787.91,0.661139
4,47,6,3740.83,0.609114
4,47,7,3677.68,0.551882
4,47,8,3611.82,0.50104
4,47,9,3557.5,0.466592
4,47,10,3524.91,0.454505
4,47,11,3515.79,0.464125
4,47,12,3524.09,0.489518
4,47,13,3538.32,0.52065
4,47,14,3546.87,0.547149
4,47,15,3540.66,0.561407
4,47,16,3514.15,0.559638
4,47,17,3465.09,0.542146
4,47,18,3394.94,0.512675
4,47,19,3308.37,0.477153
4,47,20,3212.8,0.442045
4,47,21,3117.18,0.413382
4,47,22,3031.33,0.395917
4,47,23,2963.94,0.392842
4,47,24,2921.88,0.40583
4,47,25,2907.46,0.434652
4,47,26,2919.08,0.477048
4,47,27,2950.82,0.528417
4,47,28,2995.75,0.5818
4,47,29,3047.53,0.629327
4,47,30,3101.1,0.662647
4,47,31,3152.89,0.674427
4,47,32,3200.19,0.660571
4,47,33,3241.91,0.620643
4,47,34,3278.39,0.558717
4,47,35,3311.3,0.482986
4,47,36,3343.64,0.40344
4,47,37,3378.77,0.329859
4,47,38,3419,0.269128
4,47,39,3466.3,0.224867
4,47,40,3520.7,0.19723
4,47,41,3582.78,0.186182
4,47,42,3651.06,0.191684
4,47,43,3721.42,0.213759
4,47,44,3786.89,0.250748
4,47,45,3837.91,0.297163
4,47,46,3863.75,0.343112
4,47,47,3852.27,0.375555
4,47,48,3788.84,0.382926
4,47,49,3653.95,0.35955
4,48,0,3330.78,0.489279
4,48,1,3520.59,0.572595
4,48,2,3639.57,0.62672
4,48,3,3701.52,0.646987
4,48,4,3717.94,0.635427
4,48,5,3698.19,0.599223
4,48,6,3651.73,0.548013
4,48,7,3589.95,0.49282
4,48,8,3526.64,0.443915
4,48,9,3475.68,0.409976
4,48,10,3446.49,0.39635
4,48,11,3440.16,0.402772
4,48,12,3450.51,0.424475
4,48,13,3466.29,0.452861
4,48,14,3476.32,0.478657
4,48,15,3471.78,0.494745
4,48,16,3447.41,0.497364
4,48,17,3401.08,0.486448
4,48,18,3334.12,0.464971
4,48,19,3250.77,0.437718
4,48,20,3157.72,0.409758
4,48,21,3063.14,0.385716
4,48,22,2976.46,0.369495
4,48,23,2906.42,0.364155
4,48,24,2860.39,0.371883
4,48,25,2841.26,0.393355
4,48,26,2847.9,0.427393
4,48,27,2874.73,0.470553
4,48,28,2915.17,0.517019
4,48,29,2963.33,0.559889
4,48,30,3014.58,0.591435
4,48,31,3065.59,0.604541
4,48,32,3113.62,0.594825
4,48,33,3157.21,0.561128
4,48,34,3196.21,0.506504
4,48,35,3231.84,0.438002
4,48,36,3266.83,0.364636
4,48,37,3304.42,0.295622
4,48,38,3346.91,0.237871
4,48,39,3396.34,0.195517
4,48,40,3452.88,0.169474
4,48,41,3517.27,0.160284
4,48,42,3588.16,0.168155
4,48,43,3661.25,0.192917
4,48,44,3729.16,0.232548
4,48,45,3781.68,0.281201
4,48,46,3807.32,0.328825
4,48,47,3793.3,0.362506
4,48,48,3724.48,0.370964
4,48,49,3581.38,0.348847
4,49,0,3151.55,0.4241
4,49,1,3350.24,0.496211
4,49,2,3477.25,0.542302
4,49,3,3544.48,0.558191
4,49,4,3563.23,0.545873
4,49,5,3543.79,0.512038
4,49,6,3496.97,0.465441
4,49,7,3435.47,0.415716
4,49,8,3373.74,0.371488
4,49,9,3325.44,0.339931
4,49,10,3299.18,0.32562
4,49,11,3295.39,0.328657
4,49,12,3307.64,0.345513
4,49,13,3324.75,0.369319
4,49,14,3335.75,0.392347
4,49,15,3332.05,0.408439
4,49,16,3308.67,0.414203
4,49,17,3263.79,0.409341
4,49,18,3198.83,0.395998
4,49,19,3117.76,0.377633
4,49,20,3026.72,0.357732
4,49,21,2933.16,0.339383
4,49,22,2846.02,0.325473
4,49,23,2773.91,0.318718
4,49,24,2724.37,0.321542
4,49,25,2700.71,0.335274
4,49,26,2702.27,0.359668
4,49,27,2723.93,0.392446
4,49,28,2759.54,0.429162
4,49,29,2803.57,0.464263
4,49,30,2851.82,0.491209
4,49,31,2901.19,0.503714
4,49,32,2949.08,0.497608
4,49,33,2993.89,0.471297
4,49,34,3035.16,0.426775
4,49,35,3073.73,0.369572
4,49,36,3111.98,0.30713
4,49,37,3152.92,0.24741
4,49,38,3198.7,0.196737
4,49,39,3251.33,0.159287
4,49,40,3311.05,0.136505
4,49,41,3378.81,0.12938
4,49,42,3453.35,0.138349
4,49,43,3530.28,0.163163
4,49,44,3601.64,0.201695
4,49,45,3656.24,0.24827
4,49,46,3681.42,0.293453
4,49,47,3663.28,0.32539
4,49,48,3586.09,0.333879
4,49,49,3431.16,0.314246
5,0,0,2258.88,0.227033
5,0,1,2429.32,0.260824
5,0,2,2547.55,0.278936
5,0,3,2618.92,0.280602
5,0,4,2655.08,0.269191
5,0,5,2668.37,0.250193
5,0,6,2667.87,0.228856
5,0,7,2657.65,0.208622
5,0,8,2637.66,0.190809
5,0,9,2606.26,0.175247
5,0,10,2563.06,0.161159
5,0,11,2509.97,0.147669
5,0,12,2452.21,0.134376
5,0,13,2395.67,0.120903
5,0,14,2346.09,0.107514
5,0,15,2307.02,0.0949962
5,0,16,2278.64,0.0845959
5,0,17,2257.89,0.0777971
5,0,18,2239.41,0.0759382
5,0,19,2217.42,0.0793746
5,0,20,2187.42,0.087249
5,0,21,2146.74,0.0969761
5,0,22,2094.56,0.105019
5,0,23,2030.99,0.10791
5,0,24,1957.13,0.103613
5,0,25,1874.96,0.0923723
5,0,26,1788.11,0.0766769
5,0,27,1701.71,0.059951
5,0,28,1621.23,0.0450528
5,0,29,1550.94,0.0334073
5,0,30,1492.36,0.0249931
5,0,31,1444.32,0.0189514
5,0,32,1404.19,0.0143235
5,0,33,1369.29,0.0105197
5,0,34,1337.93,0.00735736
5,0,35,1309.66,0.00479958
5,0,36,1284.53,0.002953
5,0,37,1262.67,0.00169822
5,0,38,1243.83,0.000947263
5,0,39,1227.65,0.000617477
5,0,40,1213.91,0.000648899
5,0,41,1202.76,0.00111159
5,0,42,1194.25,0.00212951
5,0,43,1187.81,0.00384493
5,0,44,1182.07,0.00630621
5,0,45,1174.77,0.00933387
5,0,46,1163.66,0.0124518
5,0,47,1147.41,0.0149671
5,0,48,1126.28,0.0162074
5,0,49,1102.06,0.0158079
5,1,0,2409.36,0.258633
5,1,1,2590.28,0.297832
5,1,2,2713.64,0.319483
5,1,3,2786.47,0.322615
5,1,4,2821.76,0.311001
5,1,5,2832.87,0.290932
5,1,6,2829.79,0.268566
5,1,7,2817.39,0.248084
5,1,8,2796.1,0.231118
5,1,9,2764.3,0.217323
5,1,10,2721.26,0.20533
5,1,11,2668.28,0.193478
5,1,12,2609.98,0.180662
5,1,13,2551.8,0.166042
5,1,14,2499.26,0.149762
5,1,15,2456,0.13289
5,1,16,2422.46,0.117179
5,1,17,2396.08,0.104738
5,1,18,2372.05,0.0974904
5,1,19,2345.14,0.0961674
5,1,20,2311.27,0.100022
5,1,21,2267.88,0.10645
5,1,22,2213.89,0.111868
5,1,23,2148.78,0.112816
5,1,24,2072.93,0.107341
5,1,25,1987.66,0.0957329
5,1,26,1896.3,0.0804549
5,1,27,1804.05,0.0647453
5,1,28,1716.86,0.0511223
5,1,29,1639.6,0.040622
5,1,30,1574.33,0.0328791
5,1,31,1520.2,0.0268496
5,1,32,1474.67,0.0215731
5,1,33,1435,0.0166358
5,1,34,1399.41,0.0121072
5,1,35,1367.4,0.00820086
5,1,36,1338.91,0.00519662
5,1,37,1313.99,0.00307013
5,1,38,1292.28,0.00174086
5,1,39,1273.35,0.00109504
5,1,40,1257,0.00103689
5,1,41,1243.53,0.00163552
5,1,42,1233.17,0.00303474
5,1,43,1225.34,0.0053974
5,1,44,1218.47,0.00875278
5,1,45,1209.87,0.01282
5,1,46,1196.75,0.0169293
5,1,47,1177.45,0.0201478
5,1,48,1152.17,0.0216085
5,1,49,1123.02,0.020882
5,2,0,2497.99,0.274019
5,2,1,2684.39,0.316572
5,2,2,2810.44,0.340947
5,2,3,2884.1,0.346011
5,2,4,2918.94,0.335713
5,2,5,2928.77,0.316776
5,2,6,2924.1,0.295901
5,2,7,2910.46,0.277699
5,2,8,2888.79,0.263896
5,2,9,2857.62,0.253844
5,2,10,2815.99,0.245547
5,2,11,2764.68,0.236622
5,2,12,2707.68,0.225347
5,2,13,2649.81,0.210512
5,2,14,2596.1,0.192125
5,2,15,2549.99,0.171432
5,2,16,2512.04,0.150535
5,2,17,2480.25,0.13204
5,2,18,2450.74,0.118392
5,2,19,2419.31,0.11076
5,2,20,2382.66,0.108665
5,2,21,2338.51,0.109786
5,2,22,2285.43,0.11089
5,2,23,2222.11,0.1089
5,2,24,2148.02,0.102194
5,2,25,2063.75,0.0911153
5,2,26,1972.22,0.0778673
5,2,27,1878.53,0.0651249
5,2,28,1788.74,0.0546985
5,2,29,1708.06,0.0469782
5,2,30,1638.93,0.0411311
5,2,31,1580.81,0.0359165
5,2,32,1531.45,0.030416
5,2,33,1488.24,0.0244584
5,2,34,1449.47,0.01844
5,2,35,1414.65,0.0129165
5,2,36,1383.67,0.00842111
5,2,37,1356.51,0.00510643
5,2,38,1332.72,0.00294375
5,2,39,1311.86,0.00180286
5,2,40,1293.71,0.0015466
5,2,41,1278.68,0.00222163
5,2,42,1267.1,0.00396706
5,2,43,1258.39,0.00694002
5,2,44,1250.82,0.0111266
5,2,45,1241.34,0.0161285
5,2,46,1226.73,0.0210838
5,2,47,1204.98,0.0248416
5,2,48,1176.21,0.0263813
5,2,49,1142.76,0.0252511
5,3,0,2527.74,0.272525
5,3,1,2716.59,0.3161
5,3,2,2844.51,0.342071
5,3,3,2919.56,0.349218
5,3,4,2955.23,0.341449
5,3,5,2965.24,0.325534
5,3,6,2960.3,0.308271
5,3,7,2946.33,0.294295
5,3,8,2924.73,0.285133
5,3,9,2894.35,0.279734
5,3,10,2854.21,0.275572
5,3,11,2804.82,0.269819
5,3,12,2749.68,0.260469
5,3,13,2693,0.246207
5,3,14,2639.21,0.226968
5,3,15,2591.28,0.204009
5,3,16,2549.72,0.179459
5,3,17,2513.07,0.156091
5,3,18,2478.59,0.136607
5,3,19,2443.4,0.122546
5,3,20,2405.18,0.11379
5,3,21,2362.03,0.108566
5,3,22,2312.06,0.104345
5,3,23,2253.11,0.0987665
5,3,24,2183.71,0.0907465
5,3,25,2103.78,0.080714
5,3,26,2015.83,0.0704575
5,3,27,1924.7,0.0618574
5,3,28,1836.29,0.0558118
5,3,29,1755.73,0.0519382
5,3,30,1685.56,0.0488838
5,3,31,1625.55,0.0452043
5,3,32,1573.8,0.0400123
5,3,33,1528.07,0.0333599
5,3,34,1486.89,0.0259616
5,3,35,1449.91,0.0187456
5,3,36,1417.06,0.0125562
5,3,37,1388.31,0.00780299
5,3,38,1363.23,0.00457084
5,3,39,1341.34,0.0027454
5,3,40,1322.39,0.00215085
5,3,41,1306.75,0.00278586
5,3,42,1294.77,0.00474925
5,3,43,1285.84,0.00815666
5,3,44,1278.07,0.012928
5,3,45,1268.22,0.018552
5,3,46,1252.72,0.0240147
5,3,47,1229.28,0.0280165
5,3,48,1197.87,0.0294616
5,3,49,1160.94,0.027927
5,4,0,2508.41,0.257241
5,4,1,2697.79,0.299701
5,4,2,2827.54,0.326027
5,4,3,2905.09,0.334999
5,4,4,2943.25,0.330309
5,4,5,2955.2,0.318431
5,4,6,2951.35,0.305843
5,4,7,2937.73,0.296814
5,4,8,2916.1,0.292422
5,4,9,2885.75,0.291184
5,4,10,2846.04,0.290261
5,4,11,2797.61,0.286801
5,4,12,2743.78,0.278979
5,4,13,2688.35,0.265751
5,4,14,2635.06,0.247116
5,4,15,2586.28,0.224172
5,4,16,2542.26,0.198696
5,4,17,2501.94,0.173153
5,4,18,2463.69,0.15007
5,4,19,2425.94,0.131122
5,4,20,2387.44,0.116522
5,4,21,2346.58,0.105202
5,4,22,2301.11,0.0955915
5,4,23,2248.05,0.0862701
5,4,24,2185.22,0.0768372
5,4,25,2112.05,0.0678536
5,4,26,2030.69,0.0606564
5,4,27,1945.59,0.0562914
5,4,28,1862.14,0.0547497
5,4,29,1784.96,0.0549194
5,4,30,1716.4,0.0549766
5,4,31,1656.39,0.0532884
5,4,32,1603.49,0.0489443
5,4,33,1555.99,0.0421153
5,4,34,1512.86,0.0337316
5,4,35,1474.07,0.0250391
5,4,36,1439.71,0.0172003
5,4,37,1409.86,0.0109339
5,4,38,1384.13,0.00650242
5,4,39,1362.03,0.0038527
5,4,40,1343.17,0.00278406
5,4,41,1327.79,0.00322601
5,4,42,1316.12,0.00519959
5,4,43,1307.47,0.00874328
5,4,44,1299.92,0.0136978
5,4,45,1290.12,0.0194679
5,4,46,1274.34,0.0249663
5,4,47,1250.01,0.0288509
5,4,48,1216.91,0.0300488
5,4,49,1177.44,0.0282111
5,5,0,2453.8,0.23385
5,5,1,2642.39,0.273628
5,5,2,2774.2,0.299173
5,5,3,2855.48,0.309343
5,5,4,2897.85,0.30751
5,5,5,2913.43,0.299609
5,5,6,2911.87,0.291493
5,5,7,2898.89,0.286791
5,5,8,2876.52,0.286003
5,5,9,2844.66,0.287292
5,5,10,2803.44,0.287766
5,5,11,2754.14,0.284953
5,5,12,2700.36,0.277649
5,5,13,2645.72,0.26544
5,5,14,2593.36,0.248582
5,5,15,2544.88,0.227934
5,5,16,2500.04,0.204619
5,5,17,2457.92,0.180329
5,5,18,2417.69,0.156926
5,5,19,2378.92,0.135854
5,5,20,2341.16,0.117504
5,5,21,2303.15,0.101517
5,5,22,2262.39,0.0873797
5,5,23,2215.5,0.0747129
5,5,24,2159.94,0.0638504
5,5,25,2094.93,0.0555333
5,5,26,2022.32,0.0507098
5,5,27,1945.98,0.0497153
5,5,28,1870.4,0.051819
5,5,29,1799.32,0.0553697
5,5,30,1734.58,0.0582173
5,5,31,1676.15,0.0585971
5,5,32,1623.06,0.0555142
5,5,33,1574.31,0.0491138
5,5,34,1529.53,0.0403765
5,5,35,1489.15,0.0307339
5,5,36,1453.58,0.0216081
5,5,37,1423.05,0.0140259
5,5,38,1397.24,0.00846987
5,5,39,1375.58,0.00499203
5,5,40,1357.46,0.0033887
5,5,41,1342.87,0.00350977
5,5,42,1331.85,0.0052691
5,5,43,1323.66,0.00860195
5,5,44,1316.43,0.0132719
5,5,45,1306.9,0.0186515
5,5,46,1291.31,0.0236825
5,5,47,1266.86,0.0271022
5,5,48,1233.04,0.0279563
5,5,49,1192.03,0.0259957
5,6,0,2379.38,0.208972
5,6,1,2566.38,0.2454
5,6,2,2700.51,0.269469
5,6,3,2786.52,0.280147
5,6,4,2834.42,0.280417
5,6,5,2854.8,0.275538
5,6,6,2856.14,0.270591
5,6,7,2843.53,0.268493
5,6,8,2819.2,0.269225
5,6,9,2783.92,0.270775
5,6,10,2738.97,0.270446
5,6,11,2686.8,0.266406
5,6,12,2631.7,0.258323
5,6,13,2577.39,0.246634
5,6,14,2526.46,0.232027
5,6,15,2479.63,0.21517
5,6,16,2435.94,0.196419
5,6,17,2394.23,0.176404
5,6,18,2354.11,0.155923
5,6,19,2315.74,0.135814
5,6,20,2279.25,0.116404
5,6,21,2243.69,0.0979072
5,6,22,2206.71,0.080802
5,6,23,2165.07,0.0656973
5,6,24,2116.4,0.0536145
5,6,25,2059.96,0.0454957
5,6,26,1997.3,0.0420125
5,6,27,1931.48,0.0430085
5,6,28,1865.77,0.0473126
5,6,29,1802.69,0.0530046
5,6,30,1743.32,0.0578141
5,6,31,1687.58,0.0599438
5,6,32,1635.03,0.0582891
5,6,33,1585.48,0.0528459
5,6,34,1539.37,0.0444769
5,6,35,1497.77,0.034628
5,6,36,1461.45,0.0248627
5,6,37,1430.81,0.0164494
5,6,38,1405.5,0.0100873
5,6,39,1384.75,0.00595655
5,6,40,1367.64,0.00387403
5,6,41,1353.88,0.00361617
5,6,42,1343.33,0.00498236
5,6,43,1335.3,0.00780043
5,6,44,1328.12,0.0117769
5,6,45,1318.8,0.016313
5,6,46,1303.66,0.0204785
5,6,47,1279.71,0.0231931
5,6,48,1246.04,0.0236888
5,6,49,1204.44,0.0218165
5,7,0,2299.81,0.188641
5,7,1,2485.07,0.222101
5,7,2,2621.79,0.244683
5,7,3,2713.05,0.255406
5,7,4,2766.94,0.256812
5,7,5,2792.25,0.253452
5,7,6,2796.03,0.249672
5,7,7,2782.77,0.247821
5,7,8,2754.96,0.247612
5,7,9,2714.47,0.247113
5,7,10,2664.09,0.243998
5,7,11,2607.69,0.237133
5,7,12,2550.53,0.227053
5,7,13,2496.54,0.215047
5,7,14,2447.74,0.202336
5,7,15,2403.92,0.189525
5,7,16,2363.22,0.176314
5,7,17,2323.97,0.162241
5,7,18,2285.7,0.146873
5,7,19,2248.7,0.130191
5,7,20,2213.39,0.112224
5,7,21,2179.22,0.0935292
5,7,22,2144.39,0.0753508
5,7,23,2106.38,0.0590909
5,7,24,2063.48,0.0463099
5,7,25,2015.22,0.0381237
5,7,26,1962.77,0.0350434
5,7,27,1908.12,0.0366563
5,7,28,1853.13,0.041639
5,7,29,1798.87,0.0480715
5,7,30,1745.63,0.0537722
5,7,31,1693.21,0.0570321
5,7,32,1641.71,0.0566669
5,7,33,1591.81,0.0524737
5,7,34,1544.89,0.0450857
5,7,35,1502.7,0.0358089
5,7,36,1466.43,0.0262016
5,7,37,1436.47,0.0176539
5,7,38,1412.3,0.0110239
5,7,39,1392.79,0.00660822
5,7,40,1376.66,0.00425754
5,7,41,1363.35,0.00369067
5,7,42,1352.67,0.00460524
5,7,43,1344.14,0.00673601
5,7,44,1336.44,0.00976379
5,7,45,1326.99,0.0131747
5,7,46,1312.3,0.0162411
5,7,47,1289.16,0.0181331
5,7,48,1256.22,0.0182993
5,7,49,1214.77,0.0166728
5,8,0,2227.01,0.177128
5,8,1,2411.02,0.208956
5,8,2,2550.47,0.23076
5,8,3,2646.68,0.241451
5,8,4,2705.74,0.243076
5,8,5,2734.64,0.239537
5,8,6,2739.18,0.234647
5,8,7,2723.44,0.230519
5,8,8,2690.54,0.226975
5,8,9,2643.63,0.222454
5,8,10,2587.12,0.215104
5,8,11,2526.36,0.204373
5,8,12,2467.53,0.191437
5,8,13,2414.61,0.178236
5,8,14,2368.99,0.166479
5,8,15,2329.42,0.156849
5,8,16,2293.11,0.148635
5,8,17,2257.72,0.140498
5,8,18,2222.37,0.1309
5,8,19,2187.15,0.118919
5,8,20,2152.58,0.104152
5,8,21,2118.56,0.0872456
5,8,22,2084.22,0.0698785
5,8,23,2048.19,0.0539326
5,8,24,2009.71,0.0412699
5,8,25,1968.69,0.0331001
5,8,26,1925.84,0.0298621
5,8,27,1881.96,0.0310897
5,8,28,1837.4,0.0355437
5,8,29,1791.83,0.0415123
5,8,30,1744.75,0.0470661
5,8,31,1695.86,0.0506912
5,8,32,1645.8,0.0512011
5,8,33,1596.13,0.0482285
5,8,34,1549.17,0.0421543
5,8,35,1507.35,0.034052
5,8,36,1472.16,0.0253438
5,8,37,1443.84,0.0174009
5,8,38,1421.43,0.0111431
5,8,39,1403.34,0.0069375
5,8,40,1387.9,0.00466332
5,8,41,1374.43,0.00399467
5,8,42,1362.85,0.00454789
5,8,43,1353.05,0.00598583
5,8,44,1344.2,0.00799471
5,8,45,1334.15,0.010187
5,8,46,1319.62,0.0120797
5,8,47,1297.22,0.013123
5,8,48,1265.12,0.0129812
5,8,49,1224.06,0.0116461
5,9,0,2168.71,0.176426
5,9,1,2352.25,0.208648
5,9,2,2494.24,0.230998
5,9,3,2594.21,0.242031
5,9,4,2656.39,0.243217
5,9,5,2686.25,0.237923
5,9,6,2688.82,0.229726
5,9,7,2668.3,0.220932
5,9,8,2628.77,0.211914
5,9,9,2574.87,0.201781
5,9,10,2512.6,0.189235
5,9,11,2448.6,0.174118
5,9,12,2389.58,0.157912
5,9,13,2339.28,0.142865
5,9,14,2298.21,0.13099
5,9,15,2264.04,0.123097
5,9,16,2233.06,0.118324
5,9,17,2202.26,0.11481
5,9,18,2170.26,0.110262
5,9,19,2136.81,0.10303
5,9,20,2102.48,0.0922919
5,9,21,2067.74,0.0785739
5,9,22,2032.77,0.063623
5,9,23,1997.53,0.0494276
5,9,24,1962.32,0.0378623
5,9,25,1927.39,0.0301093
5,9,26,1892.93,0.0265858
5,9,27,1858.58,0.0269223
5,9,28,1823.28,0.0301258
5,9,29,1785.5,0.0348202
5,9,30,1744.1,0.0394203
5,9,31,1698.74,0.042671
5,9,32,1650.52,0.0434761
5,9,33,1601.82,0.0413973
5,9,34,1555.8,0.0366209
5,9,35,1515.48,0.0299761
5,9,36,1482.46,0.0226699
5,9,37,1456.61,0.0159367
5,9,38,1436.42,0.0106518
5,9,39,1419.76,0.00718391
5,9,40,1404.69,0.00541138
5,9,41,1390.53,0.00495597
5,9,42,1377.5,0.00536085
5,9,43,1365.97,0.00622913
5,9,44,1355.59,0.00727632
5,9,45,1344.59,0.00826957
5,9,46,1329.85,0.00898961
5,9,47,1307.78,0.00917268
5,9,48,1276.09,0.00868353
5,9,49,1235,0.00755404
5,10,0,2127.73,0.185734
5,10,1,2311.38,0.220594
5,10,2,2455.2,0.24516
5,10,3,2557.11,0.257337
5,10,4,2619.74,0.2579
5,10,5,2647.51,0.249768
5,10,6,2645.25,0.236559
5,10,7,2617.77,0.221175
5,10,8,2570.47,0.204955
5,10,9,2509.59,0.187967
5,10,10,2442.62,0.169574
5,10,11,2377.16,0.149874
5,10,12,2320,0.130335
5,10,13,2274.21,0.113138
5,10,14,2239.17,0.100321
5,10,15,2211.41,0.0927465
5,10,16,2186.35,0.0895779
5,10,17,2160.41,0.0887915
5,10,18,2131.74,0.0877763
5,10,19,2099.84,0.0844786
5,10,20,2065.4,0.0777865
5,10,21,2029.51,0.0679892
5,10,22,1993.46,0.0565851
5,10,23,1958.48,0.0453179
5,10,24,1925.78,0.03579
5,10,25,1895.87,0.0290191
5,10,26,1868.39,0.0254115
5,10,27,1841.95,0.0247851
5,10,28,1814.36,0.0264845
5,10,29,1783.2,0.0295226
5,10,30,1746.87,0.0326833
5,10,31,1705.06,0.0349841
5,10,32,1659.28,0.0354941
5,10,33,1612.52,0.0338121
5,10,34,1568.58,0.0300305
5,10,35,1530.83,0.0247889
5,10,36,1500.8,0.0190653
5,10,37,1477.9,0.0138955
5,10,38,1460.02,0.0100264
5,10,39,1444.62,0.00775933
5,10,40,1429.63,0.00692046
5,10,41,1414.59,0.00704201
5,10,42,1400.09,0.00757415
5,10,43,1386.99,0.00805162
5,10,44,1375.27,0.00823171
5,10,45,1363.38,0.00805844
5,10,46,1348.2,0.00759001
5,10,47,1325.9,0.00685078
5,10,48,1293.77,0.00589211
5,10,49,1251.61,0.00477769
5,11,0,2102.73,0.201605
5,11,1,2286.44,0.240942
5,11,2,2430.87,0.269271
5,11,3,2532.64,0.283591
5,11,4,2593.18,0.283857
5,11,5,2616.32,0.272554
5,11,6,2607.11,0.253506
5,11,7,2571.33,0.230466
5,11,8,2515.9,0.206026
5,11,9,2448.67,0.181443
5,11,10,2378.48,0.156873
5,11,11,2313.51,0.13262
5,11,12,2260.27,0.10993
5,11,13,2220.79,0.0906147
5,11,14,2193.13,0.0764455
5,11,15,2172.59,0.0681963
5,11,16,2153.76,0.0651123
5,11,17,2132.58,0.0652737
5,11,18,2106.86,0.0661525
5,11,19,2076.03,0.065632
5,11,20,2041.08,0.0625085
5,11,21,2003.84,0.0568097
5,11,22,1966.66,0.0495771
5,11,23,1931.88,0.0420413
5,11,24,1901.37,0.0352957
5,11,25,1875.71,0.0300549
5,11,26,1853.97,0.0266899
5,11,27,1833.91,0.0252466
5,11,28,1812.54,0.0254541
5,11,29,1786.88,0.0267316
5,11,30,1755.17,0.0282235
5,11,31,1717.15,0.0292009
5,11,32,1674.67,0.0289369
5,11,33,1631.05,0.0271484
5,11,34,1590.37,0.0239299
5,11,35,1556.07,0.0198147
5,11,36,1529.44,0.0155895
5,11,37,1509.43,0.0120881
5,11,38,1493.51,0.00988371
5,11,39,1478.98,0.0091545
5,11,40,1463.92,0.00961165
5,11,41,1448.22,0.0106374
5,11,42,1432.87,0.0115445
5,11,43,1419.06,0.0117745
5,11,44,1406.89,0.0111332
5,11,45,1394.77,0.00976513
5,11,46,1379.34,0.00802544
5,11,47,1356.44,0.00623427
5,11,48,1322.93,0.00462403
5,11,49,1278.24,0.00328909
5,12,0,2091.56,0.219604
5,12,1,2274.58,0.26452
5,12,2,2418.03,0.297763
5,12,3,2517.63,0.315276
5,12,4,2574.12,0.316083
5,12,5,2591.12,0.302178
5,12,6,2574.14,0.277566
5,12,7,2530.04,0.24689
5,12,8,2467.21,0.214082
5,12,9,2395.03,0.181714
5,12,10,2323.4,0.150877
5,12,11,2260.8,0.122145
5,12,12,2213.16,0.096491
5,12,13,2181.29,0.0751947
5,12,14,2161.83,0.0595603
5,12,15,2148.83,0.0501179
5,12,16,2136.08,0.0461635
5,12,17,2119.09,0.0460212
5,12,18,2095.47,0.0475143
5,12,19,2064.83,0.048731
5,12,20,2028.69,0.0485585
5,12,21,1989.76,0.0468011
5,12,22,1951.42,0.0439488
5,12,23,1916.91,0.040555
5,12,24,1888.5,0.0370333
5,12,25,1866.62,0.0336742
5,12,26,1849.69,0.0307688
5,12,27,1834.81,0.0286064
5,12,28,1818.48,0.027337
5,12,29,1797.48,0.0268079
5,12,30,1770.11,0.0265165
5,12,31,1736.28,0.0259594
5,12,32,1698.03,0.0246113
5,12,33,1658.75,0.0223345
5,12,34,1622.4,0.0192821
5,12,35,1592.11,0.015952
5,12,36,1568.79,0.0129974
5,12,37,1551.1,0.0110885
5,12,38,1536.44,0.0106156
5,12,39,1522.32,0.0115993
5,12,40,1507.25,0.0135783
5,12,41,1491.55,0.0157215
5,12,42,1476.53,0.0171538
5,12,43,1463.5,0.0171992
5,12,44,1452.41,0.0157191
5,12,45,1441.3,0.0130828
5,12,46,1426.34,0.0099625
5,12,47,1402.88,0.00698096
5,12,48,1367.25,0.00454819
5,12,49,1318.56,0.00278889
5,13,0,2091.73,0.235656
5,13,1,2272.68,0.28638
5,13,2,2413.11,0.325066
5,13,3,2508.5,0.346595
5,13,4,2559.36,0.349019
5,13,5,2569.51,0.333741
5,13,6,2545.05,0.304799
5,13,7,2493.88,0.267548
5,13,8,2425.65,0.227135
5,13,9,2350.89,0.187433
5,13,10,2280.22,0.150554
5,13,11,2222.06,0.117479
5,13,12,2181.49,0.0889885
5,13,13,2158,0.0658322
5,13,14,2146.9,0.0487719
5,13,15,2141.09,0.0379934
5,13,16,2133.61,0.0327725
5,13,17,2119.62,0.0317041
5,13,18,2096.73,0.0330757
5,13,19,2064.95,0.0353274
5,13,20,2026.56,0.0375595
5,13,21,1985.28,0.039418
5,13,22,1945.52,0.0408423
5,13,23,1911.23,0.0416441
5,13,24,1884.86,0.0414599
5,13,25,1866.43,0.0400609
5,13,26,1853.69,0.0376075
5,13,27,1843.14,0.0346364
5,13,28,1830.97,0.0317609
5,13,29,1814.02,0.029301
5,13,30,1790.83,0.0271234
5,13,31,1761.59,0.0249335
5,13,32,1728.45,0.0223765
5,13,33,1694.57,0.0194369
5,13,34,1663.39,0.0163287
5,13,35,1637.41,0.0135452
5,13,36,1617.08,0.0116477
5,13,37,1600.96,0.0111859
5,13,38,1586.79,0.0123705
5,13,39,1572.7,0.0150488
5,13,40,1557.83,0.018553
5,13,41,1543.03,0.0218079
5,13,42,1529.79,0.0237335
5,13,43,1519.28,0.0235425
5,13,44,1511.04,0.0211695
5,13,45,1502.47,0.0172231
5,13,46,1489.05,0.0126908
5,13,47,1465.46,0.00848105
5,13,48,1427.41,0.00516217
5,13,49,1373.61,0.00288078
5,14,0,2102.9,0.248218
5,14,1,2280.12,0.304405
5,14,2,2415.27,0.348516
5,14,3,2504.16,0.374482
5,14,4,2547.77,0.379449
5,14,5,2550.48,0.36419
5,14,6,2519.22,0.332586
5,14,7,2462.83,0.290406
5,14,8,2391.89,0.243727
5,14,9,2317.66,0.197563
5,14,10,2250.91,0.155064
5,14,11,2199.5,0.117767
5,14,12,2167.38,0.0864351
5,14,13,2152.66,0.0614161
5,14,14,2149.47,0.0429692
5,14,15,2149.8,0.0308986
5,14,16,2146.14,0.0243841
5,14,17,2133.49,0.0222442
5,14,18,2109.65,0.023224
5,14,19,2075.21,0.0261494
5,14,20,2033.38,0.0303809
5,14,21,1988.96,0.0354618
5,14,22,1947.33,0.0408326
5,14,23,1913.05,0.04557
5,14,24,1888.51,0.0485062
5,14,25,1873.23,0.0488426
5,14,26,1864.19,0.0465767
5,14,27,1857.35,0.0424997
5,14,28,1848.7,0.0377353
5,14,29,1835.27,0.0331359
5,14,30,1816.02,0.0289713
5,14,31,1791.51,0.0251538
5,14,32,1763.91,0.0214522
5,14,33,1735.99,0.0179128
5,14,34,1710.4,0.0147679
5,14,35,1688.78,0.0124868
5,14,36,1671.06,0.0115409
5,14,37,1655.9,0.0123741
5,14,38,1641.68,0.0150143
5,14,39,1627.46,0.0191341
5,14,40,1613.21,0.0238679
5,14,41,1600.3,0.0279317
5,14,42,1590.25,0.0300932
5,14,43,1583.87,0.0295112
5,14,44,1580.06,0.026222
5,14,45,1575.42,0.0210596
5,14,46,1564.59,0.0152766
5,14,47,1541.49,0.0100025
5,14,48,1501.12,0.00591556
5,14,49,1441.65,0.00316475
5,15,0,2127.23,0.259078
5,15,1,2299.22,0.320237
5,15,2,2426.79,0.369324
5,15,3,2506.76,0.399509
5,15,4,2541.15,0.40725
5,15,5,2535.47,0.392809
5,15,6,2497.78,0.359828
5,15,7,2437.88,0.314218
5,15,8,2367.04,0.262627
5,15,9,2296.65,0.210956
5,15,10,2236.98,0.163314
5,15,11,2194.66,0.121907
5,15,12,2172.15,0.0876745
5,15,13,2166.11,0.060736
5,15,14,2169.7,0.0409449
5,15,15,2174.4,0.0277253
5,15,16,2172.58,0.0201012
5,15,17,2159.33,0.0170425
5,15,18,2132.88,0.0176838
5,15,19,2094.52,0.0211973
5,15,20,2048.38,0.0271835
5,15,21,2000.28,0.0350992
5,15,22,1956.43,0.0439395
5,15,23,1921.8,0.0520902
5,15,24,1898.67,0.0576192
5,15,25,1886,0.0591762
5,15,26,1880.07,0.056612
5,15,27,1876.3,0.0509955
5,15,28,1870.54,0.0440019
5,15,29,1860.04,0.0370597
5,15,30,1844.21,0.0308679
5,15,31,1824.02,0.0255452
5,15,32,1801.7,0.0209343
5,15,33,1779.6,0.0170714
5,15,34,1759.48,0.0141407
5,15,35,1742.04,0.0125277
5,15,36,1726.67,0.0125712
5,15,37,1712.23,0.0145741
5,15,38,1697.89,0.0183568
5,15,39,1683.81,0.0234247
5,15,40,1670.84,0.0287748
5,15,41,1660.84,0.0330325
5,15,42,1655.24,0.0349487
5,15,43,1654.28,0.033742
5,15,44,1656.05,0.0295848
5,15,45,1656.25,0.0234829
5,15,46,1648.69,0.0168439
5,15,47,1626.56,0.0108997
5,15,48,1584.14,0.00635765
5,15,49,1518.97,0.00333947
5,16,0,2167.07,0.272706
5,16,1,2332.95,0.338536
5,16,2,2451.19,0.391814
5,16,3,2520.11,0.42518
5,16,4,2543.32,0.434796
5,16,5,2528.01,0.420764
5,16,6,2483.73,0.386639
5,16,7,2421.44,0.338345
5,16,8,2352.87,0.282792
5,16,9,2289.08,0.226456
5,16,10,2239.09,0.174233
5,16,11,2207.63,0.129005
5,16,12,2195.24,0.0920026
5,16,13,2197.09,0.0632418
5,16,14,2205.72,0.0422429
5,16,15,2212.56,0.0280556
5,16,16,2210.36,0.0195236
5,16,17,2194.69,0.0157296
5,16,18,2164.39,0.0161395
5,16,19,2121.49,0.0202169
5,16,20,2070.89,0.0277358
5,16,21,2019.13,0.0380299
5,16,22,1973.01,0.0496699
5,16,23,1937.7,0.060417
5,16,24,1915.34,0.0676879
5,16,25,1904.48,0.0696923
5,16,26,1900.84,0.0662202
5,16,27,1899.42,0.0586555
5,16,28,1895.85,0.0492272
5,16,29,1887.54,0.0399267
5,16,30,1874.26,0.0318628
5,16,31,1857.37,0.025343
5,16,32,1839.29,0.0202417
5,16,33,1822.03,0.016524
5,16,34,1806.64,0.0142598
5,16,35,1792.95,0.0136678
5,16,36,1779.86,0.0148726
5,16,37,1766.39,0.0179507
5,16,38,1752.45,0.0224706
5,16,39,1739.28,0.0277896
5,16,40,1728.55,0.0328786
5,16,41,1722.55,0.0364646
5,16,42,1722.46,0.0374848
5,16,43,1727.83,0.0353683
5,16,44,1735.8,0.030451
5,16,45,1741.21,0.0238195
5,16,46,1737.14,0.0168784
5,16,47,1716.19,0.0108064
5,16,48,1672.03,0.00624019
5,16,49,1601.49,0.00324216
5,17,0,2222.67,0.293415
5,17,1,2382.48,0.363807
5,17,2,2490.76,0.420196
5,17,3,2547.63,0.454943
5,17,4,2558.6,0.464435
5,17,5,2532.8,0.449181
5,17,6,2481.64,0.413015
5,17,7,2417.37,0.361925
5,17,8,2352.15,0.302862
5,17,9,2296.28,0.242559
5,17,10,2257,0.186442
5,17,11,2236.65,0.137958
5,17,12,2233.6,0.0986328
5,17,13,2241.62,0.0684163
5,17,14,2252.94,0.0465165
5,17,15,2259.45,0.0316061
5,17,16,2254.75,0.0223631
5,17,17,2235.25,0.0179884
5,17,18,2200.58,0.0182534
5,17,19,2153.42,0.022858
5,17,20,2099.14,0.0316475
5,17,21,2044.58,0.0437441
5,17,22,1996.68,0.0572864
5,17,23,1960.57,0.0695057
5,17,24,1938.32,0.0773689
5,17,25,1928.31,0.0788607
5,17,26,1925.99,0.0738679
5,17,27,1926.05,0.0641236
5,17,28,1923.86,0.0523483
5,17,29,1916.84,0.0409924
5,17,30,1904.97,0.0314879
5,17,31,1889.97,0.0242863
5,17,32,1874.51,0.0192661
5,17,33,1860.56,0.016292
5,17,34,1848.74,0.0152728
5,17,35,1838.22,0.0161775
5,17,36,1827.47,0.0188136
5,17,37,1815.59,0.0229134
5,17,38,1803.05,0.0277411
5,17,39,1791.97,0.0325348
5,17,40,1784.7,0.036382
5,17,41,1783.83,0.0383398
5,17,42,1790.19,0.037758
5,17,43,1802.48,0.0344276
5,17,44,1816.91,0.0288602
5,17,45,1827.51,0.0221137
5,17,46,1826.81,0.0154199
5,17,47,1807.06,0.00974834
5,17,48,1761.44,0.00557216
5,17,49,1686.1,0.00286824
5,18,0,2290.76,0.323246
5,18,1,2445.52,0.398075
5,18,2,2544.78,0.456232
5,18,3,2590.43,0.490057
5,18,4,2589.86,0.496727
5,18,5,2554.13,0.477806
5,18,6,2496.41,0.437916
5,18,7,2430.31,0.383322
5,18,8,2368.34,0.320928
5,18,9,2319.91,0.257454
5,18,10,2290.29,0.198546
5,18,11,2279.28,0.147969
5,18,12,2283.19,0.107386
5,18,13,2294.59,0.0765809
5,18,14,2305.73,0.0543838
5,18,15,2309.37,0.0390792
5,18,16,2300.29,0.0292451
5,18,17,2276.06,0.0242817
5,18,18,2237.21,0.0243025
5,18,19,2186.91,0.0292214
5,18,20,2130.59,0.0388417
5,18,21,2074.86,0.0519575
5,18,22,2026.25,0.0662492
5,18,23,1989.62,0.078545
5,18,24,1967.02,0.0856324
5,18,25,1956.94,0.0855656
5,18,26,1954.96,0.0785277
5,18,27,1955.57,0.0666152
5,18,28,1953.92,0.0529029
5,18,29,1947.23,0.0401078
5,18,30,1935.52,0.0298339
5,18,31,1920.82,0.0226074
5,18,32,1906.17,0.018304
5,18,33,1893.76,0.0166966
5,18,34,1884.14,0.0175162
5,18,35,1876.12,0.0204164
5,18,36,1867.81,0.0247866
5,18,37,1858.27,0.0298927
5,18,38,1848.31,0.0346518
5,18,39,1840.67,0.0382198
5,18,40,1838.13,0.0399446
5,18,41,1843.43,0.0394229
5,18,42,1856.94,0.036611
5,18,43,1876.5,0.0317756
5,18,44,1897.39,0.0255991
5,18,45,1912.97,0.0190121
5,18,46,1915.46,0.0129399
5,18,47,1896.93,0.00802727
5,18,48,1850.28,0.00452007
5,18,49,1770.94,0.00229465
5,19,0,2365.67,0.360927
5,19,1,2517.13,0.439911
5,19,2,2609.66,0.498495
5,19,3,2646.78,0.529214
5,19,4,2637.42,0.530494
5,19,5,2594.1,0.505517
5,19,6,2531.35,0.460196
5,19,7,2463.76,0.401375
5,19,8,2404.07,0.335945
5,19,9,2360.9,0.270419
5,19,10,2337.78,0.210324
5,19,11,2332.38,0.159372
5,19,12,2339.35,0.119067
5,19,13,2350.48,0.0888222
5,19,14,2358.28,0.0669857
5,19,15,2356.57,0.0514856
5,19,16,2341.57,0.0409438
5,19,17,2312.17,0.0351135
5,19,18,2269.85,0.0345376
5,19,19,2218.07,0.0393418
5,19,20,2161.9,0.0491696
5,19,21,2107.09,0.0623638
5,19,22,2059.3,0.0761219
5,19,23,2022.83,0.08702
5,19,24,1999.77,0.0919643
5,19,25,1988.99,0.0893897
5,19,26,1986.46,0.0799671
5,19,27,1986.76,0.0661337
5,19,28,1984.81,0.0511261
5,19,29,1977.58,0.0376864
5,19,30,1965.01,0.0274104
5,19,31,1949.33,0.0208243
5,19,32,1934.02,0.017813
5,19,33,1921.67,0.0180953
5,19,34,1913.05,0.0212313
5,19,35,1906.84,0.0265184
5,19,36,1900.95,0.032851
5,19,37,1894.32,0.0389403
5,19,38,1887.93,0.043344
5,19,39,1884.86,0.0451845
5,19,40,1888.08,0.0441863
5,19,41,1900.33,0.0406272
5,19,42,1921.43,0.0351807
5,19,43,1948.36,0.0286354
5,19,44,1975.57,0.0218219
5,19,45,1995.92,0.0154792
5,19,46,2001.5,0.010155
5,19,47,1984.41,0.00611808
5,19,48,1937.36,0.00336553
5,19,49,1855.09,0.00167148
5,20,0,2441.55,0.402615
5,20,1,2591.87,0.485317
5,20,2,2680.8,0.543309
5,20,3,2713.25,0.569428
5,20,4,2699.25,0.56359
5,20,5,2652.08,0.530929
5,20,6,2586.82,0.479023
5,20,7,2518.45,0.415625
5,20,8,2459.64,0.347762
5,20,9,2418.46,0.281633
5,20,10,2397.34,0.222316
5,20,11,2392.64,0.173039
5,20,12,2398.01,0.134757
5,20,13,2404.9,0.106261
5,20,14,2406.25,0.0853309
5,20,15,2397,0.0696305
5,20,16,2374.89,0.0580214
5,20,17,2340.22,0.0507953
5,20,18,2295.37,0.0490226
5,20,19,2243.9,0.0530477
5,20,20,2190.07,0.0622606
5,20,21,2138.35,0.0744732
5,20,22,2093.08,0.0864164
5,20,23,2057.82,0.0945817
5,20,24,2034.67,0.0962618
5,20,25,2022.98,0.0905201
5,20,26,2019.4,0.0786325
5,20,27,2018.72,0.0633057
5,20,28,2015.83,0.0477264
5,20,29,2007.49,0.0344314
5,20,30,1993.51,0.0248462
5,20,31,1976.25,0.0194365
5,20,32,1959.57,0.0181164
5,20,33,1946.48,0.0205928
5,20,34,1938.06,0.0262707
5,20,35,1933.07,0.0340794
5,20,36,1929.34,0.0423886
5,20,37,1925.75,0.0493396
5,20,38,1923.35,0.0531717
5,20,39,1925.4,0.0530376
5,20,40,1934.88,0.0491063
5,20,41,1954.33,0.0423759
5,20,42,1982.99,0.0342341
5,20,43,2017.04,0.025956
5,20,44,2050.24,0.0184795
5,20,45,2075.11,0.012328
5,20,46,2083.77,0.00767329
5,20,47,2068.46,0.00442263
5,20,48,2021.78,0.00234518
5,20,49,1937.76,0.00112398
5,21,0,2514.8,0.443619
5,21,1,2666.19,0.529765
5,21,2,2754.78,0.58698
5,21,3,2786.61,0.608351
5,21,4,2772.35,0.595195
5,21,5,2725.37,0.554605
5,21,6,2660.47,0.495993
5,21,7,2592.16,0.428298
5,21,8,2532.74,0.358901
5,21,9,2489.98,0.293676
5,21,10,2466.01,0.236987
5,21,11,2456.86,0.191151
5,21,12,2455.99,0.156208
5,21,13,2454.97,0.130127
5,21,14,2447.23,0.110129
5,21,15,2428.83,0.0937911
5,21,16,2398.93,0.0804342
5,21,17,2359.18,0.0710415
5,21,18,2312.78,0.0672536
5,21,19,2263.11,0.0696106
5,21,20,2213.36,0.0771906
5,21,21,2166.39,0.087283
5,21,22,2125.06,0.0962469
5,21,23,2092.11,0.100673
5,21,24,2069.56,0.0984311
5,21,25,2057.28,0.0893299
5,21,26,2052.58,0.0752361
5,21,27,2050.67,0.0589942
5,21,28,2046.55,0.0435398
5,21,29,2036.97,0.0310305
5,21,30,2021.63,0.0226164
5,21,31,2003.02,0.0186706
5,21,32,1985.18,0.0191564
5,21,33,1971.39,0.0238004
5,21,34,1962.94,0.031872
5,21,35,1958.72,0.0419561
5,21,36,1956.64,0.0519367
5,21,37,1955.68,0.0594617
5,21,38,1956.99,0.0625527
5,21,39,1963.98,0.0604661
5,21,40,1979.49,0.0538229
5,21,41,2005.76,0.044269
5,21,42,2041.43,0.033788
5,21,43,2081.98,0.024027
5,21,44,2120.61,0.0159738
5,21,45,2149.66,0.00994689
5,21,46,2161.38,0.00579988
5,21,47,2148.18,0.00314656
5,21,48,2102.59,0.00158063
5,21,49,2017.97,0.000716551
5,22,0,2584.62,0.480047
5,22,1,2739.08,0.569694
5,22,2,2830.09,0.626892
5,22,3,2864.6,0.644786
5,22,4,2853.56,0.625729
5,22,5,2809.93,0.57849
5,22,6,2747.55,0.514254
5,22,7,2679.88,0.443313
5,22,8,2618.47,0.373602
5,22,9,2571.05,0.310699
5,22,10,2540.12,0.258034
5,22,11,2522.29,0.216673
5,22,12,2511.54,0.185481
5,22,13,2499.92,0.161553
5,22,14,2481.42,0.141714
5,22,15,2453.08,0.123733
5,22,16,2415.29,0.107599
5,22,17,2370.88,0.0950498
5,22,18,2323.61,0.088232
5,22,19,2276.54,0.0878045
5,22,20,2231.64,0.0925241
5,22,21,2190.18,0.0992806
5,22,22,2153.58,0.104259
5,22,23,2123.79,0.104346
5,22,24,2102.69,0.0980754
5,22,25,2090.49,0.0859549
5,22,26,2085.08,0.0702769
5,22,27,2082.08,0.0538325
5,22,28,2076.83,0.0391396
5,22,29,2066.23,0.0278837
5,22,30,2050.09,0.0209061
5,22,31,2030.98,0.0184843
5,22,32,2012.95,0.0206385
5,22,33,1999.22,0.0271201
5,22,34,1991.07,0.0370779
5,22,35,1987.45,0.0488099
5,22,36,1986.47,0.0598253
5,22,37,1987.4,0.0674441
5,22,38,1991.68,0.0696239
5,22,39,2002.86,0.0658029
5,22,40,2023.59,0.0570082
5,22,41,2055.74,0.0453722
5,22,42,2097.39,0.0332698
5,22,43,2143.42,0.02255
5,22,44,2186.65,0.014179
5,22,45,2219.35,0.00829865
5,22,46,2233.91,0.00453265
5,22,47,2222.92,0.00229647
5,22,48,2178.86,0.00107773
5,22,49,2094.45,0.000452706
5,23,0,2651.98,0.510083
5,23,1,2811.1,0.60372
5,23,2,2906.49,0.662491
5,23,3,2945.8,0.679311
5,23,4,2940.01,0.65705
5,23,5,2901.37,0.605669
5,23,6,2842.47,0.537875
5,23,7,2775.4,0.465321
5,23,8,2710.82,0.396607
5,23,9,2656.5,0.337032
5,23,10,2615.79,0.288963
5,23,11,2586.52,0.252015
5,23,12,2563.67,0.223807
5,23,13,2540.11,0.200699
5,23,14,2510.37,0.179451
5,23,15,2472.25,0.15836
5,23,16,2427.1,0.138237
5,23,17,2378.56,0.121506
5,23,18,2330.7,0.110615
5,23,19,2286.14,0.106192
5,23,20,2245.72,0.106709
5,23,21,2209.37,0.108891
5,23,22,2177.39,0.109047
5,23,23,2151.08,0.104563
5,23,24,2132.13,0.0946339
5,23,25,2120.84,0.0802784
5,23,26,2115.44,0.0639235
5,23,27,2111.89,0.0480769
5,23,28,2105.94,0.0347158
5,23,29,2094.91,0.0250334
5,23,30,2078.86,0.019586
5,23,31,2060.47,0.0185682
5,23,32,2043.59,0.0220445
5,23,33,2031.11,0.0297713
5,23,34,2023.97,0.0407968
5,23,35,2021.09,0.0532308
5,23,36,2020.87,0.0643891
5,23,37,2023.07,0.0714961
5,23,38,2029.53,0.0726241
5,23,39,2044,0.067455
5,23,40,2068.93,0.0573238
5,23,41,2105.76,0.0446273
5,23,42,2152.08,0.0318802
5,23,43,2202.35,0.0209414
5,23,44,2249.13,0.0126809
5,23,45,2284.7,0.00709876
5,23,46,2301.6,0.00368509
5,23,47,2292.54,0.00175834
5,23,48,2249.97,0.000772065
5,23,49,2166.01,0.000298893
5,24,0,2719,0.534761
5,24,1,2883.82,0.633282
5,24,2,2984.62,0.695632
5,24,3,3029.54,0.714237
5,24,4,3029.48,0.691973
5,24,5,2995.93,0.639497
5,24,6,2940.2,0.570692
5,24,7,2873.04,0.498416
5,24,8,2804.27,0.431902
5,24,9,2741.76,0.376122
5,24,10,2689.93,0.332307
5,24,11,2648.12,0.298597
5,24,12,2612.64,0.271517
5,24,13,2577.28,0.247036
5,24,14,2537.08,0.222315
5,24,15,2490.33,0.196532
5,24,16,2438.87,0.171378
5,24,17,2386.73,0.149747
5,24,18,2338.04,0.134037
5,24,19,2294.95,0.124609
5,24,20,2257.53,0.119686
5,24,21,2224.83,0.116115
5,24,22,2196.46,0.110683
5,24,23,2173.31,0.101495
5,24,24,2156.81,0.0883712
5,24,25,2147.1,0.0726051
5,24,26,2142.42,0.0564405
5,24,27,2138.93,0.0418835
5,24,28,2132.84,0.0302969
5,24,29,2121.99,0.0224026
5,24,30,2106.89,0.0185169
5,24,31,2090.32,0.0187543
5,24,32,2075.86,0.0231822
5,24,33,2065.78,0.0315179
5,24,34,2060.52,0.0427265
5,24,35,2058.86,0.0548467
5,24,36,2059.53,0.0652098
5,24,37,2062.88,0.0711913
5,24,38,2071.21,0.0711468
5,24,39,2088.44,0.0650402
5,24,40,2116.76,0.0543963
5,24,41,2157.2,0.0416521
5,24,42,2206.95,0.0292261
5,24,43,2260.2,0.0188159
5,24,44,2309.44,0.0111317
5,24,45,2346.97,0.00606346
5,24,46,2365.45,0.00304921
5,24,47,2357.69,0.00139629
5,24,48,2316.04,0.000583784
5,24,49,2232.16,0.000212307
5,25,0,2788.27,0.558
5,25,1,2959.27,0.662575
5,25,2,3065.61,0.730424
5,25,3,3115.89,0.753322
5,25,4,3120.86,0.733833
5,25,5,3091.3,0.682946
5,25,6,3037.48,0.615399
5,25,7,2969.04,0.544988
5,25,8,2895.14,0.481389
5,25,9,2823.87,0.429132
5,25,10,2760.75,0.388301
5,25,11,2706.69,0.355727
5,25,12,2659.48,0.327204
5,25,13,2613.8,0.298812
5,25,14,2565.06,0.268621
5,25,15,2511.62,0.236971
5,25,16,2455.3,0.20636
5,25,17,2400.02,0.179799
5,25,18,2349.74,0.159176
5,25,19,2306.29,0.144274
5,25,20,2269.47,0.133071
5,25,21,2238.07,0.122807
5,25,22,2211.52,0.111083
5,25,23,2190.54,0.0969419
5,25,24,2176.21,0.0808181
5,25,25,2168.3,0.0640995
5,25,26,2164.77,0.0486046
5,25,27,2161.8,0.0356896
5,25,28,2156,0.0260843
5,25,29,2145.83,0.0200749
5,25,30,2132.31,0.0177694
5,25,31,2118.37,0.0191789
5,25,32,2107.18,0.0243016
5,25,33,2100.4,0.032751
5,25,34,2097.82,0.0434175
5,25,35,2098.11,0.0543749
5,25,36,2100.31,0.0631618
5,25,37,2105.34,0.0675136
5,25,38,2115.91,0.0661969
5,25,39,2136,0.0594687
5,25,40,2167.48,0.048936
5,25,41,2210.92,0.0368978
5,25,42,2263.23,0.0255045
5,25,43,2318.5,0.0161751
5,25,44,2369.26,0.00942093
5,25,45,2407.88,0.00504604
5,25,46,2427.07,0.0024925
5,25,47,2419.7,0.00111392
5,25,48,2378.03,0.000452519
5,25,49,2293.31,0.000159068
5,26,0,2862.38,0.584765
5,26,1,3039.28,0.696759
5,26,2,3150.51,0.771651
5,26,3,3205.08,0.800526
5,26,4,3213.59,0.78554
5,26,5,3186.31,0.737858
5,26,6,3132.67,0.672839
5,26,7,3061.55,0.604922
5,26,8,2981.69,0.54397
5,26,9,2901.5,0.493965
5,26,10,2827.62,0.453953
5,26,11,2762.54,0.419811
5,26,12,2705.45,0.387127
5,26,13,2651.87,0.352657
5,26,14,2597.3,0.315799
5,26,15,2539.72,0.278167
5,26,16,2480.35,0.242829
5,26,17,2422.51,0.212443
5,26,18,2369.74,0.187869
5,26,19,2323.81,0.167939
5,26,20,2284.76,0.150325
5,26,21,2251.8,0.132829
5,26,22,2224.73,0.114143
5,26,23,2204.31,0.0944612
5,26,24,2191.25,0.0749098
5,26,25,2184.74,0.0569427
5,26,26,2182.22,0.0418775
5,26,27,2179.76,0.030387
5,26,28,2174.31,0.022604
5,26,29,2164.95,0.018407
5,26,30,2153.21,0.0176922
5,26,31,2142.17,0.02031
5,26,32,2134.63,0.0260893
5,26,33,2131.62,0.0344572
5,26,34,2132.39,0.0442116
5,26,35,2135.48,0.053523
5,26,36,2140.24,0.0602627
5,26,37,2148.02,0.0626573
5,26,38,2161.8,0.0599542
5,26,39,2185.41,0.0527025
5,26,40,2220.32,0.0425248
5,26,41,2266.7,0.0314909
5,26,42,2321.24,0.0214047
5,26,43,2378.05,0.0133614
5,26,44,2429.75,0.00766264
5,26,45,2468.79,0.00404108
5,26,46,2487.92,0.00196682
5,26,47,2479.99,0.000861865
5,26,48,2437.19,0.000342335
5,26,49,2350.43,0.000117246
5,27,0,2943.42,0.619574
5,27,1,3125.3,0.74044
5,27,2,3240.19,0.823435
5,27,3,3297.54,0.858982
5,27,4,3307.87,0.848919
5,27,5,3281.03,0.804602
5,27,6,3225.88,0.7419
5,27,7,3150.76,0.675647
5,27,8,3064.23,0.615694
5,27,9,2975.09,0.565471
5,27,10,2891.12,0.523266
5,27,11,2816.37,0.484538
5,27,12,2751.45,0.445289
5,27,13,2692.57,0.403456
5,27,14,2635.11,0.359997
5,27,15,2576.17,0.31768
5,27,16,2515.84,0.279738
5,27,17,2456.33,0.247933
5,27,18,2400.54,0.22158
5,27,19,2350.3,0.198171
5,27,20,2306.43,0.174928
5,27,21,2269.17,0.150257
5,27,22,2239.18,0.124108
5,27,23,2217.49,0.0980249
5,27,24,2204.45,0.0739987
5,27,25,2198.49,0.0536962
5,27,26,2196.36,0.03805
5,27,27,2193.92,0.0271461
5,27,28,2188.39,0.0206091
5,27,29,2179.45,0.0179299
5,27,30,2169.13,0.0187576
5,27,31,2160.65,0.0227048
5,27,32,2156.51,0.0293181
5,27,33,2157.26,0.037746
5,27,34,2161.75,0.0466424
5,27,35,2168.47,0.0542695
5,27,36,2176.98,0.0588634
5,27,37,2188.86,0.0591763
5,27,38,2207.11,0.0549501
5,27,39,2235.22,0.0470246
5,27,40,2274.22,0.0370331
5,27,41,2323.87,0.0268193
5,27,42,2380.77,0.017857
5,27,43,2439.08,0.0109355
5,27,44,2491.52,0.00615939
5,27,45,2530.59,0.00319363
5,27,46,2549.06,0.00153328
5,27,47,2539.75,0.000662031
5,27,48,2494.75,0.000259338
5,27,49,2404.72,8.75559e-05
5,28,0,3031.57,0.663867
5,28,1,3216.89,0.794916
5,28,2,3333.78,0.886654
5,28,3,3392.26,0.928873
5,28,4,3402.8,0.923214
5,28,5,3374.92,0.881273
5,28,6,3317,0.819349
5,28,7,3237.04,0.752507
5,28,8,3143.49,0.690521
5,28,9,3045.58,0.636488
5,28,10,2952.18,0.588442
5,28,11,2868.89,0.542105
5,28,12,2797.78,0.494511
5,28,13,2735.78,0.445138
5,28,14,2677.99,0.396461
5,28,15,2620.33,0.352057
5,28,16,2561.24,0.314794
5,28,17,2501.38,0.285006
5,28,18,2442.72,0.260019
5,28,19,2387.2,0.235646
5,28,20,2336.73,0.208468
5,28,21,2293.07,0.177408
5,28,22,2258.18,0.143719
5,28,23,2233.64,0.110432
5,28,24,2219.41,0.0806276
5,28,25,2213.06,0.0564476
5,28,26,2210.5,0.0386997
5,28,27,2207.26,0.0270857
5,28,28,2200.82,0.0208571
5,28,29,2191.39,0.0191477
5,28,30,2181.54,0.0213182
5,28,31,2174.63,0.0266741
5,28,32,2173.02,0.0343805
5,28,33,2177.02,0.0432235
5,28,34,2185.28,0.0516394
5,28,35,2196.27,0.0579149
5,28,36,2209.64,0.0605926
5,28,37,2226.9,0.0588953
5,28,38,2250.79,0.053022
5,28,39,2284.28,0.0441065
5,28,40,2327.97,0.0338396
5,28,41,2381.35,0.0239189
5,28,42,2440.97,0.015572
5,28,43,2501.05,0.00934471
5,28,44,2554.36,0.00517046
5,28,45,2593.38,0.00264316
5,28,46,2610.89,0.00126167
5,28,47,2599.67,0.000546648
5,28,48,2551.71,0.000217432
5,28,49,2457.4,7.56734e-05
5,29,0,3124.43,0.714476
5,29,1,3311.27,0.856404
5,29,2,3428.42,0.957066
5,29,3,3486.52,1.00562
5,29,4,3496.04,1.00354
5,29,5,3466.19,0.962577
5,29,6,3404.95,0.899326
5,29,7,3319.98,0.828955
5,29,8,3219.64,0.761265
5,29,9,3113.47,0.699457
5,29,10,3011.31,0.641979
5,29,11,2920.23,0.58554
5,29,12,2843.86,0.5287
5,29,13,2779.98,0.472599
5,29,14,2723.52,0.420952
5,29,15,2669.12,0.37765
5,29,16,2613.29,0.344677
5,29,17,2554.77,0.320533
5,29,18,2494.29,0.300301
5,29,19,2433.74,0.277918
5,29,20,2376.2,0.249153
5,29,21,2325.24,0.213265
5,29,22,2284.46,0.172707
5,29,23,2256.19,0.132006
5,29,24,2240.04,0.0954799
5,29,25,2232.65,0.0660097
5,29,26,2228.94,0.0445899
5,29,27,2224.05,0.0308092
5,29,28,2215.64,0.0237289
5,29,29,2204.48,0.0221963
5,29,30,2193.63,0.0252702
5,29,31,2186.74,0.0319131
5,29,32,2186.25,0.0408467
5,29,33,2192.51,0.0504412
5,29,34,2204.19,0.0588475
5,29,35,2219.78,0.0642826
5,29,36,2238.78,0.0654825
5,29,37,2262.33,0.0620245
5,29,38,2292.58,0.0544871
5,29,39,2331.94,0.0442917
5,29,40,2380.61,0.0332516
5,29,41,2437.98,0.0230274
5,29,42,2500.63,0.0147122
5,29,43,2562.8,0.00868752
5,29,44,2617.22,0.00474975
5,29,45,2656.33,0.00241648
5,29,46,2672.86,0.00116383
5,29,47,2659.56,0.000520244
5,29,48,2608.27,0.000218581
5,29,49,2509.11,8.30174e-05
5,30,0,3217.25,0.763788
5,30,1,3403.66,0.916051
5,30,2,3519.48,1.02509
5,30,3,3576.05,1.07944
5,30,4,3583.81,1.08028
5,30,5,3551.67,1.03931
5,30,6,3487.21,0.973105
5,30,7,3397.76,0.896814
5,30,8,3291.5,0.820449
5,30,9,3178.14,0.747848
5,30,10,3068.19,0.678553
5,30,11,2970,0.610839
5,30,12,2888.77,0.54502
5,30,13,2823.35,0.483746
5,30,14,2768.8,0.431514
5,30,15,2718.63,0.392042
5,30,16,2667.43,0.366087
5,30,17,2611.87,0.350195
5,30,18,2551.16,0.337262
5,30,19,2486.89,0.319407
5,30,20,2423.14,0.291527
5,30,21,2365.31,0.252996
5,30,22,2318.78,0.207221
5,30,23,2286.76,0.16001
5,30,24,2268.6,0.116855
5,30,25,2259.96,0.0814924
5,30,26,2254.75,0.0553545
5,30,27,2247.67,0.0382014
5,30,28,2236.49,0.0291269
5,30,29,2222.47,0.0268227
5,30,30,2209.16,0.0300875
5,30,31,2200.61,0.0375566
5,30,32,2199.62,0.0475034
5,30,33,2206.87,0.0578854
5,30,34,2221.29,0.0665473
5,30,35,2241.34,0.0715692
5,30,36,2266.19,0.0717721
5,30,37,2296.26,0.0669539
5,30,38,2332.93,0.0579703
5,30,39,2377.99,0.0464923
5,30,40,2431.41,0.0344854
5,30,41,2492.62,0.0236473
5,30,42,2558.31,0.0150172
5,30,43,2622.69,0.0088748
5,30,44,2678.42,0.00491113
5,30,45,2717.81,0.00257342
5,30,46,2733.55,0.00130656
5,30,47,2718.34,0.000637096
5,30,48,2663.81,0.00029996
5,30,49,2559.76,0.000132146
5,31,0,3304.38,0.802421
5,31,1,3488.65,0.962971
5,31,2,3601.94,1.07896
5,31,3,3656.16,1.13838
5,31,4,3661.79,1.14193
5,31,5,3627.38,1.10085
5,31,6,3560.15,1.03129
5,31,7,3467.13,0.948229
5,31,8,3356.3,0.86207
5,31,9,3237.34,0.777764
5,31,10,3121.13,0.69645
5,31,11,3016.91,0.618229
5,31,12,2931.29,0.545031
5,31,13,2864.26,0.480576
5,31,14,2811.36,0.429599
5,31,15,2765.36,0.395297
5,31,16,2719.23,0.37717
5,31,17,2667.69,0.370093
5,31,18,2608.39,0.365237
5,31,19,2542.32,0.35329
5,31,20,2474.24,0.328396
5,31,21,2411.09,0.289841
5,31,22,2359.88,0.241567
5,31,23,2324.74,0.190164
5,31,24,2304.86,0.141928
5,31,25,2295.08,0.10132
5,31,26,2288.38,0.0703169
5,31,27,2279.05,0.0491092
5,31,28,2264.92,0.0370801
5,31,29,2247.57,0.0329678
5,31,30,2230.99,0.0354216
5,31,31,2219.66,0.0428204
5,31,32,2216.89,0.0530493
5,31,33,2223.95,0.063726
5,31,34,2240.18,0.0724431
5,31,35,2264.04,0.0771492
5,31,36,2294.21,0.0766975
5,31,37,2330.23,0.0709977
5,31,38,2372.61,0.0610685
5,31,39,2422.6,0.0487426
5,31,40,2480.03,0.0360901
5,31,41,2544.5,0.0248354
5,31,42,2612.84,0.0159744
5,31,43,2679.25,0.00970794
5,31,44,2736.24,0.00564937
5,31,45,2776.04,0.00320165
5,31,46,2791.28,0.00180178
5,31,47,2774.54,0.00099667
5,31,48,2717.2,0.000535904
5,31,49,2608.67,0.000272491
5,32,0,3380.83,0.822324
5,32,1,3561.77,0.987765
5,32,2,3671.72,1.10846
5,32,3,3723.18,1.172
5,32,4,3726.52,1.17839
5,32,5,3689.97,1.13797
5,32,6,3620.44,1.06603
5,32,7,3524.72,0.977225
5,32,8,3410.67,0.882493
5,32,9,3287.92,0.7882
5,32,10,3167.44,0.697277
5,32,11,3058.96,0.611501
5,32,12,2970.01,0.533891
5,32,13,2901.57,0.468533
5,32,14,2849.75,0.419858
5,32,15,2807.09,0.39038
5,32,16,2765.47,0.378661
5,32,17,2718.12,0.378593
5,32,18,2661.3,0.380461
5,32,19,2595.34,0.374219
5,32,20,2525.19,0.353571
5,32,21,2458.81,0.317565
5,32,22,2404.43,0.270147
5,32,23,2366.99,0.217959
5,32,24,2345.7,0.167453
5,32,25,2334.86,0.123431
5,32,26,2326.89,0.0883634
5,32,27,2315.79,0.063061
5,32,28,2299.37,0.0474577
5,32,29,2279.38,0.040587
5,32,30,2260,0.0411113
5,32,31,2245.99,0.0472595
5,32,32,2241.14,0.0566348
5,32,33,2247.33,0.0666386
5,32,34,2264.44,0.0747323
5,32,35,2290.97,0.0788228
5,32,36,2325.21,0.0778243
5,32,37,2365.85,0.0717055
5,32,38,2412.62,0.0615447
5,32,39,2466.28,0.0492053
5,32,40,2526.65,0.0367303
5,32,41,2593.46,0.0257634
5,32,42,2663.7,0.0171869
5,32,43,2731.57,0.0111002
5,32,44,2789.49,0.00706127
5,32,45,2829.62,0.00447752
5,32,46,2844.53,0.00283668
5,32,47,2826.65,0.00176142
5,32,48,2767.05,0.00105278
5,32,49,2654.68,0.000595551
5,33,0,3443.43,0.819328
5,33,1,3620.36,0.985511
5,33,2,3726.65,1.10812
5,33,3,3775.2,1.17453
5,33,4,3776.24,1.1839
5,33,5,3737.64,1.14532
5,33,6,3666.05,1.07291
5,33,7,3568.16,0.980861
5,33,8,3451.88,0.880744
5,33,9,3326.95,0.780418
5,33,10,3204.39,0.684466
5,33,11,3094.03,0.595829
5,33,12,3003.69,0.5178
5,33,13,2934.79,0.454016
5,33,14,2883.88,0.408104
5,33,15,2843.56,0.381911
5,33,16,2805.25,0.373612
5,33,17,2761.4,0.377048
5,33,18,2707.38,0.382675
5,33,19,2642.87,0.380601
5,33,20,2572.63,0.364536
5,33,21,2504.99,0.333217
5,33,22,2448.84,0.290055
5,33,23,2409.65,0.240928
5,33,24,2386.87,0.191657
5,33,25,2374.76,0.14685
5,33,26,2365.65,0.109273
5,33,27,2353.58,0.0804474
5,33,28,2336.34,0.0610656
5,33,29,2315.62,0.0506992
5,33,30,2295.44,0.0482046
5,33,31,2280.43,0.0517883
5,33,32,2274.55,0.0589156
5,33,33,2280.07,0.0669314
5,33,34,2297.36,0.0733358
5,33,35,2325.16,0.0761473
5,33,36,2361.61,0.0744326
5,33,37,2404.93,0.0682203
5,33,38,2454.3,0.0585597
5,33,39,2510.15,0.0471923
5,33,40,2572.19,0.0359514
5,33,41,2640.27,0.0262295
5,33,42,2711.43,0.0186707
5,33,43,2779.94,0.0132192
5,33,44,2838.22,0.00939186
5,33,45,2878.42,0.00666158
5,33,46,2893.04,0.00464723
5,33,47,2874.29,0.00312278
5,33,48,2812.88,0.0019939
5,33,49,2697.28,0.00120166
5,34,0,3490.94,0.793482
5,34,1,3663.73,0.956265
5,34,2,3766.43,1.07791
5,34,3,3812.2,1.14578
5,34,4,3811.06,1.1581
5,34,5,3770.5,1.12248
5,34,6,3696.88,1.05173
5,34,7,3596.93,0.959598
5,34,8,3478.89,0.858295
5,34,9,3352.86,0.757079
5,34,10,3230.13,0.661802
5,34,11,3120.41,0.575844
5,34,12,3031.22,0.501878
5,34,13,2963.7,0.442299
5,34,14,2914.32,0.399538
5,34,15,2875.8,0.374869
5,34,16,2839.65,0.366689
5,34,17,2798.23,0.369717
5,34,18,2746.62,0.375607
5,34,19,2684.1,0.375488
5,34,20,2615.03,0.363536
5,34,21,2547.5,0.338199
5,34,22,2490.42,0.301928
5,34,23,2449.54,0.259161
5,34,24,2424.72,0.2144
5,34,25,2410.76,0.17152
5,34,26,2400.49,0.133309
5,34,27,2388.35,0.101951
5,34,28,2372.25,0.0789901
5,34,29,2353.6,0.0647046
5,34,30,2335.81,0.05831
5,34,31,2322.85,0.0581314
5,34,32,2318.19,0.061666
5,34,33,2324.09,0.0663695
5,34,34,2341.21,0.0699477
5,34,35,2368.8,0.0706849
5,34,36,2405.32,0.067898
5,34,37,2449.11,0.0617035
5,34,38,2499.16,0.0530604
5,34,39,2555.7,0.0434605
5,34,40,2618.26,0.0343612
5,34,41,2686.59,0.0267397
5,34,42,2757.75,0.0208762
5,34,43,2826.09,0.016497
5,34,44,2884.16,0.0130797
5,34,45,2924.15,0.0102084
5,34,46,2938.43,0.00769831
5,34,47,2918.94,0.005536
5,34,48,2855.96,0.00377864
5,34,49,2737.49,0.00244962
5,35,0,3523.17,0.748052
5,35,1,3692.17,0.904009
5,35,2,3791.75,1.02231
5,35,3,3835.2,1.09041
5,35,4,3832.24,1.10556
5,35,5,3789.9,1.07381
5,35,6,3714.29,1.00664
5,35,7,3612.23,0.917407
5,35,8,3492.49,0.819
5,35,9,3365.95,0.721864
5,35,10,3244.42,0.63267
5,35,11,3137.56,0.554559
5,35,12,3052.18,0.488857
5,35,13,2988.45,0.436127
5,35,14,2942.12,0.397341
5,35,15,2905.8,0.37327
5,35,16,2871.25,0.362961
5,35,17,2831.32,0.362686
5,35,18,2781.4,0.366023
5,35,19,2720.71,0.365764
5,35,20,2653.16,0.356935
5,35,21,2586.24,0.337808
5,35,22,2528.42,0.309693
5,35,23,2485.43,0.275256
5,35,24,2457.72,0.237284
5,35,25,2441.09,0.198529
5,35,26,2429.46,0.1615
5,35,27,2418.11,0.128858
5,35,28,2405.2,0.102909
5,35,29,2391.75,0.0846831
5,35,30,2380.1,0.0738629
5,35,31,2372.9,0.0690339
5,35,32,2372.42,0.0679048
5,35,33,2380.3,0.0681994
5,35,34,2397.33,0.0679641
5,35,35,2423.45,0.065863
5,35,36,2458.02,0.0615231
5,35,37,2500.12,0.0551763
5,35,38,2549.03,0.0476526
5,35,39,2604.88,0.0401136
5,35,40,2666.94,0.0335388
5,35,41,2734.69,0.0283913
5,35,42,2805.14,0.0245169
5,35,43,2872.77,0.0213937
5,35,44,2930.33,0.0184628
5,35,45,2970.03,0.0154406
5,35,46,2984.05,0.0123601
5,35,47,2963.93,0.00943121
5,35,48,2899.48,0.00687076
5,35,49,2778.24,0.00479105
5,36,0,3540.72,0.68834
5,36,1,3706.72,0.835193
5,36,2,3803.99,0.948636
5,36,3,3845.87,1.01626
5,36,4,3841.69,1.03426
5,36,5,3798.03,1.00712
5,36,6,3720.64,0.944987
5,36,7,3616.46,0.860952
5,36,8,3494.91,0.768524
5,36,9,3367.96,0.679136
5,36,10,3248.37,0.599939
5,36,11,3145.95,0.533433
5,36,12,3066.65,0.479226
5,36,13,3009.26,0.435771
5,36,14,2968.12,0.402424
5,36,15,2935.26,0.379404
5,36,16,2902.61,0.366516
5,36,17,2863.68,0.361808
5,36,18,2814.61,0.361074
5,36,19,2754.96,0.35908
5,36,20,2688.39,0.351963
5,36,21,2621.74,0.338047
5,36,22,2562.82,0.317667
5,36,23,2517.15,0.291832
5,36,24,2485.82,0.261613
5,36,25,2465.93,0.228466
5,36,26,2452.92,0.19433
5,36,27,2443.25,0.161972
5,36,28,2435.54,0.134172
5,36,29,2430.26,0.112569
5,36,30,2428.29,0.0973396
5,36,31,2430.32,0.0874566
5,36,32,2436.82,0.0810201
5,36,33,2448.3,0.0761687
5,36,34,2465.51,0.0713901
5,36,35,2489.28,0.0657941
5,36,36,2520.33,0.0593336
5,36,37,2559,0.0523746
5,36,38,2605.26,0.0456009
5,36,39,2659.32,0.0398185
5,36,40,2720.11,0.0355071
5,36,41,2786.81,0.0326089
5,36,42,2856.29,0.0305496
5,36,43,2923.24,0.0285808
5,36,44,2980.53,0.0261149
5,36,45,3020.34,0.022978
5,36,46,3034.49,0.0193673
5,36,47,3014.03,0.0156458
5,36,48,2948.21,0.0121416
5,36,49,2824.1,0.00904241
5,37,0,3545.12,0.620793
5,37,1,3709.22,0.757552
5,37,2,3805.28,0.865639
5,37,3,3846.56,0.932748
5,37,4,3842.04,0.953984
5,37,5,3797.81,0.932192
5,37,6,3719.23,0.876242
5,37,7,3613.28,0.798898
5,37,8,3490.04,0.714192
5,37,9,3362.8,0.634392
5,37,10,3245.56,0.566989
5,37,11,3148.61,0.513807
5,37,12,3077.13,0.472787
5,37,13,3028.25,0.440307
5,37,14,2994.44,0.414069
5,37,15,2966.58,0.393584
5,37,16,2936.48,0.379204
5,37,17,2898.3,0.370565
5,37,18,2849.14,0.365543
5,37,19,2789.26,0.360867
5,37,20,2722.43,0.35391
5,37,21,2655.07,0.343358
5,37,22,2594.3,0.328989
5,37,23,2545.43,0.310647
5,37,24,2510.14,0.288026
5,37,25,2486.91,0.26133
5,37,26,2472.92,0.231668
5,37,27,2466.05,0.201456
5,37,28,2465.4,0.173481
5,37,29,2470.72,0.149698
5,37,30,2481.05,0.130699
5,37,31,2494.72,0.115928
5,37,32,2510.01,0.104026
5,37,33,2526.16,0.0936699
5,37,34,2543.84,0.0838659
5,37,35,2564.89,0.074206
5,37,36,2591.6,0.0649663
5,37,37,2625.86,0.0566624
5,37,38,2668.57,0.0498364
5,37,39,2720.13,0.0449495
5,37,40,2779.24,0.0420227
5,37,41,2844.79,0.0405593
5,37,42,2913.59,0.0396786
5,37,43,2980.43,0.0385072
5,37,44,3038.29,0.0364629
5,37,45,3079.11,0.0334214
5,37,46,3094.2,0.0295959
5,37,47,3073.97,0.0253166
5,37,48,3007.06,0.020878
5,37,49,2880.03,0.0164851
5,38,0,3538.73,0.553085
5,38,1,3702.23,0.679928
5,38,2,3798.28,0.782945
5,38,3,3840.09,0.849947
5,38,4,3836.27,0.87497
5,38,5,3792.51,0.85924
5,38,6,3713.75,0.810287
5,38,7,3606.94,0.740427
5,38,8,3482.81,0.66403
5,38,9,3355.92,0.594072
5,38,10,3241.7,0.538424
5,38,11,3151.14,0.49848
5,38,12,3088.72,0.470838
5,38,13,3049.79,0.450057
5,38,14,3024.61,0.432203
5,38,15,3002.67,0.415879
5,38,16,2975.36,0.401597
5,38,17,2937.38,0.390151
5,38,18,2886.9,0.381126
5,38,19,2825.13,0.373031
5,38,20,2756.32,0.364531
5,38,21,2686.83,0.355007
5,38,22,2623.37,0.344233
5,38,23,2571.04,0.331547
5,38,24,2532.06,0.315774
5,38,25,2506.23,0.296052
5,38,26,2492.42,0.272483
5,38,27,2489.85,0.246654
5,38,28,2497.98,0.22082
5,38,29,2515.5,0.196835
5,38,30,2539.37,0.1755
5,38,31,2565.42,0.156704
5,38,32,2589.87,0.139689
5,38,33,2610.89,0.123761
5,38,34,2629.23,0.108535
5,38,35,2647.78,0.0941587
5,38,36,2670.31,0.0812848
5,38,37,2700.21,0.0706357
5,38,38,2739.33,0.0626501
5,38,39,2788.33,0.0574675
5,38,40,2845.83,0.0547023
5,38,41,2910.54,0.0535394
5,38,42,2979.28,0.0529628
5,38,43,3046.96,0.0521378
5,38,44,3106.49,0.0505545
5,38,45,3149.44,0.048056
5,38,46,3166.46,0.0446458
5,38,47,3147.22,0.0403234
5,38,48,3079.71,0.0351025
5,38,49,2949.91,0.0290909
5,39,0,3525.72,0.493528
5,39,1,3689.81,0.611505
5,39,2,3786.95,0.710067
5,39,3,3830.26,0.777263
5,39,4,3828.16,0.80626
5,39,5,3785.97,0.796801
5,39,6,3708.35,0.755076
5,39,7,3602.2,0.692786
5,39,8,3478.79,0.624404
5,39,9,3353.85,0.563496
5,39,10,3244.15,0.51839
5,39,11,3161.22,0.490359
5,39,12,3108.75,0.475075
5,39,13,3080.17,0.465599
5,39,14,3063.6,0.456462
5,39,15,3047.09,0.445215
5,39,16,3021.69,0.432158
5,39,17,2982.6,0.418773
5,39,18,2929.04,0.405944
5,39,19,2863.35,0.393725
5,39,20,2790.61,0.382091
5,39,21,2717.51,0.371405
5,39,22,2650.67,0.361932
5,39,23,2595.1,0.353103
5,39,24,2553.52,0.343378
5,39,25,2526.78,0.331093
5,39,26,2515.16,0.31528
5,39,27,2518.82,0.296342
5,39,28,2537.1,0.275503
5,39,29,2567.35,0.254035
5,39,30,2604.35,0.2326
5,39,31,2641.78,0.211337
5,39,32,2674.33,0.190016
5,39,33,2699.63,0.168615
5,39,34,2718.79,0.147472
5,39,35,2735.6,0.127468
5,39,36,2755.06,0.109799
5,39,37,2781.68,0.0955406
5,39,38,2818.07,0.0851181
5,39,39,2865.2,0.0783736
5,39,40,2921.66,0.0745371
5,39,41,2986.18,0.0725781
5,39,42,3055.62,0.0715176
5,39,43,3124.99,0.0707462
5,39,44,3187.07,0.0699113
5,39,45,3232.93,0.0687327
5,39,46,3252.59,0.0667268
5,39,47,3235,0.0631741
5,39,48,3167.5,0.0574623
5,39,49,3035.35,0.049425
5,40,0,3510.99,0.448859
5,40,1,3676.52,0.55936
5,40,2,3775.46,0.653872
5,40,3,3820.93,0.720948
5,40,4,3821.28,0.753289
5,40,5,3781.66,0.749508
5,40,6,3706.57,0.714557
5,40,7,3602.95,0.659403
5,40,8,3482.54,0.598371
5,40,9,3362.02,0.54543
5,40,10,3259.04,0.509358
5,40,11,3185.2,0.491496
5,40,12,3143.03,0.486905
5,40,13,3124.03,0.487449
5,40,14,3114.5,0.486281
5,40,15,3101.51,0.47989
5,40,16,3076.05,0.468133
5,40,17,3033.86,0.452827
5,40,18,2975.24,0.43585
5,40,19,2903.68,0.418628
5,40,20,2825.29,0.402478
5,40,21,2747.42,0.388957
5,40,22,2676.93,0.379141
5,40,23,2618.92,0.372937
5,40,24,2576.5,0.368789
5,40,25,2551.3,0.364494
5,40,26,2544.4,0.358088
5,40,27,2556.22,0.34862
5,40,28,2585.38,0.335919
5,40,29,2627.61,0.320209
5,40,30,2675.82,0.301549
5,40,31,2722.26,0.27994
5,40,32,2760.93,0.255467
5,40,33,2789.55,0.22875
5,40,34,2809.76,0.201014
5,40,35,2826.08,0.17415
5,40,36,2844.22,0.150214
5,40,37,2869.35,0.130886
5,40,38,2904.54,0.116721
5,40,39,2950.93,0.107292
5,40,40,3007.2,0.101414
5,40,41,3072.17,0.09788
5,40,42,3142.84,0.0958594
5,40,43,3214.26,0.0951215
5,40,44,3279.05,0.0955545
5,40,45,3327.89,0.0966817
5,40,46,3350.27,0.0972677
5,40,47,3334.57,0.09547
5,40,48,3267.55,0.0896618
5,40,49,3133.67,0.0791775
5,41,0,3500.07,0.424016
5,41,1,3667.33,0.528562
5,41,2,3768.28,0.619016
5,41,3,3816.12,0.684775
5,41,4,3819.28,0.718674
5,41,5,3782.98,0.718776
5,41,6,3711.72,0.689132
5,41,7,3612.61,0.639993
5,41,8,3497.82,0.585341
5,41,9,3384.6,0.539282
5,41,10,3290.8,0.510868
5,41,11,3227.39,0.501467
5,41,12,3195.3,0.505692
5,41,13,3184.28,0.514455
5,41,14,3179.44,0.519761
5,41,15,3167.52,0.517169
5,41,16,3139.86,0.506026
5,41,17,3092.82,0.488268
5,41,18,3027.64,0.466564
5,41,19,2948.92,0.443606
5,41,20,2863.86,0.42207
5,41,21,2780.67,0.404796
5,41,22,2706.71,0.393797
5,41,23,2647.34,0.389594
5,41,24,2606.05,0.390814
5,41,25,2584.82,0.394967
5,41,26,2584.87,0.399297
5,41,27,2606.04,0.401554
5,41,28,2645.66,0.399991
5,41,29,2697.87,0.393385
5,41,30,2754.35,0.380656
5,41,31,2806.85,0.361138
5,41,32,2849.55,0.334879
5,41,33,2880.68,0.303038
5,41,34,2902.49,0.267885
5,41,35,2919.85,0.232673
5,41,36,2938.69,0.200729
5,41,37,2964.3,0.174682
5,41,38,2999.87,0.155441
5,41,39,3046.65,0.142383
5,41,40,3103.45,0.13386
5,41,41,3169.24,0.128479
5,41,42,3241.14,0.12557
5,41,43,3314.26,0.125345
5,41,44,3381.14,0.127963
5,41,45,3432.24,0.132672
5,41,46,3456.78,0.137248
5,41,47,3442.79,0.138344
5,41,48,3376.57,0.132929
5,41,49,3241.7,0.119589
5,42,0,3496.22,0.420076
5,42,1,3665.02,0.520041
5,42,2,3767.71,0.605958
5,42,3,3817.7,0.668387
5,42,4,3823.66,0.700985
5,42,5,3791.03,0.70202
5,42,6,3724.53,0.675189
5,42,7,3631.55,0.630225
5,42,8,3524.6,0.580634
5,42,9,3421.05,0.540333
5,42,10,3338.24,0.518341
5,42,11,3285.84,0.515866
5,42,12,3262.96,0.527127
5,42,13,3258.02,0.54232
5,42,14,3255.73,0.552565
5,42,15,3243.12,0.552688
5,42,16,3212.13,0.541528
5,42,17,3159.71,0.520982
5,42,18,3087.84,0.494349
5,42,19,3002.04,0.465472
5,42,20,2910.49,0.438363
5,42,21,2822.27,0.417129
5,42,22,2745.41,0.404701
5,42,23,2685.69,0.402204
5,42,24,2646.96,0.408558
5,42,25,2631.2,0.421228
5,42,26,2639.17,0.436967
5,42,27,2669.42,0.452446
5,42,28,2717.75,0.464332
5,42,29,2777.06,0.469672
5,42,30,2838.6,0.465756
5,42,31,2894.51,0.450687
5,42,32,2939.66,0.424071
5,42,33,2973.03,0.387427
5,42,34,2997.24,0.344161
5,42,35,3017.09,0.299194
5,42,36,3038.25,0.257526
5,42,37,3065.79,0.223108
5,42,38,3102.75,0.197487
5,42,39,3150.49,0.180009
5,42,40,3207.98,0.16857
5,42,41,3274.39,0.161554
5,42,42,3346.99,0.158386
5,42,43,3420.94,0.159655
5,42,44,3488.83,0.165733
5,42,45,3541.11,0.175486
5,42,46,3566.94,0.185511
5,42,47,3554.27,0.190665
5,42,48,3489.06,0.186194
5,42,49,3354.01,0.169722
5,43,0,3498.54,0.43384
5,43,1,3668.54,0.530446
5,43,2,3772.56,0.611281
5,43,3,3824.3,0.668235
5,43,4,3832.8,0.696366
5,43,5,3803.82,0.694907
5,43,6,3742.47,0.667826
5,43,7,3656.48,0.624644
5,43,8,3558.54,0.578329
5,43,9,3465.73,0.542294
5,43,10,3394.36,0.525232
5,43,11,3352.41,0.528011
5,43,12,3337.38,0.544564
5,43,13,3336.95,0.564633
5,43,14,3336.08,0.57873
5,43,15,3322.47,0.5811
5,43,16,3288.72,0.570046
5,43,17,3232.24,0.54724
5,43,18,3155.38,0.516389
5,43,19,3064.26,0.482311
5,43,20,2967.74,0.450219
5,43,21,2875.58,0.425362
5,43,22,2796.48,0.411512
5,43,23,2736.8,0.41035
5,43,24,2700.82,0.421204
5,43,25,2690.34,0.441736
5,43,26,2705.32,0.468543
5,43,27,2742.76,0.497516
5,43,28,2797.02,0.523873
5,43,29,2860.32,0.542822
5,43,30,2924.21,0.549695
5,43,31,2981.71,0.540935
5,43,32,3028.63,0.515338
5,43,33,3064.45,0.474545
5,43,34,3091.82,0.423044
5,43,35,3115.08,0.367541
5,43,36,3139.36,0.31495
5,43,37,3169.26,0.270853
5,43,38,3207.7,0.237734
5,43,39,3256.16,0.215183
5,43,40,3313.88,0.200759
5,43,41,3380.32,0.192641
5,43,42,3452.88,0.19024
5,43,43,3526.78,0.194347
5,43,44,3594.71,0.205377
5,43,45,3647.21,0.221662
5,43,46,3673.61,0.23848
5,43,47,3661.9,0.248725
5,43,48,3597.88,0.245752
5,43,49,3463.5,0.226111
5,44,0,3501.43,0.457884
5,44,1,3672.56,0.552071
5,44,2,3777.72,0.627528
5,44,3,3830.91,0.677434
5,44,4,3841.58,0.698578
5,44,5,3815.91,0.691706
5,44,6,3759.46,0.661588
5,44,7,3680.32,0.617801
5,44,8,3591.24,0.57275
5,44,9,3508.78,0.539105
5,44,10,3447.92,0.525043
5,44,11,3415.06,0.531093
5,44,12,3406.48,0.551127
5,44,13,3409.64,0.574776
5,44,14,3410.21,0.592194
5,44,15,3396.64,0.597107
5,44,16,3362.11,0.587187
5,44,17,3304.21,0.563652
5,44,18,3225.4,0.530331
5,44,19,3131.88,0.492724
5,44,20,3032.75,0.456987
5,44,21,2938.1,0.429261
5,44,22,2857.21,0.414028
5,44,23,2797.11,0.413511
5,44,24,2762.65,0.427585
5,44,25,2755.59,0.454355
5,44,26,2775.05,0.490578
5,44,27,2816.66,0.531691
5,44,28,2873.75,0.571721
5,44,29,2938.36,0.604167
5,44,30,3002.75,0.622376
5,44,31,3061,0.620969
5,44,32,3109.6,0.597702
5,44,33,3148.26,0.554052
5,44,34,3179.19,0.495322
5,44,35,3206.06,0.429811
5,44,36,3233.3,0.366292
5,44,37,3265.14,0.312075
5,44,38,3304.42,0.270838
5,44,39,3352.91,0.242767
5,44,40,3410.22,0.225361
5,44,41,3476.1,0.216717
5,44,42,3548.11,0.216166
5,44,43,3621.5,0.224464
5,44,44,3689,0.241827
5,44,45,3741.26,0.265854
5,44,46,3767.81,0.290414
5,44,47,3756.82,0.30644
5,44,48,3694.07,0.305427
5,44,49,3560.88,0.282887
5,45,0,3494.98,0.481772
5,45,1,3667.87,0.573938
5,45,2,3774.54,0.644072
5,45,3,3829.21,0.686404
5,45,4,3841.71,0.699434
5,45,5,3818.71,0.685608
5,45,6,3766.29,0.650746
5,45,7,3692.96,0.604609
5,45,8,3611.5,0.559001
5,45,9,3537.88,0.525717
5,45,10,3485.83,0.5124
5,45,11,3460.42,0.519432
5,45,12,3457.13,0.540988
5,45,13,3463.6,0.566974
5,45,14,3466.24,0.587424
5,45,15,3454.25,0.595563
5,45,16,3421.19,0.588317
5,45,17,3364.71,0.566245
5,45,18,3287,0.532978
5,45,19,3194,0.49432
5,45,20,3094.56,0.456961
5,45,21,2998.66,0.427548
5,45,22,2916.01,0.411077
5,45,23,2854.35,0.410294
5,45,24,2819.33,0.425759
5,45,25,2812.88,0.456221
5,45,26,2833.66,0.49885
5,45,27,2876.3,0.548962
5,45,28,2933.56,0.59979
5,45,29,2997.67,0.643528
5,45,30,3061.66,0.671871
5,45,31,3120.44,0.677812
5,45,32,3170.93,0.658021
5,45,33,3212.62,0.613527
5,45,34,3247.09,0.54998
5,45,35,3277.21,0.476743
5,45,36,3306.83,0.404032
5,45,37,3339.93,0.340703
5,45,38,3379.44,0.291733
5,45,39,3427.51,0.258237
5,45,40,3484.13,0.238037
5,45,41,3549.37,0.22937
5,45,42,3620.91,0.231508
5,45,43,3693.95,0.24496
5,45,44,3761.16,0.269482
5,45,45,3813.21,0.301767
5,45,46,3839.77,0.334279
5,45,47,3829.2,0.356183
5,45,48,3767.31,0.357379
5,45,49,3635.02,0.332551
5,46,0,3466.8,0.494101
5,46,1,3642.92,0.58377
5,46,2,3752.14,0.648767
5,46,3,3808.68,0.684032
5,46,4,3822.76,0.68944
5,46,5,3801.58,0.668915
5,46,6,3751.87,0.629234
5,46,7,3682.69,0.58026
5,46,8,3607.04,0.53311
5,46,9,3540.34,0.498637
5,46,10,3495.3,0.484018
5,46,11,3475.93,0.489785
5,46,12,3477.18,0.510813
5,46,13,3486.97,0.537692
5,46,14,3492.38,0.560616
5,46,15,3483.14,0.572393
5,46,16,3453.08,0.569206
5,46,17,3399.79,0.550842
5,46,18,3325.11,0.520456
5,46,19,3234.46,0.483706
5,46,20,3136.09,0.44728
5,46,21,3039.6,0.417814
5,46,22,2954.9,0.400522
5,46,23,2890.43,0.398596
5,46,24,2852.73,0.413342
5,46,25,2844.2,0.444287
5,46,26,2863.43,0.489211
5,46,27,2904.57,0.543645
5,46,28,2960.14,0.600554
5,46,29,3022.67,0.651474
5,46,30,3085.87,0.687108
5,46,31,3145.19,0.699339
5,46,32,3197.64,0.68391
5,46,33,3242.32,0.641168
5,46,34,3280.08,0.576534
5,46,35,3313.06,0.499648
5,46,36,3344.69,0.421437
5,46,37,3378.86,0.351806
5,46,38,3418.64,0.296904
5,46,39,3466.57,0.258958
5,46,40,3522.98,0.236497
5,46,41,3588.22,0.228178
5,46,42,3660.06,0.23331
5,46,43,3733.54,0.25204
5,46,44,3801.15,0.283494
5,46,45,3853.4,0.323391
5,46,46,3879.95,0.36296
5,46,47,3869.22,0.390019
5,46,48,3807.01,0.393364
5,46,49,3673.96,0.367209
5,47,0,3402.93,0.485413
5,47,1,3584.41,0.570921
5,47,2,3697.8,0.630604
5,47,3,3756.99,0.659816
5,47,4,3772.53,0.659292
5,47,5,3752.24,0.633918
5,47,6,3703.74,0.591038
5,47,7,3636.9,0.540327
5,47,8,3565.13,0.492041
5,47,9,3503.59,0.456001
5,47,10,3464.08,0.438944
5,47,11,3449.75,0.441775
5,47,12,3455.12,0.460377
5,47,13,3468.25,0.486411
5,47,14,3476.7,0.510593
5,47,15,3470.55,0.525581
5,47,16,3443.79,0.527005
5,47,17,3393.99,0.513942
5,47,18,3322.65,0.488878
5,47,19,3234.66,0.456888
5,47,20,3137.61,0.424081
5,47,21,3040.58,0.396526
5,47,22,2953.51,0.379258
5,47,23,2885.36,0.37573
5,47,24,2843.54,0.387917
5,47,25,2831.08,0.416142
5,47,26,2846.8,0.458911
5,47,27,2884.75,0.512295
5,47,28,2937.48,0.569582
5,47,29,2997.81,0.622427
5,47,30,3059.94,0.661388
5,47,31,3119.66,0.677966
5,47,32,3173.9,0.667315
5,47,33,3221.35,0.629001
5,47,34,3262.19,0.567674
5,47,35,3297.99,0.492398
5,47,36,3331.88,0.41391
5,47,37,3367.67,0.342427
5,47,38,3408.57,0.284873
5,47,39,3457.41,0.244531
5,47,40,3514.8,0.220875
5,47,41,3581.31,0.2132
5,47,42,3654.76,0.220995
5,47,43,3729.98,0.244045
5,47,44,3799.11,0.280836
5,47,45,3852.26,0.326249
5,47,46,3878.8,0.370673
5,47,47,3866.94,0.401244
5,47,48,3802.29,0.406336
5,47,49,3665.33,0.380123
5,48,0,3288.1,0.450515
5,48,1,3476.98,0.529066
5,48,2,3596.32,0.582571
5,48,3,3659.13,0.606665
5,48,4,3676.09,0.602438
5,48,5,3655.84,0.575082
5,48,6,3607.13,0.531941
5,48,7,3541.03,0.482065
5,48,8,3471.66,0.434593
5,48,9,3414.04,0.398149
5,48,10,3379.18,0.378917
5,48,11,3369.33,0.37821
5,48,12,3378.54,0.393046
5,48,13,3394.87,0.416457
5,48,14,3406.1,0.44011
5,48,15,3402.54,0.456958
5,48,16,3378.33,0.46246
5,48,17,3331.13,0.455198
5,48,18,3262.29,0.436918
5,48,19,3176.31,0.411767
5,48,20,3080.21,0.384792
5,48,21,2982.55,0.361022
5,48,22,2893.13,0.344909
5,48,23,2821.23,0.339888
5,48,24,2774.86,0.348389
5,48,25,2757.64,0.371416
5,48,26,2768.79,0.408223
5,48,27,2802.52,0.455673
5,48,28,2851.56,0.507912
5,48,29,2909.05,0.557433
5,48,30,2969.54,0.595492
5,48,31,3029.06,0.613971
5,48,32,3084.53,0.60788
5,48,33,3134.32,0.576086
5,48,34,3178.12,0.522119
5,48,35,3217.01,0.453765
5,48,36,3253.8,0.380712
5,48,37,3292.23,0.31266
5,48,38,3335.52,0.256716
5,48,39,3386.67,0.216888
5,48,40,3446.5,0.1936
5,48,41,3515.8,0.186855
5,48,42,3592.43,0.196417
5,48,43,3670.97,0.221822
5,48,44,3743.01,0.261068
5,48,45,3797.96,0.308565
5,48,46,3824.48,0.354499
5,48,47,3810.18,0.38617
5,48,48,3740.23,0.39232
5,48,49,3595.18,0.367508
5,49,0,3107.01,0.390875
5,49,1,3303.58,0.459232
5,49,2,3429.85,0.505176
5,49,3,3496.9,0.524688
5,49,4,3515.23,0.518833
5,49,5,3494.36,0.492511
5,49,6,3444.53,0.452486
5,49,7,3378.3,0.406727
5,49,8,3310.68,0.362977
5,49,9,3256.55,0.328462
5,49,10,3225.99,0.308577
5,49,11,3220.3,0.304883
5,49,12,3232.98,0.315453
5,49,13,3251.97,0.334844
5,49,14,3265.19,0.356063
5,49,15,3263.12,0.372865
5,49,16,3240.21,0.381005
5,49,17,3194.36,0.378866
5,49,18,3127.05,0.367506
5,49,19,3042.58,0.349971
5,49,20,2947.55,0.329986
5,49,21,2849.99,0.311276
5,49,22,2759.4,0.297415
5,49,23,2685,0.291525
5,49,24,2635.01,0.296174
5,49,25,2613.39,0.312823
5,49,26,2619.71,0.34138
5,49,27,2648.55,0.379614
5,49,28,2692.98,0.422879
5,49,29,2746.5,0.465015
5,49,30,2804.07,0.498607
5,49,31,2862.01,0.516557
5,49,32,2917.41,0.514195
5,49,33,2968.51,0.489922
5,49,34,3014.68,0.446076
5,49,35,3056.59,0.38876
5,49,36,3096.68,0.326002
5,49,37,3138.43,0.266261
5,49,38,3184.95,0.216174
5,49,39,3239.29,0.179965
5,49,40,3302.45,0.158781
5,49,41,3375.47,0.153216
5,49,42,3456.36,0.163327
5,49,43,3539.44,0.188543
5,49,44,3615.64,0.226659
5,49,45,3673.24,0.272139
5,49,46,3699.67,0.315718
5,49,47,3681.47,0.345762
5,49,48,3603.26,0.352142
5,49,49,3446.45,0.33015
6,0,0,2260.87,0.259596
6,0,1,2426.4,0.294091
6,0,2,2539.66,0.30904
6,0,3,2606.64,0.304197
6,0,4,2639.46,0.284374
6,0,5,2650.54,0.256952
6,0,6,2648.65,0.228847
6,0,7,2637.21,0.204434
6,0,8,2615.5,0.185041
6,0,9,2581.44,0.169775
6,0,10,2534.61,0.156859
6,0,11,2477.3,0.144607
6,0,12,2415.56,0.132345
6,0,13,2356.04,0.119793
6,0,14,2305.11,0.107506
6,0,15,2266.55,0.0964807
6,0,16,2240.47,0.0877942
6,0,17,2223.58,0.0825131
6,0,18,2210.29,0.0814768
6,0,19,2194.74,0.0847897
6,0,20,2172.42,0.0917152
6,0,21,2140.35,0.100102
6,0,22,2096.94,0.106891
6,0,23,2041.19,0.108891
6,0,24,1973.01,0.104017
6,0,25,1893.58,0.092257
6,0,26,1806.32,0.0758269
6,0,27,1716.93,0.0580716
6,0,28,1632.1,0.0420013
6,0,29,1557.48,0.0293352
6,0,30,1495.71,0.0203379
6,0,31,1446.13,0.0142873
6,0,32,1406,0.0101631
6,0,33,1371.99,0.00718289
6,0,34,1341.71,0.00493521
6,0,35,1314.12,0.00320112
6,0,36,1288.98,0.00198736
6,0,37,1266.44,0.00116938
6,0,38,1246.5,0.000697416
6,0,39,1229.1,0.00055868
6,0,40,1214.25,0.000766653
6,0,41,1202.21,0.00148445
6,0,42,1193.04,0.00293999
6,0,43,1186.12,0.00537787
6,0,44,1180.02,0.00890275
6,0,45,1172.49,0.0132881
6,0,46,1161.27,0.0178686
6,0,47,1145.1,0.0216413
6,0,48,1124.2,0.0236025
6,0,49,1100.36,0.023175
6,1,0,2414.79,0.298679
6,1,1,2591.35,0.339133
6,1,2,2710.16,0.357386
6,1,3,2778.9,0.353045
6,1,4,2810.98,0.331575
6,1,5,2819.91,0.301497
6,1,6,2815.44,0.270933
6,1,7,2801.85,0.245151
6,1,8,2778.85,0.225802
6,1,9,2744.32,0.211735
6,1,10,2697.38,0.200483
6,1,11,2639.65,0.189525
6,1,12,2576.57,0.177498
6,1,13,2514.45,0.163705
6,1,14,2459.58,0.14862
6,1,15,2416.03,0.133506
6,1,16,2384.32,0.119882
6,1,17,2361.68,0.109329
6,1,18,2343.05,0.103163
6,1,19,2323.04,0.101805
6,1,20,2297.4,0.104638
6,1,21,2263.2,0.109556
6,1,22,2218.44,0.113534
6,1,23,2161.43,0.11342
6,1,24,2091.3,0.107194
6,1,25,2008.55,0.0948311
6,1,26,1916.28,0.0784707
6,1,27,1820.37,0.0612738
6,1,28,1728.02,0.0459788
6,1,29,1645.67,0.0340324
6,1,30,1576.66,0.0254701
6,1,31,1520.7,0.0194508
6,1,32,1475.14,0.0149423
6,1,33,1436.54,0.0112646
6,1,34,1402.35,0.0081537
6,1,35,1371.39,0.00554649
6,1,36,1343.3,0.0035635
6,1,37,1318.1,0.00215553
6,1,38,1295.67,0.00129228
6,1,39,1275.87,0.000958222
6,1,40,1258.71,0.00116689
6,1,41,1244.61,0.00211781
6,1,42,1233.79,0.00409424
6,1,43,1225.63,0.00739112
6,1,44,1218.47,0.0121048
6,1,45,1209.57,0.0178864
6,1,46,1196.15,0.0238199
6,1,47,1176.61,0.0285804
6,1,48,1151.2,0.0308924
6,1,49,1122.06,0.0300757
6,2,0,2507.53,0.319197
6,2,1,2690.28,0.363658
6,2,2,2812.34,0.38482
6,2,3,2882.28,0.382121
6,2,4,2914.11,0.361313
6,2,5,2921.83,0.331526
6,2,6,2915.78,0.301563
6,2,7,2900.92,0.2772
6,2,8,2877.47,0.260193
6,2,9,2843.4,0.249084
6,2,10,2797.57,0.240794
6,2,11,2741.03,0.232122
6,2,12,2678.55,0.221149
6,2,13,2615.91,0.206845
6,2,14,2559.02,0.18956
6,2,15,2511.9,0.170698
6,2,16,2475.31,0.152072
6,2,17,2447.09,0.135697
6,2,18,2423.06,0.123348
6,2,19,2398.78,0.115849
6,2,20,2370.62,0.112835
6,2,21,2335.81,0.112486
6,2,22,2291.91,0.112131
6,2,23,2236.43,0.108998
6,2,24,2167.62,0.101375
6,2,25,2085.32,0.0892603
6,2,26,1992.31,0.074513
6,2,27,1894.4,0.0597564
6,2,28,1798.99,0.047095
6,2,29,1712.84,0.0374457
6,2,30,1639.72,0.0304936
6,2,31,1579.72,0.0252767
6,2,32,1530.41,0.0208066
6,2,33,1488.51,0.0165794
6,2,34,1451.46,0.0125493
6,2,35,1418.1,0.00888781
6,2,36,1387.95,0.00589275
6,2,37,1360.94,0.00365764
6,2,38,1336.86,0.00220818
6,2,39,1315.5,0.00153862
6,2,40,1296.9,0.00165967
6,2,41,1281.56,0.00278706
6,2,42,1269.84,0.00523344
6,2,43,1261.1,0.00931364
6,2,44,1253.46,0.0150869
6,2,45,1243.76,0.0220664
6,2,46,1228.72,0.0290967
6,2,47,1206.41,0.0345751
6,2,48,1177.03,0.0370228
6,2,49,1143.07,0.0357201
6,3,0,2541.96,0.319443
6,3,1,2727.94,0.365591
6,3,2,2852.45,0.388981
6,3,3,2924.18,0.388889
6,3,4,2957.07,0.370976
6,3,5,2965.09,0.344369
6,3,6,2958.76,0.317924
6,3,7,2943.47,0.297404
6,3,8,2919.91,0.284374
6,3,9,2886.33,0.277047
6,3,10,2841.54,0.271944
6,3,11,2786.35,0.265568
6,3,12,2725.03,0.25581
6,3,13,2662.83,0.241566
6,3,14,2605.15,0.2231
6,3,15,2555.63,0.201766
6,3,16,2515.06,0.179391
6,3,17,2481.84,0.15815
6,3,18,2452.89,0.140085
6,3,19,2424.95,0.126384
6,3,20,2395.27,0.116995
6,3,21,2361.26,0.110574
6,3,22,2320.02,0.105081
6,3,23,2268.21,0.098399
6,3,24,2203.3,0.0893335
6,3,25,2124.58,0.0779737
6,3,26,2034.58,0.0657847
6,3,27,1938.9,0.054643
6,3,28,1844.74,0.0458084
6,3,29,1758.73,0.039522
6,3,30,1684.7,0.0350487
6,3,31,1622.97,0.0312959
6,3,32,1571.51,0.0273255
6,3,33,1527.37,0.0228136
6,3,34,1488.21,0.0179427
6,3,35,1453.03,0.0131543
6,3,36,1421.34,0.0089736
6,3,37,1393.07,0.00570235
6,3,38,1367.97,0.00346987
6,3,39,1345.83,0.00230277
6,3,40,1326.66,0.00220682
6,3,41,1311,0.00338322
6,3,42,1299.24,0.00613171
6,3,43,1290.68,0.0107429
6,3,44,1283.24,0.0172107
6,3,45,1273.44,0.0249194
6,3,46,1257.56,0.0325361
6,3,47,1233.3,0.0382858
6,3,48,1200.82,0.0406042
6,3,49,1162.8,0.0388107
6,4,0,2527.88,0.302264
6,4,1,2715.16,0.347899
6,4,2,2842.04,0.372665
6,4,3,2916.63,0.37571
6,4,4,2952.26,0.362265
6,4,5,2962.32,0.340905
6,4,6,2957.07,0.319919
6,4,7,2941.98,0.304559
6,4,8,2918.07,0.295929
6,4,9,2884.04,0.291951
6,4,10,2839.05,0.289066
6,4,11,2784.07,0.283974
6,4,12,2723.27,0.274873
6,4,13,2661.56,0.260958
6,4,14,2603.76,0.242523
6,4,15,2552.94,0.220707
6,4,16,2509.64,0.197002
6,4,17,2472.65,0.173339
6,4,18,2439.93,0.151662
6,4,19,2409.46,0.133315
6,4,20,2379.34,0.118505
6,4,21,2347.21,0.106453
6,4,22,2309.73,0.095932
6,4,23,2262.9,0.0856646
6,4,24,2203.62,0.0751196
6,4,25,2130.9,0.064557
6,4,26,2047.06,0.0550532
6,4,27,1957.36,0.0477117
6,4,28,1868.39,0.0429351
6,4,29,1786.16,0.0402914
6,4,30,1714.13,0.0386346
6,4,31,1652.76,0.0367378
6,4,32,1600.45,0.0336742
6,4,33,1554.81,0.0292323
6,4,34,1513.95,0.0237619
6,4,35,1477.16,0.0179486
6,4,36,1444.11,0.0125607
6,4,37,1414.81,0.00815145
6,4,38,1389.08,0.00500127
6,4,39,1366.72,0.00319806
6,4,40,1347.67,0.0027431
6,4,41,1332.4,0.00378959
6,4,42,1321.25,0.00657525
6,4,43,1313.44,0.0113201
6,4,44,1306.74,0.0179348
6,4,45,1297.44,0.0257136
6,4,46,1281.5,0.0332527
6,4,47,1256.29,0.0387537
6,4,48,1221.78,0.0407075
6,4,49,1180.73,0.0385424
6,5,0,2478.93,0.273844
6,5,1,2666.12,0.317278
6,5,2,2795.48,0.342541
6,5,3,2874.04,0.348701
6,5,4,2914.02,0.340327
6,5,5,2927.77,0.32503
6,5,6,2924.76,0.310077
6,5,7,2910.1,0.299838
6,5,8,2885.07,0.294815
6,5,9,2848.93,0.292746
6,5,10,2801.65,0.290306
6,5,11,2744.89,0.284843
6,5,12,2683.23,0.27532
6,5,13,2621.51,0.261591
6,5,14,2564,0.244173
6,5,15,2513.07,0.223927
6,5,16,2468.71,0.201737
6,5,17,2429.81,0.17888
6,5,18,2395.09,0.156744
6,5,19,2363.49,0.136487
6,5,20,2333.83,0.118404
6,5,21,2303.99,0.102246
6,5,22,2270.43,0.0876587
6,5,23,2228.85,0.0742805
6,5,24,2176.02,0.0623028
6,5,25,2110.91,0.0522332
6,5,26,2035.7,0.0448507
6,5,27,1955.02,0.0406169
6,5,28,1874.48,0.0392354
6,5,29,1798.97,0.0397381
6,5,30,1731.31,0.0406568
6,5,31,1671.9,0.0406522
6,5,32,1619.66,0.0387521
6,5,33,1572.97,0.0347525
6,5,34,1530.58,0.029061
6,5,35,1492.23,0.022525
6,5,36,1457.9,0.0161245
6,5,37,1427.74,0.0106674
6,5,38,1401.67,0.00661498
6,5,39,1379.49,0.0041413
6,5,40,1360.99,0.00324508
6,5,41,1346.5,0.00400227
6,5,42,1336.23,0.00654289
6,5,43,1329.31,0.0109776
6,5,44,1323.51,0.0171325
6,5,45,1315.03,0.0242758
6,5,46,1299.67,0.0310647
6,5,47,1274.46,0.0358386
6,5,48,1239.1,0.037275
6,5,49,1196.21,0.0349521
6,6,0,2410.22,0.241829
6,6,1,2596.33,0.282249
6,6,2,2728.22,0.307403
6,6,3,2811.54,0.316291
6,6,4,2856.99,0.312684
6,6,5,2875.46,0.303001
6,6,6,2875.21,0.293267
6,6,7,2860.71,0.286854
6,6,8,2833.34,0.283705
6,6,9,2793.19,0.281556
6,6,10,2741.38,0.277563
6,6,11,2680.81,0.269981
6,6,12,2616.85,0.25879
6,6,13,2554.61,0.244732
6,6,14,2497.88,0.228743
6,6,15,2448.14,0.211472
6,6,16,2404.64,0.193108
6,6,17,2365.98,0.173996
6,6,18,2331.21,0.154577
6,6,19,2299.78,0.135454
6,6,20,2271.01,0.116761
6,6,21,2243.04,0.0986436
6,6,22,2212.56,0.0815456
6,6,23,2175.52,0.0659749
6,6,24,2129.05,0.0528108
6,6,25,2072.35,0.0428478
6,6,26,2007.34,0.0366975
6,6,27,1937.79,0.0343957
6,6,28,1867.89,0.0352019
6,6,29,1801.1,0.0378293
6,6,30,1739.32,0.0406328
6,6,31,1682.91,0.0422145
6,6,32,1631.33,0.0415207
6,6,33,1583.86,0.0382591
6,6,34,1540.1,0.0327802
6,6,35,1500.38,0.0259791
6,6,36,1465.03,0.0189718
6,6,37,1434.39,0.0127737
6,6,38,1408.38,0.00802133
6,6,39,1386.7,0.00498357
6,6,40,1368.93,0.00365879
6,6,41,1355.19,0.0040311
6,6,42,1345.53,0.00609807
6,6,43,1339.14,0.00984513
6,6,44,1333.89,0.0150324
6,6,45,1326.16,0.0209744
6,6,46,1311.69,0.0265102
6,6,47,1287.24,0.0302468
6,6,48,1252.11,0.0311346
6,6,49,1208.6,0.0289057
6,7,0,2335.72,0.213502
6,7,1,2520.37,0.251149
6,7,2,2654.79,0.276093
6,7,3,2743.09,0.287201
6,7,4,2794.22,0.287391
6,7,5,2817.35,0.281857
6,7,6,2819.36,0.275441
6,7,7,2804.02,0.270684
6,7,8,2772.91,0.267217
6,7,9,2727.12,0.262992
6,7,10,2669.22,0.255767
6,7,11,2603.6,0.244714
6,7,12,2536.7,0.23081
6,7,13,2473.95,0.215703
6,7,14,2418.71,0.200868
6,7,15,2371.49,0.186906
6,7,16,2330.62,0.173421
6,7,17,2294.12,0.159777
6,7,18,2260.89,0.145288
6,7,19,2230.5,0.129731
6,7,20,2202.47,0.112856
6,7,21,2175.37,0.0949932
6,7,22,2146.5,0.0771901
6,7,23,2112.69,0.0606549
6,7,24,2071.84,0.0468197
6,7,25,2023.54,0.0367483
6,7,26,1969.32,0.0310052
6,7,27,1911.78,0.0294308
6,7,28,1853.45,0.0311112
6,7,29,1796.19,0.0346717
6,7,30,1740.93,0.0384516
6,7,31,1687.94,0.04107
6,7,32,1637.32,0.0413976
6,7,33,1589.31,0.0390083
6,7,34,1544.49,0.0341171
6,7,35,1503.89,0.0275607
6,7,36,1468.19,0.0204917
6,7,37,1437.78,0.0140449
6,7,38,1412.47,0.00898788
6,7,39,1391.67,0.00566815
6,7,40,1374.66,0.00408009
6,7,41,1361.32,0.00411179
6,7,42,1351.65,0.00562247
6,7,43,1345.01,0.00847525
6,7,44,1339.61,0.012394
6,7,45,1332.13,0.0168042
6,7,46,1318.47,0.0208148
6,7,47,1295.15,0.0233793
6,7,48,1260.99,0.0237551
6,7,49,1217.81,0.0218045
6,8,0,2266.59,0.194373
6,8,1,2450,0.230445
6,8,2,2586.83,0.255617
6,8,3,2679.58,0.268472
6,8,4,2735.34,0.271069
6,8,5,2761.64,0.267542
6,8,6,2764.14,0.261869
6,8,7,2746.23,0.256171
6,8,8,2709.96,0.250152
6,8,9,2657.62,0.242206
6,8,10,2593.28,0.230693
6,8,11,2522.81,0.215494
6,8,12,2453.63,0.198315
6,8,13,2391.35,0.181517
6,8,14,2338.75,0.167102
6,8,15,2295.33,0.155794
6,8,16,2258.46,0.146849
6,8,17,2225.43,0.138833
6,8,18,2194.71,0.130016
6,8,19,2165.65,0.119286
6,8,20,2137.87,0.105892
6,8,21,2110.45,0.0901345
6,8,22,2081.68,0.0733767
6,8,23,2049.66,0.0572501
6,8,24,2013.36,0.0435152
6,8,25,1972.78,0.0334229
6,8,26,1928.93,0.0275736
6,8,27,1883.07,0.0258098
6,8,28,1836,0.027277
6,8,29,1787.97,0.0307095
6,8,30,1739.07,0.0345708
6,8,31,1689.49,0.0375738
6,8,32,1639.97,0.0385571
6,8,33,1591.78,0.0369755
6,8,34,1546.5,0.0328874
6,8,35,1505.85,0.027003
6,8,36,1470.82,0.0204191
6,8,37,1441.66,0.0142881
6,8,38,1417.83,0.009438
6,8,39,1398.29,0.00625696
6,8,40,1381.97,0.00472156
6,8,41,1368.55,0.00462009
6,8,42,1358.1,0.00567482
6,8,43,1350.33,0.0076354
6,8,44,1343.88,0.0102179
6,8,45,1335.93,0.0130047
6,8,46,1322.6,0.0154223
6,8,47,1300.24,0.0168003
6,8,48,1267.23,0.0166963
6,8,49,1224.8,0.0150686
6,9,0,2209.99,0.18739
6,9,1,2392.75,0.223768
6,9,2,2531.65,0.250066
6,9,3,2627.53,0.264357
6,9,4,2685.76,0.267877
6,9,5,2712.49,0.263986
6,9,6,2712.75,0.256281
6,9,7,2690.03,0.247007
6,9,8,2647.31,0.236395
6,9,9,2588.22,0.223489
6,9,10,2518.3,0.207183
6,9,11,2444.62,0.18776
6,9,12,2375.14,0.167263
6,9,13,2315.27,0.148422
6,9,14,2266.94,0.133611
6,9,15,2228.63,0.123758
6,9,16,2196.74,0.11803
6,9,17,2167.88,0.114513
6,9,18,2140.02,0.110742
6,9,19,2112.17,0.104876
6,9,20,2084.09,0.095689
6,9,21,2055.44,0.0832922
6,9,22,2025.69,0.0690445
6,9,23,1994.37,0.0546611
6,9,24,1961.55,0.0419465
6,9,25,1927.6,0.0322049
6,9,26,1892.91,0.0261075
6,9,27,1857.38,0.0236436
6,9,28,1820.23,0.0241911
6,9,29,1780.33,0.0267353
6,9,30,1737.07,0.0299637
6,9,31,1690.66,0.0327375
6,9,32,1642.44,0.0339257
6,9,33,1594.62,0.0329195
6,9,34,1549.73,0.0296497
6,9,35,1510.1,0.024685
6,9,36,1476.89,0.0190088
6,9,37,1450.02,0.0137083
6,9,38,1428.39,0.00959879
6,9,39,1410.43,0.00705848
6,9,40,1394.72,0.00601467
6,9,41,1380.85,0.00613449
6,9,42,1369.06,0.00699113
6,9,43,1359.5,0.00821946
6,9,44,1351.33,0.00954791
6,9,45,1342.2,0.0107477
6,9,46,1328.52,0.0115861
6,9,47,1306.53,0.0117723
6,9,48,1274.19,0.0111391
6,9,49,1232.21,0.00971377
6,10,0,2168.71,0.192318
6,10,1,2351.32,0.231101
6,10,2,2491.6,0.259701
6,10,3,2588.8,0.275431
6,10,4,2646.83,0.278726
6,10,5,2670.94,0.272465
6,10,6,2666.06,0.260342
6,10,7,2636.41,0.245252
6,10,8,2586.3,0.22837
6,10,9,2520.86,0.20958
6,10,10,2446.95,0.188274
6,10,11,2372.44,0.164866
6,10,12,2305.32,0.141348
6,10,13,2250.27,0.120439
6,10,14,2208.11,0.104628
6,10,15,2176.14,0.0950056
6,10,16,2149.93,0.0908226
6,10,17,2125.5,0.0900226
6,10,18,2100.39,0.0898235
6,10,19,2073.42,0.0879587
6,10,20,2044.54,0.0828848
6,10,21,2014.16,0.0744453
6,10,22,1982.95,0.0637184
6,10,23,1951.75,0.0521768
6,10,24,1921.62,0.0413806
6,10,25,1893.12,0.0325268
6,10,26,1865.98,0.0263446
6,10,27,1838.92,0.0230521
6,10,28,1809.85,0.022367
6,10,29,1776.64,0.0236118
6,10,30,1738.19,0.025755
6,10,31,1694.77,0.0278338
6,10,32,1648.26,0.0288032
6,10,33,1601.64,0.0280586
6,10,34,1558.21,0.0254582
6,10,35,1520.73,0.0214583
6,10,36,1490.36,0.0169187
6,10,37,1466.52,0.0128225
6,10,38,1447.51,0.0099195
6,10,39,1431.26,0.00852879
6,10,40,1416.1,0.00847903
6,10,41,1401.66,0.00926612
6,10,42,1388.43,0.010273
6,10,43,1376.98,0.0109967
6,10,44,1366.91,0.0111871
6,10,45,1356.25,0.0108328
6,10,46,1341.62,0.0100636
6,10,47,1319.19,0.00897117
6,10,48,1286.57,0.00764557
6,10,49,1244.01,0.00616867
6,11,0,2141.84,0.205749
6,11,1,2324.28,0.24865
6,11,2,2464.87,0.280657
6,11,3,2561.49,0.298129
6,11,4,2616.91,0.300705
6,11,5,2635.91,0.290975
6,11,6,2623.8,0.273038
6,11,7,2585.94,0.250783
6,11,8,2528.22,0.226613
6,11,9,2457.34,0.20141
6,11,10,2381.36,0.175085
6,11,11,2308.54,0.148037
6,11,12,2246.42,0.121941
6,11,13,2198.51,0.0991829
6,11,14,2164.25,0.0820893
6,11,15,2139.69,0.0717864
6,11,16,2119.56,0.0676749
6,11,17,2099.41,0.0678156
6,11,18,2076.53,0.0695002
6,11,19,2049.78,0.0703776
6,11,20,2019.57,0.068803
6,11,21,1987.16,0.0643625
6,11,22,1954.38,0.0576772
6,11,23,1923.23,0.0497269
6,11,24,1895.38,0.041582
6,11,25,1871.38,0.0341678
6,11,26,1850.3,0.0282156
6,11,27,1829.84,0.0241966
6,11,28,1807.04,0.0222241
6,11,29,1779.11,0.0220088
6,11,30,1744.77,0.0228328
6,11,31,1704.38,0.0239196
6,11,32,1660.3,0.0243476
6,11,33,1616,0.0235688
6,11,34,1575.25,0.0214226
6,11,35,1540.95,0.0183021
6,11,36,1514.07,0.0149687
6,11,37,1493.53,0.0123058
6,11,38,1477.1,0.0109706
6,11,39,1462.42,0.0111808
6,11,40,1447.75,0.0126043
6,11,41,1432.93,0.0144934
6,11,42,1418.69,0.0159769
6,11,43,1405.92,0.0163782
6,11,44,1394.46,0.0154752
6,11,45,1382.53,0.013508
6,11,46,1366.79,0.0110019
6,11,47,1343.28,0.00844553
6,11,48,1309.28,0.006181
6,11,49,1264.68,0.00434134
6,12,0,2127.89,0.222879
6,12,1,2309.56,0.270917
6,12,2,2449.07,0.307205
6,12,3,2543.39,0.327056
6,12,4,2594.51,0.329295
6,12,5,2607.06,0.316242
6,12,6,2586.99,0.292441
6,12,7,2540.92,0.262831
6,12,8,2476.35,0.231134
6,12,9,2401.54,0.199342
6,12,10,2325.51,0.167993
6,12,11,2256.64,0.137496
6,12,12,2201.62,0.109115
6,12,13,2162.57,0.0847199
6,12,14,2137.35,0.0662593
6,12,15,2120.7,0.0547402
6,12,16,2106.5,0.0496879
6,12,17,2089.96,0.0494255
6,12,18,2068.3,0.05159
6,12,19,2040.7,0.0540193
6,12,20,2008.33,0.055167
6,12,21,1973.49,0.0544243
6,12,22,1939.12,0.0518857
6,12,23,1908.11,0.0478906
6,12,24,1882.46,0.0428469
6,12,25,1862.38,0.0372663
6,12,26,1846.2,0.0318059
6,12,27,1830.86,0.027179
6,12,28,1812.8,0.023922
6,12,29,1789,0.0221714
6,12,30,1758.23,0.021549
6,12,31,1721.11,0.0214692
6,12,32,1680.29,0.0211484
6,12,33,1639.49,0.0201181
6,12,34,1602.54,0.0182304
6,12,35,1572.16,0.015859
6,12,36,1548.94,0.0137041
6,12,37,1531.41,0.012579
6,12,38,1517.1,0.0130407
6,12,39,1503.64,0.0151733
6,12,40,1489.5,0.0184239
6,12,41,1474.78,0.0217281
6,12,42,1460.45,0.0239001
6,12,43,1447.53,0.0240602
6,12,44,1435.89,0.0220275
6,12,45,1423.66,0.0183308
6,12,46,1407.29,0.0139241
6,12,47,1382.56,0.00970808
6,12,48,1346.32,0.00627429
6,12,49,1298.14,0.00380517
6,13,0,2124.93,0.238986
6,13,1,2304.57,0.292361
6,13,2,2441.3,0.333398
6,13,3,2531.65,0.356417
6,13,4,2577.32,0.359404
6,13,5,2583.07,0.344282
6,13,6,2555.54,0.315823
6,13,7,2502.55,0.279797
6,13,8,2433.05,0.241131
6,13,9,2356.58,0.202962
6,13,10,2282.87,0.166615
6,13,11,2220.06,0.132672
6,13,12,2173.8,0.10207
6,13,13,2144.58,0.0761261
6,13,14,2128.71,0.0563046
6,13,15,2119.67,0.0433643
6,13,16,2110.55,0.0368775
6,13,17,2096.3,0.0354619
6,13,18,2074.29,0.0372209
6,13,19,2044.36,0.0403364
6,13,20,2008.66,0.0434964
6,13,21,1970.73,0.0459792
6,13,22,1934.6,0.0473759
6,13,23,1903.81,0.0473416
6,13,24,1880.36,0.0455328
6,13,25,1863.87,0.041943
6,13,26,1851.84,0.0370763
6,13,27,1840.52,0.031856
6,13,28,1826.07,0.0272543
6,13,29,1805.55,0.0238699
6,13,30,1778,0.0216935
6,13,31,1744.42,0.0203438
6,13,32,1707.69,0.0191747
6,13,33,1671.47,0.0177944
6,13,34,1639.24,0.0160736
6,13,35,1613.22,0.014384
6,13,36,1593.51,0.013383
6,13,37,1578.4,0.0138324
6,13,38,1565.52,0.0161742
6,13,39,1552.85,0.0203314
6,13,40,1539.3,0.0254913
6,13,41,1525.33,0.0302436
6,13,42,1512.07,0.033078
6,13,43,1500.5,0.0329304
6,13,44,1490.27,0.0296916
6,13,45,1479.18,0.0242033
6,13,46,1463.21,0.0178506
6,13,47,1437.66,0.0119256
6,13,48,1398.83,0.00724426
6,13,49,1345.89,0.00402537
6,14,0,2132.9,0.251846
6,14,1,2308.98,0.310249
6,14,2,2440.93,0.356171
6,14,3,2525.48,0.383081
6,14,4,2564.56,0.38815
6,14,5,2563.38,0.372728
6,14,6,2529.35,0.341473
6,14,7,2471.33,0.300604
6,14,8,2399.46,0.255987
6,14,9,2324.17,0.211864
6,14,10,2255.47,0.170501
6,14,11,2200.86,0.132905
6,14,12,2164.66,0.0998846
6,14,13,2145.7,0.0723002
6,14,14,2138.79,0.0511157
6,14,15,2136.31,0.0367559
6,14,16,2130.79,0.0287429
6,14,17,2117.07,0.0259421
6,14,18,2092.93,0.0269223
6,14,19,2059.05,0.0302481
6,14,20,2018.79,0.0348963
6,14,21,1976.99,0.0400961
6,14,22,1938.74,0.0450055
6,14,23,1908.08,0.0486245
6,14,24,1886.72,0.0498498
6,14,25,1873.54,0.0481107
6,14,26,1865.1,0.0437081
6,14,27,1857.07,0.0377472
6,14,28,1845.44,0.031642
6,14,29,1827.54,0.0264813
6,14,30,1802.93,0.0226516
6,14,31,1773.01,0.0199917
6,14,32,1740.84,0.0179837
6,14,33,1709.83,0.0162924
6,14,34,1682.8,0.0147921
6,14,35,1661.21,0.0138339
6,14,36,1644.62,0.0140114
6,14,37,1631.26,0.0160124
6,14,38,1619.16,0.0201247
6,14,39,1606.93,0.0260862
6,14,40,1594.12,0.0328331
6,14,41,1581.58,0.0386641
6,14,42,1570.54,0.0418313
6,14,43,1561.79,0.0411749
6,14,44,1554.59,0.0367054
6,14,45,1546.17,0.0295627
6,14,46,1531.87,0.0214951
6,14,47,1506.3,0.0140989
6,14,48,1465.05,0.00834652
6,14,49,1406.76,0.00446505
6,15,0,2153.91,0.262666
6,15,1,2324.99,0.325699
6,15,2,2450.1,0.376358
6,15,3,2526.79,0.407452
6,15,4,2557.77,0.415449
6,15,5,2549.13,0.401064
6,15,6,2509.25,0.368578
6,15,7,2448.01,0.32429
6,15,8,2376.39,0.274688
6,15,9,2305.28,0.225012
6,15,10,2244.39,0.178567
6,15,11,2200.05,0.137022
6,15,12,2174.91,0.101291
6,15,13,2166.03,0.0719214
6,15,14,2166.95,0.0494112
6,15,15,2169.3,0.0337929
6,15,16,2165.41,0.0244467
6,15,17,2150.3,0.0204077
6,15,18,2122.37,0.0206435
6,15,19,2083.25,0.0240654
6,15,20,2037.56,0.0299215
6,15,21,1991.34,0.03741
6,15,22,1950.64,0.0453189
6,15,23,1919.78,0.0520542
6,15,24,1900.1,0.055811
6,15,25,1889.68,0.0554841
6,15,26,1884.18,0.0511803
6,15,27,1878.75,0.0441853
6,15,28,1869.3,0.0363572
6,15,29,1853.49,0.0292822
6,15,30,1831.41,0.0237479
6,15,31,1804.95,0.0198203
6,15,32,1777.27,0.0170957
6,15,33,1751.44,0.0152696
6,15,34,1729.52,0.0141944
6,15,35,1712.1,0.0141508
6,15,36,1698.19,0.0156012
6,15,37,1686.1,0.0190789
6,15,38,1674.4,0.0246446
6,15,39,1662.54,0.0318329
6,15,40,1650.76,0.0393977
6,15,41,1640.36,0.0455068
6,15,42,1632.58,0.0483716
6,15,43,1627.93,0.0469007
6,15,44,1625.1,0.0412796
6,15,45,1620.62,0.0328776
6,15,46,1609.06,0.0236547
6,15,47,1584.26,0.0153481
6,15,48,1541.03,0.0089729
6,15,49,1477.37,0.00472206
6,16,0,2190.1,0.275472
6,16,1,2355.27,0.342973
6,16,2,2471.86,0.397954
6,16,3,2538.74,0.432754
6,16,4,2559.96,0.443405
6,16,5,2542.9,0.430167
6,16,6,2497.25,0.396937
6,16,7,2433.98,0.3499
6,16,8,2364.72,0.295909
6,16,9,2300.33,0.241022
6,16,10,2249.59,0.189563
6,16,11,2217.06,0.143985
6,16,12,2203.33,0.105465
6,16,13,2203.68,0.0743399
6,16,14,2210.68,0.0506669
6,16,15,2215.7,0.0340398
6,16,16,2211.32,0.023639
6,16,17,2193.13,0.0186175
6,16,18,2160.27,0.0182836
6,16,19,2115.37,0.0218411
6,16,20,2064.08,0.0287445
6,16,21,2013.41,0.0381209
6,16,22,1970.05,0.0484131
6,16,23,1938.49,0.057499
6,16,24,1919.71,0.062994
6,16,25,1911.11,0.0633747
6,16,26,1907.69,0.0586402
6,16,27,1904.14,0.0502833
6,16,28,1896.29,0.0405886
6,16,29,1882.06,0.0315997
6,16,30,1861.97,0.024468
6,16,31,1838.33,0.0194708
6,16,32,1814.42,0.0163042
6,16,33,1793.01,0.0146751
6,16,34,1775.49,0.0143875
6,16,35,1761.67,0.0155782
6,16,36,1750.07,0.0184714
6,16,37,1739.09,0.0233115
6,16,38,1727.86,0.0298372
6,16,39,1716.71,0.0373737
6,16,40,1706.52,0.0446232
6,16,41,1699.06,0.0498738
6,16,42,1695.52,0.0515784
6,16,43,1695.98,0.0489237
6,16,44,1698.47,0.042316
6,16,45,1698.75,0.0332348
6,16,46,1690.61,0.0236356
6,16,47,1667.16,0.0151824
6,16,48,1622.48,0.00879362
6,16,49,1553.83,0.00458192
6,17,0,2241.54,0.294457
6,17,1,2400.76,0.366508
6,17,2,2508.14,0.425105
6,17,3,2564.19,0.462298
6,17,4,2574.56,0.474086
6,17,5,2548.33,0.460719
6,17,6,2496.73,0.426
6,17,7,2431.97,0.376037
6,17,8,2366.22,0.317867
6,17,9,2309.9,0.258132
6,17,10,2270.3,0.202006
6,17,11,2249.74,0.152683
6,17,12,2246.56,0.111642
6,17,13,2254.37,0.0790542
6,17,14,2265.11,0.0545366
6,17,15,2270.38,0.0372161
6,17,16,2263.54,0.0260632
6,17,17,2241.02,0.020338
6,17,18,2202.9,0.0196541
6,17,19,2152.6,0.0234501
6,17,20,2096.47,0.0312823
6,17,21,2042.03,0.0421149
6,17,22,1996.21,0.054033
6,17,23,1963.45,0.0644683
6,17,24,1944.56,0.0706481
6,17,25,1936.58,0.0708397
6,17,26,1934.16,0.065091
6,17,27,1931.7,0.0551413
6,17,28,1924.86,0.0436411
6,17,29,1911.69,0.0329834
6,17,30,1892.93,0.0245913
6,17,31,1871.17,0.0189106
6,17,32,1849.87,0.0157297
6,17,33,1831.62,0.0147656
6,17,34,1817.41,0.0157554
6,17,35,1806.46,0.0186122
6,17,36,1796.92,0.0231933
6,17,37,1787.24,0.0292915
6,17,38,1777.02,0.0362237
6,17,39,1767.31,0.043116
6,17,40,1759.6,0.0487865
6,17,41,1756.02,0.0519346
6,17,42,1757.66,0.0515601
6,17,43,1764.08,0.0473334
6,17,44,1772.54,0.0399067
6,17,45,1777.99,0.0307266
6,17,46,1773.55,0.0215163
6,17,47,1751.76,0.0136535
6,17,48,1706.06,0.00783089
6,17,49,1633,0.00404399
6,18,0,2304.69,0.321831
6,18,1,2458.92,0.398551
6,18,2,2557.9,0.459773
6,18,3,2603.76,0.497424
6,18,4,2603.83,0.507948
6,18,5,2568.85,0.492192
6,18,6,2511.66,0.454378
6,18,7,2445.72,0.400774
6,18,8,2383.63,0.338536
6,18,9,2335.16,0.274628
6,18,10,2305.83,0.214771
6,18,11,2295.56,0.162671
6,18,12,2300.51,0.119988
6,18,13,2312.92,0.08666
6,18,14,2324.51,0.0618271
6,18,15,2327.54,0.0441469
6,18,16,2316.49,0.0324372
6,18,17,2288.93,0.0261243
6,18,18,2245.89,0.0251437
6,18,19,2191.42,0.0291335
6,18,20,2132.05,0.0376318
6,18,21,2075.2,0.0493192
6,18,22,2027.57,0.0618918
6,18,23,1993.4,0.0724418
6,18,24,1973.47,0.0780578
6,18,25,1964.92,0.0770719
6,18,26,1962.41,0.0697746
6,18,27,1960.22,0.0581758
6,18,28,1953.82,0.0451754
6,18,29,1941.16,0.0333405
6,18,30,1922.96,0.0242265
6,18,31,1902,0.0183867
6,18,32,1881.88,0.0157069
6,18,33,1865.3,0.0159365
6,18,34,1853.14,0.0187404
6,18,35,1844.3,0.0237377
6,18,36,1836.69,0.0302947
6,18,37,1828.75,0.0375955
6,18,38,1820.36,0.0444558
6,18,39,1813.13,0.0498286
6,18,40,1808.99,0.0528134
6,18,41,1810.35,0.0527809
6,18,42,1818.1,0.0495302
6,18,43,1831.16,0.0433686
6,18,44,1845.98,0.0351944
6,18,45,1856.75,0.0262966
6,18,46,1856.06,0.0179888
6,18,47,1836.07,0.0112088
6,18,48,1789.78,0.00633647
6,18,49,1713.04,0.00322897
6,19,0,2373.59,0.356853
6,19,1,2524.6,0.43826
6,19,2,2617.37,0.501084
6,19,3,2655.53,0.537252
6,19,4,2647.81,0.544082
6,19,5,2606.28,0.523606
6,19,6,2545.01,0.481031
6,19,7,2478.42,0.423133
6,19,8,2419.39,0.357208
6,19,9,2376.95,0.290287
6,19,10,2355.02,0.228237
6,19,11,2351.42,0.174898
6,19,12,2360.58,0.131846
6,19,13,2373.81,0.0986569
6,19,14,2382.98,0.0739595
6,19,15,2381.29,0.0560161
6,19,16,2364.58,0.0436392
6,19,17,2331.7,0.0365504
6,19,18,2284.63,0.0350572
6,19,19,2227.73,0.0389687
6,19,20,2167.23,0.0476692
6,19,21,2109.84,0.05943
6,19,22,2061.5,0.0715328
6,19,23,2026.1,0.0808666
6,19,24,2004.59,0.0846592
6,19,25,1994.54,0.0815931
6,19,26,1991.03,0.07238
6,19,27,1988.38,0.0592849
6,19,28,1981.88,0.0452888
6,19,29,1969.19,0.0329211
6,19,30,1950.89,0.0237135
6,19,31,1929.75,0.0182663
6,19,32,1909.62,0.0165821
6,19,33,1893.43,0.0184813
6,19,34,1882.21,0.0235594
6,19,35,1874.81,0.0310908
6,19,36,1869.03,0.039856
6,19,37,1863.26,0.0483235
6,19,38,1857.55,0.0547769
6,19,39,1853.87,0.0580406
6,19,40,1854.43,0.0576254
6,19,41,1861.76,0.0537408
6,19,42,1876.45,0.0471225
6,19,43,1896.69,0.0387762
6,19,44,1918.11,0.0298228
6,19,45,1934.22,0.0213158
6,19,46,1937.26,0.0140719
6,19,47,1919.22,0.00852401
6,19,48,1872.81,0.00471144
6,19,49,1793.2,0.00235073
6,20,0,2442.2,0.396441
6,20,1,2592.23,0.482424
6,20,2,2681.88,0.546082
6,20,3,2716.06,0.579399
6,20,4,2704.49,0.580816
6,20,5,2659.98,0.55397
6,20,6,2597.17,0.505526
6,20,7,2530.83,0.443127
6,20,8,2473.77,0.37431
6,20,9,2434.46,0.305956
6,20,10,2415.68,0.243664
6,20,11,2413.9,0.190937
6,20,12,2422.5,0.148929
6,20,13,2432.42,0.116693
6,20,14,2435.9,0.0923595
6,20,15,2427.25,0.0739455
6,20,16,2403.74,0.0604701
6,20,17,2365.57,0.0521089
6,20,18,2315.56,0.0495919
6,20,19,2258.12,0.0528657
6,20,20,2198.67,0.0610389
6,20,21,2142.72,0.0718901
6,20,22,2095.09,0.0823098
6,20,23,2059.14,0.0891538
6,20,24,2036.09,0.0900489
6,20,25,2024.18,0.0842577
6,20,26,2019.18,0.0730127
6,20,27,2015.59,0.05876
6,20,28,2008.59,0.0443665
6,20,29,1995.52,0.0321205
6,20,30,1976.7,0.0233961
6,20,31,1954.87,0.0187972
6,20,32,1934.06,0.0184666
6,20,33,1917.49,0.02233
6,20,34,1906.48,0.0299153
6,20,35,1900.01,0.0401269
6,20,36,1895.87,0.0511221
6,20,37,1892.49,0.0606376
6,20,38,1890.01,0.0664678
6,20,39,1890.67,0.0673786
6,20,40,1896.75,0.0633634
6,20,41,1910.81,0.0555085
6,20,42,1932.95,0.0454747
6,20,43,1960.63,0.0349203
6,20,44,1988.66,0.0251413
6,20,45,2010,0.0169323
6,20,46,2016.71,0.0106226
6,20,47,2000.75,0.00616551
6,20,48,1954.71,0.00328947
6,20,49,1873.08,0.00158603
6,21,0,2506.83,0.436606
6,21,1,2658.15,0.527153
6,21,2,2747.95,0.591579
6,21,3,2782.12,0.621866
6,21,4,2770.99,0.617562
6,21,5,2727.47,0.584029
6,21,6,2665.98,0.529644
6,21,7,2600.85,0.463212
6,21,8,2544.46,0.392646
6,21,9,2504.91,0.324553
6,21,10,2484.53,0.263889
6,21,11,2479.4,0.213375
6,21,12,2482.65,0.173416
6,21,13,2485.35,0.142432
6,21,14,2480.32,0.118152
6,21,15,2463,0.098592
6,21,16,2432.04,0.0832176
6,21,17,2388.92,0.0727934
6,21,18,2337.09,0.0684674
6,21,19,2280.73,0.0702565
6,21,20,2224.15,0.0768982
6,21,21,2171.31,0.0856779
6,21,22,2125.72,0.0932009
6,21,23,2090.2,0.0964926
6,21,24,2066.22,0.0937806
6,21,25,2052.76,0.0850209
6,21,26,2046.32,0.0719406
6,21,27,2041.74,0.0570271
6,21,28,2034.13,0.0428359
6,21,29,2020.63,0.0312593
6,21,30,2001.31,0.0234295
6,21,31,1978.86,0.019934
6,21,32,1957.42,0.0210734
6,21,33,1940.42,0.0268934
6,21,34,1929.4,0.0368516
6,21,35,1923.51,0.0494919
6,21,36,1920.68,0.06239
6,21,37,1919.49,0.0726458
6,21,38,1920.29,0.0776912
6,21,39,1925.51,0.0763257
6,21,40,1937.45,0.0690323
6,21,41,1958.45,0.0576783
6,21,42,1988.09,0.0446935
6,21,43,2023.06,0.0322418
6,21,44,2057.41,0.0217217
6,21,45,2083.72,0.0136878
6,21,46,2093.98,0.00806376
6,21,47,2080.24,0.00441774
6,21,48,2034.99,0.00223876
6,21,49,1952.15,0.00102396
6,22,0,2566.72,0.47369
6,22,1,2721.36,0.56893
6,22,2,2814.04,0.634783
6,22,3,2851.46,0.663087
6,22,4,2844.18,0.654246
6,22,5,2804.75,0.615187
6,22,6,2746.72,0.55601
6,22,7,2683.39,0.48683
6,22,8,2626.38,0.416046
6,22,9,2583.52,0.349905
6,22,10,2557.42,0.29242
6,22,11,2544.57,0.245152
6,22,12,2538.62,0.207514
6,22,13,2531.2,0.17729
6,22,14,2515.82,0.152034
6,22,15,2488.93,0.130089
6,22,16,2450.45,0.111611
6,22,17,2402.89,0.0980293
6,22,18,2350.14,0.0908277
6,22,19,2295.9,0.0899858
6,22,20,2243.18,0.093824
6,22,21,2194.41,0.099236
6,22,22,2151.82,0.102739
6,22,23,2117.75,0.101741
6,22,24,2093.84,0.0951773
6,22,25,2079.66,0.083665
6,22,26,2072.37,0.0692617
6,22,27,2067.11,0.0543035
6,22,28,2059.08,0.0408694
6,22,29,2045.33,0.030372
6,22,30,2025.88,0.0236781
6,22,31,2003.4,0.0213576
6,22,32,1982.05,0.0238632
6,22,33,1965.22,0.0313411
6,22,34,1954.49,0.0431669
6,22,35,1949.08,0.0575697
6,22,36,1947.2,0.0716661
6,22,37,1947.75,0.0821191
6,22,38,1951.43,0.0861958
6,22,39,1960.93,0.0828397
6,22,40,1978.44,0.0729772
6,22,41,2006.02,0.0590608
6,22,42,2042.63,0.0440289
6,22,43,2084.23,0.0303327
6,22,44,2124.29,0.0193779
6,22,45,2155.08,0.0115152
6,22,46,2168.61,0.00637935
6,22,47,2157.06,0.00328078
6,22,48,2112.89,0.00156206
6,22,49,2029.4,0.000666665
6,23,0,2623.09,0.505509
6,23,1,2782.55,0.605706
6,23,2,2880.01,0.674173
6,23,3,2922.69,0.702439
6,23,4,2921.18,0.691388
6,23,5,2887.4,0.649148
6,23,6,2833.7,0.587332
6,23,7,2772.07,0.517331
6,23,8,2713.15,0.448057
6,23,9,2664.69,0.385315
6,23,10,2629.95,0.331971
6,23,11,2606.49,0.288175
6,23,12,2588.99,0.252254
6,23,13,2569.93,0.221488
6,23,14,2543.55,0.193597
6,23,15,2507.19,0.16762
6,23,16,2461.7,0.14461
6,23,17,2410.35,0.126645
6,23,18,2357.2,0.115372
6,23,19,2305.31,0.110589
6,23,20,2256.48,0.110207
6,23,21,2211.79,0.11093
6,23,22,2172.51,0.109456
6,23,23,2140.59,0.103778
6,23,24,2117.77,0.0935472
6,23,25,2103.97,0.079876
6,23,26,2096.74,0.0648843
6,23,27,2091.42,0.0505452
6,23,28,2083.39,0.0383476
6,23,29,2069.84,0.0292113
6,23,30,2050.93,0.0237585
6,23,31,2029.4,0.022541
6,23,32,2009.28,0.0261258
6,23,33,1993.7,0.0347085
6,23,34,1983.93,0.0475746
6,23,35,1979.22,0.0627278
6,23,36,1978.03,0.0770234
6,23,37,1979.85,0.0869626
6,23,38,1985.85,0.0898814
6,23,39,1999.03,0.0849694
6,23,40,2021.46,0.0735045
6,23,41,2054.78,0.0582663
6,23,42,2097.38,0.0423907
6,23,43,2144.59,0.0283685
6,23,44,2189.41,0.0175082
6,23,45,2223.94,0.00999348
6,23,46,2240.25,0.00529054
6,23,47,2230.63,0.00258296
6,23,48,2187.47,0.00116208
6,23,49,2103.54,0.000463575
6,24,0,2678.48,0.532106
6,24,1,2843.67,0.637583
6,24,2,2946.74,0.709987
6,24,3,2995.34,0.740431
6,24,4,2999.95,0.729929
6,24,5,2971.77,0.687413
6,24,6,2921.95,0.625671
6,24,7,2861.17,0.557163
6,24,8,2799.2,0.491185
6,24,9,2743.74,0.432973
6,24,10,2698.91,0.384094
6,24,11,2663.68,0.343197
6,24,12,2633.98,0.307603
6,24,13,2603.33,0.274369
6,24,14,2566.62,0.241821
6,24,15,2521.82,0.21007
6,24,16,2470.37,0.181199
6,24,17,2415.89,0.157815
6,24,18,2362.35,0.141465
6,24,19,2312.2,0.13157
6,24,20,2266.28,0.125663
6,24,21,2224.79,0.120494
6,24,22,2188.39,0.113239
6,24,23,2158.83,0.102651
6,24,24,2137.83,0.0890545
6,24,25,2125.34,0.0738467
6,24,26,2118.98,0.0589297
6,24,27,2114.17,0.045736
6,24,28,2106.53,0.0351137
6,24,29,2093.6,0.0275178
6,24,30,2075.88,0.0233572
6,24,31,2056.26,0.0231439
6,24,32,2038.54,0.0274847
6,24,33,2025.35,0.0365511
6,24,34,2017.43,0.0495362
6,24,35,2013.88,0.0643345
6,24,36,2013.5,0.0777715
6,24,37,2016.43,0.0864741
6,24,38,2024.42,0.0880677
6,24,39,2040.78,0.082062
6,24,40,2067.41,0.0699723
6,24,41,2105.51,0.0546483
6,24,42,2152.93,0.0391336
6,24,43,2204.54,0.0257356
6,24,44,2253.04,0.0155726
6,24,45,2290.45,0.00868973
6,24,46,2308.85,0.0044837
6,24,47,2300.62,0.00212062
6,24,48,2258.09,0.00091984
6,24,49,2173.53,0.000351357
6,25,0,2736.09,0.555947
6,25,1,2907.29,0.667043
6,25,2,3015.95,0.744458
6,25,3,3070.03,0.778903
6,25,4,3079.85,0.77134
6,25,5,3055.98,0.731204
6,25,6,3008.58,0.672118
6,25,7,2947.28,0.607269
6,25,8,2881.14,0.546069
6,25,9,2817.99,0.492978
6,25,10,2762.86,0.448173
6,25,11,2716.16,0.40887
6,25,12,2675.18,0.37166
6,25,13,2634.38,0.333799
6,25,14,2589.17,0.294693
6,25,15,2537.76,0.255831
6,25,16,2481.74,0.220336
6,25,17,2424.65,0.191113
6,25,18,2370.19,0.169271
6,25,19,2320.35,0.153611
6,25,20,2275.51,0.141298
6,25,21,2235.53,0.129348
6,25,22,2200.89,0.115671
6,25,23,2173.29,0.0999295
6,25,24,2154.26,0.0830774
6,25,25,2143.51,0.0666361
6,25,26,2138.42,0.0520935
6,25,27,2134.37,0.040245
6,25,28,2127.28,0.0313107
6,25,29,2115.19,0.0253215
6,25,30,2099.1,0.0224825
6,25,31,2082.09,0.0232103
6,25,32,2067.67,0.0280494
6,25,33,2057.8,0.0370661
6,25,34,2052.56,0.0493669
6,25,35,2050.86,0.0628592
6,25,36,2051.82,0.0745574
6,25,37,2056.22,0.0814556
6,25,38,2066.38,0.0816291
6,25,39,2085.83,0.0749369
6,25,40,2116.22,0.0630156
6,25,41,2158.32,0.0485769
6,25,42,2209.56,0.0343572
6,25,43,2264.48,0.022326
6,25,44,2315.66,0.0133511
6,25,45,2355.04,0.00736202
6,25,46,2374.76,0.00375347
6,25,47,2367.21,0.00174824
6,25,48,2324.63,0.000745634
6,25,49,2238.84,0.00028029
6,26,0,2799.32,0.580714
6,26,1,2976.21,0.697896
6,26,2,3089.66,0.781075
6,26,3,3147.96,0.820666
6,26,4,3161.29,0.817558
6,26,5,3139.76,0.781545
6,26,6,3092.78,0.726805
6,26,7,3029.28,0.666893
6,26,8,2957.96,0.611005
6,26,9,2886.85,0.562644
6,26,10,2821.97,0.520617
6,26,11,2765.08,0.48097
6,26,12,2714.75,0.440009
6,26,13,2666.25,0.395687
6,26,14,2615.21,0.348889
6,26,15,2559.66,0.302627
6,26,16,2500.75,0.260907
6,26,17,2441.58,0.22657
6,26,18,2385.42,0.199887
6,26,19,2334.08,0.178739
6,26,20,2288.02,0.159881
6,26,21,2247.34,0.140726
6,26,22,2212.81,0.120113
6,26,23,2186.13,0.098747
6,26,24,2168.54,0.0782479
6,26,25,2159.23,0.0602383
6,26,26,2155.13,0.0457544
6,26,27,2151.51,0.0349675
6,26,28,2144.63,0.02753
6,26,29,2133.16,0.0230727
6,26,30,2118.69,0.0215666
6,26,31,2104.5,0.0232451
6,26,32,2093.74,0.0284726
6,26,33,2087.72,0.0371325
6,26,34,2085.83,0.0482505
6,26,35,2086.79,0.0598429
6,26,36,2090,0.06927
6,26,37,2096.76,0.0740459
6,26,38,2109.83,0.0727724
6,26,39,2132.75,0.0656445
6,26,40,2166.89,0.0543296
6,26,41,2212.59,0.0412772
6,26,42,2266.97,0.0288114
6,26,43,2324.42,0.0185
6,26,44,2377.47,0.0109439
6,26,45,2418.06,0.00597565
6,26,46,2438.31,0.00302111
6,26,47,2430.64,0.00139255
6,26,48,2387.17,0.000588008
6,26,49,2299.35,0.000219575
6,27,0,2871.34,0.610101
6,27,1,3053.04,0.734119
6,27,2,3169.98,0.823649
6,27,3,3230.85,0.868886
6,27,4,3245.71,0.870724
6,27,5,3224.36,0.839271
6,27,6,3175.75,0.789091
6,27,7,3108.38,0.733818
6,27,8,3030.85,0.682195
6,27,9,2951.6,0.636723
6,27,10,2877.61,0.59506
6,27,11,2811.99,0.552547
6,27,12,2754.47,0.505777
6,27,13,2700.97,0.453882
6,27,14,2647.02,0.399465
6,27,15,2589.99,0.346973
6,27,16,2530.13,0.300932
6,27,17,2469.6,0.263646
6,27,18,2411.17,0.234094
6,27,19,2356.68,0.20891
6,27,20,2307.2,0.184322
6,27,21,2263.64,0.158163
6,27,22,2227.41,0.130312
6,27,23,2200.36,0.102655
6,27,24,2183.27,0.0776085
6,27,25,2174.62,0.057039
6,27,26,2170.68,0.0416665
6,27,27,2166.61,0.0311593
6,27,28,2159.09,0.024699
6,27,29,2147.48,0.0215228
6,27,30,2134,0.0213031
6,27,31,2122.14,0.0239903
6,27,32,2114.76,0.029654
6,27,33,2112.54,0.0379278
6,27,34,2114.37,0.0477492
6,27,35,2118.79,0.0572888
6,27,36,2125.41,0.0643211
6,27,37,2135.83,0.0669255
6,27,38,2152.95,0.064227
6,27,39,2180.14,0.0567186
6,27,40,2218.39,0.0460514
6,27,41,2267.65,0.0343831
6,27,42,2324.86,0.0236244
6,27,43,2384.37,0.0149591
6,27,44,2438.73,0.00874299
6,27,45,2479.86,0.00472683
6,27,46,2499.93,0.00237441
6,27,47,2491.31,0.00108868
6,27,48,2446.05,0.000459318
6,27,49,2355.24,0.000172713
6,28,0,2953.34,0.645594
6,28,1,3138.51,0.777451
6,28,2,3257.31,0.873953
6,28,3,3318.93,0.925043
6,28,4,3333.45,0.931618
6,28,5,3310.39,0.904032
6,28,6,3258.4,0.857097
6,28,7,3185.8,0.80437
6,28,8,3101.26,0.754122
6,28,9,3013.72,0.708094
6,28,10,2931.17,0.663285
6,28,11,2857.99,0.614998
6,28,12,2795.08,0.560715
6,28,13,2738.87,0.501112
6,28,14,2684.62,0.440488
6,28,15,2628.67,0.384382
6,28,16,2569.87,0.337305
6,28,17,2509.11,0.300484
6,28,18,2448.42,0.27118
6,28,19,2389.81,0.24447
6,28,20,2335.33,0.215894
6,28,21,2287.18,0.183636
6,28,22,2247.78,0.14865
6,28,23,2219.2,0.114114
6,28,24,2201.68,0.0834379
6,28,25,2192.77,0.0589805
6,28,26,2187.99,0.0414039
6,28,27,2182.36,0.0300714
6,28,28,2173,0.0238161
6,28,29,2160.05,0.0214888
6,28,30,2146.35,0.0223985
6,28,31,2135.66,0.0261283
6,28,32,2130.64,0.032363
6,28,33,2131.63,0.0404348
6,28,34,2137.18,0.0491686
6,28,35,2145.72,0.0568756
6,28,36,2156.92,0.061723
6,28,37,2172.36,0.0623086
6,28,38,2194.79,0.0582194
6,28,39,2227.11,0.0502045
6,28,40,2269.93,0.0398988
6,28,41,2322.89,0.0292171
6,28,42,2382.85,0.0197321
6,28,43,2444.19,0.0123149
6,28,44,2499.48,0.00711901
6,28,45,2540.69,0.00382548
6,28,46,2559.98,0.00192514
6,28,47,2549.73,0.000892532
6,28,48,2501.86,0.000385873
6,28,49,2407.19,0.00015143
6,29,0,3043.53,0.684931
6,29,1,3230.45,0.825489
6,29,2,3349.38,0.929565
6,29,3,3410.12,0.986692
6,29,4,3422.77,0.997587
6,29,5,3396.65,0.972628
6,29,6,3340.16,0.926686
6,29,7,3261.55,0.873198
6,29,8,3169.62,0.820189
6,29,9,3073.82,0.769192
6,29,10,2983.09,0.717291
6,29,11,2903.03,0.660497
6,29,12,2835.75,0.597683
6,29,13,2778.24,0.531206
6,29,14,2725.47,0.466767
6,29,15,2672.61,0.410472
6,29,16,2616.81,0.366227
6,29,17,2557.34,0.333712
6,29,18,2495.26,0.308185
6,29,19,2432.66,0.282971
6,29,20,2372.75,0.2528
6,29,21,2319.31,0.216066
6,29,22,2276.01,0.174739
6,29,23,2245.32,0.133303
6,29,24,2226.83,0.0962997
6,29,25,2217.06,0.0668246
6,29,26,2210.66,0.0457723
6,29,27,2202.47,0.0324471
6,29,28,2190.07,0.025492
6,29,29,2174.37,0.0234203
6,29,30,2158.88,0.0251494
6,29,31,2147.68,0.0298516
6,29,32,2143.48,0.0367686
6,29,33,2146.56,0.0448945
6,29,34,2155.41,0.0529042
6,29,35,2168.41,0.0591938
6,29,36,2185.11,0.0622433
6,29,37,2206.7,0.0610677
6,29,38,2235.38,0.0556284
6,29,39,2273.45,0.0468951
6,29,40,2321.08,0.0365189
6,29,41,2377.78,0.0262603
6,29,42,2440.4,0.0174622
6,29,43,2503.4,0.010773
6,29,44,2559.4,0.00619257
6,29,45,2600.37,0.00333897
6,29,46,2618.49,0.00170982
6,29,47,2606.14,0.000823684
6,29,48,2555.11,0.000378732
6,29,49,2455.92,0.00016269
6,30,0,3137.16,0.722191
6,30,1,3323.98,0.871442
6,30,2,3441.44,0.983206
6,30,3,3500,1.0464
6,30,4,3509.78,1.06125
6,30,5,3479.88,1.03776
6,30,6,3418.47,0.99057
6,30,7,3333.73,0.933009
6,30,8,3234.63,0.873245
6,30,9,3131.02,0.81333
6,30,10,3032.63,0.751249
6,30,11,2946.16,0.68437
6,30,12,2874.94,0.61319
6,30,13,2816.64,0.541558
6,30,14,2766.15,0.47606
6,30,15,2717.53,0.422779
6,30,16,2666.2,0.384563
6,30,17,2609.63,0.35933
6,30,18,2547.63,0.340342
6,30,19,2482.18,0.319243
6,30,20,2417.53,0.289944
6,30,21,2359.12,0.250913
6,30,22,2312.05,0.204941
6,30,23,2279.26,0.157644
6,30,24,2259.76,0.114635
6,30,25,2248.98,0.0798327
6,30,26,2240.66,0.0545853
6,30,27,2229.45,0.038386
6,30,28,2213.31,0.0298889
6,30,29,2193.84,0.0273899
6,30,30,2175.16,0.0294559
6,30,31,2161.8,0.0348591
6,30,32,2156.75,0.0423819
6,30,33,2160.6,0.0506688
6,30,34,2172.02,0.0582161
6,30,35,2189.38,0.0634487
6,30,36,2211.92,0.0650749
6,30,37,2240.13,0.0624231
6,30,38,2275.35,0.0557461
6,30,39,2319.19,0.0462016
6,30,40,2371.46,0.0354822
6,30,41,2431.62,0.025262
6,30,42,2496.67,0.0167307
6,30,43,2561.13,0.0103769
6,30,44,2617.66,0.00608129
6,30,45,2658.24,0.0034081
6,30,46,2675.05,0.00185606
6,30,47,2660.44,0.000978832
6,30,48,2606.02,0.000502352
6,30,49,2502.04,0.000245357
6,31,0,3227.81,0.749986
6,31,1,3412.82,0.906544
6,31,2,3527.5,1.02517
6,31,3,3582.94,1.09406
6,31,4,3589.28,1.11257
6,31,5,3555.35,1.0899
6,31,6,3489.1,1.0401
6,31,7,3398.67,0.976376
6,31,8,3293.16,0.907442
6,31,9,3182.75,0.83657
6,31,10,3077.74,0.763322
6,31,11,2985.65,0.686767
6,31,12,2910.88,0.608873
6,31,13,2851.87,0.534458
6,31,14,2803.67,0.470324
6,31,15,2759.55,0.422041
6,31,16,2713.41,0.39124
6,31,17,2660.97,0.374271
6,31,18,2600.7,0.362824
6,31,19,2534.18,0.347269
6,31,20,2466.38,0.320882
6,31,21,2404.18,0.282072
6,31,22,2354.06,0.234117
6,31,23,2319.51,0.18331
6,31,24,2299.11,0.135984
6,31,25,2287.38,0.096725
6,31,26,2277.29,0.0674115
6,31,27,2263.3,0.0479504
6,31,28,2243.6,0.0372496
6,31,29,2220.3,0.0335908
6,31,30,2197.97,0.0353092
6,31,31,2181.55,0.0408407
6,31,32,2174.52,0.0485374
6,31,33,2177.99,0.0567188
6,31,34,2191.04,0.0637112
6,31,35,2212.14,0.0679539
6,31,36,2240.06,0.0683461
6,31,37,2274.42,0.0644623
6,31,38,2315.62,0.0567835
6,31,39,2364.54,0.0466106
6,31,40,2420.74,0.0356551
6,31,41,2483.77,0.0255032
6,31,42,2550.79,0.0171948
6,31,43,2616.43,0.0110694
6,31,44,2673.33,0.00690388
6,31,45,2713.48,0.00422831
6,31,46,2729.06,0.00256497
6,31,47,2712.32,0.001526
6,31,48,2654.64,0.000880047
6,31,49,2545.93,0.000481484
6,32,0,3309.54,0.762133
6,32,1,3491.4,0.923159
6,32,2,3602.38,1.04668
6,32,3,3654.15,1.12019
6,32,4,3656.81,1.142
6,32,5,3618.87,1.12007
6,32,6,3548.08,1.06754
6,32,7,3452.57,0.997432
6,32,8,3341.65,0.919342
6,32,9,3225.84,0.838246
6,32,10,3115.78,0.755631
6,32,11,3019.5,0.672196
6,32,12,2942.09,0.59082
6,32,13,2882.58,0.516478
6,32,14,2836.34,0.455471
6,32,15,2796.24,0.412544
6,32,16,2755.1,0.38832
6,32,17,2707.25,0.378197
6,32,18,2649.93,0.373122
6,32,19,2584.13,0.362914
6,32,20,2515.1,0.340574
6,32,21,2450.65,0.304376
6,32,22,2398.36,0.257627
6,32,23,2362.28,0.20663
6,32,24,2340.88,0.157811
6,32,25,2328.18,0.116029
6,32,26,2316.67,0.0836165
6,32,27,2300.74,0.0610558
6,32,28,2278.7,0.0477608
6,32,29,2252.83,0.0422548
6,32,30,2227.88,0.0428169
6,32,31,2208.96,0.0476471
6,32,32,2199.95,0.0547337
6,32,33,2202.56,0.0621326
6,32,34,2216.42,0.0680547
6,32,35,2240.15,0.0710052
6,32,36,2272.19,0.0701051
6,32,37,2311.34,0.0651672
6,32,38,2357.13,0.0568608
6,32,39,2409.86,0.0465628
6,32,40,2468.92,0.0359176
6,32,41,2533.97,0.0263318
6,32,42,2602.33,0.0186155
6,32,43,2668.69,0.0129139
6,32,44,2725.73,0.00889835
6,32,45,2765.42,0.00610126
6,32,46,2779.91,0.00412654
6,32,47,2761.31,0.00270503
6,32,48,2700.7,0.00169221
6,32,49,2587.6,0.000997877
6,33,0,3378.25,0.755719
6,33,1,3556.1,0.917357
6,33,2,3662.9,1.0428
6,33,3,3710.82,1.11911
6,33,4,3709.8,1.14351
6,33,5,3668.01,1.12254
6,33,6,3592.97,1.06819
6,33,7,3492.91,0.993293
6,33,8,3377.51,0.908449
6,33,9,3257.75,0.820509
6,33,10,3144.58,0.732846
6,33,11,3046.18,0.647327
6,33,12,2967.79,0.566897
6,33,13,2908.64,0.495755
6,33,14,2864.23,0.43905
6,33,15,2827.36,0.400583
6,33,16,2790.35,0.38044
6,33,17,2746.72,0.373972
6,33,18,2692.82,0.372436
6,33,19,2629.03,0.366002
6,33,20,2560.41,0.347875
6,33,21,2495.11,0.316167
6,33,22,2441.29,0.273736
6,33,23,2403.52,0.226146
6,33,24,2380.55,0.179175
6,33,25,2366.44,0.137425
6,33,26,2353.79,0.103472
6,33,27,2337.1,0.0784395
6,33,28,2314.71,0.0624519
6,33,29,2288.82,0.0545205
6,33,30,2263.84,0.0530568
6,33,31,2244.67,0.0561454
6,33,32,2235.19,0.0615184
6,33,33,2237.46,0.0670742
6,33,34,2251.63,0.0710181
6,33,35,2276.65,0.0720334
6,33,36,2310.87,0.0695494
6,33,37,2352.71,0.0636477
6,33,38,2401.11,0.0551517
6,33,39,2456,0.0454218
6,33,40,2516.64,0.0358977
6,33,41,2582.74,0.0276554
6,33,42,2651.71,0.0211399
6,33,43,2718.3,0.0162221
6,33,44,2775.2,0.0124557
6,33,45,2814.41,0.00942373
6,33,46,2827.98,0.00689405
6,33,47,2807.81,0.0048011
6,33,48,2744.61,0.00315234
6,33,49,2627.49,0.00194415
6,34,0,3432.09,0.731251
6,34,1,3605.65,0.889386
6,34,2,3708.29,1.01336
6,34,3,3752.52,1.09014
6,34,4,3748.08,1.11605
6,34,5,3702.71,1.09623
6,34,6,3623.7,1.04151
6,34,7,3519.45,0.964529
6,34,8,3400.21,0.87688
6,34,9,3277.67,0.787151
6,34,10,3163.23,0.700221
6,34,11,3065,0.618422
6,34,12,2987.85,0.543853
6,34,13,2930.56,0.479073
6,34,14,2888.4,0.42759
6,34,15,2854.18,0.392283
6,34,16,2820.21,0.373282
6,34,17,2779.85,0.366814
6,34,18,2729.1,0.365464
6,34,19,2667.82,0.360607
6,34,20,2600.6,0.346102
6,34,21,2535.32,0.31993
6,34,22,2480.23,0.284121
6,34,23,2440.24,0.242891
6,34,24,2414.75,0.200736
6,34,25,2398.5,0.161492
6,34,26,2384.78,0.127702
6,34,27,2368.52,0.101078
6,34,28,2348.16,0.082537
6,34,29,2325.5,0.0717459
6,34,30,2304.19,0.0674141
6,34,31,2288.28,0.0676469
6,34,32,2281.02,0.070069
6,34,33,2284.36,0.072565
6,34,34,2298.76,0.0734707
6,34,35,2323.69,0.0717772
6,34,36,2357.93,0.0673105
6,34,37,2400.04,0.0604556
6,34,38,2448.88,0.0521501
6,34,39,2504.24,0.0436419
6,34,40,2565.25,0.0360279
6,34,41,2631.56,0.0299006
6,34,42,2700.54,0.0252051
6,34,43,2766.97,0.0214546
6,34,44,2823.57,0.0180667
6,34,45,2862.34,0.014713
6,34,46,2875.19,0.0113965
6,34,47,2853.7,0.00832898
6,34,48,2788.16,0.00573105
6,34,49,2667.27,0.00372004
6,35,0,3470.63,0.691447
6,35,1,3640.18,0.842494
6,35,2,3739.15,0.961946
6,35,3,3780.27,1.03702
6,35,4,3773,1.06334
6,35,5,3724.59,1.04485
6,35,6,3642.07,0.991341
6,35,7,3534,0.915281
6,35,8,3411.36,0.829118
6,35,9,3286.85,0.742847
6,35,10,3172.55,0.662332
6,35,11,3076.5,0.589686
6,35,12,3002.8,0.525446
6,35,13,2949.24,0.469951
6,35,14,2910.34,0.424779
6,35,15,2878.78,0.391958
6,35,16,2847.1,0.372094
6,35,17,2809,0.362962
6,35,18,2760.62,0.359181
6,35,19,2701.62,0.353922
6,35,20,2636,0.342031
6,35,21,2571.01,0.321451
6,35,22,2514.55,0.293229
6,35,23,2471.72,0.259957
6,35,24,2442.73,0.224503
6,35,25,2423.54,0.189593
6,35,26,2408.62,0.157453
6,35,27,2393.77,0.130196
6,35,28,2377.65,0.109451
6,35,29,2361.54,0.0955798
6,35,30,2347.89,0.0876984
6,35,31,2339.23,0.0840713
6,35,32,2337.47,0.0823925
6,35,33,2343.83,0.080694
6,35,34,2358.8,0.077579
6,35,35,2382.54,0.0724553
6,35,36,2414.77,0.0655942
6,35,37,2454.88,0.0576918
6,35,38,2502.15,0.049744
6,35,39,2556.47,0.0428007
6,35,40,2616.81,0.0375171
6,35,41,2682.65,0.0339093
6,35,42,2751.23,0.0313518
6,35,43,2817.36,0.0289628
6,35,44,2873.78,0.0260181
6,35,45,2912.41,0.0222928
6,35,46,2924.91,0.0180484
6,35,47,2902.43,0.0137922
6,35,48,2834.77,0.0099768
6,35,49,2710.18,0.00685725
6,36,0,3494.38,0.640325
6,36,1,3660.7,0.78181
6,36,2,3756.94,0.89468
6,36,3,3795.92,0.966583
6,36,4,3786.77,0.992674
6,36,5,3736.25,0.975869
6,36,6,3650.97,0.925031
6,36,7,3539.63,0.852469
6,36,8,3413.98,0.77129
6,36,9,3287.9,0.692511
6,36,10,3174.46,0.622539
6,36,11,3081.83,0.562858
6,36,12,3013.28,0.512132
6,36,13,2965.22,0.468273
6,36,14,2930.96,0.430841
6,36,15,2902.72,0.401012
6,36,16,2873.17,0.379995
6,36,17,2836.58,0.36733
6,36,18,2789.64,0.359904
6,36,19,2732.1,0.352924
6,36,20,2667.57,0.342406
6,36,21,2602.61,0.326437
6,36,22,2544.54,0.305229
6,36,23,2498.5,0.279885
6,36,24,2465.51,0.251694
6,36,25,2442.96,0.222141
6,36,26,2426.89,0.192876
6,36,27,2414.34,0.166084
6,36,28,2404.37,0.143843
6,36,29,2397.68,0.127089
6,36,30,2395.15,0.115373
6,36,31,2397.25,0.107243
6,36,32,2403.88,0.100644
6,36,33,2415.04,0.093917
6,36,34,2431.06,0.086051
6,36,35,2452.89,0.0769418
6,36,36,2481.62,0.0673081
6,36,37,2517.99,0.0581359
6,36,38,2562.15,0.0504151
6,36,39,2614.26,0.0449356
6,36,40,2673.19,0.0418737
6,36,41,2738.19,0.0406681
6,36,42,2806.36,0.0401531
6,36,43,2872.49,0.0390884
6,36,44,2929.31,0.0366209
6,36,45,2968.54,0.0326032
6,36,46,2981.39,0.0274918
6,36,47,2958.47,0.0220122
6,36,48,2889,0.0167987
6,36,49,2760.75,0.0122368
6,37,0,3504.7,0.582627
6,37,1,3668.99,0.713431
6,37,2,3763.78,0.818943
6,37,3,3801.94,0.887335
6,37,4,3792.22,0.913363
6,37,5,3740.89,0.898984
6,37,6,3654.1,0.852165
6,37,7,3540.5,0.784956
6,37,8,3412.49,0.710864
6,37,9,3285.18,0.641629
6,37,10,3172.85,0.583977
6,37,11,3084.11,0.538737
6,37,12,3021.58,0.502841
6,37,13,2980.25,0.471943
6,37,14,2951.88,0.443659
6,37,15,2927.79,0.41823
6,37,16,2900.56,0.397277
6,37,17,2864.97,0.381882
6,37,18,2818.43,0.371
6,37,19,2761.14,0.36178
6,37,20,2696.66,0.351456
6,37,21,2631.07,0.338488
6,37,22,2571.15,0.322627
6,37,23,2521.91,0.303955
6,37,24,2485.06,0.282521
6,37,25,2459.42,0.258648
6,37,26,2442.73,0.233216
6,37,27,2433.44,0.208096
6,37,28,2431.17,0.185428
6,37,29,2435.96,0.166482
6,37,30,2446.88,0.151182
6,37,31,2461.91,0.138449
6,37,32,2478.68,0.126615
6,37,33,2495.7,0.114454
6,37,34,2513.11,0.101433
6,37,35,2532.79,0.0879691
6,37,36,2557.34,0.0752036
6,37,37,2589.12,0.0643765
6,37,38,2629.37,0.0564142
6,37,39,2678.65,0.0518081
6,37,40,2735.82,0.0502778
6,37,41,2799.94,0.0507822
6,37,42,2868.03,0.0517684
6,37,43,2934.87,0.051775
6,37,44,2993.1,0.0498721
6,37,45,3034.04,0.0459206
6,37,46,3048.32,0.0403961
6,37,47,3025.83,0.0340256
6,37,48,2955.13,0.0274625
6,37,49,2823.41,0.0211649
6,38,0,3503.45,0.524124
6,38,1,3667.16,0.644404
6,38,2,3762.01,0.742936
6,38,3,3800.83,0.808435
6,38,4,3792.09,0.835272
6,38,5,3741.58,0.824409
6,38,6,3654.99,0.782812
6,38,7,3540.76,0.722062
6,38,8,3411.66,0.655792
6,38,9,3283.87,0.596273
6,38,10,3172.94,0.550561
6,38,11,3088.19,0.519122
6,38,12,3031.88,0.497603
6,38,13,2997.71,0.479803
6,38,14,2975.75,0.461548
6,38,15,2956.18,0.442015
6,38,16,2931.21,0.42285
6,38,17,2895.94,0.406193
6,38,18,2848.6,0.392628
6,38,19,2790.09,0.380978
6,38,20,2724.29,0.369676
6,38,21,2657.17,0.357811
6,38,22,2595.16,0.345138
6,38,23,2543.11,0.331302
6,38,24,2503.25,0.315586
6,38,25,2475.6,0.297359
6,38,26,2459.5,0.27663
6,38,27,2454.79,0.254604
6,38,28,2461.53,0.233068
6,38,29,2478.95,0.213303
6,38,30,2504.09,0.195446
6,38,31,2532.47,0.178756
6,38,32,2559.48,0.161996
6,38,33,2582.43,0.14444
6,38,34,2601.4,0.126103
6,38,35,2619.18,0.107981
6,38,36,2639.87,0.0916522
6,38,37,2667.33,0.0786089
6,38,38,2703.88,0.0696883
6,38,39,2750.49,0.065056
6,38,40,2806.07,0.0640141
6,38,41,2869.64,0.0651905
6,38,42,2938.24,0.0668742
6,38,43,3006.68,0.0676024
6,38,44,3067.41,0.0664656
6,38,45,3111.27,0.0632418
6,38,46,3128.12,0.0581601
6,38,47,3107.07,0.0516018
6,38,48,3035.95,0.0439562
6,38,49,2901.24,0.0356296
6,39,0,3494.06,0.471612
6,39,1,3658.6,0.582494
6,39,2,3754.9,0.675049
6,39,3,3795.77,0.738591
6,39,4,3789.49,0.767159
6,39,5,3741.52,0.760702
6,39,6,3657.1,0.725041
6,39,7,3544.35,0.671056
6,39,8,3416.14,0.612249
6,39,9,3289.42,0.561311
6,39,10,3180.8,0.525749
6,39,11,3100.37,0.506058
6,39,12,3050.16,0.497134
6,39,13,3022.78,0.491388
6,39,14,3006.71,0.483079
6,39,15,2990.95,0.470229
6,39,16,2967.28,0.45412
6,39,17,2931.05,0.43742
6,39,18,2881.28,0.421853
6,39,19,2819.8,0.407617
6,39,20,2751.13,0.394311
6,39,21,2681.49,0.381865
6,39,22,2617.23,0.370439
6,39,23,2563.11,0.359744
6,39,24,2521.71,0.348733
6,39,25,2493.99,0.336093
6,39,26,2480.54,0.320992
6,39,27,2482.16,0.303751
6,39,28,2499.01,0.285452
6,39,29,2529.21,0.267021
6,39,30,2567.82,0.248507
6,39,31,2608.2,0.229307
6,39,32,2644.12,0.208516
6,39,33,2672.19,0.185902
6,39,34,2692.74,0.162119
6,39,35,2709.41,0.138873
6,39,36,2727.46,0.1183
6,39,37,2751.93,0.102232
6,39,38,2785.94,0.0914513
6,39,39,2830.8,0.0857842
6,39,40,2885.53,0.0841316
6,39,41,2949.22,0.0849264
6,39,42,3019.01,0.0865336
6,39,43,3089.78,0.0877377
6,39,44,3153.76,0.087775
6,39,45,3201.24,0.0862523
6,39,46,3221.4,0.0828383
6,39,47,3202.57,0.0771279
6,39,48,3131.84,0.068854
6,39,49,2994.87,0.0581702
6,40,0,3480.62,0.430751
6,40,1,3647.02,0.533749
6,40,2,3745.78,0.621306
6,40,3,3789.73,0.683475
6,40,4,3787.09,0.714154
6,40,5,3743.13,0.712378
6,40,6,3662.76,0.682764
6,40,7,3553.75,0.635295
6,40,8,3428.89,0.583118
6,40,9,3305.48,0.53923
6,40,10,3200.8,0.51167
6,40,11,3125.43,0.501238
6,40,12,3081.12,0.502508
6,40,13,3059.5,0.506918
6,40,14,3047.75,0.507423
6,40,15,3034,0.500914
6,40,16,3009.74,0.488055
6,40,17,2970.65,0.471625
6,40,18,2916.57,0.454111
6,40,19,2850.34,0.436867
6,40,20,2777.34,0.420644
6,40,21,2704.36,0.406377
6,40,22,2637.89,0.394877
6,40,23,2582.7,0.386214
6,40,24,2541.65,0.379302
6,40,25,2516.29,0.372412
6,40,26,2507.97,0.364015
6,40,27,2517.81,0.353508
6,40,28,2545.43,0.341024
6,40,29,2587.58,0.326757
6,40,30,2637.62,0.31024
6,40,31,2687.43,0.290626
6,40,32,2730.05,0.267107
6,40,33,2762.08,0.239889
6,40,34,2784.33,0.210393
6,40,35,2801.12,0.181271
6,40,36,2818.4,0.155469
6,40,37,2841.86,0.135352
6,40,38,2875.09,0.121747
6,40,39,2919.59,0.114139
6,40,40,2974.51,0.110993
6,40,41,3039.06,0.110616
6,40,42,3110.53,0.11161
6,40,43,3183.84,0.113218
6,40,44,3251.06,0.114953
6,40,45,3302.04,0.116202
6,40,46,3325.44,0.115793
6,40,47,3309.02,0.112091
6,40,48,3239.23,0.103739
6,40,49,3100.79,0.0903759
6,41,0,3468.11,0.406077
6,41,1,3636.79,0.502836
6,41,2,3738.44,0.585987
6,41,3,3785.93,0.646528
6,41,4,3787.58,0.678574
6,41,5,3748.63,0.680575
6,41,6,3673.82,0.6561
6,41,7,3570.65,0.614213
6,41,8,3451.69,0.56755
6,41,9,3334.22,0.529236
6,41,10,3235.67,0.507756
6,41,11,3166.6,0.504264
6,41,12,3128.19,0.513248
6,41,13,3111.17,0.525506
6,41,14,3101.89,0.53299
6,41,15,3087.99,0.53162
6,41,16,3061.09,0.521352
6,41,17,3017.31,0.504801
6,41,18,2957.31,0.484956
6,41,19,2884.95,0.464186
6,41,20,2806.59,0.444399
6,41,21,2729.71,0.427618
6,41,22,2661.14,0.415406
6,41,23,2605.8,0.408288
6,41,24,2566.83,0.405298
6,41,25,2546.09,0.40454
6,41,26,2545.11,0.404036
6,41,27,2564.5,0.402364
6,41,28,2602.77,0.398574
6,41,29,2655.17,0.391751
6,41,30,2713.87,0.380389
6,41,31,2770.22,0.362872
6,41,32,2817.36,0.338151
6,41,33,2852.44,0.306776
6,41,34,2876.86,0.271081
6,41,35,2895.28,0.234978
6,41,36,2913.88,0.202582
6,41,37,2938.43,0.17709
6,41,38,2972.63,0.159562
6,41,39,3018.1,0.149202
6,41,40,3074.11,0.143992
6,41,41,3140.04,0.142102
6,41,42,3213.26,0.14241
6,41,43,3288.71,0.144721
6,41,44,3358.37,0.14891
6,41,45,3411.92,0.154107
6,41,46,3437.77,0.158085
6,41,47,3423.38,0.157587
6,41,48,3354.76,0.149738
6,41,49,3215.59,0.133373
6,42,0,3459.94,0.39887
6,42,1,3630.73,0.490857
6,42,2,3735.05,0.569637
6,42,3,3785.91,0.627344
6,42,4,3791.85,0.658776
6,42,5,3758.22,0.662354
6,42,6,3689.76,0.641014
6,42,7,3593.84,0.603069
6,42,8,3482.76,0.560559
6,42,9,3373.54,0.526483
6,42,10,3283.21,0.509524
6,42,11,3221.76,0.511044
6,42,12,3189.49,0.52555
6,42,13,3176.32,0.543476
6,42,14,3168.19,0.55609
6,42,15,3152.77,0.558552
6,42,16,3122.07,0.550104
6,42,17,3072.74,0.532992
6,42,18,3006.24,0.510502
6,42,19,2927.33,0.485903
6,42,20,2843.34,0.462259
6,42,21,2762.4,0.44271
6,42,22,2691.84,0.429594
6,42,23,2636.86,0.423896
6,42,24,2600.95,0.424876
6,42,25,2586.09,0.430702
6,42,26,2593.45,0.439226
6,42,27,2622.52,0.448386
6,42,28,2670.28,0.456079
6,42,29,2730.64,0.459939
6,42,30,2795.22,0.456891
6,42,31,2855.66,0.444004
6,42,32,2905.84,0.419633
6,42,33,2943.69,0.384547
6,42,34,2971.07,0.342112
6,42,35,2992.61,0.297792
6,42,36,3014.2,0.257243
6,42,37,3041.32,0.224841
6,42,38,3077.58,0.202156
6,42,39,3124.7,0.188272
6,42,40,3182.12,0.180679
6,42,41,3249.4,0.177361
6,42,42,3323.96,0.177401
6,42,43,3400.71,0.181116
6,42,44,3471.62,0.188729
6,42,45,3526.41,0.199068
6,42,46,3553.58,0.208704
6,42,47,3540.59,0.212485
6,42,48,3473.14,0.205689
6,42,49,3333.97,0.186092
6,43,0,3456.23,0.40678
6,43,1,3628.65,0.495283
6,43,2,3735.05,0.569496
6,43,3,3788.67,0.622753
6,43,4,3798.32,0.650966
6,43,5,3769.62,0.653156
6,43,6,3707.43,0.632196
6,43,7,3619.13,0.595957
6,43,8,3516.85,0.555871
6,43,9,3417.15,0.524529
6,43,10,3336.34,0.510525
6,43,11,3283.41,0.515253
6,43,12,3257.59,0.533337
6,43,13,3248.14,0.555131
6,43,14,3241.02,0.571517
6,43,15,3224.21,0.577053
6,43,16,3190.24,0.570224
6,43,17,3136.26,0.552699
6,43,18,3064.27,0.527826
6,43,19,2979.78,0.499625
6,43,20,2890.78,0.472261
6,43,21,2806.01,0.449965
6,43,22,2733.3,0.435867
6,43,23,2678.36,0.431442
6,43,24,2645.18,0.436311
6,43,25,2635.8,0.448924
6,43,26,2650.8,0.467207
6,43,27,2688.18,0.488628
6,43,28,2743.34,0.509895
6,43,29,2809.22,0.526941
6,43,30,2877.47,0.534736
6,43,31,2940.51,0.528617
6,43,32,2993.19,0.506057
6,43,33,3034.11,0.467889
6,43,34,3065.27,0.418508
6,43,35,3090.87,0.365073
6,43,36,3116.23,0.315028
6,43,37,3146.36,0.274242
6,43,38,3184.74,0.245117
6,43,39,3233.31,0.226903
6,43,40,3291.8,0.216707
6,43,41,3359.96,0.212315
6,43,42,3435.22,0.212874
6,43,43,3512.39,0.219028
6,43,44,3583.48,0.231204
6,43,45,3638.39,0.247825
6,43,46,3665.91,0.264167
6,43,47,3653.75,0.273063
6,43,48,3587.48,0.267781
6,43,49,3449.04,0.244911
6,44,0,3452.75,0.42373
6,44,1,3626.45,0.509752
6,44,2,3734.38,0.579286
6,44,3,3790.01,0.626749
6,44,4,3802.49,0.649418
6,44,5,3777.72,0.647432
6,44,6,3720.88,0.624136
6,44,7,3639.52,0.58728
6,44,8,3545.71,0.547703
6,44,9,3455.58,0.517354
6,44,10,3384.52,0.504521
6,44,11,3340.37,0.510576
6,44,12,3321.27,0.530444
6,44,13,3316.04,0.554714
6,44,14,3310.87,0.574119
6,44,15,3294.19,0.582672
6,44,16,3259,0.577992
6,44,17,3202.73,0.56094
6,44,18,3127.66,0.534664
6,44,19,3039.61,0.503727
6,44,20,2946.94,0.473249
6,44,21,2858.73,0.448446
6,44,22,2783.37,0.433248
6,44,23,2727.27,0.429697
6,44,24,2695.19,0.437943
6,44,25,2689.33,0.456911
6,44,26,2709.67,0.484779
6,44,27,2752.78,0.518666
6,44,28,2812.77,0.554132
6,44,29,2881.97,0.585365
6,44,30,2952.42,0.60527
6,44,31,3017.46,0.607309
6,44,32,3072.73,0.587917
6,44,33,3117.17,0.547798
6,44,34,3152.55,0.492172
6,44,35,3182.4,0.429749
6,44,36,3211.34,0.369745
6,44,37,3244,0.319677
6,44,38,3283.82,0.283079
6,44,39,3333.11,0.259755
6,44,40,3392,0.246701
6,44,41,3460.48,0.241596
6,44,42,3535.93,0.243548
6,44,43,3613.02,0.253261
6,44,44,3683.74,0.271102
6,44,45,3738.19,0.294912
6,44,46,3765.55,0.318621
6,44,47,3753.86,0.333088
6,44,48,3688.78,0.329645
6,44,49,3551.58,0.303739
6,45,0,3440.7,0.440986
6,45,1,3615.94,0.525042
6,45,2,3725.32,0.590002
6,45,3,3782.46,0.631101
6,45,4,3796.8,0.646957
6,45,5,3774.63,0.639048
6,45,6,3721.61,0.611522
6,45,7,3645.67,0.572211
6,45,8,3559.03,0.531381
6,45,9,3477.49,0.500202
6,45,10,3415.54,0.486583
6,45,11,3379.85,0.491986
6,45,12,3367.56,0.511918
6,45,13,3367.22,0.537517
6,45,14,3365.35,0.559549
6,45,15,3350.82,0.571464
6,45,16,3316.92,0.569897
6,45,17,3261.16,0.55471
6,45,18,3185.75,0.528608
6,45,19,3096.44,0.496429
6,45,20,3001.55,0.46399
6,45,21,2910.26,0.437267
6,45,22,2831.5,0.420926
6,45,23,2772.57,0.417639
6,45,24,2739.21,0.428229
6,45,25,2734.05,0.452227
6,45,26,2756.71,0.488154
6,45,27,2802.62,0.532902
6,45,28,2864.97,0.581069
6,45,29,2935.83,0.625341
6,45,30,3007.69,0.656836
6,45,31,3074.61,0.667348
6,45,32,3132.71,0.652283
6,45,33,3180.91,0.611988
6,45,34,3220.45,0.552094
6,45,35,3254.13,0.48238
6,45,36,3285.98,0.413491
6,45,37,3320.37,0.354478
6,45,38,3360.91,0.310191
6,45,39,3410.38,0.281365
6,45,40,3469.29,0.26529
6,45,41,3537.91,0.259752
6,45,42,3613.56,0.263798
6,45,43,3690.67,0.277928
6,45,44,3761.14,0.302149
6,45,45,3815.16,0.333509
6,45,46,3842.22,0.364608
6,45,47,3830.72,0.384571
6,45,48,3766.44,0.383105
6,45,49,3630.22,0.354767
6,46,0,3408.09,0.448908
6,46,1,3585.91,0.530714
6,46,2,3697.33,0.591266
6,46,3,3755.88,0.626275
6,46,4,3771.3,0.63542
6,46,5,3750.35,0.621395
6,46,6,3699.34,0.589173
6,46,7,3626.88,0.546687
6,46,8,3545.64,0.503607
6,46,9,3471.24,0.470257
6,46,10,3417.33,0.454189
6,46,11,3389.45,0.457155
6,46,12,3383.86,0.475519
6,46,13,3388.89,0.501268
6,46,14,3391.37,0.525386
6,46,15,3380.49,0.5408
6,46,16,3349.69,0.54316
6,46,17,3296.45,0.531276
6,46,18,3222.66,0.507233
6,46,19,3133.73,0.47583
6,46,20,3037.64,0.443185
6,46,21,2943.5,0.415654
6,46,22,2860.71,0.398424
6,46,23,2797.47,0.394764
6,46,24,2760.66,0.406211
6,46,25,2753.53,0.43295
6,46,26,2775.62,0.473892
6,46,27,2821.69,0.525876
6,46,28,2884.36,0.582918
6,46,29,2955.6,0.636763
6,46,30,3028.3,0.677389
6,46,31,3096.98,0.695456
6,46,32,3157.9,0.685527
6,46,33,3209.72,0.647382
6,46,34,3253.06,0.586495
6,46,35,3290.05,0.512964
6,46,36,3324.3,0.438189
6,46,37,3360.1,0.37234
6,46,38,3401.27,0.321518
6,46,39,3451.03,0.287645
6,46,40,3510.31,0.268718
6,46,41,3579.58,0.262924
6,46,42,3656.09,0.269327
6,46,43,3734.01,0.288052
6,46,44,3804.97,0.3185
6,46,45,3859.07,0.3568
6,46,46,3885.92,0.394372
6,46,47,3874.12,0.419062
6,46,48,3809.53,0.4195
6,46,49,3672.7,0.38975
6,47,0,3340.76,0.43927
6,47,1,3522.88,0.51744
6,47,2,3637.56,0.573372
6,47,3,3697.9,0.602989
6,47,4,3713.88,0.606611
6,47,5,3692.88,0.587763
6,47,6,3642.14,0.551986
6,47,7,3571.28,0.507126
6,47,8,3493.71,0.462152
6,47,9,3425.04,0.426466
6,47,10,3378.11,0.407238
6,47,11,3357.34,0.406634
6,47,12,3358.12,0.422056
6,47,13,3368.56,0.446584
6,47,14,3375.68,0.471679
6,47,15,3368.87,0.48997
6,47,16,3341.68,0.496346
6,47,17,3291.49,0.488714
6,47,18,3219.9,0.468469
6,47,19,3131.89,0.440041
6,47,20,3035.04,0.40937
6,47,21,2938.23,0.382679
6,47,22,2851.22,0.365306
6,47,23,2783,0.360916
6,47,24,2741.44,0.371642
6,47,25,2730.51,0.398271
6,47,26,2749.92,0.440128
6,47,27,2794.14,0.494235
6,47,28,2855.52,0.554571
6,47,29,2926.05,0.612722
6,47,30,2998.92,0.658408
6,47,31,3068.89,0.681922
6,47,32,3132.22,0.67733
6,47,33,3187.24,0.643722
6,47,34,3233.99,0.585859
6,47,35,3274.06,0.513309
6,47,36,3310.75,0.437354
6,47,37,3348.34,0.368586
6,47,38,3390.8,0.314019
6,47,39,3441.74,0.276743
6,47,40,3502.42,0.255757
6,47,41,3573.49,0.249894
6,47,42,3652.16,0.25837
6,47,43,3732.25,0.2809
6,47,44,3804.98,0.316194
6,47,45,3860.04,0.359529
6,47,46,3886.87,0.401515
6,47,47,3873.93,0.429396
6,47,48,3806.97,0.431445
6,47,49,3666.43,0.401707
6,48,0,3223.25,0.407282
6,48,1,3411.22,0.479319
6,48,2,3530.52,0.529729
6,48,3,3593.25,0.554563
6,48,4,3609.49,0.554386
6,48,5,3587.41,0.533042
6,48,6,3535.54,0.496198
6,48,7,3464.87,0.451275
6,48,8,3389.8,0.406331
6,48,9,3325.96,0.369691
6,48,10,3285.34,0.347994
6,48,11,3271.1,0.343758
6,48,12,3277.77,0.355418
6,48,13,3293.19,0.377313
6,48,14,3304.45,0.401721
6,48,15,3301.1,0.421413
6,48,16,3276.82,0.430965
6,48,17,3229.03,0.42772
6,48,18,3159.16,0.412422
6,48,19,3071.91,0.388848
6,48,20,2974.48,0.362275
6,48,21,2875.51,0.338278
6,48,22,2784.88,0.32188
6,48,23,2712.1,0.316808
6,48,24,2665.71,0.325544
6,48,25,2650.26,0.349324
6,48,26,2665.72,0.387887
6,48,27,2706.58,0.438691
6,48,28,2765.2,0.496252
6,48,29,2833.7,0.552797
6,48,30,2905.56,0.598708
6,48,31,2975.75,0.624727
6,48,32,3040.56,0.624876
6,48,33,3098.04,0.597605
6,48,34,3147.8,0.546579
6,48,35,3190.95,0.480098
6,48,36,3230.53,0.408459
6,48,37,3270.69,0.341847
6,48,38,3315.5,0.287596
6,48,39,3368.83,0.249657
6,48,40,3432.19,0.228074
6,48,41,3506.47,0.22243
6,48,42,3588.87,0.232206
6,48,43,3672.84,0.256792
6,48,44,3748.95,0.294324
6,48,45,3806.15,0.339542
6,48,46,3833.15,0.382852
6,48,47,3817.9,0.411734
6,48,48,3745.75,0.414912
6,48,49,3597.34,0.386856
6,49,0,3040.51,0.353772
6,49,1,3234.07,0.41669
6,49,2,3358.49,0.46017
6,49,3,3423.89,0.480491
6,49,4,3440.14,0.478196
6,49,5,3416.34,0.456968
6,49,6,3362.63,0.42212
6,49,7,3291.7,0.380264
6,49,8,3218.98,0.338298
6,49,9,3159.93,0.303262
6,49,10,3125.38,0.280994
6,49,11,3117.18,0.274117
6,49,12,3128.98,0.281918
6,49,13,3148.38,0.300044
6,49,14,3162.59,0.32194
6,49,15,3161.39,0.341057
6,49,16,3138.74,0.352226
6,49,17,3092.3,0.352649
6,49,18,3023.63,0.342554
6,49,19,2937.28,0.324884
6,49,20,2840.17,0.303896
6,49,21,2740.65,0.284125
6,49,22,2648.42,0.269863
6,49,23,2573.04,0.264532
6,49,24,2523.22,0.270643
6,49,25,2503.72,0.28967
6,49,26,2514.74,0.321715
6,49,27,2551.02,0.364853
6,49,28,2605.19,0.414581
6,49,29,2669.76,0.464384
6,49,30,2738.58,0.506034
6,49,31,2806.99,0.53142
6,49,32,2871.45,0.534996
6,49,33,2929.93,0.514792
6,49,34,2981.76,0.473259
6,49,35,3027.63,0.416987
6,49,36,3070.17,0.354625
6,49,37,3113.34,0.295179
6,49,38,3161.11,0.245614
6,49,39,3217.46,0.210217
6,49,40,3284.16,0.189863
6,49,41,3362.41,0.184802
6,49,42,3449.54,0.194809
6,49,43,3538.68,0.219117
6,49,44,3619.6,0.255559
6,49,45,3680.01,0.298839
6,49,46,3707.34,0.339897
6,49,47,3688.45,0.367321
6,49,48,3608.25,0.371036
6,49,49,3448.36,0.346282
7,0,0,2267.95,0.290021
7,0,1,2428.37,0.324485
7,0,2,2535.73,0.335589
7,0,3,2596.74,0.323671
7,0,4,2624.11,0.294964
7,0,5,2630.73,0.258665
7,0,6,2625.51,0.223304
7,0,7,2611.65,0.194209
7,0,8,2587.94,0.172821
7,0,9,2551.72,0.157661
7,0,10,2502.23,0.146047
7,0,11,2441.77,0.135508
7,0,12,2376.88,0.125044
7,0,13,2314.92,0.114389
7,0,14,2262.79,0.10427
7,0,15,2224.58,0.0957529
7,0,16,2200.3,0.0895958
7,0,17,2186.45,0.0863006
7,0,18,2177.24,0.0860948
7,0,19,2166.97,0.0888029
7,0,20,2151.25,0.0938817
7,0,21,2127.08,0.0998306
7,0,22,2092.22,0.104357
7,0,23,2044.68,0.104842
7,0,24,1983.18,0.0993553
7,0,25,1907.98,0.0876639
7,0,26,1822.15,0.0715693
7,0,27,1731.79,0.0540789
7,0,28,1644.58,0.0380817
7,0,29,1567.37,0.0253827
7,0,30,1503.88,0.0164284
7,0,31,1453.85,0.0106391
7,0,32,1414.29,0.00701067
7,0,33,1381.2,0.00468238
7,0,34,1351.42,0.00311638
7,0,35,1323.38,0.0019892
7,0,36,1296.72,0.00124006
7,0,37,1271.86,0.000748555
7,0,38,1249.31,0.000492779
7,0,39,1229.51,0.000512122
7,0,40,1212.77,0.000876296
7,0,41,1199.42,0.00183249
7,0,42,1189.39,0.00371022
7,0,43,1181.9,0.00685976
7,0,44,1175.43,0.0114514
7,0,45,1167.72,0.0172234
7,0,46,1156.6,0.023327
7,0,47,1140.85,0.0284428
7,0,48,1120.66,0.0312153
7,0,49,1097.7,0.0308278
7,1,0,2424.63,0.334766
7,1,1,2596.41,0.375522
7,1,2,2709.66,0.389602
7,1,3,2772.72,0.377235
7,1,4,2799.59,0.345497
7,1,5,2804.22,0.30499
7,1,6,2796.56,0.265683
7,1,7,2780.65,0.233939
7,1,8,2755.72,0.211568
7,1,9,2718.98,0.196826
7,1,10,2669.13,0.186327
7,1,11,2607.7,0.176777
7,1,12,2540.63,0.166526
7,1,13,2474.98,0.154907
7,1,14,2417.83,0.142552
7,1,15,2373.75,0.13071
7,1,16,2343.35,0.120444
7,1,17,2323.7,0.112619
7,1,18,2309.5,0.107806
7,1,19,2295.35,0.106096
7,1,20,2277.01,0.107102
7,1,21,2251.35,0.109463
7,1,22,2215.64,0.111014
7,1,23,2167.12,0.109235
7,1,24,2103.72,0.10225
7,1,25,2025.03,0.0897722
7,1,26,1933.84,0.0734813
7,1,27,1836.43,0.0562017
7,1,28,1741.08,0.040601
7,1,29,1655.55,0.0282961
7,1,30,1584.35,0.0195861
7,1,31,1527.69,0.01382
7,1,32,1482.67,0.00997475
7,1,33,1445.11,0.00724292
7,1,34,1411.62,0.00516425
7,1,35,1380.48,0.00350511
7,1,36,1351.14,0.00227497
7,1,37,1323.89,0.00140998
7,1,38,1299.12,0.000912478
7,1,39,1277.17,0.000836094
7,1,40,1258.36,0.00127518
7,1,41,1243.15,0.00254185
7,1,42,1231.62,0.0050508
7,1,43,1222.96,0.00922981
7,1,44,1215.4,0.0152541
7,1,45,1206.2,0.022727
7,1,46,1192.65,0.0305046
7,1,47,1173.24,0.0368755
7,1,48,1148.23,0.0401408
7,1,49,1119.72,0.0393386
7,2,0,2520.82,0.35865
7,2,1,2699.32,0.403866
7,2,2,2816.28,0.420953
7,2,3,2880.92,0.409937
7,2,4,2907.81,0.378232
7,2,5,2911.39,0.33715
7,2,6,2902.22,0.29744
7,2,7,2885.06,0.266042
7,2,8,2859.63,0.244928
7,2,9,2823.22,0.232125
7,2,10,2774.2,0.223737
7,2,11,2713.46,0.215897
7,2,12,2646.27,0.206464
7,2,13,2579.21,0.194444
7,2,14,2519.1,0.18029
7,2,15,2470.67,0.165273
7,2,16,2434.93,0.150639
7,2,17,2409.63,0.137584
7,2,18,2390.33,0.127081
7,2,19,2372.39,0.119608
7,2,20,2352.01,0.115048
7,2,21,2326.03,0.112348
7,2,22,2291.2,0.109707
7,2,23,2243.95,0.104955
7,2,24,2181.41,0.0964947
7,2,25,2102.63,0.0840377
7,2,26,2010.15,0.0689808
7,2,27,1910.23,0.0536575
7,2,28,1811.36,0.0401798
7,2,29,1721.67,0.0297332
7,2,30,1646.11,0.0223525
7,2,31,1585.28,0.0173157
7,2,32,1536.54,0.0136437
7,2,33,1495.82,0.0106589
7,2,34,1459.73,0.00804767
7,2,35,1426.51,0.00573578
7,2,36,1395.5,0.00385313
7,2,37,1366.9,0.002445
7,2,38,1340.91,0.00156491
7,2,39,1317.82,0.00128829
7,2,40,1297.93,0.00173128
7,2,41,1281.79,0.00324934
7,2,42,1269.63,0.00631284
7,2,43,1260.6,0.0113911
7,2,44,1252.66,0.0186305
7,2,45,1242.61,0.0274865
7,2,46,1227.23,0.0365458
7,2,47,1204.67,0.0437769
7,2,48,1175.26,0.0472381
7,2,49,1141.48,0.0459105
7,3,0,2559.54,0.359475
7,3,1,2741.86,0.406916
7,3,2,2861.75,0.426789
7,3,3,2928.53,0.418853
7,3,4,2956.72,0.390331
7,3,5,2960.71,0.352456
7,3,6,2951.25,0.315954
7,3,7,2933.55,0.287741
7,3,8,2907.81,0.269655
7,3,9,2871.58,0.259545
7,3,10,2823.19,0.253324
7,3,11,2763.26,0.247008
7,3,12,2696.55,0.238357
7,3,13,2629.17,0.226278
7,3,14,2567.51,0.211053
7,3,15,2516.07,0.193771
7,3,16,2476.01,0.175624
7,3,17,2445.72,0.157959
7,3,18,2421.79,0.142051
7,3,19,2400.6,0.12878
7,3,20,2378.98,0.11834
7,3,21,2353.82,0.110087
7,3,22,2321.28,0.102751
7,3,23,2277.03,0.0947156
7,3,24,2217.56,0.0848364
7,3,25,2141.54,0.0729115
7,3,26,2051.39,0.0599905
7,3,27,1953.25,0.0477446
7,3,28,1855.38,0.0375343
7,3,29,1765.73,0.0299629
7,3,30,1689.25,0.0247194
7,3,31,1626.76,0.0209969
7,3,32,1575.97,0.0178779
7,3,33,1533.21,0.0148376
7,3,34,1495.27,0.0117348
7,3,35,1460.58,0.00869578
7,3,36,1428.45,0.00601425
7,3,37,1399.02,0.0038955
7,3,38,1372.46,0.00247697
7,3,39,1348.98,0.00186765
7,3,40,1328.86,0.00219754
7,3,41,1312.71,0.00382873
7,3,42,1300.82,0.0072374
7,3,43,1292.3,0.0128818
7,3,44,1284.83,0.0208452
7,3,45,1274.77,0.0304494
7,3,46,1258.41,0.0400962
7,3,47,1233.57,0.0475782
7,3,48,1200.55,0.0508718
7,3,49,1162.18,0.0490081
7,4,0,2550.66,0.340317
7,4,1,2734.93,0.387838
7,4,2,2857.6,0.410056
7,4,3,2927.5,0.406451
7,4,4,2958.55,0.383588
7,4,5,2964.59,0.351898
7,4,6,2956.1,0.321324
7,4,7,2938.34,0.298158
7,4,8,2911.88,0.283828
7,4,9,2874.71,0.276087
7,4,10,2825.53,0.271042
7,4,11,2765.16,0.26514
7,4,12,2698.26,0.256544
7,4,13,2630.66,0.244415
7,4,14,2568.26,0.228961
7,4,15,2515.08,0.210935
7,4,16,2472.1,0.19119
7,4,17,2438.12,0.17092
7,4,18,2410.69,0.151425
7,4,19,2387.28,0.133832
7,4,20,2365.36,0.11857
7,4,21,2341.87,0.105419
7,4,22,2312.5,0.0937269
7,4,23,2272.35,0.0825423
7,4,24,2217.51,0.0713043
7,4,25,2146.58,0.0600011
7,4,26,2061.93,0.0493786
7,4,27,1969.43,0.0404455
7,4,28,1876.7,0.0337939
7,4,29,1790.97,0.029421
7,4,30,1716.7,0.02665
7,4,31,1654.76,0.0245689
7,4,32,1603.32,0.0222938
7,4,33,1559.27,0.0194149
7,4,34,1519.88,0.0159371
7,4,35,1483.86,0.0121846
7,4,36,1450.68,0.00863682
7,4,37,1420.53,0.00569408
7,4,38,1393.59,0.00360896
7,4,39,1370.09,0.0025378
7,4,40,1350.28,0.00261339
7,4,41,1334.76,0.0041604
7,4,42,1323.8,0.00760146
7,4,43,1316.42,0.0133273
7,4,44,1310.08,0.0213351
7,4,45,1300.79,0.0308586
7,4,46,1284.4,0.0402457
7,4,47,1258.35,0.0473021
7,4,48,1222.87,0.0501045
7,4,49,1180.98,0.04783
7,5,0,2507.72,0.30802
7,5,1,2692.48,0.353958
7,5,2,2817.92,0.377949
7,5,3,2891.87,0.379212
7,5,4,2927.21,0.363339
7,5,5,2936.79,0.339425
7,5,6,2930.27,0.31606
7,5,7,2912.58,0.298472
7,5,8,2884.48,0.287504
7,5,9,2844.58,0.28093
7,5,10,2792.38,0.275392
7,5,11,2729.46,0.268236
7,5,12,2660.92,0.258487
7,5,13,2592.64,0.24592
7,5,14,2530.03,0.230866
7,5,15,2476.41,0.213712
7,5,16,2432.28,0.19476
7,5,17,2396.47,0.174709
7,5,18,2367.25,0.1545
7,5,19,2342.91,0.135193
7,5,20,2321.47,0.117258
7,5,21,2299.95,0.10081
7,5,22,2273.85,0.0858152
7,5,23,2238.06,0.0720274
7,5,24,2188.72,0.0595268
7,5,25,2124.58,0.0485928
7,5,26,2048.03,0.0397895
7,5,27,1964.39,0.0336039
7,5,28,1880.23,0.0299984
7,5,29,1801.51,0.0284592
7,5,30,1731.91,0.0279873
7,5,31,1672.2,0.0275568
7,5,32,1621.05,0.0262645
7,5,33,1576.13,0.0237405
7,5,34,1535.39,0.02007
7,5,35,1498,0.015733
7,5,36,1463.66,0.0113855
7,5,37,1432.72,0.00762947
7,5,38,1405.47,0.00485182
7,5,39,1382.12,0.00326611
7,5,40,1362.87,0.00299408
7,5,41,1348.25,0.0042791
7,5,42,1338.43,0.00743135
7,5,43,1332.37,0.0127246
7,5,44,1327.39,0.0200641
7,5,45,1319.32,0.0286671
7,5,46,1303.69,0.0369811
7,5,47,1277.58,0.0430177
7,5,48,1240.98,0.0451162
7,5,49,1196.89,0.0426575
7,6,0,2445.33,0.271013
7,6,1,2629.49,0.314541
7,6,2,2757.53,0.339851
7,6,3,2836.04,0.345904
7,6,4,2876.53,0.337143
7,6,5,2890.45,0.321043
7,6,6,2886.29,0.304567
7,6,7,2868.29,0.291722
7,6,8,2837.3,0.282781
7,6,9,2792.74,0.275692
7,6,10,2735.25,0.267853
7,6,11,2667.71,0.25776
7,6,12,2596.14,0.245553
7,6,13,2526.7,0.231872
7,6,14,2464.44,0.217393
7,6,15,2411.78,0.202251
7,6,16,2368.42,0.186147
7,6,17,2332.89,0.16904
7,6,18,2303.71,0.151138
7,6,19,2279.62,0.133062
7,6,20,2258.99,0.115054
7,6,21,2239.05,0.0974052
7,6,22,2215.47,0.0806074
7,6,23,2183.51,0.0650808
7,6,24,2139.79,0.0515312
7,6,25,2083.47,0.0405953
7,6,26,2016.82,0.0328063
7,6,27,1944.31,0.0283441
7,6,28,1871.04,0.0267706
7,6,29,1801.38,0.0272319
7,6,30,1737.97,0.0285007
7,6,31,1681.46,0.0294507
7,6,32,1631.1,0.0291109
7,6,33,1585.51,0.027073
7,6,34,1543.47,0.0234265
7,6,35,1504.73,0.0187379
7,6,36,1469.34,0.0137995
7,6,37,1437.77,0.00938754
7,6,38,1410.39,0.00601987
7,6,39,1387.37,0.0039668
7,6,40,1368.76,0.00332601
7,6,41,1354.93,0.0042294
7,6,42,1345.97,0.00683634
7,6,43,1340.83,0.0112783
7,6,44,1336.9,0.017384
7,6,45,1330.01,0.0244322
7,6,46,1315.55,0.0311034
7,6,47,1290.31,0.0357612
7,6,48,1253.88,0.0371065
7,6,49,1209.03,0.0347325
7,7,0,2376.68,0.237278
7,7,1,2559.65,0.27857
7,7,2,2690.04,0.305068
7,7,3,2773.04,0.315419
7,7,4,2818.57,0.312858
7,7,5,2836.54,0.303223
7,7,6,2834.1,0.29193
7,7,7,2814.8,0.281931
7,7,8,2779.6,0.27315
7,7,9,2728.87,0.263871
7,7,10,2664.67,0.252309
7,7,11,2591.41,0.238073
7,7,12,2516.26,0.222402
7,7,13,2445.83,0.20685
7,7,14,2384.73,0.192612
7,7,15,2334.41,0.179786
7,7,16,2293.58,0.167592
7,7,17,2260.14,0.155193
7,7,18,2232.48,0.141841
7,7,19,2209.36,0.127417
7,7,20,2189.37,0.111687
7,7,21,2170.05,0.0949166
7,7,22,2147.73,0.0779556
7,7,23,2118.52,0.0617596
7,7,24,2079.97,0.0475632
7,7,25,2031.73,0.0363685
7,7,26,1975.79,0.0288106
7,7,27,1915.44,0.0249853
7,7,28,1854.04,0.0243033
7,7,29,1794.18,0.0257646
7,7,30,1737.46,0.0280306
7,7,31,1684.43,0.0299103
7,7,32,1635,0.0303429
7,7,33,1588.84,0.0288315
7,7,34,1545.69,0.0254103
7,7,35,1505.94,0.0206626
7,7,36,1470.01,0.0154589
7,7,37,1438.43,0.0106957
7,7,38,1411.49,0.00699591
7,7,39,1389.16,0.00467265
7,7,40,1371.25,0.00378482
7,7,41,1357.92,0.00433322
7,7,42,1349.19,0.0063051
7,7,43,1344.16,0.00968211
7,7,44,1340.46,0.0142434
7,7,45,1334.2,0.0193965
7,7,46,1320.85,0.0241477
7,7,47,1296.92,0.0272941
7,7,48,1261.59,0.0279309
7,7,49,1217.17,0.0258337
7,8,0,2312,0.212926
7,8,1,2493.79,0.253055
7,8,2,2626.17,0.28096
7,8,3,2712.86,0.294833
7,8,4,2762.18,0.29675
7,8,5,2782.53,0.291153
7,8,6,2780,0.28232
7,8,7,2757.73,0.272617
7,8,8,2717.12,0.26199
7,8,9,2659.59,0.249208
7,8,10,2588.67,0.233198
7,8,11,2510.24,0.214399
7,8,12,2432.5,0.194862
7,8,13,2362.28,0.176911
7,8,14,2303.66,0.162298
7,8,15,2257.02,0.151309
7,8,16,2220.07,0.142921
7,8,17,2189.93,0.135632
7,8,18,2164.58,0.127757
7,8,19,2142.6,0.11831
7,8,20,2122.68,0.106452
7,8,21,2102.84,0.092237
7,8,22,2080.37,0.0766399
7,8,23,2052.69,0.0609369
7,8,24,2018.46,0.0467092
7,8,25,1977.83,0.0352615
7,8,26,1932.34,0.0274147
7,8,27,1883.88,0.0233668
7,8,28,1833.96,0.0225994
7,8,29,1783.5,0.0241458
7,8,30,1733.13,0.0266735
7,8,31,1683.36,0.0289727
7,8,32,1634.81,0.0299022
7,8,33,1588.24,0.0288636
7,8,34,1544.42,0.0258054
7,8,35,1504.4,0.021277
7,8,36,1468.89,0.0161708
7,8,37,1438.33,0.0114429
7,8,38,1412.71,0.00778346
7,8,39,1391.63,0.005525
7,8,40,1374.53,0.00466952
7,8,41,1361.36,0.00506908
7,8,42,1352.12,0.0065227
7,8,43,1346.19,0.00885854
7,8,44,1341.66,0.0118303
7,8,45,1335.1,0.0150214
7,8,46,1322.26,0.0178124
7,8,47,1299.5,0.0194583
7,8,48,1265.55,0.0194313
7,8,49,1222.17,0.0176457
7,9,0,2257.79,0.201354
7,9,1,2438.78,0.241994
7,9,2,2572.67,0.271802
7,9,3,2661.63,0.28831
7,9,4,2712.47,0.292562
7,9,5,2732.44,0.288029
7,9,6,2727.12,0.278485
7,9,7,2699.84,0.266343
7,9,8,2652.82,0.252015
7,9,9,2588.75,0.234863
7,9,10,2512.5,0.214325
7,9,11,2431.07,0.191252
7,9,12,2353.21,0.168079
7,9,13,2285.52,0.14759
7,9,14,2231.24,0.132002
7,9,15,2189.67,0.12192
7,9,16,2157.52,0.116329
7,9,17,2131.24,0.113324
7,9,18,2108.36,0.110514
7,9,19,2087.22,0.106152
7,9,20,2066.65,0.0988087
7,9,21,2045.31,0.0882122
7,9,22,2021.64,0.075214
7,9,23,1994.48,0.0611371
7,9,24,1963.62,0.0476592
7,9,25,1929.62,0.0362567
7,9,26,1893.4,0.0279564
7,9,27,1855.45,0.0231872
7,9,28,1815.58,0.0216724
7,9,29,1773.23,0.0226259
7,9,30,1728.29,0.0248232
7,9,31,1681.31,0.0270827
7,9,32,1633.62,0.0282118
7,9,33,1586.99,0.0275269
7,9,34,1543.21,0.0248877
7,9,35,1503.94,0.0207878
7,9,36,1470.06,0.0161067
7,9,37,1441.71,0.0118161
7,9,38,1418.37,0.00863882
7,9,39,1399.13,0.00689887
7,9,40,1383.02,0.00651123
7,9,41,1369.77,0.00714487
7,9,42,1359.46,0.00837861
7,9,43,1351.83,0.00987064
7,9,44,1345.51,0.0113644
7,9,45,1337.66,0.0126535
7,9,46,1324.41,0.0135185
7,9,47,1302.12,0.0136708
7,9,48,1269.13,0.0129254
7,9,49,1226.63,0.0112981
7,10,0,2216.73,0.202725
7,10,1,2397.33,0.245736
7,10,2,2532.02,0.278118
7,10,3,2621.51,0.296542
7,10,4,2671.27,0.301156
7,10,5,2687.86,0.294928
7,10,6,2676.97,0.281768
7,10,7,2642.75,0.264761
7,10,8,2588.75,0.245198
7,10,9,2519.06,0.223131
7,10,10,2439.71,0.198315
7,10,11,2358.37,0.171623
7,10,12,2283.65,0.145435
7,10,13,2221.37,0.122627
7,10,14,2173.58,0.105674
7,10,15,2138.38,0.0955049
7,10,16,2111.65,0.0912846
7,10,17,2089.3,0.0909943
7,10,18,2068.52,0.0918992
7,10,19,2047.58,0.0917472
7,10,20,2025.62,0.0886931
7,10,21,2002.08,0.0821105
7,10,22,1976.62,0.0725224
7,10,23,1949.38,0.0610271
7,10,24,1921.12,0.0491272
7,10,25,1892.59,0.0382924
7,10,26,1864.01,0.0297109
7,10,27,1834.62,0.0240998
7,10,28,1802.81,0.0215319
7,10,29,1766.93,0.021508
7,10,30,1726.36,0.0229945
7,10,31,1681.75,0.0248792
7,10,32,1635.08,0.0259571
7,10,33,1589.05,0.0254894
7,10,34,1546.3,0.0232591
7,10,35,1508.93,0.0197096
7,10,36,1477.86,0.015702
7,10,37,1452.75,0.0122112
7,10,38,1432.47,0.00997431
7,10,39,1415.51,0.00928047
7,10,40,1400.56,0.00991169
7,10,41,1387.21,0.0112911
7,10,42,1375.64,0.0127148
7,10,43,1365.95,0.0136316
7,10,44,1357.3,0.0137796
7,10,45,1347.43,0.0131966
7,10,46,1332.86,0.0120937
7,10,47,1310.04,0.0106438
7,10,48,1276.98,0.00898274
7,10,49,1234.41,0.00720708
7,11,0,2188.3,0.213856
7,11,1,2368.5,0.260726
7,11,2,2503.09,0.296309
7,11,3,2591.41,0.316278
7,11,4,2637.9,0.320015
7,11,5,2648.82,0.310317
7,11,6,2630.43,0.291677
7,11,7,2588.18,0.268264
7,11,8,2527.29,0.242534
7,11,9,2453.37,0.215305
7,11,10,2373.45,0.186563
7,11,11,2295.36,0.156947
7,11,12,2227.01,0.128459
7,11,13,2172.89,0.103742
7,11,14,2133.55,0.0852775
7,11,15,2105.81,0.0742194
7,11,16,2084.74,0.0699807
7,11,17,2065.92,0.0706657
7,11,18,2046.4,0.0735552
7,11,19,2024.67,0.0762199
7,11,20,2000.47,0.0766394
7,11,21,1974.21,0.0738986
7,11,22,1946.72,0.0680756
7,11,23,1919.28,0.0598336
7,11,24,1893.23,0.0502551
7,11,25,1869.23,0.0406073
7,11,26,1846.74,0.0321379
7,11,27,1823.91,0.025841
7,11,28,1798.16,0.0221865
7,11,29,1767.13,0.0210339
7,11,30,1729.97,0.021608
7,11,31,1687.54,0.0229077
7,11,32,1642.4,0.0237578
7,11,33,1597.93,0.0233971
7,11,34,1557.37,0.0215499
7,11,35,1523.07,0.0186291
7,11,36,1495.74,0.0154916
7,11,37,1474.48,0.0131271
7,11,38,1457.56,0.0122794
7,11,39,1443.03,0.0131745
7,11,40,1429.33,0.0154013
7,11,41,1416.02,0.0180531
7,11,42,1403.43,0.0200609
7,11,43,1391.93,0.0206153
7,11,44,1381.09,0.0194547
7,11,45,1369.07,0.0169055
7,11,46,1352.71,0.0136571
7,11,47,1328.49,0.0103672
7,11,48,1294.16,0.0074886
7,11,49,1250.05,0.00519233
7,12,0,2171.71,0.230016
7,12,1,2351.03,0.281611
7,12,2,2484.41,0.320931
7,12,3,2570.18,0.342629
7,12,4,2612.06,0.345385
7,12,5,2616.26,0.331933
7,12,6,2589.84,0.307438
7,12,7,2539.73,0.27725
7,12,8,2472.91,0.245078
7,12,9,2396.53,0.212599
7,12,10,2318.43,0.180088
7,12,11,2246.24,0.147919
7,12,12,2186.78,0.11758
7,12,13,2142.81,0.0912652
7,12,14,2113.18,0.0712453
7,12,15,2093.36,0.058745
7,12,16,2077.68,0.0534045
7,12,17,2061.44,0.0535922
7,12,18,2041.86,0.056875
7,12,19,2017.96,0.0609288
7,12,20,1990.43,0.0637923
7,12,21,1960.86,0.0643703
7,12,22,1931.27,0.0622733
7,12,23,1903.76,0.0576097
7,12,24,1879.9,0.0508654
7,12,25,1859.89,0.0429308
7,12,26,1842.33,0.0349876
7,12,27,1824.48,0.0282503
7,12,28,1803.09,0.0235882
7,12,29,1775.52,0.0212624
7,12,30,1741,0.0208103
7,12,31,1700.73,0.0213858
7,12,32,1657.76,0.0218838
7,12,33,1615.91,0.0215509
7,12,34,1578.68,0.0200691
7,12,35,1548.34,0.0178407
7,12,36,1525.2,0.0157348
7,12,37,1507.84,0.0147729
7,12,38,1494.11,0.0156967
7,12,39,1481.8,0.0186387
7,12,40,1469.35,0.0229321
7,12,41,1456.41,0.0272601
7,12,42,1443.42,0.0301185
7,12,43,1430.96,0.0304061
7,12,44,1418.8,0.0278791
7,12,45,1405.31,0.0232023
7,12,46,1387.42,0.0175914
7,12,47,1361.48,0.0122127
7,12,48,1324.91,0.00783622
7,12,49,1277.67,0.00470363
7,13,0,2165.52,0.246309
7,13,1,2342.92,0.302777
7,13,2,2473.75,0.346185
7,13,3,2555.82,0.370276
7,13,4,2592.48,0.373041
7,13,5,2590.04,0.357005
7,13,6,2556.39,0.327752
7,13,7,2499.85,0.291564
7,13,8,2429.01,0.253303
7,13,9,2352.39,0.215595
7,13,10,2278.41,0.179204
7,13,11,2214.24,0.144424
7,13,12,2165.31,0.112286
7,13,13,2132.51,0.0844628
7,13,14,2112.91,0.0628674
7,13,15,2100.66,0.0486363
7,13,16,2089.38,0.041553
7,13,17,2074.26,0.0402886
7,13,18,2052.88,0.0428335
7,13,19,2025.14,0.0471466
7,13,20,1993,0.0514936
7,13,21,1959.42,0.0547158
7,13,22,1927.59,0.0560105
7,13,23,1900.23,0.054909
7,13,24,1878.71,0.051212
7,13,25,1862.48,0.045307
7,13,26,1849.11,0.0381882
7,13,27,1835.09,0.0312097
7,13,28,1816.81,0.0256114
7,13,29,1791.68,0.0220757
7,13,30,1759.28,0.020495
7,13,31,1721.28,0.0202258
7,13,32,1681.16,0.0202747
7,13,33,1642.95,0.019926
7,13,34,1610.01,0.0188369
7,13,35,1584.18,0.0174054
7,13,36,1565.26,0.0165049
7,13,37,1551.41,0.017177
7,13,38,1540.27,0.0201237
7,13,39,1529.72,0.0253421
7,13,40,1518.41,0.0318671
7,13,41,1506.19,0.0379451
7,13,42,1493.64,0.0416364
7,13,43,1481.44,0.0415782
7,13,44,1469.38,0.0375883
7,13,45,1455.75,0.0307038
7,13,46,1437.29,0.0226729
7,13,47,1410,0.0151491
7,13,48,1370.77,0.00918888
7,13,49,1319.16,0.00508744
7,14,0,2169.76,0.260137
7,14,1,2343.9,0.321219
7,14,2,2470.62,0.368962
7,14,3,2547.77,0.396377
7,14,4,2578.71,0.400751
7,14,5,2570.08,0.384126
7,14,6,2530.53,0.352035
7,14,7,2469.54,0.311248
7,14,8,2397.05,0.26755
7,14,9,2322.63,0.224586
7,14,10,2255.01,0.183896
7,14,11,2200.58,0.146016
7,14,12,2163.2,0.111734
7,14,13,2141.82,0.0822484
7,14,14,2131.79,0.0590373
7,14,15,2126.09,0.0430091
7,14,16,2117.76,0.0339726
7,14,17,2102.05,0.0308611
7,14,18,2077.12,0.0321051
7,14,19,2043.95,0.0360083
7,14,20,2005.97,0.0411394
7,14,21,1967.66,0.0463584
7,14,22,1933.37,0.050535
7,14,23,1906.21,0.0526701
7,14,24,1887.09,0.0518792
7,14,25,1874.45,0.0479975
7,14,26,1864.77,0.0417546
7,14,27,1853.83,0.0345746
7,14,28,1837.82,0.0280266
7,14,29,1814.46,0.0232098
7,14,30,1783.85,0.0203924
7,14,31,1748.24,0.0191741
7,14,32,1711.48,0.0187095
7,14,33,1677.54,0.0183489
7,14,34,1649.37,0.0177423
7,14,35,1628.14,0.0172667
7,14,36,1613.05,0.0177515
7,14,37,1601.97,0.0201928
7,14,38,1592.63,0.0251732
7,14,39,1583.27,0.0325059
7,14,40,1572.9,0.0409345
7,14,41,1561.72,0.0483439
7,14,42,1550.47,0.0524786
7,14,43,1539.84,0.0518355
7,14,44,1529.48,0.0463609
7,14,45,1517.39,0.0374496
7,14,46,1499.8,0.0272989
7,14,47,1472.08,0.0179416
7,14,48,1430.42,0.0106351
7,14,49,1373.8,0.00569119
7,15,0,2186.2,0.27208
7,15,1,2355.8,0.337507
7,15,2,2476.73,0.38972
7,15,3,2547.45,0.421188
7,15,4,2571.83,0.428519
7,15,5,2557.1,0.413046
7,15,6,2512.69,0.379832
7,15,7,2449.11,0.335687
7,15,8,2377.31,0.287065
7,15,9,2307.54,0.238666
7,15,10,2248.39,0.193071
7,15,11,2205.14,0.151411
7,15,12,2179.84,0.11449
7,15,13,2169.47,0.0831324
7,15,14,2167.86,0.0583448
7,15,15,2167.11,0.040685
7,15,16,2160,0.0298646
7,15,17,2142.01,0.0250008
7,15,18,2112.08,0.0249125
7,15,19,2072.37,0.0282281
7,15,20,2027.81,0.0338135
7,15,21,1984.34,0.0405678
7,15,22,1947.31,0.0471007
7,15,23,1920.08,0.0519489
7,15,24,1903,0.0536114
7,15,25,1893.43,0.0514056
7,15,26,1886.82,0.045796
7,15,27,1878.31,0.0382502
7,15,28,1864.01,0.0306333
7,15,29,1842.01,0.0244355
7,15,30,1813.01,0.0202925
7,15,31,1779.82,0.0180658
7,15,32,1746.55,0.017084
7,15,33,1716.99,0.0167857
7,15,34,1693.5,0.0168295
7,15,35,1676.5,0.0175297
7,15,36,1664.58,0.0195784
7,15,37,1655.49,0.0237982
7,15,38,1647.2,0.0305303
7,15,39,1638.51,0.0393561
7,15,40,1628.95,0.0488028
7,15,41,1619.12,0.0565911
7,15,42,1609.97,0.0604042
7,15,43,1602.13,0.0588107
7,15,44,1594.99,0.0519628
7,15,45,1586.01,0.0415324
7,15,46,1570.7,0.0299777
7,15,47,1543.63,0.0195062
7,15,48,1500.12,0.0114322
7,15,49,1438.49,0.00602895
7,16,0,2216.55,0.285296
7,16,1,2380.71,0.355046
7,16,2,2494.39,0.41168
7,16,3,2557.15,0.447275
7,16,4,2573.79,0.45789
7,16,5,2552.48,0.444153
7,16,6,2503.64,0.410497
7,16,7,2438.74,0.36353
7,16,8,2369.51,0.310172
7,16,9,2306.45,0.256143
7,16,10,2257.5,0.205202
7,16,11,2226.38,0.159304
7,16,12,2213.11,0.119465
7,16,13,2212.74,0.0862147
7,16,14,2217.89,0.0600579
7,16,15,2220.16,0.0411002
7,16,16,2212.49,0.0288639
7,16,17,2190.89,0.0225876
7,16,18,2155.16,0.0214229
7,16,19,2108.6,0.0242767
7,16,20,2057.42,0.0302495
7,16,21,2008.75,0.0382366
7,16,22,1968.72,0.0466048
7,16,23,1940.8,0.0534854
7,16,24,1924.83,0.0568804
7,16,25,1917.33,0.0557073
7,16,26,1912.87,0.0502511
7,16,27,1906.14,0.0420455
7,16,28,1893.15,0.0332222
7,16,29,1872.35,0.0256069
7,16,30,1844.86,0.0201555
7,16,31,1813.94,0.0169808
7,16,32,1783.85,0.0155986
7,16,33,1758.16,0.0155536
7,16,34,1738.67,0.0165227
7,16,35,1725.11,0.0186927
7,16,36,1715.59,0.0224883
7,16,37,1707.83,0.0283795
7,16,38,1700.14,0.0363209
7,16,39,1691.92,0.0456304
7,16,40,1683.24,0.0547609
7,16,41,1675.23,0.0615701
7,16,42,1668.98,0.064031
7,16,43,1665.02,0.0610494
7,16,44,1662.33,0.0530488
7,16,45,1657.69,0.0418369
7,16,46,1645.75,0.0298652
7,16,47,1620.25,0.0192496
7,16,48,1575.6,0.0111843
7,16,49,1509.38,0.00584504
7,17,0,2260.72,0.303263
7,17,1,2419.34,0.377559
7,17,2,2525.12,0.438287
7,17,3,2578.99,0.477235
7,17,4,2587.02,0.490178
7,17,5,2558.62,0.477334
7,17,6,2505.37,0.442696
7,17,7,2439.81,0.392683
7,17,8,2374.25,0.334551
7,17,9,2319.03,0.274898
7,17,10,2281,0.218594
7,17,11,2261.91,0.168455
7,17,12,2259.65,0.125789
7,17,13,2267.47,0.0908788
7,17,14,2277.15,0.0637128
7,17,15,2280.3,0.043888
7,17,16,2270.42,0.0306983
7,17,17,2244.32,0.0234728
7,17,18,2202.74,0.0216483
7,17,19,2149.89,0.0243489
7,17,20,2092.87,0.0308021
7,17,21,2039.52,0.0398025
7,17,22,1996.38,0.0494506
7,17,23,1966.95,0.057531
7,17,24,1950.78,0.0617224
7,17,25,1943.91,0.0607379
7,17,26,1940.46,0.0548388
7,17,27,1934.79,0.0456767
7,17,28,1922.82,0.0356059
7,17,29,1903.13,0.02669
7,17,30,1877.1,0.0201184
7,17,31,1848.15,0.0162167
7,17,32,1820.6,0.0146954
7,17,33,1797.83,0.0152247
7,17,34,1781.3,0.017504
7,17,35,1770.24,0.0215177
7,17,36,1762.46,0.0272748
7,17,37,1755.68,0.0346941
7,17,38,1748.52,0.0432016
7,17,39,1740.98,0.0518409
7,17,40,1733.66,0.0591728
7,17,41,1728.15,0.063531
7,17,42,1725.73,0.0635484
7,17,43,1726.68,0.0587236
7,17,44,1729.4,0.0497909
7,17,45,1729.9,0.0385249
7,17,46,1722,0.0270936
7,17,47,1698.64,0.017259
7,17,48,1653.46,0.0099335
7,17,49,1583.29,0.00514706
7,18,0,2315.34,0.327805
7,18,1,2469.32,0.406903
7,18,2,2567.85,0.471092
7,18,3,2613.32,0.511934
7,18,4,2613.16,0.525282
7,18,5,2578.08,0.511451
7,18,6,2520.89,0.474467
7,18,7,2455.14,0.420795
7,18,8,2393.6,0.357982
7,18,9,2346.16,0.293263
7,18,10,2318.3,0.232341
7,18,11,2309.63,0.178706
7,18,12,2316.01,0.133884
7,18,13,2329.23,0.0978965
7,18,14,2340.67,0.0702096
7,18,15,2342.37,0.0499195
7,18,16,2328.76,0.0361317
7,18,17,2297.69,0.0282944
7,18,18,2250.79,0.0261138
7,18,19,2192.94,0.0288792
7,18,20,2131.55,0.0358159
7,18,21,2074.57,0.045495
7,18,22,2028.5,0.0557114
7,18,23,1996.8,0.0639811
7,18,24,1979.08,0.0678768
7,18,25,1971.37,0.0661518
7,18,26,1967.75,0.05923
7,18,27,1962.42,0.0489237
7,18,28,1951.19,0.037728
7,18,29,1932.52,0.0278032
7,18,30,1907.74,0.0204545
7,18,31,1880.25,0.0161696
7,18,32,1854.34,0.0148655
7,18,33,1833.32,0.0163666
7,18,34,1818.56,0.0203971
7,18,35,1809.08,0.0266681
7,18,36,1802.56,0.0346348
7,18,37,1796.75,0.0434848
7,18,38,1790.52,0.0520052
7,18,39,1784.33,0.0589756
7,18,40,1779.24,0.0632394
7,18,41,1777.27,0.0639007
7,18,42,1779.74,0.0605489
7,18,43,1786.58,0.0534618
7,18,44,1795.47,0.043693
7,18,45,1801.59,0.0328414
7,18,46,1798.01,0.0225806
7,18,47,1777.05,0.0141328
7,18,48,1731.79,0.00802146
7,18,49,1658.32,0.00410351
7,19,0,2374.81,0.358421
7,19,1,2525.87,0.442503
7,19,2,2619.21,0.509442
7,19,3,2658.51,0.550617
7,19,4,2652.4,0.5623
7,19,5,2612.63,0.545471
7,19,6,2553,0.504755
7,19,7,2487.82,0.447017
7,19,8,2430.05,0.380083
7,19,9,2389.02,0.311516
7,19,10,2368.82,0.24742
7,19,11,2367.22,0.191594
7,19,12,2378.44,0.145585
7,19,13,2393.34,0.109118
7,19,14,2403.28,0.0811865
7,19,15,2401.09,0.0605003
7,19,16,2382.4,0.0461162
7,19,17,2346.19,0.0376879
7,19,18,2294.92,0.0351893
7,19,19,2233.77,0.0380111
7,19,20,2169.92,0.0452239
7,19,21,2110.78,0.0550498
7,19,22,2062.38,0.0649528
7,19,23,2028.08,0.0722964
7,19,24,2007.79,0.0747939
7,19,25,1998.03,0.0714898
7,19,26,1993.24,0.0631317
7,19,27,1987.64,0.0516907
7,19,28,1976.83,0.0396727
7,19,29,1959,0.0291648
7,19,30,1935.17,0.0214656
7,19,31,1908.54,0.0171796
7,19,32,1883.36,0.0164544
7,19,33,1863.01,0.0193033
7,19,34,1848.97,0.0254753
7,19,35,1840.36,0.0343524
7,19,36,1834.86,0.0447342
7,19,37,1830.28,0.05496
7,19,38,1825.64,0.0631301
7,19,39,1821.81,0.0677957
7,19,40,1820.14,0.068213
7,19,41,1822.98,0.0644355
7,19,42,1831.53,0.0571627
7,19,43,1845.21,0.0475249
7,19,44,1860.87,0.0368748
7,19,45,1872.86,0.0265513
7,19,46,1873.67,0.017637
7,19,47,1855.22,0.0107409
7,19,48,1810.19,0.00596499
7,19,49,1734.01,0.00299015
7,20,0,2433.48,0.392848
7,20,1,2583.9,0.481995
7,20,2,2675.02,0.551164
7,20,3,2711.64,0.591544
7,20,4,2703.2,0.600069
7,20,5,2662.09,0.57883
7,20,6,2602.51,0.533567
7,20,7,2538.95,0.471892
7,20,8,2484.25,0.40193
7,20,9,2447.2,0.331257
7,20,10,2430.85,0.265882
7,20,11,2431.74,0.209451
7,20,12,2443.11,0.163278
7,20,13,2455.47,0.126752
7,20,14,2460.54,0.0985148
7,20,15,2452.15,0.0770985
7,20,16,2427.24,0.0617225
7,20,17,2385.93,0.0523598
7,20,18,2331.4,0.0492361
7,20,19,2268.78,0.0517614
7,20,20,2204.49,0.0587011
7,20,21,2144.89,0.0678451
7,20,22,2095.18,0.0763603
7,20,23,2058.53,0.0816273
7,20,24,2035.35,0.0817456
7,20,25,2022.97,0.0762537
7,20,26,2016.46,0.0663026
7,20,27,2010.18,0.0539497
7,20,28,1999.53,0.0415403
7,20,29,1982.3,0.0309207
7,20,30,1959.09,0.0232812
7,20,31,1932.83,0.0193184
7,20,32,1907.72,0.019438
7,20,33,1887.31,0.0238697
7,20,34,1873.33,0.0323785
7,20,35,1865.14,0.0439855
7,20,36,1860.56,0.0567942
7,20,37,1857.53,0.0682815
7,20,38,1855.22,0.0759024
7,20,39,1854.78,0.0780465
7,20,40,1857.78,0.0744485
7,20,41,1866.67,0.0661406
7,20,42,1882.38,0.0549096
7,20,43,1903.64,0.0426849
7,20,44,1926.43,0.031068
7,20,45,1944.33,0.0211207
7,20,46,1949.43,0.0133551
7,20,47,1933.45,0.00780528
7,20,48,1888.85,0.00418973
7,20,49,1810.48,0.00203257
7,21,0,2487.94,0.428202
7,21,1,2640.09,0.522556
7,21,2,2732.19,0.593973
7,21,3,2769.91,0.633394
7,21,4,2763.19,0.638458
7,21,5,2724.47,0.61258
7,21,6,2667.68,0.562926
7,21,7,2606.81,0.498115
7,21,8,2554.18,0.426609
7,21,9,2518.07,0.355732
7,21,10,2501.11,0.290947
7,21,11,2499.44,0.235303
7,21,12,2506.11,0.189622
7,21,13,2511.84,0.152965
7,21,14,2509.03,0.12382
7,21,15,2492.59,0.10084
7,21,16,2460.73,0.083654
7,21,17,2414.66,0.0726527
7,21,18,2358.02,0.0682499
7,21,19,2295.58,0.0697535
7,21,20,2232.63,0.0754929
7,21,21,2174.17,0.0828191
7,21,22,2124.38,0.0887246
7,21,23,2086.19,0.0908289
7,21,24,2060.58,0.0878297
7,21,25,2045.74,0.0798676
7,21,26,2037.54,0.0684585
7,21,27,2030.54,0.0555992
7,21,28,2019.97,0.0432858
7,21,29,2003.19,0.0329882
7,21,30,1980.41,0.0257261
7,21,31,1954.35,0.0222826
7,21,32,1929.15,0.0233376
7,21,33,1908.5,0.0293403
7,21,34,1894.4,0.0400518
7,21,35,1886.45,0.0541313
7,21,36,1882.74,0.069029
7,21,37,1881.43,0.0814668
7,21,38,1881.94,0.088396
7,21,39,1885.67,0.0881483
7,21,40,1894.25,0.0809393
7,21,41,1910.08,0.0686638
7,21,42,1933.62,0.0540094
7,21,43,1962.81,0.0395326
7,21,44,1992.75,0.0270013
7,21,45,2016.4,0.0172292
7,21,46,2025.58,0.010263
7,21,47,2011.97,0.00568051
7,21,48,1967.95,0.00290544
7,21,49,1887.78,0.00134201
7,22,0,2537.66,0.461735
7,22,1,2693.56,0.561434
7,22,2,2789.29,0.635577
7,22,3,2831.16,0.674786
7,22,4,2829.34,0.67729
7,22,5,2795.89,0.647802
7,22,6,2743.88,0.594988
7,22,7,2686.26,0.528593
7,22,8,2634.48,0.457411
7,22,9,2596.43,0.388304
7,22,10,2574.83,0.325808
7,22,11,2566.23,0.271977
7,22,12,2564.19,0.226942
7,22,13,2560.16,0.189485
7,22,14,2547.36,0.158225
7,22,15,2521.8,0.132302
7,22,16,2482.84,0.112023
7,22,17,2432.57,0.0982713
7,22,18,2374.84,0.0915443
7,22,19,2313.79,0.0909066
7,22,20,2253.41,0.0941674
7,22,21,2197.27,0.098319
7,22,22,2148.53,0.100378
7,22,23,2109.94,0.0984384
7,22,24,2082.93,0.0919283
7,22,25,2066.5,0.0815762
7,22,26,2057.19,0.0691052
7,22,27,2049.74,0.0562599
7,22,28,2039.28,0.0445224
7,22,29,2022.9,0.0349104
7,22,30,2000.58,0.0282563
7,22,31,1974.91,0.0254295
7,22,32,1950.02,0.0273674
7,22,33,1929.58,0.0346978
7,22,34,1915.68,0.0471433
7,22,35,1908.11,0.0630326
7,22,36,1905.27,0.0792884
7,22,37,1905.68,0.0920977
7,22,38,1909.14,0.0981382
7,22,39,1917.35,0.0958192
7,22,40,1931.9,0.085797
7,22,41,1954.93,0.0706116
7,22,42,1986.33,0.0535516
7,22,43,2023.21,0.0375452
7,22,44,2059.89,0.0244134
7,22,45,2088.85,0.0147635
7,22,46,2101.76,0.00831779
7,22,47,2090.36,0.00435171
7,22,48,2046.94,0.00210684
7,22,49,1965.26,0.000916646
7,23,0,2584.05,0.491677
7,23,1,2745.08,0.596737
7,23,2,2846.1,0.674271
7,23,3,2893.87,0.714548
7,23,4,2898.56,0.716198
7,23,5,2871.65,0.685046
7,23,6,2825.06,0.63113
7,23,7,2770.43,0.565257
7,23,8,2718.16,0.496484
7,23,9,2675.86,0.431029
7,23,10,2646.69,0.372206
7,23,11,2628.2,0.320778
7,23,12,2614.97,0.276056
7,23,13,2599.47,0.236648
7,23,14,2575.84,0.20164
7,23,15,2541.07,0.171048
7,23,16,2495.49,0.146107
7,23,17,2441.76,0.128231
7,23,18,2383.68,0.117874
7,23,19,2324.6,0.113715
7,23,20,2267.23,0.113025
7,23,21,2213.91,0.112594
7,23,22,2166.96,0.109707
7,23,23,2129.02,0.103131
7,23,24,2101.88,0.0930582
7,23,25,2085.06,0.0806776
7,23,26,2075.53,0.0676839
7,23,27,2068.15,0.0553804
7,23,28,2058.03,0.0446306
7,23,29,2042.18,0.0359888
7,23,30,2020.62,0.0301129
7,23,31,1995.97,0.0279413
7,23,32,1972.3,0.0306035
7,23,33,1953.07,0.0388237
7,23,34,1940.15,0.0522473
7,23,35,1933.37,0.0689448
7,23,36,1931.44,0.0855122
7,23,37,1933.44,0.097902
7,23,38,1939.68,0.102796
7,23,39,1952.2,0.0988255
7,23,40,1972.49,0.0870128
7,23,41,2002.34,0.0702713
7,23,42,2040.97,0.0521419
7,23,43,2084.75,0.0356341
7,23,44,2127.36,0.0224902
7,23,45,2160.92,0.0131454
7,23,46,2177.04,0.00713312
7,23,47,2167.53,0.00357978
7,23,48,2124.61,0.00165827
7,23,49,2041.52,0.000686138
7,24,0,2629.83,0.51775
7,24,1,2796.61,0.62796
7,24,2,2903.42,0.70937
7,24,3,2957.39,0.75197
7,24,4,2968.54,0.754671
7,24,5,2947.74,0.724187
7,24,6,2905.82,0.67168
7,24,7,2853.09,0.608801
7,24,8,2799.02,0.54467
7,24,9,2750.98,0.48464
7,24,10,2712.79,0.430567
7,24,11,2683.2,0.381724
7,24,12,2658.07,0.336576
7,24,13,2631.02,0.293741
7,24,14,2597.09,0.253147
7,24,15,2554.05,0.216068
7,24,16,2502.84,0.184875
7,24,17,2446.42,0.161521
7,24,18,2388.31,0.14626
7,24,19,2331.07,0.137248
7,24,20,2276.35,0.131231
7,24,21,2225.6,0.12498
7,24,22,2180.64,0.116269
7,24,23,2144.08,0.104678
7,24,24,2117.87,0.0911214
7,24,25,2101.74,0.0770789
7,24,26,2092.79,0.0639931
7,24,27,2085.88,0.0525963
7,24,28,2076.22,0.0431075
7,24,29,2061.03,0.0356485
7,24,30,2040.62,0.0307125
7,24,31,2017.78,0.029251
7,24,32,1996.43,0.032472
7,24,33,1979.61,0.0410859
7,24,34,1968.68,0.0546307
7,24,35,1963.31,0.0710232
7,24,36,1962.51,0.0867727
7,24,37,1966.01,0.0979141
7,24,38,1974.78,0.101401
7,24,39,1991.19,0.0962037
7,24,40,2016.62,0.0836202
7,24,41,2052.42,0.0666703
7,24,42,2097.2,0.0488236
7,24,43,2146.71,0.0329067
7,24,44,2194.18,0.0204599
7,24,45,2231.47,0.0117644
7,24,46,2250.17,0.00627147
7,24,47,2242.1,0.00308233
7,24,48,2199.42,0.00139554
7,24,49,2114.86,0.000563688
7,25,0,2678.23,0.541382
7,25,1,2850.73,0.656328
7,25,2,2962.93,0.741705
7,25,3,3022.23,0.787423
7,25,4,3038.55,0.79269
7,25,5,3022.2,0.764976
7,25,6,2983.11,0.716294
7,25,7,2930.61,0.658809
7,25,8,2873.44,0.601378
7,25,9,2818.88,0.548205
7,25,10,2771.44,0.499484
7,25,11,2731.1,0.452925
7,25,12,2695,0.40627
7,25,13,2657.84,0.358423
7,25,14,2615.35,0.310551
7,25,15,2565.78,0.265505
7,25,16,2510.29,0.226912
7,25,17,2451.8,0.197187
7,25,18,2393.43,0.17621
7,25,19,2337.14,0.161461
7,25,20,2283.93,0.149184
7,25,21,2234.82,0.13627
7,25,22,2191.46,0.121146
7,25,23,2156.44,0.104273
7,25,24,2131.7,0.0872186
7,25,25,2116.83,0.0716254
7,25,26,2108.78,0.0585508
7,25,27,2102.39,0.0481247
7,25,28,2093.08,0.0399693
7,25,29,2078.53,0.0338161
7,25,30,2059.56,0.0299721
7,25,31,2039.23,0.0293019
7,25,32,2021.21,0.0329467
7,25,33,2007.89,0.0414929
7,25,34,1999.91,0.0543644
7,25,35,1996.67,0.069452
7,25,36,1997.42,0.083416
7,25,37,2002.61,0.092646
7,25,38,2013.84,0.0945662
7,25,39,2033.8,0.0885438
7,25,40,2063.71,0.076049
7,25,41,2104.48,0.059987
7,25,42,2154.2,0.0435132
7,25,43,2208.21,0.0290837
7,25,44,2259.41,0.0179517
7,25,45,2299.52,0.0102573
7,25,46,2320.07,0.0054388
7,25,47,2312.9,0.00265574
7,25,48,2270.06,0.00119495
7,25,49,2183.77,0.000481546
7,26,0,2732.78,0.565009
7,26,1,2910.41,0.684367
7,26,2,3026.89,0.773585
7,26,3,3089.94,0.82273
7,26,4,3109.36,0.83143
7,26,5,3095.1,0.807866
7,26,6,3056.5,0.764677
7,26,7,3002.27,0.714184
7,26,8,2940.73,0.664625
7,26,9,2879.3,0.618797
7,26,10,2823.17,0.575135
7,26,11,2773.48,0.529898
7,26,12,2728.49,0.480391
7,26,13,2683.73,0.426172
7,26,14,2635.33,0.369986
7,26,15,2581.56,0.316436
7,26,16,2523.39,0.270354
7,26,17,2463.37,0.234427
7,26,18,2404.18,0.207919
7,26,19,2347.48,0.187449
7,26,20,2294.15,0.168733
7,26,21,2245.25,0.148861
7,26,22,2202.57,0.126993
7,26,23,2168.67,0.10451
7,26,24,2145.23,0.083614
7,26,25,2131.46,0.0661025
7,26,26,2123.94,0.0526625
7,26,27,2117.48,0.0428947
7,26,28,2107.92,0.0359156
7,26,29,2093.6,0.0310866
7,26,30,2076.01,0.028461
7,26,31,2058.46,0.0286829
7,26,32,2044.32,0.0326756
7,26,33,2035.19,0.0408147
7,26,34,2030.91,0.0524282
7,26,35,2030.54,0.0655072
7,26,36,2033.57,0.077055
7,26,37,2041.01,0.0839982
7,26,38,2055.02,0.084328
7,26,39,2078.47,0.0777994
7,26,40,2112.4,0.0659517
7,26,41,2157.3,0.0514289
7,26,42,2210.93,0.0369433
7,26,43,2268.32,0.0244964
7,26,44,2322.21,0.0150269
7,26,45,2364.23,0.00854818
7,26,46,2385.88,0.00452099
7,26,47,2378.96,0.00220138
7,26,48,2335.38,0.00098947
7,26,49,2246.95,0.000400456
7,27,0,2796.91,0.591194
7,27,1,2978.78,0.715125
7,27,2,3098.12,0.808255
7,27,3,3163.04,0.860949
7,27,4,3183.3,0.873355
7,27,5,3168.65,0.854329
7,27,6,3128.08,0.816976
7,27,7,3070.06,0.773502
7,27,8,3002.86,0.731284
7,27,9,2934.21,0.691627
7,27,10,2870.08,0.651333
7,27,11,2812.62,0.605556
7,27,12,2761.07,0.551619
7,27,13,2711.52,0.490142
7,27,14,2660.13,0.425659
7,27,15,2604.72,0.364474
7,27,16,2545.63,0.312347
7,27,17,2484.69,0.271878
7,27,18,2424.17,0.241397
7,27,19,2365.73,0.216421
7,27,20,2310.63,0.192064
7,27,21,2260.45,0.165601
7,27,22,2217.35,0.136958
7,27,23,2183.85,0.108473
7,27,24,2161.13,0.0830536
7,27,25,2147.76,0.0627851
7,27,26,2139.84,0.0481465
7,27,27,2132.23,0.0383678
7,27,28,2121.33,0.0321722
7,27,29,2106.34,0.0285452
7,27,30,2089.48,0.0271866
7,27,31,2074.32,0.0283822
7,27,32,2063.88,0.0327051
7,27,33,2059.03,0.0402655
7,27,34,2058.83,0.0503261
7,27,35,2062.03,0.0610762
7,27,36,2068.26,0.0699785
7,27,37,2078.93,0.074571
7,27,38,2096.5,0.0734102
7,27,39,2123.82,0.0665776
7,27,40,2161.66,0.0555971
7,27,41,2210.19,0.0427868
7,27,42,2266.92,0.0303919
7,27,43,2326.76,0.0199689
7,27,44,2382.41,0.0121657
7,27,45,2425.45,0.00689086
7,27,46,2447.35,0.00364054
7,27,47,2439.9,0.0017745
7,27,48,2394.86,0.000802681
7,27,49,2303.68,0.000329967
7,28,0,2872.43,0.620907
7,28,1,3057.35,0.750186
7,28,2,3178,0.847838
7,28,3,3242.91,0.904444
7,28,4,3261.91,0.920568
7,28,5,3244.61,0.905594
7,28,6,3199.89,0.87292
7,28,7,3136.23,0.834517
7,28,8,3062.14,0.796924
7,28,9,2985.86,0.76021
7,28,10,2914.19,0.720015
7,28,11,2850.24,0.67099
7,28,12,2794.11,0.611031
7,28,13,2742.22,0.542155
7,28,14,2690.48,0.47067
7,28,15,2635.89,0.404256
7,28,16,2577.68,0.349087
7,28,17,2516.73,0.307181
7,28,18,2454.82,0.275563
7,28,19,2393.78,0.248411
7,28,20,2335.69,0.22013
7,28,21,2283.06,0.18812
7,28,22,2238.64,0.15307
7,28,23,2204.9,0.118322
7,28,24,2182.29,0.0876314
7,28,25,2168.53,0.0635867
7,28,26,2159.16,0.0467133
7,28,27,2149.14,0.0360739
7,28,28,2135.57,0.0301157
7,28,29,2118.61,0.0274359
7,28,30,2101.28,0.0272865
7,28,31,2087.43,0.0294859
7,28,32,2079.77,0.0341636
7,28,33,2078.61,0.0411365
7,28,34,2082.45,0.0496249
7,28,35,2089.77,0.0580645
7,28,36,2100.24,0.0644101
7,28,37,2115.33,0.0667942
7,28,38,2137.48,0.0642719
7,28,39,2169.27,0.0571732
7,28,40,2211.13,0.0469588
7,28,41,2262.98,0.0356275
7,28,42,2322.22,0.0250107
7,28,43,2383.77,0.0162889
7,28,44,2440.36,0.00987202
7,28,45,2483.57,0.00558873
7,28,46,2504.9,0.0029703
7,28,47,2496.09,0.00146829
7,28,48,2448.81,0.000681888
7,28,49,2354.16,0.000292709
7,29,0,2958.25,0.652162
7,29,1,3144.84,0.787853
7,29,2,3265.23,0.891113
7,29,3,3328.5,0.952423
7,29,4,3344.54,0.972391
7,29,5,3322.89,0.960537
7,29,6,3272.37,0.930311
7,29,7,3201.68,0.893449
7,29,8,3119.72,0.855997
7,29,9,3035.37,0.817441
7,29,10,2956.28,0.773064
7,29,11,2886.51,0.717797
7,29,12,2826.96,0.650619
7,29,13,2774.32,0.57508
7,29,14,2724.12,0.498965
7,29,15,2672.34,0.430765
7,29,16,2616.83,0.376434
7,29,17,2557.21,0.336894
7,29,18,2494.59,0.307581
7,29,19,2431.03,0.281181
7,29,20,2369.63,0.251325
7,29,21,2314.12,0.215459
7,29,22,2268.07,0.174984
7,29,23,2233.86,0.134243
7,29,24,2211.11,0.0979362
7,29,25,2196.51,0.069358
7,29,26,2184.93,0.0493442
7,29,27,2171.51,0.0370139
7,29,28,2154.08,0.0306783
7,29,29,2133.81,0.0285759
7,29,30,2114.51,0.0294672
7,29,31,2100.36,0.0326448
7,29,32,2093.99,0.0377351
7,29,33,2095.42,0.0442396
7,29,34,2102.81,0.0513306
7,29,35,2114.51,0.0576844
7,29,36,2130.04,0.0617166
7,29,37,2150.6,0.062087
7,29,38,2178.2,0.0582657
7,29,39,2214.96,0.0507715
7,29,40,2260.91,0.0409953
7,29,41,2315.8,0.0306717
7,29,42,2377.06,0.021307
7,29,43,2439.7,0.013794
7,29,44,2496.52,0.00836179
7,29,45,2539.2,0.00477687
7,29,46,2559.23,0.00259395
7,29,47,2548.37,0.00133442
7,29,48,2498.12,0.000659117
7,29,49,2399.32,0.000308931
7,30,0,3050.17,0.680199
7,30,1,3236.92,0.822855
7,30,2,3355.61,0.932635
7,30,3,3415.95,0.999505
7,30,4,3427.88,1.02355
7,30,5,3400.81,1.01385
7,30,6,3343.57,0.98356
7,30,7,3265.09,0.944249
7,30,8,3174.75,0.902035
7,30,9,3082.15,0.856745
7,30,10,2995.74,0.804291
7,30,11,2920.43,0.740645
7,30,12,2857.93,0.666143
7,30,13,2805.25,0.585675
7,30,14,2757.6,0.507917
7,30,15,2709.93,0.44148
7,30,16,2658.62,0.39152
7,30,17,2601.82,0.357551
7,30,18,2539.79,0.333386
7,30,19,2474.65,0.310318
7,30,20,2410.5,0.281276
7,30,21,2352.42,0.24369
7,30,22,2304.93,0.199544
7,30,23,2270.42,0.154024
7,30,24,2247.64,0.112699
7,30,25,2232.2,0.0796159
7,30,26,2218.29,0.0560998
7,30,27,2201.17,0.0415372
7,30,28,2179.37,0.0342829
7,30,29,2154.99,0.0323258
7,30,30,2132.53,0.0339749
7,30,31,2116.59,0.038002
7,30,32,2109.9,0.0435053
7,30,33,2112.53,0.0496495
7,30,34,2122.66,0.0555295
7,30,35,2138.54,0.0600252
7,30,36,2159.42,0.0619622
7,30,37,2185.91,0.0604605
7,30,38,2219.33,0.0553478
7,30,39,2261.1,0.0473052
7,30,40,2310.93,0.0376682
7,30,41,2368.47,0.0279586
7,30,42,2431.29,0.019417
7,30,43,2494.52,0.0127023
7,30,44,2551.11,0.0078941
7,30,45,2592.77,0.00470921
7,30,46,2611.06,0.00272574
7,30,47,2597.68,0.00153156
7,30,48,2543.98,0.000840063
7,30,49,2440.55,0.000443172
7,31,0,3141.82,0.699229
7,31,1,3327.19,0.848184
7,31,2,3442.95,0.964477
7,31,3,3499.41,1.03725
7,31,4,3506.56,1.06551
7,31,5,3473.6,1.05728
7,31,6,3409.34,1.025
7,31,7,3322.96,0.980144
7,31,8,3224.38,0.929498
7,31,9,3123.88,0.874176
7,31,10,3030.64,0.811627
7,31,11,2950.27,0.73937
7,31,12,2885.17,0.659005
7,31,13,2832.67,0.576201
7,31,14,2787.85,0.499734
7,31,15,2744.84,0.437677
7,31,16,2698.64,0.394071
7,31,17,2645.99,0.36709
7,31,18,2586.11,0.349293
7,31,19,2520.91,0.330997
7,31,20,2455.26,0.30468
7,31,21,2395.46,0.267721
7,31,22,2346.98,0.222439
7,31,23,2312.33,0.174473
7,31,24,2289.61,0.129922
7,31,25,2273.51,0.093404
7,31,26,2257.65,0.0667787
7,31,27,2237.4,0.0498791
7,31,28,2211.81,0.0413231
7,31,29,2183.63,0.0390467
7,31,30,2157.88,0.0410321
7,31,31,2139.47,0.045592
7,31,32,2131.41,0.0513042
7,31,33,2134.09,0.0569855
7,31,34,2145.93,0.0616264
7,31,35,2165.24,0.0642825
7,31,36,2190.94,0.0641642
7,31,37,2222.9,0.0608229
7,31,38,2261.58,0.0544256
7,31,39,2307.77,0.0458096
7,31,40,2360.85,0.0362559
7,31,41,2420.52,0.0270752
7,31,42,2484.49,0.0192342
7,31,43,2548.02,0.0131508
7,31,44,2604.13,0.00875445
7,31,45,2644.6,0.00572435
7,31,46,2661.01,0.00368554
7,31,47,2644.99,0.00232064
7,31,48,2587.67,0.00141628
7,31,49,2479.4,0.000824492
7,32,0,3226.89,0.704844
7,32,1,3409.54,0.857923
7,32,2,3521.42,0.97932
7,32,3,3573.44,1.05729
7,32,4,3575.53,1.08946
7,32,5,3536.64,1.08229
7,32,6,3465.49,1.04716
7,32,7,3371.53,0.995477
7,32,8,3265.31,0.935143
7,32,9,3157.81,0.869278
7,32,10,3058.84,0.797457
7,32,11,2974.45,0.718857
7,32,12,2907.45,0.635839
7,32,13,2855.38,0.553976
7,32,14,2813.29,0.481273
7,32,15,2774.76,0.424766
7,32,16,2733.82,0.387419
7,32,17,2685.98,0.366561
7,32,18,2629.47,0.354259
7,32,19,2565.77,0.340573
7,32,20,2500.08,0.317942
7,32,21,2439.49,0.283704
7,32,22,2390.31,0.24016
7,32,23,2355.3,0.192828
7,32,24,2332.31,0.147767
7,32,25,2315.52,0.109775
7,32,26,2298.33,0.0811358
7,32,27,2276.22,0.0622461
7,32,28,2248.53,0.0522118
7,32,29,2218.32,0.0491622
7,32,30,2190.69,0.0509348
7,32,31,2170.62,0.0554843
7,32,32,2161.31,0.0609105
7,32,33,2163.56,0.0657005
7,32,34,2176.21,0.0687428
7,32,35,2197.79,0.0692826
7,32,36,2226.96,0.0669397
7,32,37,2263.01,0.0617153
7,32,38,2305.62,0.0541262
7,32,39,2355.05,0.0451559
7,32,40,2410.48,0.0359895
7,32,41,2471.65,0.0276562
7,32,42,2536.38,0.0207606
7,32,43,2600.01,0.0154116
7,32,44,2655.58,0.0113618
7,32,45,2694.91,0.00827591
7,32,46,2709.55,0.00588363
7,32,47,2691,0.0040299
7,32,48,2630.15,0.00262858
7,32,49,2517.04,0.0016182
7,33,0,3300.53,0.69556
7,33,1,3479.51,0.849353
7,33,2,3586.97,0.973042
7,33,3,3634.35,1.05425
7,33,4,3631.46,1.08925
7,33,5,3586.9,1.0828
7,33,6,3509.25,1.04503
7,33,7,3408.28,0.987251
7,33,8,3295.27,0.918699
7,33,9,3182.05,0.844796
7,33,10,3078.98,0.767373
7,33,11,2992.3,0.686953
7,33,12,2924.77,0.605863
7,33,13,2873.8,0.528589
7,33,14,2834.33,0.461571
7,33,15,2799.71,0.410531
7,33,16,2763.43,0.377687
7,33,17,2720.27,0.36032
7,33,18,2667.66,0.350993
7,33,19,2606.54,0.340383
7,33,20,2541.94,0.321377
7,33,21,2481.23,0.291321
7,33,22,2431.2,0.252132
7,33,23,2395.03,0.208578
7,33,24,2370.8,0.166025
7,33,25,2352.85,0.128946
7,33,26,2334.82,0.0998213
7,33,27,2312.43,0.0796325
7,33,28,2285.14,0.0681413
7,33,29,2255.87,0.0638959
7,33,30,2229.33,0.0647764
7,33,31,2210.07,0.0685014
7,33,32,2201.12,0.0727823
7,33,33,2203.48,0.0758523
7,33,34,2216.45,0.0765625
7,33,35,2238.92,0.0744205
7,33,36,2269.67,0.0695212
7,33,37,2307.71,0.0623538
7,33,38,2352.31,0.0537845
7,33,39,2403.43,0.0449017
7,33,40,2460.13,0.0367054
7,33,41,2522.17,0.0298197
7,33,42,2587.38,0.0243496
7,33,43,2651.04,0.0199932
7,33,44,2706.18,0.0162893
7,33,45,2744.58,0.0129216
7,33,46,2757.72,0.00980825
7,33,47,2736.9,0.00705139
7,33,48,2672.7,0.00477061
7,33,49,2554.85,0.00303057
7,34,0,3360.19,0.672719
7,34,1,3535.08,0.823299
7,34,2,3638.09,0.945625
7,34,3,3681.08,1.02714
7,34,4,3673.65,1.06313
7,34,5,3623.99,1.05688
7,34,6,3540.45,1.01733
7,34,7,3433.18,0.955687
7,34,8,3314.29,0.88246
7,34,9,3196.65,0.805234
7,34,10,3091.26,0.727776
7,34,11,3004.3,0.651322
7,34,12,2938.05,0.577295
7,34,13,2889.3,0.508215
7,34,14,2852.59,0.448386
7,34,15,2821.22,0.402154
7,34,16,2788.58,0.371483
7,34,17,2749.26,0.354455
7,34,18,2700.27,0.345069
7,34,19,2642.03,0.335408
7,34,20,2579.04,0.31924
7,34,21,2518.4,0.293985
7,34,22,2467,0.260897
7,34,23,2428.5,0.22352
7,34,24,2401.7,0.185986
7,34,25,2381.78,0.151988
7,34,26,2363.12,0.123918
7,34,27,2341.94,0.103245
7,34,28,2317.75,0.0904326
7,34,29,2293,0.0845862
7,34,30,2271.44,0.0837819
7,34,31,2256.61,0.0856404
7,34,32,2250.78,0.08763
7,34,33,2254.72,0.087871
7,34,34,2268.03,0.0852975
7,34,35,2290.18,0.0797843
7,34,36,2320.46,0.0719672
7,34,37,2358.22,0.0628421
7,34,38,2402.76,0.0535885
7,34,39,2454.03,0.0453279
7,34,40,2511.03,0.038768
7,34,41,2573.47,0.033997
7,34,42,2638.99,0.0304866
7,34,43,2702.8,0.0274268
7,34,44,2757.76,0.0241057
7,34,45,2795.6,0.0202552
7,34,46,2807.62,0.0160577
7,34,47,2784.85,0.0119591
7,34,48,2717.49,0.00836047
7,34,49,2594.94,0.0054968
7,35,0,3404.92,0.638919
7,35,1,3575.91,0.782665
7,35,2,3675,0.900031
7,35,3,3714.32,0.978781
7,35,4,3703.23,1.01372
7,35,5,3649.43,1.00711
7,35,6,3561,0.966945
7,35,7,3448.36,0.904353
7,35,8,3324.57,0.830853
7,35,9,3203.69,0.755731
7,35,10,3097.47,0.68409
7,35,11,3011.99,0.617196
7,35,12,2948.71,0.554893
7,35,13,2903.4,0.497186
7,35,14,2869.89,0.445959
7,35,15,2841.35,0.40425
7,35,16,2811.39,0.374176
7,35,17,2774.81,0.355232
7,35,18,2728.62,0.343474
7,35,19,2672.83,0.332903
7,35,20,2611.29,0.318449
7,35,21,2550.48,0.297711
7,35,22,2497.09,0.271201
7,35,23,2455.19,0.241062
7,35,24,2424.61,0.20995
7,35,25,2401.84,0.180476
7,35,26,2382.51,0.154662
7,35,27,2363.65,0.13425
7,35,28,2344.89,0.120301
7,35,29,2328.03,0.112492
7,35,30,2315.44,0.109196
7,35,31,2309.04,0.10808
7,35,32,2309.62,0.106558
7,35,33,2317.2,0.102819
7,35,34,2331.43,0.096027
7,35,35,2352.48,0.0865234
7,35,36,2380.63,0.0755105
7,35,37,2416.11,0.0644624
7,35,38,2458.81,0.0547865
7,35,39,2508.9,0.0475421
7,35,40,2565.4,0.0430541
7,35,41,2627.83,0.0407969
7,35,42,2693.63,0.0395478
7,35,43,2757.81,0.0379509
7,35,44,2813.07,0.0350311
7,35,45,2850.93,0.030578
7,35,46,2862.42,0.0250627
7,35,47,2838.14,0.0192991
7,35,48,2767.86,0.0140009
7,35,49,2640.59,0.00960075
7,36,0,3434.85,0.597156
7,36,1,3602.75,0.731443
7,36,2,3698.95,0.841187
7,36,3,3735.81,0.914841
7,36,4,3722.38,0.947201
7,36,5,3665.86,0.939947
7,36,6,3573.95,0.900424
7,36,7,3457.22,0.839638
7,36,8,3329.55,0.769769
7,36,9,3206.24,0.701227
7,36,10,3099.96,0.639855
7,36,11,3016.84,0.586488
7,36,12,2957.53,0.539114
7,36,13,2916.59,0.495108
7,36,14,2886.86,0.453933
7,36,15,2861.21,0.417381
7,36,16,2833.38,0.387862
7,36,17,2798.59,0.366458
7,36,18,2754.11,0.351442
7,36,19,2699.85,0.338876
7,36,20,2639.08,0.324971
7,36,21,2577.65,0.307663
7,36,22,2521.88,0.286892
7,36,23,2476.11,0.263596
7,36,24,2441.23,0.239049
7,36,25,2415.24,0.214692
7,36,26,2395.3,0.191933
7,36,27,2379.58,0.172477
7,36,28,2368.01,0.157724
7,36,29,2361.71,0.147816
7,36,30,2361.39,0.141458
7,36,31,2366.79,0.136504
7,36,32,2376.69,0.130505
7,36,33,2389.85,0.1219
7,36,34,2405.77,0.110217
7,36,35,2425.4,0.096332
7,36,36,2450.35,0.081987
7,36,37,2482.22,0.069063
7,36,38,2521.86,0.0590784
7,36,39,2569.86,0.0529344
7,36,40,2625.29,0.0505264
7,36,41,2687.5,0.050728
7,36,42,2753.71,0.0516764
7,36,43,2818.73,0.0515264
7,36,44,2875.05,0.0490613
7,36,45,2913.87,0.044098
7,36,46,2925.72,0.0373226
7,36,47,2900.67,0.0298313
7,36,48,2827.92,0.0225981
7,36,49,2696.01,0.0162537
7,37,0,3450.97,0.550422
7,37,1,3617.08,0.67396
7,37,2,3711.89,0.774878
7,37,3,3747.88,0.842498
7,37,4,3733.84,0.871869
7,37,5,3676.48,0.864346
7,37,6,3583.03,0.826757
7,37,7,3463.94,0.769882
7,37,8,3333.63,0.706177
7,37,9,3208.48,0.646688
7,37,10,3102.2,0.597616
7,37,11,3021.3,0.559275
7,37,12,2965.94,0.527977
7,37,13,2929.64,0.498753
7,37,14,2904.08,0.468848
7,37,15,2881.54,0.43882
7,37,16,2855.66,0.41121
7,37,17,2821.95,0.388438
7,37,18,2778.11,0.370726
7,37,19,2724.2,0.356023
7,37,20,2663.27,0.341798
7,37,21,2600.7,0.3265
7,37,22,2542.5,0.309841
7,37,23,2493.15,0.291996
7,37,24,2454.35,0.273201
7,37,25,2425.53,0.253826
7,37,26,2405.47,0.234509
7,37,27,2393.64,0.216588
7,37,28,2390.49,0.201492
7,37,29,2396.43,0.189643
7,37,30,2410.36,0.180065
7,37,31,2429.57,0.170899
7,37,32,2450.48,0.15998
7,37,33,2470.43,0.146121
7,37,34,2488.69,0.129299
7,37,35,2507.04,0.110936
7,37,36,2528.56,0.0932472
7,37,37,2556.4,0.0784267
7,37,38,2592.54,0.0679866
7,37,39,2638.07,0.0625907
7,37,40,2692.18,0.061718
7,37,41,2754.12,0.0637636
7,37,42,2821.01,0.0664218
7,37,43,2887.52,0.0675345
7,37,44,2945.9,0.0657135
7,37,45,2986.87,0.0607224
7,37,46,3000.32,0.0532568
7,37,47,2975.59,0.0444479
7,37,48,2901.18,0.0353517
7,37,49,2765.01,0.0267423
7,38,0,3454.62,0.502224
7,38,1,3620.56,0.61505
7,38,2,3715.73,0.707407
7,38,3,3752.69,0.769518
7,38,4,3740.03,0.796717
7,38,5,3684.03,0.790035
7,38,6,3591.38,0.755701
7,38,7,3472.16,0.704058
7,38,8,3340.88,0.6475
7,38,9,3214.62,0.597408
7,38,10,3108.12,0.56026
7,38,11,3028.65,0.536095
7,38,12,2976.42,0.520053
7,38,13,2944.27,0.50534
7,38,14,2922.75,0.487283
7,38,15,2903.3,0.465166
7,38,16,2879.14,0.441307
7,38,17,2845.85,0.418957
7,38,18,2801.57,0.399788
7,38,19,2746.76,0.383303
7,38,20,2684.64,0.368137
7,38,21,2620.47,0.353428
7,38,22,2560.1,0.339037
7,38,23,2508.02,0.324884
7,38,24,2466.53,0.31059
7,38,25,2436.17,0.29566
7,38,26,2417.15,0.279923
7,38,27,2410.24,0.264111
7,38,28,2416.36,0.249391
7,38,29,2435.21,0.23627
7,38,30,2463.82,0.223997
7,38,31,2497,0.211007
7,38,32,2529,0.195454
7,38,33,2555.9,0.176553
7,38,34,2576.86,0.154767
7,38,35,2594.49,0.13206
7,38,36,2613.24,0.111077
7,38,37,2637.69,0.0942557
7,38,38,2670.85,0.0830164
7,38,39,2714.27,0.0777228
7,38,40,2767.28,0.077477
7,38,41,2829.18,0.080383
7,38,42,2897.14,0.0839842
7,38,43,2965.83,0.0860862
7,38,44,3027.25,0.0852541
7,38,45,3071.54,0.0810948
7,38,46,3087.81,0.0740038
7,38,47,3064.6,0.064751
7,38,48,2989.6,0.0541597
7,38,49,2849.93,0.0430187
7,39,0,3448.67,0.457403
7,39,1,3616,0.560601
7,39,2,3713.2,0.645629
7,39,3,3752.87,0.70358
7,39,4,3743.49,0.729999
7,39,5,3691.01,0.72545
7,39,6,3601.62,0.69536
7,39,7,3484.77,0.649393
7,39,8,3354.62,0.599627
7,39,9,3228.47,0.557667
7,39,10,3121.91,0.530377
7,39,11,3043.21,0.517923
7,39,12,2993.07,0.514867
7,39,13,2964.05,0.513162
7,39,14,2945.77,0.506556
7,39,15,2928.66,0.493042
7,39,16,2905.37,0.474351
7,39,17,2871.41,0.454003
7,39,18,2825.35,0.434587
7,39,19,2768.26,0.416801
7,39,20,2703.86,0.400342
7,39,21,2637.65,0.385161
7,39,22,2575.52,0.371565
7,39,23,2521.98,0.359606
7,39,24,2479.63,0.348655
7,39,25,2449.82,0.337619
7,39,26,2433.84,0.325619
7,39,27,2433.37,0.312699
7,39,28,2449.52,0.299571
7,39,29,2481.11,0.2866
7,39,30,2523.37,0.273053
7,39,31,2569.04,0.257494
7,39,32,2610.71,0.238283
7,39,33,2643.73,0.21498
7,39,34,2667.44,0.188558
7,39,35,2685.23,0.161578
7,39,36,2702.61,0.137158
7,39,37,2725.19,0.117999
7,39,38,2756.74,0.105418
7,39,39,2799.11,0.0994402
7,39,40,2851.77,0.0988167
7,39,41,2914.19,0.101539
7,39,42,2983.73,0.1053
7,39,43,3055.13,0.108179
7,39,44,3120.17,0.108854
7,39,45,3168.42,0.106684
7,39,46,3188.29,0.101412
7,39,47,3167.5,0.0929545
7,39,48,3092.96,0.0814695
7,39,49,2950.8,0.0675431
7,40,0,3436.6,0.420299
7,40,1,3606.49,0.515421
7,40,2,3706.96,0.594586
7,40,3,3750.66,0.649757
7,40,4,3746.05,0.676641
7,40,5,3698.9,0.67521
7,40,6,3614.92,0.649887
7,40,7,3502.82,0.609447
7,40,8,3376.07,0.565489
7,40,9,3251.76,0.529803
7,40,10,3146.03,0.509777
7,40,11,3068.1,0.506033
7,40,12,3019.36,0.51304
7,40,13,2992.32,0.521995
7,40,14,2975.86,0.525417
7,40,15,2959.54,0.520092
7,40,16,2935.52,0.506925
7,40,17,2899.24,0.489267
7,40,18,2849.8,0.470189
7,40,19,2789.01,0.451308
7,40,20,2721.32,0.433305
7,40,21,2652.74,0.417016
7,40,22,2589.34,0.403346
7,40,23,2535.65,0.392677
7,40,24,2494.52,0.384357
7,40,25,2467.73,0.376963
7,40,26,2457.22,0.369132
7,40,27,2464.97,0.360296
7,40,28,2491.73,0.350608
7,40,29,2535.17,0.340029
7,40,30,2588.98,0.327496
7,40,31,2644.5,0.311349
7,40,32,2693.55,0.289916
7,40,33,2731.4,0.263006
7,40,34,2757.89,0.232165
7,40,35,2776.98,0.200703
7,40,36,2794.83,0.172382
7,40,37,2817.57,0.150298
7,40,38,2849.33,0.135725
7,40,39,2892.09,0.128334
7,40,40,2945.46,0.126504
7,40,41,3009.12,0.128217
7,40,42,3080.66,0.131527
7,40,43,3154.9,0.135055
7,40,44,3223.46,0.137769
7,40,45,3275.48,0.138746
7,40,46,3298.84,0.136776
7,40,47,3280.71,0.13044
7,40,48,3207.29,0.118755
7,40,49,3063.61,0.101815
7,41,0,3423.1,0.395151
7,41,1,3595.99,0.483923
7,41,2,3700.25,0.558404
7,41,3,3748.59,0.611468
7,41,4,3749.56,0.639073
7,41,5,3708.85,0.640669
7,41,6,3631.78,0.619678
7,41,7,3526.36,0.583937
7,41,8,3405.21,0.544487
7,41,9,3284.95,0.513235
7,41,10,3181.83,0.498094
7,41,11,3105.78,0.500254
7,41,12,3058.68,0.514377
7,41,13,3032.96,0.531284
7,41,14,3016.98,0.542637
7,41,15,2999.72,0.544209
7,41,16,2973.1,0.536001
7,41,17,2932.74,0.520902
7,41,18,2878.36,0.502151
7,41,19,2812.62,0.482092
7,41,20,2740.83,0.462346
7,41,21,2669.55,0.444666
7,41,22,2605.16,0.4306
7,41,23,2552.31,0.420914
7,41,24,2514.05,0.415058
7,41,25,2492.46,0.411538
7,41,26,2489.61,0.408803
7,41,27,2507.09,0.405855
7,41,28,2544.62,0.402215
7,41,29,2598.55,0.397113
7,41,30,2661.39,0.388654
7,41,31,2723.93,0.374452
7,41,32,2778.1,0.352478
7,41,33,2819.72,0.32268
7,41,34,2849.23,0.287289
7,41,35,2870.94,0.250628
7,41,36,2891.16,0.217403
7,41,37,2916.01,0.19136
7,41,38,2949.66,0.173897
7,41,39,2994.14,0.164386
7,41,40,3049.2,0.160783
7,41,41,3114.73,0.161057
7,41,42,3188.45,0.163693
7,41,43,3265.21,0.167991
7,41,44,3336.51,0.173346
7,41,45,3391.31,0.178558
7,41,46,3417.3,0.181263
7,41,47,3401.39,0.178299
7,41,48,3329.29,0.167086
7,41,49,3184.92,0.146897
7,42,0,3411.82,0.383842
7,42,1,3587.37,0.467824
7,42,2,3695.12,0.538184
7,42,3,3747.86,0.588758
7,42,4,3754.31,0.615994
7,42,5,3720.17,0.619154
7,42,6,3650.52,0.60094
7,42,7,3552.82,0.568408
7,42,8,3438.93,0.532022
7,42,9,3324.85,0.503638
7,42,10,3226.7,0.491521
7,42,11,3154.59,0.49732
7,42,12,3110.4,0.516015
7,42,13,3086.31,0.538359
7,42,14,3070.3,0.555514
7,42,15,3051.06,0.562482
7,42,16,3020.66,0.558364
7,42,17,2975.13,0.545372
7,42,18,2914.89,0.526675
7,42,19,2843.53,0.505208
7,42,20,2767.14,0.483514
7,42,21,2692.84,0.464298
7,42,22,2627.36,0.44978
7,42,23,2575.57,0.441119
7,42,24,2540.9,0.437979
7,42,25,2525.62,0.439037
7,42,26,2531.58,0.442844
7,42,27,2559.33,0.448143
7,42,28,2607.11,0.453714
7,42,29,2669.83,0.457665
7,42,30,2739.37,0.456714
7,42,31,2806.71,0.447187
7,42,32,2864.51,0.426369
7,42,33,2909.45,0.394252
7,42,34,2942.52,0.353885
7,42,35,2968.04,0.310891
7,42,36,2992.02,0.271286
7,42,37,3020.24,0.239807
7,42,38,3056.72,0.218253
7,42,39,3103.57,0.205845
7,42,40,3160.76,0.200094
7,42,41,3228.36,0.198882
7,42,42,3304.08,0.201042
7,42,43,3382.67,0.206529
7,42,44,3455.56,0.215196
7,42,45,3511.77,0.225587
7,42,46,3539.15,0.234075
7,42,47,3524.71,0.235496
7,42,48,3453.88,0.225317
7,42,49,3309.52,0.2017
7,43,0,3403.74,0.385313
7,43,1,3581.11,0.46585
7,43,2,3691.43,0.532234
7,43,3,3747.62,0.579228
7,43,4,3758.6,0.60406
7,43,5,3730.17,0.606306
7,43,6,3667.35,0.588446
7,43,7,3577.29,0.557065
7,43,8,3471.36,0.522083
7,43,9,3365.04,0.495071
7,43,10,3274.07,0.484372
7,43,11,3208.22,0.491915
7,43,12,3168.87,0.51308
7,43,13,3147.7,0.538833
7,43,14,3132.4,0.560146
7,43,15,3111.64,0.571427
7,43,16,3077.82,0.57085
7,43,17,3027.49,0.559735
7,43,18,2961.77,0.540953
7,43,19,2885.03,0.517905
7,43,20,2804.02,0.494049
7,43,21,2726.31,0.473086
7,43,22,2659.02,0.457991
7,43,23,2607.47,0.450399
7,43,24,2575.71,0.450339
7,43,25,2566.26,0.456878
7,43,26,2580.57,0.468866
7,43,27,2617.79,0.484868
7,43,28,2674.47,0.502761
7,43,29,2744.26,0.51915
7,43,30,2818.8,0.52888
7,43,31,2889.67,0.526543
7,43,32,2950.58,0.508471
7,43,33,2999.01,0.474602
7,43,34,3036.23,0.428865
7,43,35,3066.25,0.37839
7,43,36,3094.5,0.330796
7,43,37,3126.29,0.292169
7,43,38,3165.51,0.265057
7,43,39,3214.52,0.248813
7,43,40,3273.59,0.24057
7,43,41,3342.96,0.238061
7,43,42,3420.22,0.240295
7,43,43,3499.86,0.247696
7,43,44,3573.28,0.260466
7,43,45,3629.69,0.276848
7,43,46,3657.38,0.291914
7,43,47,3643.74,0.298403
7,43,48,3574.15,0.289664
7,43,49,3430.56,0.262586
7,44,0,3395.69,0.395033
7,44,1,3574.04,0.47315
7,44,2,3685.87,0.535565
7,44,3,3744.24,0.577832
7,44,4,3758.28,0.598154
7,44,5,3733.95,0.596898
7,44,6,3676.44,0.576855
7,44,7,3592.91,0.544477
7,44,8,3494.61,0.509187
7,44,9,3396.71,0.482037
7,44,10,3314.42,0.471199
7,44,11,3256.79,0.478771
7,44,12,3224.27,0.500665
7,44,13,3207.88,0.528329
7,44,14,3195.08,0.552771
7,44,15,3174.66,0.567857
7,44,16,3139.36,0.570733
7,44,17,3086.13,0.561616
7,44,18,3016.56,0.54287
7,44,19,2935.57,0.518242
7,44,20,2850.31,0.492083
7,44,21,2768.71,0.469111
7,44,22,2698.36,0.453163
7,44,23,2645.3,0.44649
7,44,24,2614.49,0.449664
7,44,25,2608.9,0.462305
7,44,26,2629.56,0.483635
7,44,27,2674.19,0.512022
7,44,28,2737.79,0.544298
7,44,29,2812.98,0.575338
7,44,30,2891.41,0.597885
7,44,31,2965.4,0.604596
7,44,32,3029.52,0.590708
7,44,33,3081.79,0.555979
7,44,34,3123.44,0.50511
7,44,35,3157.92,0.4467
7,44,36,3190.04,0.390068
7,44,37,3224.71,0.342888
7,44,38,3265.86,0.308803
7,44,39,3316.26,0.287686
7,44,40,3376.58,0.276524
7,44,41,3447.21,0.27293
7,44,42,3525.53,0.275932
7,44,43,3605.71,0.286133
7,44,44,3679.03,0.303834
7,44,45,3734.98,0.326832
7,44,46,3762.39,0.348885
7,44,47,3749.15,0.36072
7,44,48,3680.79,0.353655
7,44,49,3538.54,0.323344
7,45,0,3379.64,0.405817
7,45,1,3558.71,0.482042
7,45,2,3671.42,0.540557
7,45,3,3730.87,0.577455
7,45,4,3746.38,0.591919
7,45,5,3724.22,0.585368
7,45,6,3669.95,0.561267
7,45,7,3591.13,0.526181
7,45,8,3499.3,0.489073
7,45,9,3409.58,0.460323
7,45,10,3336.57,0.447803
7,45,11,3288.3,0.453807
7,45,12,3264.06,0.474964
7,45,13,3254.15,0.503447
7,45,14,3245.89,0.530424
7,45,15,3228.16,0.549175
7,45,16,3193.94,0.555697
7,45,17,3140.38,0.548956
7,45,18,3069.21,0.530664
7,45,19,2985.49,0.504792
7,45,20,2896.57,0.476499
7,45,21,2810.6,0.451455
7,45,22,2735.75,0.434399
7,45,23,2679.07,0.428311
7,45,24,2646.65,0.434432
7,45,25,2642.14,0.452987
7,45,26,2666.3,0.48354
7,45,27,2715.68,0.524217
7,45,28,2783.97,0.570802
7,45,29,2863.06,0.616521
7,45,30,2944.68,0.652181
7,45,31,3021.7,0.668651
7,45,32,3089.24,0.66009
7,45,33,3145.48,0.625905
7,45,34,3191.37,0.571251
7,45,35,3229.74,0.505841
7,45,36,3264.88,0.440478
7,45,37,3301.52,0.384418
7,45,38,3343.77,0.342639
7,45,39,3394.91,0.315925
7,45,40,3456.03,0.301482
7,45,41,3527.66,0.296976
7,45,42,3606.94,0.301378
7,45,43,3687.64,0.315163
7,45,44,3760.89,0.338399
7,45,45,3816.36,0.368223
7,45,46,3843.34,0.397123
7,45,47,3830.23,0.414096
7,45,48,3762.77,0.408778
7,45,49,3621.7,0.375854
7,46,0,3343.77,0.409365
7,46,1,3524.13,0.48348
7,46,2,3637.82,0.53816
7,46,3,3697.76,0.569761
7,46,4,3713.45,0.578233
7,46,5,3691.58,0.566001
7,46,6,3638.39,0.537286
7,46,7,3562.26,0.498818
7,46,8,3475.41,0.459107
7,46,9,3393.07,0.427777
7,46,10,3329.2,0.412375
7,46,11,3290.58,0.415498
7,46,12,3275.26,0.434666
7,46,13,3272.81,0.462964
7,46,14,3270.47,0.491819
7,46,15,3257.2,0.513919
7,46,16,3226.08,0.524117
7,46,17,3174.25,0.520137
7,46,18,3103.3,0.502991
7,46,19,3018.18,0.476729
7,46,20,2926.18,0.447104
7,46,21,2835.61,0.420494
7,46,22,2755.3,0.402407
7,46,23,2693.34,0.396519
7,46,24,2657.1,0.404733
7,46,25,2651.01,0.427836
7,46,26,2675.8,0.465646
7,46,27,2727.18,0.516076
7,46,28,2797.95,0.574107
7,46,29,2879.46,0.631771
7,46,30,2963.48,0.678524
7,46,31,3043.24,0.703956
7,46,32,3114.05,0.701346
7,46,33,3174.01,0.669577
7,46,34,3223.64,0.613761
7,46,35,3265.26,0.544079
7,46,36,3302.8,0.47225
7,46,37,3340.94,0.408782
7,46,38,3384.05,0.359976
7,46,39,3435.93,0.327797
7,46,40,3498.02,0.310082
7,46,41,3571,0.304813
7,46,42,3651.77,0.310944
7,46,43,3733.7,0.328592
7,46,44,3807.61,0.357288
7,46,45,3863.14,0.39335
7,46,46,3889.84,0.428152
7,46,47,3876.42,0.449462
7,46,48,3808.77,0.445833
7,46,49,3667.35,0.411417
7,47,0,3273.72,0.398322
7,47,1,3456.66,0.469108
7,47,2,3572.15,0.519697
7,47,3,3632.57,0.546503
7,47,4,3647.58,0.54992
7,47,5,3624.46,0.533067
7,47,6,3570.49,0.500724
7,47,7,3495.29,0.459644
7,47,8,3412.07,0.417795
7,47,9,3336.26,0.383974
7,47,10,3281.02,0.365353
7,47,11,3251.73,0.364888
7,47,12,3245.14,0.381063
7,47,13,3250.21,0.408007
7,47,14,3254.07,0.437567
7,47,15,3245.77,0.462033
7,47,16,3218.42,0.475354
7,47,17,3169.11,0.474246
7,47,18,3099.18,0.459086
7,47,19,3013.37,0.433809
7,47,20,2918.8,0.404396
7,47,21,2823.9,0.377498
7,47,22,2738.04,0.359037
7,47,23,2670.27,0.353145
7,47,24,2629.06,0.362216
7,47,25,2619.59,0.387454
7,47,26,2642.73,0.428858
7,47,27,2693.73,0.484272
7,47,28,2764.86,0.548357
7,47,29,2847.14,0.612713
7,47,30,2932.43,0.666343
7,47,31,3014.1,0.698348
7,47,32,3087.52,0.701495
7,47,33,3150.59,0.674055
7,47,34,3203.43,0.620569
7,47,35,3247.92,0.550882
7,47,36,3287.75,0.476801
7,47,37,3327.61,0.409425
7,47,38,3372.1,0.356059
7,47,39,3425.41,0.319851
7,47,40,3489.31,0.299576
7,47,41,3564.63,0.29379
7,47,42,3648.1,0.301539
7,47,43,3732.64,0.322494
7,47,44,3808.57,0.355498
7,47,45,3865.19,0.396064
7,47,46,3891.92,0.434827
7,47,47,3877.44,0.459038
7,47,48,3807.56,0.456938
7,47,49,3662.69,0.422648
7,48,0,3153.9,0.368223
7,48,1,3340.54,0.433446
7,48,2,3458.81,0.479083
7,48,3,3520,0.501576
7,48,4,3533.81,0.501451
7,48,5,3508.36,0.482088
7,48,6,3452.36,0.448432
7,48,7,3377,0.406949
7,48,8,3296.72,0.364877
7,48,9,3227.03,0.330045
7,48,10,3180.02,0.309101
7,48,11,3159.48,0.305246
7,48,12,3160.9,0.317848
7,48,13,3172.68,0.342144
7,48,14,3181.97,0.370678
7,48,15,3177.92,0.395766
7,48,16,3153.77,0.410965
7,48,17,3106.6,0.412417
7,48,18,3037.67,0.400005
7,48,19,2951.51,0.377333
7,48,20,2855.12,0.350133
7,48,21,2756.92,0.324784
7,48,22,2666.64,0.307097
7,48,23,2593.94,0.301272
7,48,24,2547.97,0.3099
7,48,25,2534.43,0.334405
7,48,26,2554.37,0.37492
7,48,27,2602.92,0.429452
7,48,28,2672.18,0.492925
7,48,29,2753.15,0.557366
7,48,30,2837.87,0.612321
7,48,31,2919.87,0.647296
7,48,32,2994.59,0.655056
7,48,33,3059.77,0.633326
7,48,34,3115.18,0.585684
7,48,35,3162.34,0.520878
7,48,36,3204.69,0.449907
7,48,37,3246.87,0.383602
7,48,38,3293.59,0.329668
7,48,39,3349.32,0.292135
7,48,40,3416.13,0.270793
7,48,41,3495.04,0.264903
7,48,42,3582.71,0.273713
7,48,43,3671.61,0.296509
7,48,44,3751.36,0.331515
7,48,45,3810.43,0.373704
7,48,46,3837.57,0.413574
7,48,47,3820.93,0.438713
7,48,48,3746.03,0.437889
7,48,49,3593.57,0.405655
7,49,0,2969.76,0.319484
7,49,1,3159.35,0.376464
7,49,2,3280.47,0.415858
7,49,3,3342.43,0.434267
7,49,4,3354.71,0.432145
7,49,5,3326.45,0.412715
7,49,6,3268.11,0.380648
7,49,7,3192.76,0.341762
7,49,8,3115.88,0.302322
7,49,9,3052.67,0.268997
7,49,10,3013.77,0.247642
7,49,11,3001.25,0.241439
7,49,12,3009.43,0.250414
7,49,13,3026.4,0.270905
7,49,14,3039.48,0.296475
7,49,15,3038.15,0.320045
7,49,16,3015.95,0.335425
7,49,17,2970.23,0.338713
7,49,18,2902.3,0.329488
7,49,19,2816.66,0.310806
7,49,20,2720.14,0.287701
7,49,21,2621.07,0.265752
7,49,22,2529.13,0.250135
7,49,23,2454.06,0.24469
7,49,24,2405.09,0.251881
7,49,25,2387.98,0.273151
7,49,26,2403.9,0.308741
7,49,27,2448.1,0.357032
7,49,28,2512.94,0.413718
7,49,29,2589.78,0.471972
7,49,30,2671.09,0.522722
7,49,31,2750.77,0.556683
7,49,32,2824.49,0.567164
7,49,33,2889.94,0.551575
7,49,34,2946.68,0.512382
7,49,35,2995.85,0.456719
7,49,36,3040.57,0.394021
7,49,37,3085.26,0.334002
7,49,38,3134.55,0.284037
7,49,39,3193.09,0.248509
7,49,40,3263.21,0.228046
7,49,41,3346.23,0.222563
7,49,42,3438.96,0.23157
7,49,43,3533.52,0.25413
7,49,44,3618.6,0.288106
7,49,45,3681.37,0.328405
7,49,46,3709.21,0.366108
7,49,47,3689.21,0.390003
7,49,48,3606.52,0.390129
7,49,49,3442.99,0.361818
8,0,0,2283.91,0.312563
8,0,1,2440.72,0.34656
8,0,2,2543.06,0.354286
8,0,3,2598.23,0.336575
8,0,4,2619.55,0.300732
8,0,5,2620.59,0.257291
8,0,6,2610.85,0.215985
8,0,7,2593.82,0.18289
8,0,8,2568.1,0.159602
8,0,9,2530.47,0.144272
8,0,10,2479.52,0.133576
8,0,11,2417.14,0.124472
8,0,12,2350.04,0.115732
8,0,13,2286.05,0.107111
8,0,14,2232.7,0.0994237
8,0,15,2194.47,0.0936765
8,0,16,2171.32,0.0901852
8,0,17,2159.48,0.0887946
8,0,18,2152.87,0.0890819
8,0,19,2145.8,0.0906017
8,0,20,2134.13,0.0930569
8,0,21,2115.03,0.0957235
8,0,22,2086.04,0.0972444
8,0,23,2044.59,0.0957797
8,0,24,1988.59,0.0897167
8,0,25,1917.5,0.078663
8,0,26,1834.01,0.0639169
8,0,27,1744.32,0.0479378
8,0,28,1656.7,0.0332411
8,0,29,1578.91,0.0215081
8,0,30,1515.44,0.0132482
8,0,31,1466.31,0.00801648
8,0,32,1428.2,0.00489731
8,0,33,1396.36,0.00306211
8,0,34,1366.85,0.00194962
8,0,35,1337.62,0.0012096
8,0,36,1308.26,0.000749883
8,0,37,1279.69,0.000463784
8,0,38,1253.11,0.00034885
8,0,39,1229.68,0.000477167
8,0,40,1210.1,0.000953452
8,0,41,1194.74,0.00208747
8,0,42,1183.37,0.00428932
8,0,43,1174.96,0.00799816
8,0,44,1167.91,0.013446
8,0,45,1160,0.0203534
8,0,46,1149.17,0.0277312
8,0,47,1134.27,0.0340006
8,0,48,1115.36,0.0375059
8,0,49,1093.88,0.0372142
8,1,0,2443.46,0.360114
8,1,1,2611.61,0.400481
8,1,2,2719.94,0.410873
8,1,3,2777.32,0.392021
8,1,4,2798.34,0.352154
8,1,5,2797.56,0.303335
8,1,6,2785.51,0.25685
8,1,7,2766.5,0.219906
8,1,8,2739.54,0.19454
8,1,9,2701.25,0.178718
8,1,10,2649.61,0.168503
8,1,11,2585.7,0.160111
8,1,12,2515.59,0.151729
8,1,13,2446.93,0.142711
8,1,14,2387.59,0.133714
8,1,15,2342.78,0.125775
8,1,16,2313.23,0.11933
8,1,17,2295.8,0.114404
8,1,18,2284.76,0.110782
8,1,19,2274.56,0.108248
8,1,20,2261,0.10672
8,1,21,2240.98,0.105723
8,1,22,2211.47,0.104134
8,1,23,2169.16,0.100274
8,1,24,2111.18,0.0925905
8,1,25,2036.43,0.0806128
8,1,26,1947.31,0.0654859
8,1,27,1850.23,0.0494866
8,1,28,1754.08,0.0349407
8,1,29,1667.57,0.0233921
8,1,30,1596.06,0.0152492
8,1,31,1540.11,0.0100215
8,1,32,1496.49,0.00676933
8,1,33,1460.25,0.00468929
8,1,34,1427.17,0.00326066
8,1,35,1394.99,0.00218686
8,1,36,1363.1,0.0014206
8,1,37,1332.28,0.000897276
8,1,38,1303.59,0.00063851
8,1,39,1278.09,0.000736929
8,1,40,1256.49,0.00133363
8,1,41,1239.29,0.00281897
8,1,42,1226.39,0.00570652
8,1,43,1216.72,0.0105322
8,1,44,1208.41,0.017546
8,1,45,1198.79,0.0263336
8,1,46,1185.3,0.0355892
8,1,47,1166.53,0.0433007
8,1,48,1142.65,0.0474199
8,1,49,1115.55,0.0467327
8,2,0,2543.07,0.385061
8,2,1,2718.06,0.430061
8,2,2,2830.25,0.443461
8,2,3,2889.39,0.425735
8,2,4,2910.59,0.385425
8,2,5,2908.86,0.335311
8,2,6,2895.32,0.287478
8,2,7,2874.97,0.249758
8,2,8,2847.34,0.224452
8,2,9,2809.13,0.20945
8,2,10,2757.95,0.200487
8,2,11,2694.21,0.193361
8,2,12,2623.28,0.185842
8,2,13,2552.35,0.17692
8,2,14,2489.22,0.166967
8,2,15,2439.43,0.156859
8,2,16,2404.34,0.147057
8,2,17,2381.5,0.137795
8,2,18,2366,0.129202
8,2,19,2352.79,0.121456
8,2,20,2337.88,0.114792
8,2,21,2317.96,0.109075
8,2,22,2289.39,0.103549
8,2,23,2248.09,0.0968552
8,2,24,2190.52,0.087678
8,2,25,2115.16,0.0755295
8,2,26,2024.25,0.0612921
8,2,27,1924.22,0.0468157
8,2,28,1824.17,0.0339517
8,2,29,1733.16,0.0238895
8,2,30,1657.02,0.0168251
8,2,31,1596.71,0.0122181
8,2,32,1549.29,0.00916452
8,2,33,1509.92,0.00696111
8,2,34,1474.37,0.00519587
8,2,35,1440.37,0.00369045
8,2,36,1407.18,0.00248486
8,2,37,1375.4,0.00159721
8,2,38,1345.92,0.0010908
8,2,39,1319.63,0.00107985
8,2,40,1297.22,0.00173627
8,2,41,1279.28,0.00350566
8,2,42,1265.83,0.00697031
8,2,43,1255.8,0.0127212
8,2,44,1247.02,0.0209886
8,2,45,1236.36,0.031214
8,2,46,1220.74,0.0418182
8,2,47,1198.48,0.0504565
8,2,48,1169.86,0.05482
8,2,49,1137.25,0.0536229
8,3,0,2586.06,0.385372
8,3,1,2765.11,0.432881
8,3,2,2880.35,0.449402
8,3,3,2941.72,0.435036
8,3,4,2964.24,0.398013
8,3,5,2962.85,0.350931
8,3,6,2948.83,0.305781
8,3,7,2927.63,0.270376
8,3,8,2899.29,0.246992
8,3,9,2860.82,0.23355
8,3,10,2809.81,0.225834
8,3,11,2746.35,0.219717
8,3,12,2675.28,0.212926
8,3,13,2603.35,0.204276
8,3,14,2538.01,0.193819
8,3,15,2484.75,0.182072
8,3,16,2445.23,0.169343
8,3,17,2417.73,0.156004
8,3,18,2398.26,0.142533
8,3,19,2382.61,0.129577
8,3,20,2367.13,0.117706
8,3,21,2348.33,0.107143
8,3,22,2321.93,0.0975469
8,3,23,2283.14,0.0879808
8,3,24,2227.91,0.0774992
8,3,25,2154.54,0.0656949
8,3,26,2065.27,0.0531708
8,3,27,1966.5,0.0412329
8,3,28,1867.1,0.0310943
8,3,29,1775.92,0.0234472
8,3,30,1698.7,0.0181881
8,3,31,1636.6,0.0147022
8,3,32,1587.07,0.012142
8,3,33,1545.66,0.00993748
8,3,34,1508.41,0.00782488
8,3,35,1473.24,0.00579231
8,3,36,1439.36,0.00400832
8,3,37,1407.3,0.00261346
8,3,38,1377.77,0.00173243
8,3,39,1351.55,0.00150212
8,3,40,1329.27,0.00211105
8,3,41,1311.58,0.00401695
8,3,42,1298.58,0.00781393
8,3,43,1289.18,0.0140879
8,3,44,1280.9,0.0230101
8,3,45,1270.13,0.0338965
8,3,46,1253.27,0.0449976
8,3,47,1228.31,0.0538138
8,3,48,1195.65,0.0579729
8,3,49,1158.07,0.0562497
8,4,0,2582.51,0.364747
8,4,1,2763.8,0.412758
8,4,2,2881.9,0.432272
8,4,3,2946.31,0.422973
8,4,4,2971.5,0.392254
8,4,5,2971.84,0.351734
8,4,6,2958.34,0.312479
8,4,7,2936.52,0.281641
8,4,8,2906.86,0.261183
8,4,9,2866.83,0.249147
8,4,10,2814.44,0.241775
8,4,11,2749.96,0.23556
8,4,12,2678.15,0.228664
8,4,13,2605.46,0.220039
8,4,14,2538.9,0.209503
8,4,15,2483.6,0.197083
8,4,16,2441.16,0.182742
8,4,17,2410.32,0.166795
8,4,18,2388.02,0.149912
8,4,19,2370.93,0.133102
8,4,20,2355.76,0.117178
8,4,21,2338.89,0.102648
8,4,22,2315.47,0.0895676
8,4,23,2280.18,0.0774564
8,4,24,2228.75,0.0658365
8,4,25,2159.56,0.0545017
8,4,26,2075.01,0.0438585
8,4,27,1981.31,0.0347027
8,4,28,1886.74,0.0275996
8,4,29,1799.34,0.0227069
8,4,30,1724.31,0.0195776
8,4,31,1662.75,0.0174849
8,4,32,1612.56,0.0156138
8,4,33,1569.9,0.0135099
8,4,34,1531.33,0.0110585
8,4,35,1495.09,0.0084331
8,4,36,1460.55,0.0059599
8,4,37,1428.22,0.00393152
8,4,38,1398.79,0.00255223
8,4,39,1372.95,0.00198268
8,4,40,1351.29,0.00240761
8,4,41,1334.47,0.00424494
8,4,42,1322.64,0.00803361
8,4,43,1314.62,0.0142911
8,4,44,1307.65,0.0231006
8,4,45,1297.67,0.0337015
8,4,46,1280.6,0.0443203
8,4,47,1254.09,0.0525187
8,4,48,1218.53,0.0560753
8,4,49,1176.99,0.0539434
8,5,0,2545.82,0.330668
8,5,1,2727.93,0.37766
8,5,2,2848.76,0.399853
8,5,3,2916.93,0.396523
8,5,4,2945.93,0.373889
8,5,5,2949.2,0.342018
8,5,6,2936.96,0.310437
8,5,7,2914.45,0.285155
8,5,8,2882.35,0.267614
8,5,9,2838.85,0.256065
8,5,10,2782.75,0.247534
8,5,11,2715.14,0.239581
8,5,12,2641.2,0.231244
8,5,13,2567.42,0.221964
8,5,14,2500.37,0.21153
8,5,15,2444.51,0.199499
8,5,16,2401,0.185353
8,5,17,2368.67,0.16911
8,5,18,2345.16,0.151319
8,5,19,2327.81,0.133077
8,5,20,2313.69,0.115212
8,5,21,2299.07,0.0983676
8,5,22,2278.77,0.082926
8,5,23,2247.31,0.0688611
8,5,24,2200.56,0.0562178
8,5,25,2137.26,0.0451156
8,5,26,2059.99,0.0359178
8,5,27,1974.57,0.0290637
8,5,28,1888.26,0.0245961
8,5,29,1807.8,0.0222
8,5,30,1737.46,0.0210915
8,5,31,1678.18,0.0203948
8,5,32,1628.32,0.0192728
8,5,33,1584.88,0.0173326
8,5,34,1545.06,0.0145761
8,5,35,1507.62,0.0113523
8,5,36,1472.17,0.00815492
8,5,37,1439.34,0.00544076
8,5,38,1409.87,0.00350545
8,5,39,1384.42,0.00253242
8,5,40,1363.52,0.0026778
8,5,41,1347.82,0.0042665
8,5,42,1337.41,0.00771518
8,5,43,1331.03,0.0134167
8,5,44,1325.73,0.0213555
8,5,45,1317.15,0.0307658
8,5,46,1300.81,0.0400119
8,5,47,1274,0.0469262
8,5,48,1236.95,0.0496184
8,5,49,1192.86,0.0472923
8,6,0,2490.12,0.291876
8,6,1,2671.93,0.337118
8,6,2,2795.16,0.361699
8,6,3,2867.32,0.364498
8,6,4,2900.67,0.350383
8,6,5,2907.38,0.327575
8,6,6,2896.56,0.303773
8,6,7,2872.83,0.283651
8,6,8,2837,0.268098
8,6,9,2788.05,0.255672
8,6,10,2726.01,0.244358
8,6,11,2653.24,0.23301
8,6,12,2575.88,0.2218
8,6,13,2500.73,0.21093
8,6,14,2433.95,0.200423
8,6,15,2379.07,0.189541
8,6,16,2336.48,0.177282
8,6,17,2304.69,0.163171
8,6,18,2281.64,0.14728
8,6,19,2265.07,0.130413
8,6,20,2252.28,0.113112
8,6,21,2239.56,0.0959578
8,6,22,2221.78,0.0795469
8,6,23,2193.77,0.0642726
8,6,24,2151.96,0.0507175
8,6,25,2095.63,0.0394271
8,6,26,2027.48,0.030897
8,6,27,1952.61,0.025423
8,6,28,1876.87,0.0227296
8,6,29,1805.35,0.0221584
8,6,30,1741.22,0.0226384
8,6,31,1685.2,0.0231234
8,6,32,1636.19,0.0226922
8,6,33,1592.14,0.0209447
8,6,34,1551.1,0.0179488
8,6,35,1512.38,0.0141939
8,6,36,1475.95,0.0103295
8,6,37,1442.56,0.00696823
8,6,38,1413.03,0.00449837
8,6,39,1387.98,0.00312188
8,6,40,1367.84,0.00294433
8,6,41,1353.15,0.00415843
8,6,42,1343.9,0.00701232
8,6,43,1338.85,0.0117429
8,6,44,1335,0.0182472
8,6,45,1327.89,0.0258296
8,6,46,1312.84,0.0331247
8,6,47,1286.8,0.0383826
8,6,48,1249.71,0.0401468
8,6,49,1204.63,0.0378829
8,7,0,2427.82,0.25629
8,7,1,2608.63,0.299961
8,7,2,2733.81,0.326833
8,7,3,2809.61,0.335344
8,7,4,2846.91,0.32897
8,7,5,2856.52,0.314085
8,7,6,2846.36,0.296643
8,7,7,2820.42,0.280135
8,7,8,2779.62,0.265064
8,7,9,2723.87,0.250388
8,7,10,2654.6,0.235051
8,7,11,2575.76,0.219139
8,7,12,2494.65,0.203954
8,7,13,2418.5,0.190578
8,7,14,2353,0.179496
8,7,15,2300.62,0.169952
8,7,16,2260.69,0.160603
8,7,17,2231.14,0.150401
8,7,18,2209.82,0.138679
8,7,19,2194.59,0.125597
8,7,20,2182.88,0.111122
8,7,21,2171.15,0.0955629
8,7,22,2154.76,0.0795867
8,7,23,2129.31,0.0639266
8,7,24,2092.13,0.0496595
8,7,25,2043.16,0.0378049
8,7,26,1984.99,0.0291405
8,7,27,1921.71,0.0240304
8,7,28,1857.46,0.0221053
8,7,29,1795.57,0.0225216
8,7,30,1738.05,0.0240013
8,7,31,1685.49,0.025329
8,7,32,1637.41,0.0254521
8,7,33,1592.81,0.023903
8,7,34,1550.68,0.0207626
8,7,35,1510.93,0.016615
8,7,36,1473.89,0.0122398
8,7,37,1440.4,0.00838252
8,7,38,1411.23,0.00551857
8,7,39,1386.9,0.0038614
8,7,40,1367.61,0.00344666
8,7,41,1353.68,0.00430626
8,7,42,1345.06,0.00648863
8,7,43,1340.54,0.0100595
8,7,44,1337.34,0.014851
8,7,45,1331.18,0.0203013
8,7,46,1317.41,0.0254024
8,7,47,1292.73,0.0288959
8,7,48,1256.69,0.0297834
8,7,49,1211.98,0.0277588
8,8,0,2368.27,0.229869
8,8,1,2547.94,0.272934
8,8,2,2674.54,0.302197
8,8,3,2752.99,0.315525
8,8,4,2792.8,0.315077
8,8,5,2803.55,0.305662
8,8,6,2792.28,0.291943
8,8,7,2762.64,0.276701
8,8,8,2715.94,0.260387
8,8,9,2653.08,0.242436
8,8,10,2576.93,0.222559
8,8,11,2492.91,0.201753
8,8,12,2409.34,0.182188
8,8,13,2333.65,0.165744
8,8,14,2270.92,0.153493
8,8,15,2222.44,0.144939
8,8,16,2186.43,0.138625
8,8,17,2160.13,0.133007
8,8,18,2141.08,0.126605
8,8,19,2127.09,0.118733
8,8,20,2115.71,0.108611
8,8,21,2103.77,0.0961118
8,8,22,2087.43,0.0818057
8,8,23,2063.4,0.0666284
8,8,24,2030.15,0.0520311
8,8,25,1988.2,0.0394764
8,8,26,1939.84,0.030111
8,8,27,1887.89,0.0245356
8,8,28,1834.73,0.0224903
8,8,29,1781.94,0.0231074
8,8,30,1730.54,0.0249999
8,8,31,1681.07,0.026808
8,8,32,1633.76,0.0273257
8,8,33,1588.67,0.0259753
8,8,34,1545.8,0.0228032
8,8,35,1505.68,0.0184434
8,8,36,1468.93,0.0137765
8,8,37,1436.32,0.00965833
8,8,38,1408.44,0.00664627
8,8,39,1385.46,0.00496025
8,8,40,1367.26,0.00454901
8,8,41,1353.9,0.0052574
8,8,42,1345.22,0.00690539
8,8,43,1340.22,0.00937322
8,8,44,1336.53,0.012447
8,8,45,1330.32,0.015743
8,8,46,1317.21,0.0186541
8,8,47,1293.8,0.0204274
8,8,48,1259.24,0.0204946
8,8,49,1215.69,0.0187258
8,9,0,2317.23,0.21592
8,9,1,2496.01,0.259825
8,9,2,2623.46,0.291678
8,9,3,2703.11,0.3086
8,9,4,2743.2,0.311605
8,9,5,2752.45,0.304434
8,9,6,2737.59,0.291168
8,9,7,2702.51,0.274546
8,9,8,2649.35,0.255386
8,9,9,2580.18,0.233621
8,9,10,2499.11,0.209423
8,9,11,2412.6,0.184218
8,9,12,2329.46,0.160613
8,9,13,2256.83,0.141048
8,9,14,2198.84,0.12716
8,9,15,2155.55,0.118909
8,9,16,2124.2,0.114958
8,9,17,2101.39,0.113448
8,9,18,2084.41,0.112222
8,9,19,2070.99,0.109763
8,9,20,2058.9,0.104549
8,9,21,2045.54,0.0959441
8,9,22,2028.07,0.0842576
8,9,23,2004.47,0.0704392
8,9,24,1974.29,0.056116
8,9,25,1938.5,0.0430711
8,9,26,1898.9,0.0328216
8,9,27,1856.99,0.0263046
8,9,28,1813.46,0.0235289
8,9,29,1768.4,0.023751
8,9,30,1722.06,0.0255829
8,9,31,1675.02,0.027566
8,9,32,1628.24,0.0283447
8,9,33,1582.87,0.0272089
8,9,34,1539.88,0.0241306
8,9,35,1500.37,0.0197578
8,9,36,1465.13,0.0150529
8,9,37,1434.71,0.0109725
8,9,38,1409.25,0.00816007
8,9,39,1388.45,0.00683899
8,9,40,1371.73,0.00684676
8,9,41,1358.84,0.00779853
8,9,42,1349.56,0.00923854
8,9,43,1343.17,0.0108312
8,9,44,1337.82,0.0123269
8,9,45,1330.36,0.0135535
8,9,46,1316.89,0.0143313
8,9,47,1294.04,0.0144065
8,9,48,1260.61,0.0135983
8,9,49,1218.21,0.0119075
8,10,0,2277.18,0.214889
8,10,1,2455.4,0.261213
8,10,2,2583.06,0.295926
8,10,3,2662.3,0.31523
8,10,4,2700.3,0.319209
8,10,5,2705.31,0.311095
8,10,6,2684.39,0.295126
8,10,7,2642.39,0.274681
8,10,8,2582.74,0.251343
8,10,9,2508.82,0.225557
8,10,10,2425.76,0.197653
8,10,11,2340.5,0.168995
8,10,12,2261.57,0.142172
8,10,13,2195.14,0.119851
8,10,14,2144.04,0.104091
8,10,15,2107.08,0.0953574
8,10,16,2080.66,0.0925973
8,10,17,2060.99,0.0938665
8,10,18,2045.22,0.0966048
8,10,19,2031.23,0.0986721
8,10,20,2017.23,0.0979803
8,10,21,2001.38,0.0934229
8,10,22,1981.94,0.0849333
8,10,23,1958.1,0.0732735
8,10,24,1930.29,0.0599981
8,10,25,1899.67,0.0470114
8,10,26,1867.38,0.0361118
8,10,27,1833.66,0.0285908
8,10,28,1797.79,0.0248225
8,10,29,1758.72,0.0243101
8,10,30,1716.18,0.0257752
8,10,31,1670.91,0.0277247
8,10,32,1624.62,0.0286825
8,10,33,1579.43,0.0278033
8,10,34,1537.2,0.0249539
8,10,35,1499.49,0.0207738
8,10,36,1467.11,0.0163011
8,10,37,1440.15,0.0126032
8,10,38,1418.17,0.0104243
8,10,39,1400.28,0.00998903
8,10,40,1385.43,0.0109854
8,10,41,1373.06,0.0127283
8,10,42,1362.91,0.0144076
8,10,43,1354.56,0.0154177
8,10,44,1346.74,0.0154737
8,10,45,1337.02,0.0146534
8,10,46,1322.07,0.0132429
8,10,47,1298.7,0.0114954
8,10,48,1265.42,0.00959344
8,10,49,1223.33,0.00764331
8,11,0,2247.84,0.224126
8,11,1,2425.54,0.274109
8,11,2,2552.69,0.311906
8,11,3,2630.15,0.332714
8,11,4,2664.23,0.335887
8,11,5,2663.09,0.324585
8,11,6,2634.57,0.303735
8,11,7,2584.98,0.277828
8,11,8,2519.45,0.249491
8,11,9,2442.8,0.219706
8,11,10,2360.92,0.188768
8,11,11,2280.67,0.157643
8,11,12,2209.6,0.128526
8,11,13,2152.3,0.103993
8,11,14,2109.97,0.0863067
8,11,15,2080.13,0.0763683
8,11,16,2058.5,0.0734742
8,11,17,2041.1,0.0757954
8,11,18,2025.22,0.0806922
8,11,19,2009.15,0.0857104
8,11,20,1991.89,0.0884753
8,11,21,1972.62,0.0875431
8,11,22,1950.74,0.0824328
8,11,23,1926.46,0.0735548
8,11,24,1900.71,0.0621432
8,11,25,1874.49,0.0499827
8,11,26,1848.15,0.0389889
8,11,27,1820.78,0.0307464
8,11,28,1790.6,0.0260242
8,11,29,1755.82,0.024661
8,11,30,1715.93,0.0255935
8,11,31,1671.98,0.0273756
8,11,32,1626.41,0.0284664
8,11,33,1582.16,0.0279059
8,11,34,1541.8,0.0254404
8,11,35,1507.14,0.0216881
8,11,36,1478.78,0.0177621
8,11,37,1456.25,0.0148545
8,11,38,1438.42,0.01382
8,11,39,1423.84,0.0148724
8,11,40,1411.07,0.0174957
8,11,41,1399.34,0.0206146
8,11,42,1388.37,0.0229699
8,11,43,1378.01,0.0236254
8,11,44,1367.53,0.0222653
8,11,45,1355.13,0.01927
8,11,46,1338.01,0.0154521
8,11,47,1313.13,0.0116042
8,11,48,1278.76,0.00827152
8,11,49,1235.55,0.00565642
8,12,0,2229.03,0.239572
8,12,1,2405.84,0.29395
8,12,2,2531.69,0.335075
8,12,3,2606.44,0.35717
8,12,4,2635.74,0.358997
8,12,5,2627.84,0.343813
8,12,6,2591.57,0.31739
8,12,7,2534.9,0.28546
8,12,8,2464.81,0.251803
8,12,9,2387.56,0.218014
8,12,10,2309.63,0.184364
8,12,11,2237.35,0.151322
8,12,12,2176.8,0.120504
8,12,13,2130.63,0.0941464
8,12,14,2098.18,0.074498
8,12,15,2075.68,0.0627403
8,12,16,2058.21,0.0585015
8,12,17,2041.79,0.0602028
8,12,18,2024.09,0.0653989
8,12,19,2004.18,0.0716247
8,12,20,1982.22,0.076504
8,12,21,1958.67,0.0784278
8,12,22,1934.12,0.0765324
8,12,23,1909.55,0.070782
8,12,24,1885.97,0.061896
8,12,25,1863.83,0.0513155
8,12,26,1842.48,0.0408822
8,12,27,1820,0.0323607
8,12,28,1793.83,0.026886
8,12,29,1761.86,0.0246784
8,12,30,1723.67,0.0249759
8,12,31,1680.78,0.0264703
8,12,32,1636.31,0.0276308
8,12,33,1593.9,0.027428
8,12,34,1556.51,0.0254934
8,12,35,1525.91,0.0224188
8,12,36,1502.31,0.0193825
8,12,37,1484.58,0.0177009
8,12,38,1470.99,0.0183261
8,12,39,1459.67,0.0214331
8,12,40,1448.96,0.0262416
8,12,41,1437.99,0.0312045
8,12,42,1426.56,0.0345386
8,12,43,1414.72,0.0349412
8,12,44,1402.16,0.0320865
8,12,45,1387.52,0.0267168
8,12,46,1368.3,0.0202321
8,12,47,1341.49,0.0139972
8,12,48,1305.01,0.00892342
8,12,49,1259.1,0.0053039
8,13,0,2219.74,0.256779
8,13,1,2394.86,0.315717
8,13,2,2518.51,0.360427
8,13,3,2589.96,0.384306
8,13,4,2614.47,0.385572
8,13,5,2600.45,0.36745
8,13,6,2557.63,0.336292
8,13,7,2495.52,0.298842
8,13,8,2422.82,0.259969
8,13,9,2347.14,0.22201
8,13,10,2275.32,0.185437
8,13,11,2212.92,0.150395
8,13,12,2164.32,0.117941
8,13,13,2130.06,0.08985
8,13,14,2107.61,0.0681653
8,13,15,2091.91,0.054162
8,13,16,2077.52,0.0477132
8,13,17,2060.5,0.0475425
8,13,18,2039.15,0.0515656
8,13,19,2013.63,0.0575255
8,13,20,1985.57,0.0632626
8,13,21,1956.97,0.0671631
8,13,22,1929.65,0.0680637
8,13,23,1905.11,0.06547
8,13,24,1884.06,0.0594805
8,13,25,1866,0.0510311
8,13,26,1849.09,0.0417148
8,13,27,1830.48,0.0333417
8,13,28,1807.09,0.0273412
8,13,29,1776.84,0.024319
8,13,30,1739.69,0.0238727
8,13,31,1697.81,0.0249199
8,13,32,1654.99,0.0260312
8,13,33,1615.3,0.0261777
8,13,34,1581.8,0.0249084
8,13,35,1555.94,0.0227834
8,13,36,1537.32,0.0210084
8,13,37,1524.18,0.0209768
8,13,38,1514.36,0.023676
8,13,39,1505.79,0.0291867
8,13,40,1496.82,0.0364207
8,13,41,1486.67,0.0433383
8,13,42,1475.27,0.0476423
8,13,43,1462.9,0.0477047
8,13,44,1449.49,0.0432444
8,13,45,1433.85,0.0354072
8,13,46,1413.47,0.026191
8,13,47,1385.06,0.0175121
8,13,48,1346.01,0.0106143
8,13,49,1296.1,0.00586009
8,14,0,2220,0.27316
8,14,1,2392.32,0.336562
8,14,2,2512.7,0.385224
8,14,3,2580.28,0.41192
8,14,4,2600.21,0.414292
8,14,5,2581.13,0.395203
8,14,6,2533.5,0.361061
8,14,7,2468.04,0.319161
8,14,8,2394.88,0.27529
8,14,9,2322.71,0.232696
8,14,10,2258.57,0.192429
8,14,11,2207.1,0.154674
8,14,12,2170.91,0.120128
8,14,13,2148.44,0.0900898
8,14,14,2135.38,0.0662631
8,14,15,2125.51,0.0498239
8,14,16,2112.91,0.0407605
8,14,17,2093.83,0.0380732
8,14,18,2067.29,0.0400898
8,14,19,2034.75,0.0448627
8,14,20,1999.51,0.0505584
8,14,21,1965.28,0.0556617
8,14,22,1935.1,0.0588024
8,14,23,1910.81,0.0590763
8,14,24,1892.53,0.0559546
8,14,25,1878.53,0.0498044
8,14,26,1865.68,0.0418631
8,14,27,1850.27,0.0338758
8,14,28,1828.89,0.02748
8,14,29,1799.73,0.0236321
8,14,30,1763.34,0.0223072
8,14,31,1722.61,0.0227164
8,14,32,1681.93,0.0236191
8,14,33,1645.59,0.0240671
8,14,34,1616.47,0.0235801
8,14,35,1595.43,0.0226716
8,14,36,1581.38,0.0224985
8,14,37,1572.06,0.0244213
8,14,38,1565.07,0.0293432
8,14,39,1558.41,0.0371773
8,14,40,1550.64,0.0465322
8,14,41,1541.25,0.0549668
8,14,42,1530.42,0.0598174
8,14,43,1518.65,0.0592785
8,14,44,1505.96,0.0531959
8,14,45,1491.06,0.043107
8,14,46,1471.07,0.0315137
8,14,47,1442.06,0.020762
8,14,48,1400.68,0.0123294
8,14,49,1346.11,0.00660436
8,15,0,2231.05,0.288617
8,15,1,2399.46,0.356428
8,15,2,2515.33,0.409453
8,15,3,2578.19,0.440022
8,15,4,2593.43,0.445151
8,15,5,2570.01,0.427006
8,15,6,2519.01,0.391532
8,15,7,2452.07,0.346111
8,15,8,2380.4,0.297257
8,15,9,2313.42,0.249293
8,15,10,2258.17,0.204248
8,15,11,2218.16,0.162771
8,15,12,2194.23,0.125463
8,15,13,2182.81,0.0932024
8,15,14,2178,0.0672468
8,15,15,2172.65,0.048496
8,15,16,2160.55,0.0369088
8,15,17,2138.22,0.031693
8,15,18,2105.52,0.0315606
8,15,19,2065.22,0.0348796
8,15,20,2022.33,0.040151
8,15,21,1982.2,0.0459812
8,15,22,1949.01,0.0508521
8,15,23,1924.79,0.053512
8,15,24,1908.98,0.0528744
8,15,25,1898.58,0.0487736
8,15,26,1889.23,0.0420823
8,15,27,1876.44,0.0344336
8,15,28,1856.66,0.0276069
8,15,29,1828.4,0.0228544
8,15,30,1792.86,0.0205073
8,15,31,1753.59,0.0201012
8,15,32,1715.4,0.0206502
8,15,33,1682.66,0.0213587
8,15,34,1657.83,0.0217745
8,15,35,1641.11,0.0223338
8,15,36,1630.76,0.0240297
8,15,37,1624.15,0.0280196
8,15,38,1618.86,0.0349546
8,15,39,1613.16,0.044505
8,15,40,1605.98,0.0550489
8,15,41,1597.26,0.0639665
8,15,42,1587.53,0.0685216
8,15,43,1577.48,0.0669809
8,15,44,1567.1,0.0594135
8,15,45,1554.73,0.0476626
8,15,46,1536.76,0.0345218
8,15,47,1508.41,0.0225344
8,15,48,1465.38,0.0132451
8,15,49,1406.13,0.00700317
8,16,0,2253.95,0.304919
8,16,1,2417.61,0.377279
8,16,2,2527.79,0.434959
8,16,3,2584.87,0.469946
8,16,4,2594.83,0.478646
8,16,5,2567.17,0.462383
8,16,6,2513.56,0.426363
8,16,7,2446.43,0.377778
8,16,8,2377.74,0.323733
8,16,9,2317.32,0.269718
8,16,10,2271.82,0.218999
8,16,11,2243.47,0.173009
8,16,12,2231.25,0.132477
8,16,13,2229.73,0.0979164
8,16,14,2231.7,0.0700667
8,16,15,2229.4,0.0494046
8,16,16,2216.62,0.0357396
8,16,17,2190.3,0.0284165
8,16,18,2151.17,0.0264775
8,16,19,2103.17,0.0285665
8,16,20,2052.82,0.0334565
8,16,21,2006.83,0.0398254
8,16,22,1970.31,0.046012
8,16,23,1945.46,0.0504652
8,16,24,1931.1,0.0516572
8,16,25,1923.21,0.0490111
8,16,26,1916.43,0.0431213
8,16,27,1905.7,0.0355312
8,16,28,1887.35,0.0281243
8,16,29,1860.21,0.0223792
8,16,30,1825.92,0.0189267
8,16,31,1788.49,0.0176187
8,16,32,1752.96,0.0177615
8,16,33,1723.55,0.0187643
8,16,34,1702.35,0.0202488
8,16,35,1688.97,0.022524
8,16,36,1681.15,0.0262757
8,16,37,1676.1,0.0322471
8,16,38,1671.49,0.0406521
8,16,39,1666.01,0.0508591
8,16,40,1659.03,0.0611587
8,16,41,1651.05,0.0690805
8,16,42,1643.02,0.0722111
8,16,43,1635.78,0.0691944
8,16,44,1629.1,0.0604057
8,16,45,1620.74,0.0478408
8,16,46,1606.17,0.0342859
8,16,47,1579.61,0.0221796
8,16,48,1535.75,0.0129309
8,16,49,1472.31,0.00678048
8,17,0,2288.45,0.324066
8,17,1,2447.17,0.401248
8,17,2,2551.07,0.463578
8,17,3,2601.64,0.502729
8,17,4,2605.74,0.514622
8,17,5,2573.62,0.499876
8,17,6,2517.68,0.463042
8,17,7,2451.08,0.411103
8,17,8,2386.28,0.351666
8,17,9,2333.19,0.291326
8,17,10,2297.73,0.234614
8,17,11,2280.6,0.183853
8,17,12,2278.93,0.140025
8,17,13,2285.62,0.103343
8,17,14,2292.48,0.0740078
8,17,15,2291.57,0.0519989
8,17,16,2276.99,0.0369119
8,17,17,2246.31,0.0281732
8,17,18,2201.07,0.025086
8,17,19,2146.18,0.0264969
8,17,20,2089.16,0.0313346
8,17,21,2037.66,0.0382458
8,17,22,1997.42,0.0453924
8,17,23,1970.78,0.0509647
8,17,24,1956.27,0.0531529
8,17,25,1949.3,0.0511546
8,17,26,1943.88,0.0454431
8,17,27,1934.6,0.0375373
8,17,28,1917.66,0.0293976
8,17,29,1892.05,0.0226428
8,17,30,1859.6,0.0181202
8,17,31,1824.38,0.0159602
8,17,32,1791.43,0.0157783
8,17,33,1764.76,0.0172241
8,17,34,1746.19,0.0200202
8,17,35,1734.95,0.0242862
8,17,36,1728.55,0.0302493
8,17,37,1724.14,0.038022
8,17,38,1719.58,0.0472091
8,17,39,1714,0.0568454
8,17,40,1707.27,0.0653135
8,17,41,1700.48,0.0706529
8,17,42,1694.96,0.0711778
8,17,43,1691.62,0.0661968
8,17,44,1689.83,0.0564439
8,17,45,1686.55,0.0438887
8,17,46,1676.27,0.031003
8,17,47,1652.25,0.0198287
8,17,48,1608.28,0.011455
8,17,49,1541.3,0.00595711
8,18,0,2331.55,0.346756
8,18,1,2486.1,0.428962
8,18,2,2584.26,0.495576
8,18,3,2628.73,0.537941
8,18,4,2627.35,0.551712
8,18,5,2591.23,0.537183
8,18,6,2533.52,0.49863
8,18,7,2468.03,0.443022
8,18,8,2407.58,0.378418
8,18,9,2361.83,0.312295
8,18,10,2335.75,0.250205
8,18,11,2328.36,0.195228
8,18,12,2335.1,0.14859
8,18,13,2347.49,0.110253
8,18,14,2356.83,0.0799177
8,18,15,2355.35,0.0570904
8,18,16,2337.82,0.0411708
8,18,17,2302.58,0.0316554
8,18,18,2251.94,0.0280467
8,18,19,2191.43,0.0293138
8,18,20,2128.99,0.0343985
8,18,21,2072.62,0.0417944
8,18,22,2028.33,0.0494455
8,18,23,1998.67,0.0553418
8,18,24,1982.26,0.0575833
8,18,25,1974.49,0.0553598
8,18,26,1969.19,0.0492011
8,18,27,1960.75,0.0406616
8,18,28,1945.23,0.0317309
8,18,29,1921.5,0.0240587
8,18,30,1891.24,0.0186118
8,18,31,1858.32,0.0157539
8,18,32,1827.53,0.0154232
8,18,33,1802.72,0.0175403
8,18,34,1785.63,0.0219406
8,18,35,1775.44,0.0284935
8,18,36,1769.62,0.0368324
8,18,37,1765.41,0.046255
8,18,38,1760.85,0.0556281
8,18,39,1755.5,0.0636468
8,18,40,1749.68,0.0689527
8,18,41,1745.04,0.070396
8,18,42,1743.2,0.0673334
8,18,43,1744.94,0.059943
8,18,44,1749.01,0.0493349
8,18,45,1751.49,0.0373038
8,18,46,1745.95,0.0257815
8,18,47,1724.82,0.0162098
8,18,48,1681.18,0.00923834
8,18,49,1611.27,0.00474546
8,19,0,2378.51,0.372277
8,19,1,2530.57,0.459596
8,19,2,2624.85,0.529988
8,19,3,2665.18,0.574438
8,19,4,2660.29,0.58858
8,19,5,2621.98,0.572856
8,19,6,2563.99,0.531773
8,19,7,2500.54,0.472582
8,19,8,2444.5,0.403728
8,19,9,2405.14,0.333209
8,19,10,2386.38,0.26715
8,19,11,2385.83,0.209066
8,19,12,2397.53,0.160321
8,19,13,2412.16,0.120698
8,19,14,2420.91,0.089541
8,19,15,2416.59,0.0660341
8,19,16,2394.88,0.0495041
8,19,17,2354.98,0.0395483
8,19,18,2299.86,0.0357994
8,19,19,2235.24,0.0372411
8,19,20,2168.95,0.0426572
8,19,21,2108.72,0.0502698
8,19,22,2060.45,0.0577902
8,19,23,2026.89,0.0631123
8,19,24,2007.21,0.0644664
8,19,25,1997.19,0.0612515
8,19,26,1990.95,0.0541962
8,19,27,1982.79,0.0448996
8,19,28,1968.56,0.0352856
8,19,29,1946.79,0.0269058
8,19,30,1918.73,0.0207533
8,19,31,1887.82,0.0173936
8,19,32,1858.54,0.0171115
8,19,33,1834.65,0.0201297
8,19,34,1818.04,0.0263971
8,19,35,1808.09,0.0354834
8,19,36,1802.46,0.046333
8,19,37,1798.53,0.0573161
8,19,38,1794.53,0.0665038
8,19,39,1790.36,0.0722731
8,19,40,1786.73,0.0736406
8,19,41,1785.72,0.0704388
8,19,42,1789.03,0.063219
8,19,43,1797.1,0.053107
8,19,44,1807.9,0.041574
8,19,45,1816.56,0.0301598
8,19,46,1815.85,0.0201605
8,19,47,1797.63,0.0123444
8,19,48,1754.51,0.00688842
8,19,49,1682.08,0.00346989
8,20,0,2424.65,0.399138
8,20,1,2576.53,0.491591
8,20,2,2669.79,0.56538
8,20,3,2709.18,0.61109
8,20,4,2704.08,0.624532
8,20,5,2666.64,0.60672
8,20,6,2610.72,0.56287
8,20,7,2550.48,0.500796
8,20,8,2498.54,0.429248
8,20,9,2463.66,0.356326
8,20,10,2448.96,0.288188
8,20,11,2451.09,0.228364
8,20,12,2463.32,0.178197
8,20,13,2476.06,0.137394
8,20,14,2480.84,0.105168
8,20,15,2471.31,0.0806431
8,20,16,2444.2,0.0632699
8,20,17,2399.63,0.0527991
8,20,18,2341.01,0.0489016
8,20,19,2273.93,0.0504369
8,20,20,2205.55,0.0558556
8,20,21,2142.81,0.0630321
8,20,22,2091.2,0.0694991
8,20,23,2053.66,0.0732297
8,20,24,2030.06,0.0728188
8,20,25,2017,0.0680507
8,20,26,2009.16,0.0599113
8,20,27,2000.85,0.0499714
8,20,28,1987.66,0.0399416
8,20,29,1967.58,0.0311399
8,20,30,1941.34,0.0245148
8,20,31,1911.87,0.0208254
8,20,32,1883.39,0.0207342
8,20,33,1859.67,0.0247897
8,20,34,1842.89,0.0330412
8,20,35,1832.8,0.0447282
8,20,36,1827.39,0.0580714
8,20,37,1824.22,0.0705043
8,20,38,1821.73,0.0793392
8,20,39,1820.11,0.0826913
8,20,40,1820.31,0.080002
8,20,41,1824.63,0.0720985
8,20,42,1834.66,0.0606905
8,20,43,1850.23,0.047793
8,20,44,1868.4,0.0351917
8,20,45,1883.39,0.0241653
8,20,46,1887.38,0.0154099
8,20,47,1871.88,0.0090716
8,20,48,1829.22,0.0049002
8,20,49,1754.44,0.00239288
8,21,0,2467.36,0.425905
8,21,1,2621.53,0.523589
8,21,2,2716.9,0.600788
8,21,3,2758.91,0.647641
8,21,4,2757.31,0.660225
8,21,5,2724.15,0.640378
8,21,6,2672.86,0.594341
8,21,7,2616.94,0.530685
8,21,8,2568.36,0.458372
8,21,9,2535.35,0.385224
8,21,10,2520.64,0.316915
8,21,11,2520.64,0.256572
8,21,12,2528.57,0.205361
8,21,13,2535.19,0.163031
8,21,14,2532.77,0.128962
8,21,15,2515.95,0.10256
8,21,16,2482.58,0.0836377
8,21,17,2433.57,0.0721481
8,21,18,2372.53,0.0676692
8,21,19,2304.6,0.0687594
8,21,20,2235.87,0.0733734
8,21,21,2172.2,0.079031
8,21,22,2118.41,0.083232
8,21,23,2077.58,0.0842729
8,21,24,2050.35,0.081336
8,21,25,2034.29,0.0746946
8,21,26,2024.73,0.0655418
8,21,27,2016.07,0.055269
8,21,28,2003.61,0.0451934
8,21,29,1984.8,0.0362826
8,21,30,1959.82,0.0293984
8,21,31,1931.22,0.0255009
8,21,32,1903.06,0.0256482
8,21,33,1879.19,0.0307099
8,21,34,1862.08,0.0408062
8,21,35,1851.9,0.0548399
8,21,36,1847,0.0703501
8,21,37,1845.24,0.0839446
8,21,38,1845.27,0.0923207
8,21,39,1847.57,0.0934338
8,21,40,1853.15,0.087144
8,21,41,1864.34,0.0751425
8,21,42,1882.35,0.0600936
8,21,43,1906.22,0.0447175
8,21,44,1932.05,0.031032
8,21,45,1953.28,0.0200953
8,21,46,1961.66,0.0121287
8,21,47,1948.57,0.00679298
8,21,48,1906.18,0.00351112
8,21,49,1829.07,0.00164036
8,22,0,2506.68,0.451425
8,22,1,2665.19,0.554386
8,22,2,2765.18,0.635241
8,22,3,2812.61,0.683679
8,22,4,2817.32,0.696049
8,22,5,2790.96,0.675107
8,22,6,2746.04,0.628241
8,22,7,2694.91,0.564845
8,22,8,2648.56,0.493974
8,22,9,2614.72,0.422848
8,22,10,2596.14,0.356215
8,22,11,2589.66,0.296407
8,22,12,2589.12,0.244253
8,22,13,2586.21,0.199657
8,22,14,2574.16,0.162492
8,22,15,2548.73,0.132836
8,22,16,2508.78,0.111139
8,22,17,2455.85,0.0976167
8,22,18,2393.5,0.0916267
8,22,19,2326.14,0.0912475
8,22,20,2258.56,0.0938186
8,22,21,2195.44,0.0965662
8,22,22,2140.88,0.0971618
8,22,23,2098.06,0.0944837
8,22,24,2068.25,0.0884629
8,22,25,2049.91,0.0798699
8,22,26,2039.01,0.0699601
8,22,27,2030,0.0597587
8,22,28,2017.96,0.05003
8,22,29,1999.89,0.0413226
8,22,30,1975.68,0.0344006
8,22,31,1947.64,0.0304253
8,22,32,1919.8,0.0308237
8,22,33,1896.04,0.0367301
8,22,34,1879.02,0.0482824
8,22,35,1869.19,0.0640635
8,22,36,1865.26,0.0810493
8,22,37,1865.48,0.0952435
8,22,38,1868.81,0.102969
8,22,39,1875.99,0.102169
8,22,40,1887.99,0.0930905
8,22,41,1906.97,0.078066
8,22,42,1933.51,0.0604016
8,22,43,1965.84,0.0432531
8,22,44,1999.14,0.028749
8,22,45,2026.22,0.0177748
8,22,46,2038.57,0.0102325
8,22,47,2027.53,0.00546806
8,22,48,1985.2,0.00270148
8,22,49,1905.7,0.00120317
8,23,0,2544.32,0.475183
8,23,1,2708.43,0.583223
8,23,2,2814.41,0.667867
8,23,3,2868.6,0.718447
8,23,4,2880.79,0.731595
8,23,5,2862.04,0.710983
8,23,6,2823.74,0.665111
8,23,7,2776.91,0.604126
8,23,8,2731.39,0.537025
8,23,9,2694.44,0.470146
8,23,10,2669.1,0.406953
8,23,11,2653.11,0.348639
8,23,12,2641.44,0.295533
8,23,13,2627,0.24777
8,23,14,2604.18,0.206027
8,23,15,2569.83,0.171441
8,23,16,2523.65,0.14538
8,23,17,2467.6,0.128415
8,23,18,2404.93,0.119588
8,23,19,2339.13,0.116362
8,23,20,2273.69,0.11541
8,23,21,2212.2,0.113778
8,23,22,2158.12,0.109521
8,23,23,2114.7,0.102305
8,23,24,2083.71,0.0928713
8,23,25,2064.22,0.082407
8,23,26,2052.66,0.0720398
8,23,27,2043.49,0.0622698
8,23,28,2031.67,0.0532191
8,23,29,2014.03,0.0450083
8,23,30,1990.39,0.0383064
8,23,31,1963.12,0.0344396
8,23,32,1936.22,0.0351113
8,23,33,1913.5,0.0416079
8,23,34,1897.48,0.0540175
8,23,35,1888.73,0.0706518
8,23,36,1886.24,0.0881119
8,23,37,1888.74,0.102099
8,23,38,1895.67,0.108859
8,23,39,1908.05,0.106498
8,23,40,1926.74,0.0956008
8,23,41,1953.52,0.0788821
8,23,42,1988.32,0.059936
8,23,43,2028.54,0.042047
8,23,44,2068.61,0.0273072
8,23,45,2100.87,0.0164567
8,23,46,2116.64,0.00921812
8,23,47,2107.26,0.004784
8,23,48,2064.81,0.00229351
8,23,49,1982.88,0.000989296
8,24,0,2583,0.497427
8,24,1,2752.98,0.609944
8,24,2,2864.99,0.698062
8,24,3,2925.68,0.75099
8,24,4,2944.72,0.765756
8,24,5,2932.63,0.746953
8,24,6,2899.76,0.704077
8,24,7,2855.84,0.647841
8,24,8,2809.68,0.58695
8,24,9,2768.08,0.52657
8,24,10,2734.49,0.468553
8,24,11,2707.75,0.412652
8,24,12,2684.13,0.358554
8,24,13,2657.92,0.306678
8,24,14,2624.67,0.258803
8,24,15,2582.16,0.217492
8,24,16,2530.73,0.185311
8,24,17,2472.47,0.163306
8,24,18,2410.17,0.15017
8,24,19,2346.35,0.142662
8,24,20,2283.4,0.136787
8,24,21,2224.02,0.129518
8,24,22,2171.24,0.119449
8,24,23,2128.36,0.10713
8,24,24,2097.45,0.0940846
8,24,25,2077.86,0.0818016
8,24,26,2066.2,0.071126
8,24,27,2056.98,0.0619626
8,24,28,2045.17,0.0537957
8,24,29,2027.72,0.0463536
8,24,30,2004.76,0.0401953
8,24,31,1978.85,0.0367176
8,24,32,1953.98,0.0377423
8,24,33,1933.6,0.0445575
8,24,34,1919.78,0.0571395
8,24,35,1912.93,0.0736122
8,24,36,1912.26,0.0904325
8,24,37,1917.12,0.103323
8,24,38,1927.5,0.108751
8,24,39,1944.76,0.105139
8,24,40,1969.62,0.0933556
8,24,41,2003.43,0.076252
8,24,42,2045.49,0.0573859
8,24,43,2092.48,0.0398889
8,24,44,2138.26,0.0256718
8,24,45,2174.84,0.0153315
8,24,46,2193.43,0.00850998
8,24,47,2185.38,0.00437142
8,24,48,2142.63,0.00207351
8,24,49,2058.31,0.000886472
8,25,0,2625.44,0.5192
8,25,1,2800.83,0.635274
8,25,2,2917.92,0.726056
8,25,3,2983.65,0.780989
8,25,4,3007.66,0.797744
8,25,5,3000.01,0.781912
8,25,6,2970.3,0.743865
8,25,7,2927.31,0.694616
8,25,8,2879.03,0.642246
8,25,9,2831.93,0.590414
8,25,10,2789.9,0.53905
8,25,11,2752.82,0.486234
8,25,12,2718.24,0.430953
8,25,13,2681.69,0.374015
8,25,14,2639.68,0.318582
8,25,15,2590.66,0.268964
8,25,16,2535.32,0.229144
8,25,17,2475.63,0.200745
8,25,18,2413.84,0.182105
8,25,19,2351.72,0.169224
8,25,20,2290.86,0.157463
8,25,21,2233.43,0.143783
8,25,22,2182.2,0.127363
8,25,23,2140.49,0.109627
8,25,24,2110.37,0.0927925
8,25,25,2091.24,0.0785669
8,25,26,2079.68,0.0674577
8,25,27,2070.21,0.0588185
8,25,28,2058.06,0.051585
8,25,29,2040.65,0.0451387
8,25,30,2018.62,0.0398732
8,25,31,1994.88,0.0371029
8,25,32,1973.22,0.0385726
8,25,33,1956.49,0.045425
8,25,34,1946,0.0574964
8,25,35,1941.81,0.0728439
8,25,36,1943.31,0.0880234
8,25,37,1950.47,0.0990673
8,25,38,1963.94,0.102891
8,25,39,1985.42,0.098327
8,25,40,2015.49,0.0864532
8,25,41,2055.11,0.0700487
8,25,42,2103.02,0.0523928
8,25,43,2155.39,0.0362611
8,25,44,2205.7,0.0232767
8,25,45,2245.69,0.0138865
8,25,46,2266.48,0.00770975
8,25,47,2259.4,0.00396034
8,25,48,2216.22,0.00187969
8,25,49,2129.55,0.000807201
8,26,0,2674.41,0.541995
8,26,1,2854.22,0.66079
8,26,2,2974.84,0.753323
8,26,3,3043.54,0.80963
8,26,4,3069.96,0.828314
8,26,5,3063.97,0.816082
8,26,6,3034.69,0.784079
8,26,7,2990.35,0.74334
8,26,8,2938.5,0.700982
8,26,9,2885.53,0.65885
8,26,10,2835.74,0.614741
8,26,11,2789.89,0.565001
8,26,12,2746.61,0.508005
8,26,13,2702.34,0.445143
8,26,14,2654.22,0.38121
8,26,15,2600.98,0.322451
8,26,16,2543.28,0.274338
8,26,17,2482.77,0.239067
8,26,18,2421.25,0.214573
8,26,19,2360,0.196038
8,26,20,2300.28,0.178176
8,26,21,2244.09,0.157935
8,26,22,2194.11,0.135042
8,26,23,2153.58,0.111718
8,26,24,2124.35,0.0908011
8,26,25,2105.56,0.0742283
8,26,26,2093.62,0.0622478
8,26,27,2083.2,0.0538061
8,26,28,2070.02,0.0474192
8,26,29,2052.25,0.0421414
8,26,30,2031.24,0.0380928
8,26,31,2010.21,0.0363187
8,26,32,1992.63,0.0382917
8,26,33,1980.52,0.0449011
8,26,34,1974.25,0.0558628
8,26,35,1973.37,0.069313
8,26,36,1977.45,0.0821252
8,26,37,1987,0.0908502
8,26,38,2003.32,0.0929711
8,26,39,2028.36,0.0877353
8,26,40,2062.63,0.0763342
8,26,41,2106.73,0.0613265
8,26,42,2159.04,0.0455764
8,26,43,2215.38,0.0314078
8,26,44,2268.99,0.020114
8,26,45,2311.45,0.0119931
8,26,46,2333.78,0.00666543
8,26,47,2327.21,0.00342805
8,26,48,2283.34,0.00163161
8,26,49,2194.28,0.000705692
8,27,0,2732.69,0.56714
8,27,1,2915.83,0.688454
8,27,2,3038.33,0.782362
8,27,3,3107.85,0.839681
8,27,4,3134.13,0.860102
8,27,5,3126.97,0.851493
8,27,6,3095.31,0.825676
8,27,7,3047.27,0.793508
8,27,8,2990.36,0.760934
8,27,9,2931.14,0.727863
8,27,10,2874.4,0.689998
8,27,11,2821.63,0.642141
8,27,12,2772.26,0.58236
8,27,13,2723.3,0.512908
8,27,14,2672.08,0.440371
8,27,15,2617.14,0.372909
8,27,16,2558.71,0.317308
8,27,17,2497.97,0.276133
8,27,18,2436.32,0.246764
8,27,19,2374.95,0.22345
8,27,20,2315.25,0.200229
8,27,21,2259.42,0.173985
8,27,22,2210.19,0.144912
8,27,23,2170.56,0.115945
8,27,24,2141.88,0.0905401
8,27,25,2122.82,0.0709765
8,27,26,2109.56,0.0574382
8,27,27,2097.05,0.0486715
8,27,28,2081.77,0.0429093
8,27,29,2062.85,0.0388649
8,27,30,2042.48,0.0362493
8,27,31,2024.12,0.0356547
8,27,32,2010.83,0.0381212
8,27,33,2003.67,0.0442304
8,27,34,2002.05,0.0536335
8,27,35,2005.03,0.064689
8,27,36,2012.24,0.0747514
8,27,37,2024.65,0.0810001
8,27,38,2043.95,0.0814993
8,27,39,2072.29,0.0758426
8,27,40,2110.02,0.0652293
8,27,41,2157.5,0.0519086
8,27,42,2212.89,0.0382885
8,27,43,2271.87,0.0262392
8,27,44,2327.56,0.016743
8,27,45,2371.46,0.00996723
8,27,46,2394.48,0.00554375
8,27,47,2387.78,0.00285926
8,27,48,2342.73,0.0013714
8,27,49,2251.06,0.000602638
8,28,0,2801.99,0.594575
8,28,1,2987.38,0.71907
8,28,2,3110.22,0.814946
8,28,3,3178.66,0.873683
8,28,4,3202.54,0.895912
8,28,5,3191.68,0.890469
8,28,6,3155.1,0.869701
8,28,7,3101.14,0.84421
8,28,8,3037.62,0.818839
8,28,9,2971.6,0.791838
8,28,10,2908.45,0.757232
8,28,11,2850.31,0.708812
8,28,12,2797.16,0.644802
8,28,13,2746.24,0.568592
8,28,14,2694.68,0.488525
8,28,15,2640.43,0.414364
8,28,16,2582.94,0.35375
8,28,17,2522.69,0.309205
8,28,18,2460.78,0.277292
8,28,19,2398.59,0.251195
8,28,20,2338.04,0.224242
8,28,21,2281.86,0.193193
8,28,22,2232.97,0.158645
8,28,23,2193.99,0.124199
8,28,24,2165.52,0.0939809
8,28,25,2145.55,0.0707859
8,28,26,2129.96,0.0549827
8,28,27,2114.14,0.0453344
8,28,28,2095.52,0.039912
8,28,29,2074.36,0.0370627
8,28,30,2053.73,0.0359659
8,28,31,2037.32,0.0366204
8,28,32,2027.72,0.0395275
8,28,33,2025.17,0.0449462
8,28,34,2028.18,0.0525236
8,28,35,2035.4,0.0609469
8,28,36,2046.43,0.0681435
8,28,37,2062.41,0.0719492
8,28,38,2085.2,0.070956
8,28,39,2116.89,0.0650083
8,28,40,2157.66,0.0552274
8,28,41,2207.68,0.043519
8,28,42,2265.05,0.0318583
8,28,43,2325.46,0.0217178
8,28,44,2382.06,0.0138204
8,28,45,2426.31,0.00823279
8,28,46,2449.08,0.00460358
8,28,47,2441.4,0.00240325
8,28,48,2394.5,0.00117964
8,28,49,2299.73,0.000538727
8,29,0,2881.84,0.621833
8,29,1,3068.42,0.750744
8,29,2,3190.28,0.85008
8,29,3,3256.11,0.911553
8,29,4,3275.81,0.936201
8,29,5,3259.27,0.933313
8,29,6,3215.7,0.915459
8,29,7,3153.88,0.893024
8,29,8,3082.3,0.870173
8,29,9,3008.7,0.84422
8,29,10,2939.18,0.808377
8,29,11,2876.47,0.756221
8,29,12,2821.01,0.686636
8,29,13,2770.05,0.604275
8,29,14,2720.26,0.518917
8,29,15,2668.72,0.441335
8,29,16,2613.83,0.379361
8,29,17,2555.17,0.334959
8,29,18,2493.52,0.303629
8,29,19,2430.51,0.277418
8,29,20,2368.9,0.248965
8,29,21,2312.21,0.214873
8,29,22,2263.67,0.176083
8,29,23,2225.46,0.136806
8,29,24,2197.22,0.101865
8,29,25,2176.06,0.0747159
8,29,26,2157.53,0.0561439
8,29,27,2137.53,0.0451393
8,29,28,2114.54,0.0397415
8,29,29,2090.06,0.0379491
8,29,30,2067.99,0.03835
8,29,31,2052.29,0.0402723
8,29,32,2045.19,0.0436104
8,29,33,2046.29,0.0482863
8,29,34,2053.47,0.0539652
8,29,35,2065.03,0.0597082
8,29,36,2080.41,0.0640429
8,29,37,2100.67,0.0654443
8,29,38,2127.48,0.0629727
8,29,39,2162.66,0.0566539
8,29,40,2206.16,0.0474915
8,29,41,2258.06,0.0370613
8,29,42,2316.52,0.0269597
8,29,43,2377.34,0.0183313
8,29,44,2433.8,0.0116923
8,29,45,2477.39,0.00703148
8,29,46,2498.96,0.00401093
8,29,47,2489.45,0.00217157
8,29,48,2439.93,0.00112927
8,29,49,2341.46,0.000560729
8,30,0,2969.13,0.644521
8,30,1,3155.81,0.77885
8,30,2,3275.56,0.883271
8,30,3,3337.59,0.949151
8,30,4,3351.91,0.97716
8,30,5,3328.36,0.976262
8,30,6,3276.38,0.958803
8,30,7,3205.34,0.935042
8,30,8,3124.52,0.909148
8,30,9,3042.59,0.878588
8,30,10,2966.47,0.836909
8,30,11,2899.46,0.778354
8,30,12,2842.37,0.702805
8,30,13,2792.37,0.615981
8,30,14,2745.63,0.528453
8,30,15,2698.24,0.451208
8,30,16,2647.4,0.391584
8,30,17,2591.67,0.350597
8,30,18,2531.31,0.322633
8,30,19,2468.18,0.298744
8,30,20,2405.95,0.271036
8,30,21,2349.07,0.235984
8,30,22,2301.2,0.194786
8,30,23,2264.11,0.152102
8,30,24,2236.43,0.113343
8,30,25,2214.29,0.0826176
8,30,26,2192.9,0.0612681
8,30,27,2168.67,0.0486898
8,30,28,2141.08,0.0430536
8,30,29,2112.77,0.0421098
8,30,30,2088.4,0.0438916
8,30,31,2072.19,0.0470534
8,30,32,2066.2,0.050845
8,30,33,2069.66,0.0548199
8,30,34,2080.11,0.0586334
8,30,35,2095.63,0.0617086
8,30,36,2115.43,0.063165
8,30,37,2140.21,0.0621003
8,30,38,2171.2,0.0580243
8,30,39,2209.79,0.0511329
8,30,40,2255.7,0.0423156
8,30,41,2308.98,0.0328415
8,30,42,2367.9,0.0239531
8,30,43,2428.45,0.0164934
8,30,44,2484.04,0.010789
8,30,45,2526.25,0.00676211
8,30,46,2545.92,0.0040958
8,30,47,2533.92,0.00240923
8,30,48,2481.11,0.00138601
8,30,49,2378.37,0.000772348
8,31,0,3058.37,0.657793
8,31,1,3243.97,0.797462
8,31,2,3360.59,0.907767
8,31,3,3417.99,0.979255
8,31,4,3426.2,1.01146
8,31,5,3394.97,1.0122
8,31,6,3333.9,0.993051
8,31,7,3252.95,0.964221
8,31,8,3162.35,0.930605
8,31,9,3071.81,0.890995
8,31,10,2989.07,0.840426
8,31,11,2917.98,0.774523
8,31,12,2859.62,0.694174
8,31,13,2811.02,0.605598
8,31,14,2767.89,0.519268
8,31,15,2725.43,0.445566
8,31,16,2679.69,0.390845
8,31,17,2628.15,0.355108
8,31,18,2570.42,0.331926
8,31,19,2508.41,0.311785
8,31,20,2446.47,0.286578
8,31,21,2389.97,0.252709
8,31,22,2343.08,0.211475
8,31,23,2307.27,0.167657
8,31,24,2280.34,0.12693
8,31,25,2257.62,0.0938572
8,31,26,2234.06,0.070345
8,31,27,2206.5,0.0563304
8,31,28,2175.25,0.0503109
8,31,29,2143.79,0.0499725
8,31,30,2117.29,0.0529196
8,31,31,2100.1,0.0571894
8,31,32,2094.21,0.0613768
8,31,33,2098.8,0.0646282
8,31,34,2111.34,0.0665347
8,31,35,2129.85,0.0668494
8,31,36,2153.34,0.0652772
8,31,37,2182.04,0.0615524
8,31,38,2216.64,0.0556655
8,31,39,2258.1,0.0480168
8,31,40,2305.93,0.0394009
8,31,41,2360.2,0.0307763
8,31,42,2419.31,0.0229964
8,31,43,2479.36,0.0165642
8,31,44,2533.84,0.011591
8,31,45,2574.4,0.00793425
8,31,46,2591.86,0.0053238
8,31,47,2577.01,0.00349534
8,31,48,2520.52,0.00223185
8,31,49,2413.05,0.00136757
8,32,0,3143.7,0.658693
8,32,1,3327.05,0.802144
8,32,2,3439.71,0.917621
8,32,3,3491.98,0.994682
8,32,4,3493.85,1.03126
8,32,5,3454.84,1.03337
8,32,6,3384.62,1.01137
8,32,7,3293.74,0.975404
8,32,8,3193.47,0.931671
8,32,9,3094.64,0.881225
8,32,10,3005.84,0.821454
8,32,11,2931.3,0.749715
8,32,12,2872.17,0.66753
8,32,13,2825.24,0.580743
8,32,14,2785.77,0.498729
8,32,15,2748.31,0.430579
8,32,16,2708.01,0.381503
8,32,17,2661.39,0.350819
8,32,18,2607.4,0.331941
8,32,19,2547.7,0.315477
8,32,20,2487.03,0.293551
8,32,21,2431.34,0.262604
8,32,22,2385.28,0.223797
8,32,23,2350.3,0.18158
8,32,24,2323.78,0.141396
8,32,25,2300.67,0.107881
8,32,26,2275.9,0.0833744
8,32,27,2246.72,0.0684173
8,32,28,2213.92,0.0620207
8,32,29,2181.4,0.0620296
8,32,30,2154.36,0.065798
8,32,31,2137.03,0.070847
8,32,32,2131.26,0.0751439
8,32,33,2136.27,0.077417
8,32,34,2149.75,0.0771584
8,32,35,2169.87,0.0744377
8,32,36,2195.6,0.0695639
8,32,37,2226.86,0.0629473
8,32,38,2263.87,0.055113
8,32,39,2307.26,0.0467074
8,32,40,2356.43,0.0384282
8,32,41,2411.46,0.030869
8,32,42,2470.79,0.0243912
8,32,43,2530.49,0.0190614
8,32,44,2584.04,0.0147192
8,32,45,2623.07,0.0111643
8,32,46,2638.37,0.0082316
8,32,47,2620.61,0.00585067
8,32,48,2560.25,0.00397122
8,32,49,2447.78,0.00255249
8,33,0,3219.96,0.647225
8,33,1,3400.13,0.791567
8,33,2,3508.34,0.909821
8,33,3,3555.37,0.990781
8,33,4,3551.11,1.03078
8,33,5,3504.74,1.03382
8,33,6,3425.88,1.00881
8,33,7,3325.67,0.96576
8,33,8,3216.47,0.912435
8,33,9,3110.34,0.852604
8,33,10,3016.72,0.786361
8,33,11,2940.01,0.712695
8,33,12,2881.07,0.633097
8,33,13,2836.19,0.552058
8,33,14,2800.2,0.476954
8,33,15,2767.24,0.415145
8,33,16,2731.93,0.37085
8,33,17,2690.2,0.343337
8,33,18,2640.39,0.326715
8,33,19,2583.76,0.312515
8,33,20,2524.9,0.293579
8,33,21,2470,0.266519
8,33,22,2424,0.232134
8,33,23,2388.61,0.194079
8,33,24,2361.43,0.157022
8,33,25,2337.61,0.125222
8,33,26,2312.47,0.101198
8,33,27,2283.67,0.0860561
8,33,28,2252.2,0.0794335
8,33,29,2221.84,0.0795186
8,33,30,2197.27,0.0835885
8,33,31,2182.11,0.0887752
8,33,32,2177.76,0.0925041
8,33,33,2183.43,0.0931506
8,33,34,2197.11,0.0901457
8,33,35,2217.4,0.0839152
8,33,36,2243.52,0.0754135
8,33,37,2275.43,0.0657586
8,33,38,2313.21,0.0560303
8,33,39,2357.38,0.0471206
8,33,40,2407.28,0.0395862
8,33,41,2462.99,0.0335589
8,33,42,2522.82,0.0287713
8,33,43,2582.66,0.0247317
8,33,44,2635.77,0.0209462
8,33,45,2673.7,0.0171747
8,33,46,2687.15,0.0134408
8,33,47,2666.63,0.00997209
8,33,48,2602.36,0.00697719
8,33,49,2484.65,0.00459068
8,34,0,3283.91,0.625939
8,34,1,3460.47,0.767604
8,34,2,3564.21,0.885046
8,34,3,3606.4,0.966804
8,34,4,3596.72,1.00807
8,34,5,3543.91,1.01117
8,34,6,3457.47,0.983622
8,34,7,3349.04,0.935278
8,34,8,3232.13,0.875369
8,34,9,3120.13,0.810276
8,34,10,3023.3,0.742567
8,34,11,2945.99,0.672375
8,34,12,2888.47,0.600394
8,34,13,2846.18,0.528928
8,34,14,2813.39,0.462738
8,34,15,2784.06,0.407304
8,34,16,2752.68,0.366214
8,34,17,2715.01,0.339385
8,34,18,2668.99,0.322429
8,34,19,2615.38,0.308481
8,34,20,2558.27,0.291504
8,34,21,2503.59,0.268411
8,34,22,2456.42,0.239506
8,34,23,2418.96,0.20734
8,34,24,2389.59,0.175406
8,34,25,2364.32,0.147184
8,34,26,2339.31,0.125066
8,34,27,2312.69,0.110568
8,34,28,2285.51,0.103928
8,34,29,2260.97,0.103764
8,34,30,2242.65,0.10741
8,34,31,2232.98,0.111753
8,34,32,2232.45,0.113838
8,34,33,2239.95,0.111845
8,34,34,2253.75,0.105265
8,34,35,2273.12,0.094964
8,34,36,2297.94,0.0825757
8,34,37,2328.67,0.0699129
8,34,38,2365.66,0.0585611
8,34,39,2409.56,0.0496004
8,34,40,2459.76,0.0433683
8,34,41,2516.23,0.0394319
8,34,42,2576.98,0.0367712
8,34,43,2637.56,0.0342334
8,34,44,2690.9,0.0309411
8,34,45,2728.34,0.026635
8,34,46,2740.4,0.0216055
8,34,47,2717.36,0.0164737
8,34,48,2649.19,0.0117956
8,34,49,2525.98,0.00793506
8,35,0,3333.9,0.597842
8,35,1,3507.02,0.733371
8,35,2,3606.9,0.846136
8,35,3,3645.18,0.925028
8,35,4,3631.3,0.96484
8,35,5,3573.54,0.966857
8,35,6,3481.15,0.937587
8,35,7,3366.15,0.886706
8,35,8,3243.13,0.824562
8,35,9,3126.82,0.759581
8,35,10,3028.28,0.696161
8,35,11,2951.74,0.634926
8,35,12,2896.6,0.57517
8,35,13,2857.29,0.516531
8,35,14,2827.4,0.460912
8,35,15,2800.79,0.411969
8,35,16,2772.12,0.373002
8,35,17,2737.27,0.345082
8,35,18,2694.05,0.325815
8,35,19,2642.72,0.310343
8,35,20,2586.69,0.293986
8,35,21,2531.34,0.27411
8,35,22,2481.75,0.250558
8,35,23,2440.69,0.22475
8,35,24,2407.7,0.198869
8,35,25,2380.13,0.175363
8,35,26,2355.34,0.156198
8,35,27,2332.19,0.143022
8,35,28,2311.69,0.136514
8,35,29,2296.27,0.135694
8,35,30,2287.96,0.138035
8,35,31,2287.44,0.14035
8,35,32,2293.72,0.139516
8,35,33,2304.98,0.133742
8,35,34,2319.63,0.122746
8,35,35,2337.71,0.107922
8,35,36,2360.13,0.0915731
8,35,37,2388.36,0.0761264
8,35,38,2423.4,0.0635439
8,35,39,2466.27,0.0549831
8,35,40,2516.45,0.0504805
8,35,41,2573.71,0.0489838
8,35,42,2635.73,0.0486801
8,35,43,2697.59,0.0477286
8,35,44,2751.86,0.0448579
8,35,45,2789.53,0.0397963
8,35,46,2800.83,0.0331251
8,35,47,2775.7,0.0258878
8,35,48,2703.76,0.0190264
8,35,49,2574.82,0.0131707
8,36,0,3369.44,0.565349
8,36,1,3539.98,0.692117
8,36,2,3637.18,0.797095
8,36,3,3672.98,0.870025
8,36,4,3656.62,0.906006
8,36,5,3595.9,0.905997
8,36,6,3499.71,0.875941
8,36,7,3380.23,0.82533
8,36,8,3252.86,0.765142
8,36,9,3133.51,0.705087
8,36,10,3034.03,0.650645
8,36,11,2958.64,0.602397
8,36,12,2906.04,0.558001
8,36,13,2869.68,0.514412
8,36,14,2842.39,0.470768
8,36,15,2817.89,0.429035
8,36,16,2791,0.392363
8,36,17,2757.8,0.363085
8,36,18,2716.15,0.340866
8,36,19,2665.97,0.322903
8,36,20,2610.05,0.305944
8,36,21,2553.17,0.287971
8,36,22,2500.36,0.268603
8,36,23,2454.96,0.248394
8,36,24,2417.68,0.228374
8,36,25,2387.42,0.209897
8,36,26,2362.92,0.194245
8,36,27,2344.01,0.182862
8,36,28,2331.83,0.176592
8,36,29,2327.94,0.174744
8,36,30,2332.62,0.174986
8,36,31,2344.37,0.174222
8,36,32,2360.22,0.169394
8,36,33,2377.28,0.158951
8,36,34,2393.92,0.142993
8,36,35,2410.97,0.123492
8,36,36,2430.68,0.103353
8,36,37,2455.81,0.0854829
8,36,38,2488.35,0.0720423
8,36,39,2529.81,0.0641327
8,36,40,2579.76,0.061437
8,36,41,2637.83,0.0623174
8,36,42,2701.34,0.064257
8,36,43,2765,0.064815
8,36,44,2820.97,0.0623661
8,36,45,2859.8,0.0565977
8,36,46,2871.25,0.0483009
8,36,47,2844.78,0.0388453
8,36,48,2769.51,0.0295035
8,36,49,2634.83,0.0211748
8,37,0,3391.03,0.529863
8,37,1,3560.4,0.646463
8,37,2,3656.59,0.742003
8,37,3,3691.78,0.807339
8,37,4,3675.04,0.838323
8,37,5,3613.76,0.836074
8,37,6,3516.36,0.806274
8,37,7,3394.82,0.758165
8,37,8,3264.91,0.702871
8,37,9,3143.35,0.650701
8,37,10,3042.77,0.607645
8,37,11,2967.76,0.574034
8,37,12,2916.77,0.54607
8,37,13,2882.64,0.518404
8,37,14,2857.53,0.487743
8,37,15,2834.82,0.454476
8,37,16,2809.2,0.421491
8,37,17,2776.85,0.392111
8,37,18,2735.66,0.367736
8,37,19,2685.45,0.347374
8,37,20,2628.64,0.329125
8,37,21,2569.67,0.311734
8,37,22,2513.54,0.294927
8,37,23,2464.04,0.278836
8,37,24,2422.88,0.263684
8,37,25,2390.32,0.249821
8,37,26,2366.53,0.237696
8,37,27,2352.41,0.228239
8,37,28,2349.46,0.222188
8,37,29,2358.43,0.219013
8,37,30,2377.78,0.216616
8,37,31,2403.61,0.212145
8,37,32,2430.79,0.20278
8,37,33,2455.12,0.187347
8,37,34,2474.87,0.166403
8,37,35,2491.67,0.142467
8,37,36,2509.14,0.118927
8,37,37,2531.44,0.0990052
8,37,38,2561.62,0.0848808
8,37,39,2601.66,0.0774821
8,37,40,2651.3,0.0761452
8,37,41,2710.09,0.0787988
8,37,42,2775.2,0.0824676
8,37,43,2841.1,0.0843333
8,37,44,2899.57,0.0825128
8,37,45,2940.65,0.0765677
8,37,46,2953.47,0.0672705
8,37,47,2926.81,0.0560429
8,37,48,2849.13,0.0442963
8,37,49,2709.17,0.0331477
8,38,0,3399.5,0.492499
8,38,1,3569.48,0.598795
8,38,2,3666.61,0.684897
8,38,3,3703.28,0.742813
8,38,4,3688.47,0.769238
8,38,5,3629.23,0.765551
8,38,6,3533.42,0.737202
8,38,7,3412.46,0.693027
8,38,8,3281.88,0.643919
8,38,9,3158.67,0.600366
8,38,10,3056.24,0.568617
8,38,11,2980.01,0.548895
8,38,12,2928.91,0.536424
8,38,13,2895.76,0.524151
8,38,14,2872.18,0.506782
8,38,15,2850.97,0.483205
8,38,16,2826.37,0.455758
8,38,17,2794.31,0.428264
8,38,18,2752.73,0.403322
8,38,19,2701.48,0.381365
8,38,20,2643.03,0.361688
8,38,21,2581.79,0.343894
8,38,22,2522.87,0.32813
8,38,23,2470.4,0.314538
8,38,24,2426.74,0.302907
8,38,25,2393.2,0.29278
8,38,26,2371.15,0.283758
8,38,27,2362.54,0.276089
8,38,28,2369.25,0.270219
8,38,29,2391.35,0.265693
8,38,30,2425.52,0.260659
8,38,31,2465.57,0.252577
8,38,32,2504.28,0.238928
8,38,33,2536.35,0.21892
8,38,34,2559.98,0.193545
8,38,35,2577.57,0.165796
8,38,36,2593.98,0.139417
8,38,37,2614.58,0.117804
8,38,38,2643.3,0.103012
8,38,39,2682.51,0.0957054
8,38,40,2732.07,0.0949158
8,38,41,2791.62,0.0983659
8,38,42,2858.42,0.102976
8,38,43,2926.92,0.105884
8,38,44,2988.62,0.105105
8,38,45,3032.97,0.0999647
8,38,46,3048.38,0.0908703
8,38,47,3022.84,0.0788601
8,38,48,2943.99,0.0651459
8,38,49,2799.68,0.0509339
8,39,0,3397.36,0.455855
8,39,1,3569.61,0.552769
8,39,2,3669.53,0.630678
8,39,3,3709.62,0.682626
8,39,4,3698.87,0.705986
8,39,5,3644.07,0.70221
8,39,6,3552.48,0.676332
8,39,7,3434.65,0.636592
8,39,8,3305.28,0.593438
8,39,9,3181.14,0.557386
8,39,10,3076.25,0.534984
8,39,11,2997.28,0.526666
8,39,12,2944.34,0.527258
8,39,13,2910.72,0.52863
8,39,14,2887.71,0.523933
8,39,15,2867.39,0.510637
8,39,16,2843.23,0.490239
8,39,17,2810.71,0.466521
8,39,18,2767.79,0.442725
8,39,19,2714.59,0.420294
8,39,20,2653.91,0.399532
8,39,21,2590.49,0.380925
8,39,22,2529.72,0.365227
8,39,23,2475.93,0.352884
8,39,24,2431.87,0.343553
8,39,25,2399.49,0.336223
8,39,26,2381.02,0.329799
8,39,27,2379.16,0.323865
8,39,28,2395.96,0.318513
8,39,29,2430.74,0.31328
8,39,30,2478.59,0.306469
8,39,31,2531.39,0.295759
8,39,32,2580.38,0.278834
8,39,33,2619.56,0.255179
8,39,34,2647.33,0.226167
8,39,35,2666.8,0.195219
8,39,36,2683.72,0.166385
8,39,37,2704.33,0.143193
8,39,38,2733.08,0.12752
8,39,39,2772.52,0.119713
8,39,40,2822.64,0.118541
8,39,41,2883.32,0.121739
8,39,42,2952.05,0.126481
8,39,43,3023.44,0.130222
8,39,44,3088.78,0.131067
8,39,45,3137,0.128012
8,39,46,3155.79,0.120714
8,39,47,3132.4,0.109298
8,39,48,3053.62,0.0943197
8,39,49,2906.2,0.0768518
8,40,0,3387.74,0.422775
8,40,1,3563.46,0.511755
8,40,2,3667.5,0.583209
8,40,3,3712.45,0.631072
8,40,4,3707.37,0.653141
8,40,5,3658.85,0.650647
8,40,6,3573.56,0.62795
8,40,7,3460.98,0.59253
8,40,8,3334.62,0.5543
8,40,9,3210.6,0.523825
8,40,10,3103.38,0.508089
8,40,11,3021.07,0.508043
8,40,12,2965.26,0.518593
8,40,13,2930.03,0.531053
8,40,14,2906.48,0.537455
8,40,15,2885.89,0.534015
8,40,16,2860.99,0.521212
8,40,17,2826.82,0.502378
8,40,18,2781.4,0.480928
8,40,19,2725.34,0.458974
8,40,20,2662.02,0.437647
8,40,21,2596.67,0.418275
8,40,22,2535.05,0.402269
8,40,23,2481.64,0.390496
8,40,24,2439.43,0.382667
8,40,25,2410.71,0.37749
8,40,26,2398.15,0.373468
8,40,27,2404.66,0.369698
8,40,28,2431.99,0.365935
8,40,29,2478.53,0.361567
8,40,30,2538.01,0.354799
8,40,31,2601,0.343238
8,40,32,2658.04,0.324547
8,40,33,2703.06,0.298336
8,40,34,2734.93,0.266346
8,40,35,2757.31,0.232475
8,40,36,2776.47,0.20117
8,40,37,2798.97,0.176164
8,40,38,2829.45,0.159199
8,40,39,2870.44,0.15029
8,40,40,2922.06,0.147942
8,40,41,2984.46,0.150036
8,40,42,3055.47,0.154252
8,40,43,3129.83,0.158671
8,40,44,3198.72,0.161689
8,40,45,3250.64,0.161948
8,40,46,3272.82,0.158036
8,40,47,3251.95,0.148653
8,40,48,3174.07,0.133204
8,40,49,3024.71,0.112327
8,41,0,3375.2,0.397229
8,41,1,3554.68,0.479968
8,41,2,3663.31,0.54656
8,41,3,3713.72,0.591708
8,41,4,3715.07,0.613479
8,41,5,3673.83,0.612743
8,41,6,3596.09,0.593079
8,41,7,3490.25,0.561187
8,41,8,3368.56,0.526463
8,41,9,3246.27,0.499545
8,41,10,3138.13,0.487912
8,41,11,3053.47,0.493155
8,41,12,2995.25,0.510539
8,41,13,2958.27,0.531224
8,41,14,2933.42,0.54654
8,41,15,2911.32,0.551698
8,41,16,2884.18,0.546135
8,41,17,2846.84,0.532447
8,41,18,2797.66,0.513875
8,41,19,2737.84,0.492938
8,41,20,2671.47,0.471464
8,41,21,2604.29,0.451566
8,41,22,2542.44,0.435291
8,41,23,2490.57,0.423938
8,41,24,2451.92,0.417392
8,41,25,2428.99,0.414371
8,41,26,2424.52,0.413329
8,41,27,2441.02,0.413134
8,41,28,2479.31,0.413195
8,41,29,2536.54,0.412482
8,41,30,2605.38,0.408641
8,41,31,2675.88,0.398726
8,41,32,2738.69,0.380052
8,41,33,2788.29,0.352215
8,41,34,2824.22,0.317384
8,41,35,2850.44,0.280135
8,41,36,2873.34,0.24557
8,41,37,2899.32,0.217865
8,41,38,2932.91,0.198798
8,41,39,2976.59,0.188113
8,41,40,3030.62,0.184011
8,41,41,3095.42,0.184516
8,41,42,3169.03,0.187893
8,41,43,3246.21,0.193006
8,41,44,3318.04,0.198706
8,41,45,3372.82,0.203313
8,41,46,3397.63,0.204152
8,41,47,3378.96,0.198086
8,41,48,3302.32,0.182894
8,41,49,3151.99,0.158433
8,42,0,3363.59,0.381949
8,42,1,3546.15,0.460019
8,42,2,3658.8,0.522718
8,42,3,3714.23,0.565433
8,42,4,3721.69,0.586531
8,42,5,3687.55,0.586663
8,42,6,3617.47,0.568807
8,42,7,3518.98,0.539046
8,42,8,3403.19,0.50632
8,42,9,3284.64,0.481266
8,42,10,3178.12,0.471739
8,42,11,3093.75,0.479878
8,42,12,3035.3,0.501431
8,42,13,2997.79,0.527707
8,42,14,2971.85,0.549714
8,42,15,2947.61,0.561937
8,42,16,2917.13,0.562802
8,42,17,2875.45,0.55397
8,42,18,2821.49,0.53824
8,42,19,2757.22,0.518364
8,42,20,2687.37,0.496802
8,42,21,2618.15,0.476456
8,42,22,2555.98,0.460017
8,42,23,2505.81,0.449238
8,42,24,2471.3,0.444299
8,42,25,2455.2,0.444209
8,42,26,2460.09,0.447699
8,42,27,2487.49,0.453602
8,42,28,2536.76,0.460873
8,42,29,2603.59,0.467641
8,42,30,2679.9,0.470397
8,42,31,2755.85,0.465055
8,42,32,2822.83,0.44823
8,42,33,2876.28,0.419401
8,42,34,2916.35,0.381297
8,42,35,2947.09,0.339474
8,42,36,2974.58,0.300067
8,42,37,3004.81,0.268071
8,42,38,3042.1,0.245603
8,42,39,3088.96,0.232295
8,42,40,3145.85,0.225999
8,42,41,3213.43,0.22478
8,42,42,3289.7,0.227378
8,42,43,3369.28,0.233423
8,42,44,3443.09,0.242277
8,42,45,3499.5,0.252001
8,42,46,3525.81,0.25858
8,42,47,3508.66,0.256791
8,42,48,3433.33,0.24242
8,42,49,3282.9,0.214225
8,43,0,3354.41,0.377375
8,43,1,3538.66,0.452121
8,43,2,3653.94,0.511319
8,43,3,3713.03,0.550945
8,43,4,3725.24,0.569828
8,43,5,3696.91,0.56878
8,43,6,3633.46,0.550611
8,43,7,3541.88,0.521094
8,43,8,3432.62,0.4888
8,43,9,3319.69,0.46418
8,43,10,3217.81,0.455215
8,43,11,3137.31,0.464405
8,43,12,3081.94,0.488031
8,43,13,3046.41,0.51781
8,43,14,3020.92,0.544741
8,43,15,2995.24,0.562768
8,43,16,2961.62,0.569297
8,43,17,2915.55,0.564851
8,43,18,2856.66,0.551573
8,43,19,2787.71,0.532335
8,43,20,2713.97,0.510261
8,43,21,2641.98,0.489123
8,43,22,2578.5,0.472369
8,43,23,2528.92,0.462318
8,43,24,2497.64,0.459616
8,43,25,2487.88,0.463796
8,43,26,2501.93,0.474064
8,43,27,2539.98,0.489272
8,43,28,2599.59,0.507683
8,43,29,2674.94,0.526104
8,43,30,2757.45,0.539278
8,43,31,2837.75,0.541442
8,43,32,2908.27,0.528207
8,43,33,2965.38,0.498849
8,43,34,3009.71,0.456775
8,43,35,3045.13,0.408811
8,43,36,3077.2,0.36252
8,43,37,3111.44,0.324152
8,43,38,3152.05,0.296555
8,43,39,3201.75,0.279526
8,43,40,3261.33,0.270598
8,43,41,3331.56,0.267744
8,43,42,3410.25,0.269966
8,43,43,3491.61,0.277455
8,43,44,3566.43,0.290006
8,43,45,3623.31,0.305426
8,43,46,3650.08,0.318359
8,43,47,3633.86,0.321422
8,43,48,3559.9,0.308233
8,43,49,3410.3,0.276263
8,44,0,3345.01,0.380492
8,44,1,3529.47,0.452888
8,44,2,3645.77,0.508646
8,44,3,3706.7,0.544195
8,44,4,3721.67,0.558992
8,44,5,3697.06,0.554447
8,44,6,3638.31,0.533692
8,44,7,3552.33,0.502528
8,44,8,3449.44,0.469218
8,44,9,3343.49,0.443805
8,44,10,3248.98,0.434137
8,44,11,3175.84,0.442914
8,44,12,3127.09,0.467029
8,44,13,3096.65,0.49882
8,44,14,3074.13,0.529475
8,44,15,3049.09,0.552436
8,44,16,3014.02,0.563993
8,44,17,2964.91,0.563351
8,44,18,2902.03,0.551853
8,44,19,2828.74,0.532468
8,44,20,2750.77,0.509078
8,44,21,2674.91,0.486454
8,44,22,2608.35,0.46897
8,44,23,2557.25,0.459676
8,44,24,2527.07,0.459847
8,44,25,2521.71,0.469677
8,44,26,2543.21,0.488874
8,44,27,2590.36,0.516222
8,44,28,2658.91,0.549035
8,44,29,2741.6,0.582425
8,44,30,2829.5,0.60902
8,44,31,2913.77,0.621059
8,44,32,2987.77,0.612955
8,44,33,3048.59,0.583683
8,44,34,3097.08,0.537318
8,44,35,3136.72,0.482071
8,44,36,3172.59,0.427183
8,44,37,3209.85,0.380508
8,44,38,3252.76,0.346028
8,44,39,3304.47,0.32407
8,44,40,3366.12,0.312008
8,44,41,3438.57,0.307678
8,44,42,3519.22,0.310125
8,44,43,3601.83,0.31979
8,44,44,3677,0.336662
8,44,45,3733.63,0.358187
8,44,46,3760.23,0.377706
8,44,47,3744.58,0.385781
8,44,48,3672.12,0.373949
8,44,49,3524.1,0.338413
8,45,0,3327.63,0.385307
8,45,1,3511.46,0.455799
8,45,2,3627.58,0.508098
8,45,3,3688.74,0.5389
8,45,4,3704.4,0.548325
8,45,5,3681.14,0.538644
8,45,6,3624.72,0.513668
8,45,7,3542.5,0.479451
8,45,8,3445.21,0.44399
8,45,9,3346.83,0.416755
8,45,10,3261.52,0.405291
8,45,11,3198.3,0.412467
8,45,12,3158.94,0.435885
8,45,13,3136.27,0.468675
8,45,14,3119.32,0.502272
8,45,15,3097.5,0.52954
8,45,16,3063.43,0.545532
8,45,17,3013.45,0.548027
8,45,18,2948.17,0.537543
8,45,19,2871.34,0.517191
8,45,20,2788.95,0.491706
8,45,21,2708.1,0.466936
8,45,22,2636.56,0.448294
8,45,23,2581.55,0.439659
8,45,24,2549.82,0.44301
8,45,25,2546.16,0.459186
8,45,26,2572.48,0.488279
8,45,27,2626.32,0.528866
8,45,28,2701.81,0.577196
8,45,29,2790.48,0.62663
8,45,30,2883.07,0.667713
8,45,31,2971.13,0.690725
8,45,32,3048.64,0.688856
8,45,33,3113.08,0.660654
8,45,34,3165.27,0.610658
8,45,35,3208.33,0.548286
8,45,36,3246.92,0.484399
8,45,37,3286.11,0.428567
8,45,38,3330.36,0.38617
8,45,39,3383.33,0.358433
8,45,40,3446.55,0.342865
8,45,41,3520.84,0.337261
8,45,42,3603.25,0.340578
8,45,43,3686.96,0.353166
8,45,44,3762.36,0.374872
8,45,45,3818.64,0.40259
8,45,46,3844.9,0.428429
8,45,47,3829.56,0.441225
8,45,48,3758.3,0.430794
8,45,49,3611.85,0.392335
8,46,0,3290.38,0.384326
8,46,1,3473.72,0.452638
8,46,2,3589.35,0.501432
8,46,3,3649.74,0.527476
8,46,4,3664.42,0.531411
8,46,5,3640.33,0.516336
8,46,6,3583.97,0.486807
8,46,7,3503.62,0.449169
8,46,8,3410.91,0.41114
8,46,9,3320.12,0.381525
8,46,10,3244.86,0.367518
8,46,11,3192.82,0.372199
8,46,12,3164.24,0.393976
8,46,13,3150.84,0.426855
8,46,14,3141.17,0.462537
8,46,15,3124.48,0.493258
8,46,16,3093.48,0.512835
8,46,17,3044.59,0.517702
8,46,18,2978.48,0.50765
8,46,19,2899,0.485972
8,46,20,2812.33,0.458241
8,46,21,2725.88,0.431269
8,46,22,2648.15,0.411417
8,46,23,2587.48,0.403318
8,46,24,2552.01,0.409555
8,46,25,2547.44,0.431468
8,46,26,2575.71,0.469343
8,46,27,2633.41,0.521493
8,46,28,2713.44,0.583249
8,46,29,2806.33,0.646597
8,46,30,2902.57,0.700503
8,46,31,2993.88,0.733739
8,46,32,3074.55,0.738465
8,46,33,3142.18,0.712685
8,46,34,3197.44,0.661021
8,46,35,3243.12,0.593585
8,46,36,3283.69,0.522417
8,46,37,3324.22,0.45853
8,46,38,3369.47,0.408707
8,46,39,3423.59,0.375298
8,46,40,3488.39,0.356309
8,46,41,3564.72,0.349711
8,46,42,3649.23,0.354364
8,46,43,3734.6,0.370263
8,46,44,3810.89,0.39678
8,46,45,3867.34,0.430095
8,46,46,3893.41,0.461282
8,46,47,3877.92,0.477996
8,46,48,3806.77,0.468966
8,46,49,3660.38,0.428823
8,47,0,3218.73,0.370694
8,47,1,3402.54,0.435667
8,47,2,3518.19,0.480686
8,47,3,3577.53,0.502471
8,47,4,3590.15,0.501913
8,47,5,3563.6,0.482647
8,47,6,3505.5,0.449746
8,47,7,3425.56,0.409676
8,47,8,3336.61,0.369773
8,47,9,3253.22,0.338116
8,47,10,3188.13,0.321503
8,47,11,3147.41,0.323245
8,47,12,3129.64,0.342563
8,47,13,3125.58,0.374381
8,47,14,3123.46,0.410751
8,47,15,3112.46,0.44343
8,47,16,3085.33,0.465264
8,47,17,3038.46,0.471653
8,47,18,2972.43,0.461865
8,47,19,2891.07,0.439343
8,47,20,2800.65,0.41026
8,47,21,2708.91,0.382032
8,47,22,2625,0.361599
8,47,23,2558.3,0.354037
8,47,24,2518.07,0.362274
8,47,25,2510.79,0.387905
8,47,26,2538.54,0.431249
8,47,27,2597.31,0.490436
8,47,28,2679.19,0.56032
8,47,29,2774.09,0.632252
8,47,30,2872.33,0.694524
8,47,31,2965.7,0.735206
8,47,32,3048.61,0.745848
8,47,33,3118.66,0.723883
8,47,34,3176.34,0.67356
8,47,35,3224.18,0.60495
8,47,36,3266.52,0.530473
8,47,37,3308.51,0.461931
8,47,38,3355.14,0.407153
8,47,39,3410.94,0.369595
8,47,40,3477.98,0.348046
8,47,41,3557.16,0.340896
8,47,42,3644.84,0.346999
8,47,43,3733.19,0.365866
8,47,44,3811.75,0.396216
8,47,45,3869.46,0.433512
8,47,46,3895.69,0.468198
8,47,47,3879.31,0.487507
8,47,48,3806.18,0.479892
8,47,49,3656.68,0.439926
8,48,0,3097.13,0.340286
8,48,1,3282.24,0.399891
8,48,2,3398.64,0.440394
8,48,3,3457.03,0.458491
8,48,4,3467.01,0.455055
8,48,5,3436.99,0.433829
8,48,6,3376.18,0.399982
8,48,7,3296.09,0.359761
8,48,8,3210.8,0.319919
8,48,9,3134.94,0.287689
8,48,10,3079.95,0.269352
8,48,11,3049.99,0.268341
8,48,12,3042.08,0.284578
8,48,13,3046.24,0.313906
8,48,14,3050.61,0.348951
8,48,15,3044.51,0.381415
8,48,16,3020.77,0.403722
8,48,17,2975.85,0.410762
8,48,18,2910.26,0.401528
8,48,19,2827.81,0.379463
8,48,20,2734.8,0.350888
8,48,21,2639.23,0.323246
8,48,22,2550.69,0.303472
8,48,23,2479.18,0.296615
8,48,24,2434.6,0.305593
8,48,25,2423.89,0.332004
8,48,26,2449.23,0.376111
8,48,27,2506.36,0.436061
8,48,28,2587.07,0.506822
8,48,29,2681.11,0.580018
8,48,30,2778.83,0.644337
8,48,31,2872.19,0.688138
8,48,32,2955.73,0.702956
8,48,33,3027.01,0.685779
8,48,34,3086.34,0.64011
8,48,35,3136.02,0.575193
8,48,36,3180.23,0.502874
8,48,37,3224.14,0.434813
8,48,38,3272.83,0.379236
8,48,39,3331.1,0.340389
8,48,40,3401.27,0.317933
8,48,41,3484.35,0.310837
8,48,42,3576.59,0.318065
8,48,43,3669.67,0.338688
8,48,44,3752.37,0.370813
8,48,45,3812.8,0.409435
8,48,46,3839.67,0.444983
8,48,47,3821.32,0.465157
8,48,48,3743.39,0.458987
8,48,49,3586.63,0.421453
8,49,0,2911.71,0.293533
8,49,1,3097.06,0.345404
8,49,2,3214.04,0.380315
8,49,3,3271.35,0.395088
8,49,4,3278.4,0.390408
8,49,5,3244.74,0.369714
8,49,6,3181.48,0.337819
8,49,7,3102.04,0.300361
8,49,8,3021.52,0.263261
8,49,9,2953.98,0.232725
8,49,10,2909.08,0.214295
8,49,11,2888.94,0.21129
8,49,12,2889.22,0.224107
8,49,13,2899.6,0.249488
8,49,14,2908.46,0.280949
8,49,15,2905.55,0.310743
8,49,16,2884.07,0.331595
8,49,17,2840.71,0.338492
8,49,18,2776.07,0.330378
8,49,19,2693.96,0.31046
8,49,20,2600.71,0.284655
8,49,21,2504.35,0.25978
8,49,22,2414.48,0.242138
8,49,23,2341.13,0.236262
8,49,24,2294.16,0.244732
8,49,25,2280.43,0.268951
8,49,26,2302.07,0.309109
8,49,27,2354.92,0.3636
8,49,28,2431.01,0.428053
8,49,29,2520.44,0.495168
8,49,30,2614.05,0.55499
8,49,31,2704.21,0.597097
8,49,32,2785.71,0.613662
8,49,33,2856.17,0.601504
8,49,34,2915.73,0.563186
8,49,35,2966.43,0.506511
8,49,36,3012.2,0.441869
8,49,37,3058.01,0.379828
8,49,38,3108.89,0.328227
8,49,39,3169.77,0.291573
8,49,40,3243.19,0.27027
8,49,41,3330.45,0.263865
8,49,42,3427.91,0.271525
8,49,43,3526.9,0.292053
8,49,44,3615.26,0.323196
8,49,45,3679.75,0.35993
8,49,46,3707.64,0.393386
8,49,47,3686.19,0.41258
8,49,48,3600.74,0.407864
8,49,49,3433.38,0.374955
9,0,0,2309.5,0.322287
9,0,1,2465.11,0.355666
9,0,2,2564.49,0.361476
9,0,3,2615.27,0.340825
9,0,4,2631.31,0.301487
9,0,5,2626.95,0.254552
9,0,6,2612.63,0.210269
9,0,7,2592.51,0.17507
9,0,8,2565.36,0.150655
9,0,9,2527.47,0.135029
9,0,10,2476.6,0.12458
9,0,11,2413.88,0.116039
9,0,12,2345.8,0.10817
9,0,13,2280.47,0.100856
9,0,14,2226.05,0.0949855
9,0,15,2187.51,0.0914082
9,0,16,2164.84,0.0899454
9,0,17,2153.85,0.0897792
9,0,18,2147.96,0.0898926
9,0,19,2141.24,0.0896315
9,0,20,2129.7,0.0889709
9,0,21,2111,0.0879691
9,0,22,2083.01,0.0862113
9,0,23,2043.33,0.0826952
9,0,24,1989.64,0.0762124
9,0,25,1921.02,0.0662743
9,0,26,1839.73,0.0536564
9,0,27,1751.78,0.040147
9,0,28,1665.53,0.0277114
9,0,29,1589.1,0.0177425
9,0,30,1527.33,0.0107079
9,0,31,1480.36,0.00627967
9,0,32,1444.48,0.0036859
9,0,33,1414.29,0.00221484
9,0,34,1385.13,0.00136595
9,0,35,1354.47,0.000825743
9,0,36,1321.93,0.000503102
9,0,37,1288.95,0.000313189
9,0,38,1257.55,0.000266226
9,0,39,1229.66,0.000448054
9,0,40,1206.47,0.000976658
9,0,41,1188.46,0.00219203
9,0,42,1175.18,0.00454673
9,0,43,1165.43,0.00853132
9,0,44,1157.52,0.0144191
9,0,45,1149.35,0.021933
9,0,46,1139.02,0.0300182
9,0,47,1125.37,0.0369576
9,0,48,1108.27,0.0409232
9,0,49,1088.8,0.0407461
9,1,0,2472.48,0.369475
9,1,1,2639.03,0.409056
9,1,2,2744.1,0.417317
9,1,3,2797.02,0.395246
9,1,4,2812.81,0.351492
9,1,5,2806.73,0.298627
9,1,6,2790.13,0.248427
9,1,7,2767.96,0.208474
9,1,8,2739.39,0.180999
9,1,9,2700.54,0.163971
9,1,10,2648.56,0.153341
9,1,11,2583.76,0.145254
9,1,12,2512.02,0.137978
9,1,13,2441.35,0.130988
9,1,14,2380.4,0.124912
9,1,15,2335.07,0.120441
9,1,16,2306.24,0.117302
9,1,17,2290.28,0.114668
9,1,18,2280.79,0.111614
9,1,19,2271.76,0.107696
9,1,20,2258.92,0.103181
9,1,21,2239.56,0.0984861
9,1,22,2211.01,0.0935297
9,1,23,2170.21,0.0875254
9,1,24,2114.21,0.0793366
9,1,25,2041.62,0.0683839
9,1,26,1954.47,0.0552724
9,1,27,1858.94,0.0416098
9,1,28,1763.98,0.02919
9,1,29,1678.61,0.0192927
9,1,30,1608.6,0.0123019
9,1,31,1554.66,0.0078509
9,1,32,1513.23,0.00513881
9,1,33,1478.68,0.00346671
9,1,34,1446.03,0.00236343
9,1,35,1412.52,0.00155817
9,1,36,1377.51,0.000996215
9,1,37,1342.27,0.000626178
9,1,38,1308.68,0.000479238
9,1,39,1278.58,0.000659315
9,1,40,1253.19,0.00132034
9,1,41,1233.1,0.00288409
9,1,42,1218.02,0.00591004
9,1,43,1206.7,0.0109931
9,1,44,1197.22,0.0184344
9,1,45,1187.06,0.027834
9,1,46,1173.86,0.0378284
9,1,47,1156.26,0.046266
9,1,48,1134.27,0.0509124
9,1,49,1109.37,0.0503977
9,2,0,2575.76,0.39332
9,2,1,2748.78,0.437387
9,2,2,2857.42,0.448537
9,2,3,2911.94,0.427447
9,2,4,2927.85,0.38299
9,2,5,2920.75,0.328358
9,2,6,2902.48,0.276064
9,2,7,2878.65,0.234335
9,2,8,2848.99,0.205782
9,2,9,2809.73,0.18851
9,2,10,2757.71,0.178374
9,2,11,2692.55,0.171284
9,2,12,2619.4,0.165163
9,2,13,2545.87,0.15906
9,2,14,2480.66,0.153171
9,2,15,2430.2,0.147815
9,2,16,2396.09,0.14256
9,2,17,2375.49,0.136667
9,2,18,2362.57,0.129499
9,2,19,2351.58,0.121031
9,2,20,2338.21,0.111904
9,2,21,2319.37,0.102916
9,2,22,2291.76,0.0943497
9,2,23,2251.65,0.0857049
9,2,24,2195.59,0.0760379
9,2,25,2121.89,0.0647461
9,2,26,2032.51,0.0522069
9,2,27,1933.69,0.0396783
9,2,28,1834.54,0.0285611
9,2,29,1744.4,0.0198385
9,2,30,1669.49,0.0137066
9,2,31,1610.92,0.00974298
9,2,32,1565.48,0.00716546
9,2,33,1527.7,0.00535498
9,2,34,1492.62,0.00393784
9,2,35,1457.47,0.00275067
9,2,36,1421.43,0.00181632
9,2,37,1385.56,0.00115
9,2,38,1351.48,0.000813729
9,2,39,1320.79,0.000923469
9,2,40,1294.66,0.00165871
9,2,41,1273.77,0.00349248
9,2,42,1257.98,0.00705102
9,2,43,1246.05,0.0129875
9,2,44,1235.81,0.0215914
9,2,45,1224.29,0.0323358
9,2,46,1208.65,0.0436068
9,2,47,1187.33,0.0529416
9,2,48,1160.48,0.0578542
9,2,49,1130.1,0.0568961
9,3,0,2623.13,0.392491
9,3,1,2799.93,0.43901
9,3,2,2911.31,0.453264
9,3,3,2967.74,0.435487
9,3,4,2984.66,0.394136
9,3,5,2977.5,0.342125
9,3,6,2958.22,0.291807
9,3,7,2932.9,0.251416
9,3,8,2901.83,0.223679
9,3,9,2861.65,0.206953
9,3,10,2809.2,0.197392
9,3,11,2743.78,0.191137
9,3,12,2670.01,0.186089
9,3,13,2595.01,0.180996
9,3,14,2527.22,0.175557
9,3,15,2473.18,0.169536
9,3,16,2434.98,0.162247
9,3,17,2410.49,0.153068
9,3,18,2394.75,0.141765
9,3,19,2382.55,0.12884
9,3,20,2369.64,0.115311
9,3,21,2352.54,0.102287
9,3,22,2327.24,0.0903523
9,3,23,2289.38,0.0792976
9,3,24,2235.12,0.0684618
9,3,25,2162.76,0.0573227
9,3,26,2074.42,0.0460626
9,3,27,1976.35,0.0355346
9,3,28,1877.47,0.0266256
9,3,29,1786.84,0.0198967
9,3,30,1710.56,0.0152626
9,3,31,1649.92,0.0122041
9,3,32,1602.1,0.00997005
9,3,33,1562.1,0.00805713
9,3,34,1525.3,0.00624069
9,3,35,1489.15,0.00452391
9,3,36,1452.8,0.00305269
9,3,37,1417.16,0.00194324
9,3,38,1383.55,0.00129845
9,3,39,1353.35,0.00123778
9,3,40,1327.6,0.00194536
9,3,41,1307.05,0.00389681
9,3,42,1291.67,0.00772306
9,3,43,1280.23,0.0140716
9,3,44,1270.27,0.0231775
9,3,45,1258.34,0.034408
9,3,46,1241.12,0.0460134
9,3,47,1216.77,0.055416
9,3,48,1185.6,0.0600968
9,3,49,1150.11,0.0586758
9,4,0,2624.91,0.371502
9,4,1,2803.79,0.418623
9,4,2,2917.67,0.435966
9,4,3,2976.66,0.423274
9,4,4,2995.61,0.388094
9,4,5,2989.42,0.342299
9,4,6,2969.73,0.29728
9,4,7,2942.8,0.260647
9,4,8,2909.41,0.234943
9,4,9,2866.84,0.218849
9,4,10,2812.35,0.209178
9,4,11,2745.44,0.202794
9,4,12,2670.54,0.197991
9,4,13,2594.47,0.193478
9,4,14,2525.25,0.188532
9,4,15,2469.15,0.182284
9,4,16,2428.34,0.1737
9,4,17,2401.25,0.162207
9,4,18,2383.81,0.147915
9,4,19,2371.46,0.131799
9,4,20,2360.05,0.115127
9,4,21,2345.72,0.0991608
9,4,22,2323.75,0.0846703
9,4,23,2289.27,0.0716985
9,4,24,2238.31,0.0599363
9,4,25,2169.41,0.049078
9,4,26,2085.01,0.0392342
9,4,27,1991.34,0.0309256
9,4,28,1896.78,0.0245306
9,4,29,1809.59,0.0201428
9,4,30,1735.22,0.0173295
9,4,31,1674.88,0.0154133
9,4,32,1626.16,0.0136443
9,4,33,1584.73,0.0116291
9,4,34,1546.54,0.00931554
9,4,35,1509.46,0.00691505
9,4,36,1472.81,0.0047373
9,4,37,1437.41,0.00302931
9,4,38,1404.44,0.00194413
9,4,39,1375.08,0.00159586
9,4,40,1350.28,0.00214537
9,4,41,1330.79,0.00401407
9,4,42,1316.65,0.00776689
9,4,43,1306.59,0.0139797
9,4,44,1297.85,0.0227999
9,4,45,1286.54,0.0335357
9,4,46,1268.82,0.0444497
9,4,47,1242.54,0.0530747
9,4,48,1208.11,0.0570853
9,4,49,1168.41,0.0552994
9,5,0,2594.46,0.338232
9,5,1,2774.14,0.384636
9,5,2,2890.32,0.404889
9,5,3,2952.32,0.398271
9,5,4,2974.11,0.371119
9,5,5,2969.67,0.333749
9,5,6,2949.95,0.296012
9,5,7,2921,0.264414
9,5,8,2884,0.241074
9,5,9,2836.99,0.225016
9,5,10,2778.15,0.213978
9,5,11,2707.71,0.205935
9,5,12,2630.49,0.199972
9,5,13,2553.25,0.195091
9,5,14,2483.54,0.190372
9,5,15,2426.97,0.184393
9,5,16,2385.4,0.175727
9,5,17,2357.46,0.163714
9,5,18,2339.79,0.14857
9,5,19,2328.42,0.131494
9,5,20,2319.35,0.113735
9,5,21,2308.31,0.0965016
9,5,22,2290.09,0.0806047
9,5,23,2259.52,0.0663034
9,5,24,2212.82,0.0537002
9,5,25,2149.02,0.0428576
9,5,26,2070.97,0.0340011
9,5,27,1984.71,0.0274885
9,5,28,1897.74,0.0233039
9,5,29,1817.06,0.0211053
9,5,30,1747.15,0.0200831
9,5,31,1688.92,0.0193346
9,5,32,1640.39,0.0180477
9,5,33,1598.03,0.0158986
9,5,34,1558.54,0.0130018
9,5,35,1520.32,0.00979621
9,5,36,1483,0.00678477
9,5,37,1447.46,0.00436581
9,5,38,1414.86,0.00275067
9,5,39,1386.28,0.00203962
9,5,40,1362.57,0.00233872
9,5,41,1344.43,0.0039578
9,5,42,1331.91,0.00732624
9,5,43,1323.68,0.0128903
9,5,44,1316.72,0.0206945
9,5,45,1306.78,0.0300524
9,5,46,1289.6,0.0393932
9,5,47,1262.69,0.0465651
9,5,48,1226.4,0.0496184
9,5,49,1183.85,0.0476483
9,6,0,2545.56,0.301149
9,6,1,2724.96,0.346277
9,6,2,2843.01,0.36929
9,6,3,2908.01,0.369025
9,6,4,2932.82,0.350481
9,6,5,2930.28,0.322164
9,6,6,2910.41,0.292118
9,6,7,2878.77,0.265532
9,6,8,2836.78,0.244007
9,6,9,2783.39,0.226938
9,6,10,2718.03,0.213097
9,6,11,2642.22,0.201762
9,6,12,2561.63,0.193062
9,6,13,2483.21,0.186599
9,6,14,2414,0.181555
9,6,15,2358.67,0.176193
9,6,16,2318.29,0.168749
9,6,17,2291.34,0.158317
9,6,18,2274.88,0.144891
9,6,19,2265.39,0.1295
9,6,20,2258.93,0.113033
9,6,21,2251.01,0.0963981
9,6,22,2236.16,0.0803217
9,6,23,2209.31,0.0652528
9,6,24,2167.2,0.0517576
9,6,25,2109.56,0.0404091
9,6,26,2039.54,0.0317497
9,6,27,1962.77,0.0261849
9,6,28,1885.53,0.0234827
9,6,29,1813.27,0.0229549
9,6,30,1749.3,0.0234239
9,6,31,1694.21,0.0237073
9,6,32,1646.47,0.0228545
9,6,33,1603.45,0.0205462
9,6,34,1562.69,0.0170312
9,6,35,1523.2,0.0129678
9,6,36,1484.97,0.00906423
9,6,37,1449.04,0.00587954
9,6,38,1416.6,0.0036913
9,6,39,1388.69,0.0025814
9,6,40,1366.03,0.00257536
9,6,41,1349.21,0.00382941
9,6,42,1338.22,0.00658898
9,6,43,1331.67,0.0111378
9,6,44,1326.44,0.0174233
9,6,45,1318.12,0.0248299
9,6,46,1302.17,0.0320714
9,6,47,1275.79,0.0374447
9,6,48,1239.14,0.03947
9,6,49,1195.31,0.0375332
9,7,0,2489.94,0.267369
9,7,1,2668.37,0.311471
9,7,2,2787.72,0.337247
9,7,3,2855.14,0.34306
9,7,4,2882.31,0.332552
9,7,5,2880.93,0.312431
9,7,6,2860.05,0.289015
9,7,7,2824.76,0.266291
9,7,8,2776.7,0.245442
9,7,9,2715.76,0.226253
9,7,10,2642.83,0.208476
9,7,11,2560.96,0.192625
9,7,12,2476.94,0.179909
9,7,13,2397.99,0.170718
9,7,14,2330.56,0.164629
9,7,15,2278.07,0.159921
9,7,16,2240.58,0.154644
9,7,17,2216.09,0.147553
9,7,18,2201.81,0.138108
9,7,19,2194.49,0.126763
9,7,20,2190.27,0.113718
9,7,21,2184.58,0.0993631
9,7,22,2172.07,0.0842175
9,7,23,2148.17,0.0688975
9,7,24,2110.4,0.0544521
9,7,25,2059.24,0.0420579
9,7,26,1998.03,0.0327412
9,7,27,1931.66,0.0271516
9,7,28,1864.95,0.0250363
9,7,29,1801.67,0.025485
9,7,30,1743.98,0.0270001
9,7,31,1692.22,0.0280945
9,7,32,1645.4,0.027611
9,7,33,1601.84,0.0251626
9,7,34,1559.96,0.0210784
9,7,35,1519.39,0.0162038
9,7,36,1480.49,0.0114494
9,7,37,1444.43,0.00753839
9,7,38,1412.45,0.0048276
9,7,39,1385.44,0.00338302
9,7,40,1363.94,0.00313137
9,7,41,1348.33,0.00404399
9,7,42,1338.44,0.0061473
9,7,43,1332.94,0.00954273
9,7,44,1328.8,0.0140977
9,7,45,1321.7,0.0193212
9,7,46,1307.07,0.0242843
9,7,47,1281.93,0.02779
9,7,48,1246.11,0.0288417
9,7,49,1202.42,0.0270801
9,8,0,2436.2,0.242044
9,8,1,2613.46,0.28603
9,8,2,2733.48,0.314685
9,8,3,2802.23,0.325786
9,8,4,2830.24,0.321689
9,8,5,2828.3,0.307576
9,8,6,2804.82,0.288475
9,8,7,2764.7,0.267607
9,8,8,2709.99,0.246014
9,8,9,2641.62,0.223879
9,8,10,2561.83,0.201707
9,8,11,2475.13,0.180933
9,8,12,2389.26,0.163637
9,8,13,2311.5,0.151009
9,8,14,2247.44,0.143224
9,8,15,2199.18,0.138902
9,8,16,2165.65,0.136114
9,8,17,2144.29,0.13328
9,8,18,2132.32,0.129157
9,8,19,2126.64,0.123345
9,8,20,2123.58,0.115141
9,8,21,2118.71,0.104274
9,8,22,2107.12,0.0909572
9,8,23,2085.02,0.0759193
9,8,24,2050.9,0.060641
9,8,25,2005.93,0.0469045
9,8,26,1953.37,0.036305
9,8,27,1897.13,0.0298772
9,8,28,1840.5,0.0275263
9,8,29,1785.6,0.0282638
9,8,30,1733.61,0.0303601
9,8,31,1684.75,0.0320389
9,8,32,1638.63,0.0318924
9,8,33,1594.58,0.0293968
9,8,34,1551.95,0.0248893
9,8,35,1510.91,0.0193518
9,8,36,1472.17,0.0138831
9,8,37,1436.9,0.00937677
9,8,38,1406.23,0.0062931
9,8,39,1380.81,0.00469632
9,8,40,1360.81,0.00440356
9,8,41,1346.34,0.00517278
9,8,42,1337.04,0.00677629
9,8,43,1331.66,0.00911073
9,8,44,1327.5,0.0119774
9,8,45,1320.64,0.0150473
9,8,46,1306.8,0.0177827
9,8,47,1282.91,0.0194954
9,8,48,1248.45,0.0196343
9,8,49,1205.8,0.0180394
9,9,0,2389.33,0.227996
9,9,1,2565.64,0.273116
9,9,2,2685.77,0.304737
9,9,3,2754.48,0.319883
9,9,4,2781.3,0.319793
9,9,5,2776.47,0.308614
9,9,6,2748.33,0.290781
9,9,7,2702.18,0.269391
9,9,8,2640.89,0.245717
9,9,9,2566.48,0.220313
9,9,10,2482.36,0.194076
9,9,11,2393.98,0.168867
9,9,12,2309.45,0.147259
9,9,13,2235.54,0.131086
9,9,14,2176.75,0.121179
9,9,15,2133.78,0.116737
9,9,16,2104.55,0.116055
9,9,17,2086.09,0.117315
9,9,18,2075.64,0.118598
9,9,19,2070.35,0.118581
9,9,20,2066.87,0.11565
9,9,21,2061.17,0.108842
9,9,22,2049.03,0.0979984
9,9,23,2027.61,0.0838569
9,9,24,1996.32,0.0681829
9,9,25,1956.81,0.0532458
9,9,26,1912.05,0.0411814
9,9,27,1864.83,0.0334685
9,9,28,1816.91,0.0303105
9,9,29,1769.03,0.0307929
9,9,30,1721.57,0.0330796
9,9,31,1674.8,0.0351653
9,9,32,1629.05,0.035383
9,9,33,1584.63,0.0330145
9,9,34,1541.81,0.0283243
9,9,35,1501.28,0.0223688
9,9,36,1463.94,0.0164178
9,9,37,1430.8,0.0115506
9,9,38,1402.67,0.00836777
9,9,39,1379.79,0.00695409
9,9,40,1361.86,0.00700374
9,9,41,1348.58,0.0080174
9,9,42,1339.39,0.00945793
9,9,43,1333.19,0.0109761
9,9,44,1327.79,0.0123122
9,9,45,1319.92,0.0133304
9,9,46,1305.83,0.0139097
9,9,47,1282.54,0.0138601
9,9,48,1249.23,0.0130303
9,9,49,1207.74,0.0114111
9,10,0,2351.42,0.225936
9,10,1,2527.11,0.273522
9,10,2,2646.87,0.308163
9,10,3,2714.22,0.325975
9,10,4,2737.89,0.327305
9,10,5,2727.95,0.315832
9,10,6,2693.3,0.296153
9,10,7,2640.31,0.271927
9,10,8,2573.15,0.245038
9,10,9,2495.02,0.216375
9,10,10,2410.16,0.186861
9,10,11,2324.33,0.158263
9,10,12,2245.13,0.13319
9,10,13,2178.2,0.113848
9,10,14,2126.55,0.101638
9,10,15,2089.54,0.0964279
9,10,16,2064.34,0.0968763
9,10,17,2047.79,0.101085
9,10,18,2037.35,0.10665
9,10,19,2030.61,0.111487
9,10,20,2024.81,0.113254
9,10,21,2016.61,0.110407
9,10,22,2002.67,0.102395
9,10,23,1981.08,0.089831
9,10,24,1951.98,0.0745347
9,10,25,1917.2,0.0590295
9,10,26,1879.12,0.0458437
9,10,27,1839.41,0.0368666
9,10,28,1798.46,0.0326801
9,10,29,1755.91,0.0325868
9,10,30,1711.63,0.0347949
9,10,31,1666.12,0.0371731
9,10,32,1620.46,0.0378279
9,10,33,1575.98,0.0358168
9,10,34,1533.78,0.0312545
9,10,35,1494.97,0.0252096
9,10,36,1460.47,0.0191045
9,10,37,1430.93,0.0142257
9,10,38,1406.62,0.011356
9,10,39,1387.22,0.0106236
9,10,40,1371.9,0.0115746
9,10,41,1359.91,0.0133824
9,10,42,1350.52,0.0151147
9,10,43,1342.81,0.0161113
9,10,44,1335.18,0.0160488
9,10,45,1325.16,0.0150236
9,10,46,1309.66,0.0133761
9,10,47,1285.94,0.0114266
9,10,48,1252.89,0.00940113
9,10,49,1211.83,0.0074137
9,11,0,2322.21,0.234097
9,11,1,2497.4,0.285202
9,11,2,2616.36,0.322848
9,11,3,2681.43,0.342182
9,11,4,2700.69,0.342893
9,11,5,2684.35,0.328656
9,11,6,2642.31,0.304806
9,11,7,2582.52,0.276064
9,11,8,2510.79,0.24521
9,11,9,2431.63,0.213466
9,11,10,2349.78,0.181529
9,11,11,2270.61,0.150672
9,11,12,2200.49,0.123145
9,11,13,2143.26,0.101207
9,11,14,2100.21,0.0866482
9,11,15,2069.41,0.0799467
9,11,16,2047.49,0.0801868
9,11,17,2031.38,0.0855555
9,11,18,2019,0.0934567
9,11,19,2008.67,0.101344
9,11,20,1998.56,0.106478
9,11,21,1986.37,0.10694
9,11,22,1969.75,0.101822
9,11,23,1947.63,0.0914876
9,11,24,1920.52,0.0775433
9,11,25,1890.01,0.0624647
9,11,26,1857.68,0.0489334
9,11,27,1824.03,0.0391293
9,11,28,1788.34,0.0340247
9,11,29,1749.48,0.0332503
9,11,30,1707.16,0.0352138
9,11,31,1662.25,0.0377939
9,11,32,1616.68,0.0389507
9,11,33,1572.7,0.0375296
9,11,34,1532.15,0.0334447
9,11,35,1496.36,0.0277231
9,11,36,1466.07,0.0219123
9,11,37,1441.35,0.0175138
9,11,38,1421.8,0.0155154
9,11,39,1406.48,0.0160941
9,11,40,1394.08,0.0186056
9,11,41,1383.45,0.0218099
9,11,42,1373.74,0.0242813
9,11,43,1364.25,0.0249811
9,11,44,1353.98,0.0235252
9,11,45,1341.22,0.0202996
9,11,46,1323.54,0.0161756
9,11,47,1298.39,0.0120248
9,11,48,1264.44,0.00845437
9,11,49,1222.52,0.00569142
9,12,0,2301.91,0.249663
9,12,1,2476.41,0.304987
9,12,2,2594.15,0.345713
9,12,3,2656.53,0.366076
9,12,4,2671.14,0.365279
9,12,5,2648.44,0.347221
9,12,6,2599.48,0.318177
9,12,7,2533.93,0.284117
9,12,8,2459.43,0.248865
9,12,9,2381.74,0.214046
9,12,10,2305.88,0.1801
9,12,11,2236.38,0.147648
9,12,12,2177.82,0.118339
9,12,13,2131.95,0.0942069
9,12,14,2098.14,0.0771971
9,12,15,2073.28,0.0682459
9,12,16,2053.6,0.0668475
9,12,17,2036.27,0.0714141
9,12,18,2019.89,0.0794474
9,12,19,2003.81,0.0882821
9,12,20,1987.54,0.0951295
9,12,21,1970.11,0.0979307
9,12,22,1950.33,0.0954999
9,12,23,1927.76,0.0878619
9,12,24,1902.91,0.0761764
9,12,25,1876.66,0.0625818
9,12,26,1849.51,0.0496472
9,12,27,1820.79,0.0396728
9,12,28,1788.92,0.0339652
9,12,29,1752.37,0.0325411
9,12,30,1710.97,0.0341358
9,12,31,1666.21,0.036785
9,12,32,1620.91,0.0384207
9,12,33,1578.14,0.0377397
9,12,34,1540.27,0.034448
9,12,35,1508.63,0.0294932
9,12,36,1483.5,0.0245044
9,12,37,1464.25,0.0211727
9,12,38,1449.78,0.0206719
9,12,39,1438.6,0.0232038
9,12,40,1429.03,0.0278824
9,12,41,1419.7,0.0329793
9,12,42,1409.75,0.0365043
9,12,43,1398.73,0.0370046
9,12,44,1386.17,0.034059
9,12,45,1370.96,0.0284076
9,12,46,1351.1,0.0215222
9,12,47,1324.1,0.0148659
9,12,48,1288.26,0.00943404
9,12,49,1243.95,0.00556082
9,13,0,2289.92,0.269192
9,13,1,2463.16,0.329052
9,13,2,2579.23,0.373097
9,13,3,2638.93,0.394813
9,13,4,2649.52,0.392992
9,13,5,2621.71,0.371665
9,13,6,2567.52,0.337835
9,13,7,2498.16,0.298549
9,13,8,2422.93,0.258667
9,13,9,2348.75,0.220395
9,13,10,2280.74,0.184137
9,13,11,2222.36,0.149997
9,13,12,2176.29,0.118983
9,13,13,2142.07,0.0927188
9,13,14,2117.25,0.0730741
9,13,15,2097.6,0.0612291
9,13,16,2078.99,0.0570086
9,13,17,2058.9,0.0591305
9,13,18,2036.73,0.0654106
9,13,19,2013.11,0.0733444
9,13,20,1989.2,0.0803692
9,13,21,1965.69,0.0844904
9,13,22,1942.61,0.0843363
9,13,23,1919.99,0.0795661
9,13,24,1897.91,0.0707486
9,13,25,1876.19,0.0594738
9,13,26,1853.94,0.0479698
9,13,27,1829.39,0.0384761
9,13,28,1800.27,0.0325281
9,13,29,1765.01,0.0305244
9,13,30,1723.86,0.0316074
9,13,31,1679.12,0.034103
9,13,32,1634.48,0.0360589
9,13,33,1593.71,0.0361336
9,13,34,1559.41,0.033871
9,13,35,1532.66,0.030118
9,13,36,1513.07,0.0265134
9,13,37,1499.26,0.0248533
9,13,38,1489.49,0.0264102
9,13,39,1481.89,0.0313458
9,13,40,1474.62,0.0384913
9,13,41,1466.34,0.0456184
9,13,42,1456.33,0.050194
9,13,43,1444.45,0.0504025
9,13,44,1430.64,0.0458469
9,13,45,1414.12,0.0376695
9,13,46,1392.99,0.0279564
9,13,47,1364.47,0.0187434
9,13,48,1326.29,0.0113802
9,13,49,1278.32,0.00628356
9,14,0,2286.31,0.290411
9,14,1,2457.39,0.355013
9,14,2,2571.16,0.4029
9,14,3,2628.21,0.427004
9,14,4,2635.67,0.425679
9,14,5,2604.41,0.402757
9,14,6,2547.09,0.365467
9,14,7,2476.09,0.32153
9,14,8,2402.01,0.276748
9,14,9,2332.7,0.234149
9,14,10,2273.32,0.194527
9,14,11,2226.27,0.157824
9,14,12,2192.41,0.124565
9,14,13,2169.24,0.0958849
9,14,14,2152.61,0.0733837
9,14,15,2137.29,0.0582553
9,14,16,2118.81,0.0505276
9,14,17,2094.89,0.04923
9,14,18,2065.8,0.0525949
9,14,19,2033.57,0.0584341
9,14,20,2001.2,0.06456
9,14,21,1971.18,0.0691596
9,14,22,1944.84,0.0707563
9,14,23,1922.52,0.0686726
9,14,24,1903.61,0.0628566
9,14,25,1886.55,0.0542659
9,14,26,1868.98,0.0446544
9,14,27,1848.07,0.0360601
9,14,28,1821.06,0.0301255
9,14,29,1786.59,0.0275719
9,14,30,1745.51,0.0279658
9,14,31,1701,0.030017
9,14,32,1657.56,0.0320255
9,14,33,1619.43,0.032744
9,14,34,1589.2,0.0316409
9,14,35,1567.43,0.0294501
9,14,36,1553.01,0.0277174
9,14,37,1543.83,0.0281943
9,14,38,1537.69,0.0320967
9,14,39,1532.59,0.0394522
9,14,40,1526.75,0.0488105
9,14,41,1519.07,0.0575449
9,14,42,1509.2,0.0627434
9,14,43,1497.36,0.0623926
9,14,44,1483.77,0.0562137
9,14,45,1467.68,0.0457433
9,14,46,1446.84,0.0335859
9,14,47,1417.83,0.0222233
9,14,48,1377.54,0.0132539
9,14,49,1325.22,0.00712903
9,15,0,2291.77,0.312411
9,15,1,2459.73,0.38201
9,15,2,2570.36,0.434418
9,15,3,2624.49,0.462162
9,15,4,2629.32,0.46306
9,15,5,2595.85,0.440373
9,15,6,2537.14,0.401009
9,15,7,2466.29,0.35293
9,15,8,2394.81,0.302773
9,15,9,2331.23,0.254648
9,15,10,2280.66,0.210207
9,15,11,2244.51,0.169684
9,15,12,2222,0.13337
9,15,13,2208.82,0.101912
9,15,14,2199.36,0.0764898
9,15,15,2187.49,0.0580944
9,15,16,2168.48,0.0468071
9,15,17,2140.27,0.0419183
9,15,18,2103.95,0.0420813
9,15,19,2062.9,0.0454609
9,15,20,2021.94,0.0502665
9,15,21,1985.37,0.054885
9,15,22,1955.74,0.0577721
9,15,23,1933.61,0.0579621
9,15,24,1917.61,0.0548446
9,15,25,1904.78,0.0487841
9,15,26,1891.37,0.0410471
9,15,27,1873.61,0.0334109
9,15,28,1848.45,0.0275317
9,15,29,1814.81,0.0243703
9,15,30,1774.19,0.0238805
9,15,31,1730.52,0.0251935
9,15,32,1688.91,0.0269637
9,15,33,1653.8,0.0281559
9,15,34,1627.6,0.0282619
9,15,35,1610.26,0.0278893
9,15,36,1599.96,0.0283637
9,15,37,1594.07,0.0311902
9,15,38,1590.12,0.0373262
9,15,39,1586.16,0.0465643
9,15,40,1580.71,0.0572362
9,15,41,1573.15,0.0665454
9,15,42,1563.63,0.0715117
9,15,43,1552.77,0.0701937
9,15,44,1540.93,0.0625404
9,15,45,1527.08,0.0504006
9,15,46,1508.24,0.0366788
9,15,47,1480.02,0.0240606
9,15,48,1438.31,0.0142159
9,15,49,1381.64,0.00755909
9,16,0,2306.64,0.33505
9,16,1,2470.65,0.409944
9,16,2,2577.22,0.467447
9,16,3,2627.82,0.499738
9,16,4,2629.95,0.504021
9,16,5,2594.81,0.482732
9,16,6,2535.69,0.44212
9,16,7,2466.16,0.390102
9,16,8,2398.28,0.334065
9,16,9,2340.99,0.279374
9,16,10,2299.22,0.228888
9,16,11,2273.41,0.183496
9,16,12,2261.3,0.143496
9,16,13,2256.96,0.109101
9,16,14,2253.57,0.0809724
9,16,15,2244.35,0.0597319
9,16,16,2224.41,0.0453789
9,16,17,2191.95,0.0373879
9,16,18,2148.77,0.0347756
9,16,19,2099.44,0.0360192
9,16,20,2050.35,0.0396553
9,16,21,2007.34,0.044211
9,16,22,1974.06,0.0480644
9,16,23,1951.31,0.0500025
9,16,24,1937.09,0.0489757
9,16,25,1927.34,0.0448853
9,16,26,1917.15,0.0386043
9,16,27,1902.05,0.0316714
9,16,28,1878.79,0.025708
9,16,29,1846.56,0.0218267
9,16,30,1807.3,0.0202961
9,16,31,1765.38,0.0206549
9,16,32,1726.18,0.0219662
9,16,33,1694.14,0.0234917
9,16,34,1671.36,0.0248293
9,16,35,1657.32,0.026435
9,16,36,1649.68,0.0292742
9,16,37,1645.51,0.0343815
9,16,38,1642.26,0.0422453
9,16,39,1638.24,0.0523411
9,16,40,1632.35,0.0629117
9,16,41,1624.63,0.0713177
9,16,42,1615.79,0.0749157
9,16,43,1606.87,0.0721569
9,16,44,1598.18,0.0633129
9,16,45,1588.11,0.0503946
9,16,46,1572.71,0.0363
9,16,47,1546.47,0.0236056
9,16,48,1504.2,0.0138392
9,16,49,1443.65,0.00730199
9,17,0,2330.34,0.358103
9,17,1,2490.1,0.438483
9,17,2,2592.09,0.501285
9,17,3,2638.64,0.538317
9,17,4,2637.77,0.546169
9,17,5,2601.01,0.526448
9,17,6,2541.9,0.484711
9,17,7,2474.32,0.428763
9,17,8,2410.65,0.366666
9,17,9,2359.97,0.305027
9,17,10,2326.86,0.247996
9,17,11,2310.7,0.197287
9,17,12,2307.86,0.15338
9,17,13,2311.01,0.116152
9,17,14,2312.39,0.0857498
9,17,15,2304.88,0.0623521
9,17,16,2283.61,0.0457919
9,17,17,2247.13,0.0356421
9,17,18,2197.88,0.0311768
9,17,19,2141.29,0.0310862
9,17,20,2084.85,0.0341001
9,17,21,2035.54,0.0387786
9,17,22,1997.92,0.0433863
9,17,23,1973.08,0.0465029
9,17,24,1958.83,0.046798
9,17,25,1950.43,0.043896
9,17,26,1942.22,0.038436
9,17,27,1929.29,0.0317918
9,17,28,1908.19,0.0255301
9,17,29,1878.23,0.0208302
9,17,30,1841.45,0.0181854
9,17,31,1802.25,0.0174963
9,17,32,1765.89,0.0182541
9,17,33,1736.61,0.0200663
9,17,34,1716.3,0.0226901
9,17,35,1704.2,0.0263942
9,17,36,1697.74,0.0316489
9,17,37,1693.93,0.0388075
9,17,38,1690.28,0.0477057
9,17,39,1685.44,0.0574519
9,17,40,1678.82,0.0663601
9,17,41,1671.11,0.0722959
9,17,42,1663.64,0.073355
9,17,43,1657.7,0.068676
9,17,44,1653.34,0.0589137
9,17,45,1648.18,0.0460674
9,17,46,1637.17,0.0327201
9,17,47,1613.7,0.0210412
9,17,48,1571.6,0.0122247
9,17,49,1507.85,0.00639791
9,18,0,2360.3,0.38047
9,18,1,2516.43,0.466233
9,18,2,2614.27,0.534071
9,18,3,2657.13,0.575362
9,18,4,2653.64,0.58617
9,18,5,2615.75,0.567494
9,18,6,2557.25,0.524441
9,18,7,2492.22,0.464811
9,18,8,2433.2,0.397246
9,18,9,2389.16,0.329364
9,18,10,2364.14,0.266395
9,18,11,2356.43,0.210805
9,18,12,2361.15,0.163327
9,18,13,2369.85,0.123633
9,18,14,2374.19,0.0914624
9,18,15,2366.99,0.0665976
9,18,16,2343.71,0.0487039
9,18,17,2303.37,0.0373903
9,18,18,2248.89,0.0320633
9,18,19,2186.21,0.0315008
9,18,20,2123.37,0.0344634
9,18,21,2067.96,0.0394284
9,18,22,2025.15,0.0445195
9,18,23,1996.58,0.0481695
9,18,24,1980.25,0.0489516
9,18,25,1971.32,0.0464155
9,18,26,1963.85,0.0411341
9,18,27,1952.58,0.0343847
9,18,28,1933.89,0.0276517
9,18,29,1906.91,0.0220905
9,18,30,1873.45,0.018331
9,18,31,1837.5,0.0165877
9,18,32,1803.95,0.0167887
9,18,33,1776.77,0.0189192
9,18,34,1757.81,0.0229215
9,18,35,1746.37,0.0288393
9,18,36,1739.98,0.0365367
9,18,37,1735.75,0.0455193
9,18,38,1731.34,0.0548397
9,18,39,1725.79,0.0632181
9,18,40,1718.93,0.069183
9,18,41,1712.13,0.0713834
9,18,42,1707.19,0.0689541
9,18,43,1705.46,0.0619231
9,18,44,1706.49,0.0513522
9,18,45,1706.96,0.0390889
9,18,46,1700.78,0.0271809
9,18,47,1680.42,0.0171898
9,18,48,1638.89,0.00985499
9,18,49,1572.51,0.00509588
9,19,0,2392.88,0.400822
9,19,1,2546.95,0.491644
9,19,2,2642.34,0.564024
9,19,3,2683.25,0.608854
9,19,4,2678.9,0.621813
9,19,5,2641.52,0.603625
9,19,6,2585.04,0.559325
9,19,7,2523.54,0.496879
9,19,8,2469.45,0.425349
9,19,9,2431.46,0.352949
9,19,10,2413,0.285539
9,19,11,2411.42,0.226079
9,19,12,2420.83,0.17555
9,19,13,2432.11,0.133615
9,19,14,2436.76,0.0998403
9,19,15,2427.9,0.0738066
9,19,16,2401.57,0.0551109
9,19,17,2357.31,0.0433629
9,19,18,2298.39,0.0379518
9,19,19,2230.89,0.0375798
9,19,20,2162.78,0.0408474
9,19,21,2101.76,0.0460452
9,19,22,2053.34,0.0511679
9,19,23,2019.78,0.054614
9,19,24,1999.72,0.0550708
9,19,25,1988.71,0.0522044
9,19,26,1980.88,0.0466454
9,19,27,1970.78,0.0395856
9,19,28,1954.49,0.0323555
9,19,29,1930.71,0.0259842
9,19,30,1900.71,0.0211641
9,19,31,1867.87,0.0183975
9,19,32,1836.59,0.0180699
9,19,33,1810.62,0.0205717
9,19,34,1792,0.0260383
9,19,35,1780.36,0.0342571
9,19,36,1773.55,0.0444141
9,19,37,1768.89,0.0550744
9,19,38,1764.24,0.0644506
9,19,39,1758.95,0.0708818
9,19,40,1753.26,0.0731997
9,19,41,1749.03,0.07098
9,19,42,1748.3,0.0645276
9,19,43,1752.23,0.0548319
9,19,44,1759.62,0.0433526
9,19,45,1766.19,0.0317179
9,19,46,1764.92,0.0213589
9,19,47,1747.58,0.0131658
9,19,48,1706.66,0.00739419
9,19,49,1637.9,0.00375172
9,20,0,2424.78,0.418406
9,20,1,2579.14,0.513932
9,20,2,2674.83,0.590433
9,20,3,2716.74,0.638263
9,20,4,2714.5,0.652863
9,20,5,2680.37,0.635021
9,20,6,2628.08,0.590069
9,20,7,2571.33,0.526303
9,20,8,2522.15,0.452997
9,20,9,2488.81,0.378457
9,20,10,2474.22,0.308608
9,20,11,2475.16,0.246544
9,20,12,2485.25,0.193447
9,20,13,2495.23,0.149203
9,20,14,2496.89,0.113531
9,20,15,2484.01,0.0861178
9,20,16,2453.35,0.0666657
9,20,17,2405.01,0.0547684
9,20,18,2342.46,0.0496251
9,20,19,2271.51,0.0496625
9,20,20,2199.6,0.0531243
9,20,21,2134.04,0.0580536
9,20,22,2080.4,0.0624028
9,20,23,2041.51,0.064728
9,20,24,2016.93,0.0640631
9,20,25,2002.92,0.0603459
9,20,26,1993.99,0.0543031
9,20,27,1984.53,0.046965
9,20,28,1970.23,0.0393765
9,20,29,1949.2,0.0323294
9,20,30,1922.06,0.0265284
9,20,31,1891.52,0.0227672
9,20,32,1861.59,0.0219207
9,20,33,1835.96,0.0248066
9,20,34,1817.01,0.0317443
9,20,35,1804.86,0.042245
9,20,36,1797.81,0.0547966
9,20,37,1793.44,0.0670239
9,20,38,1789.79,0.0763313
9,20,39,1786.48,0.0807163
9,20,40,1783.98,0.0793384
9,20,41,1784.45,0.0726888
9,20,42,1789.9,0.0621894
9,20,43,1800.97,0.0497294
9,20,44,1815.56,0.0371277
9,20,45,1828.44,0.0258036
9,20,46,1831.87,0.0166247
9,20,47,1817.19,0.00987452
9,20,48,1776.6,0.00537713
9,20,49,1705.34,0.00264962
9,21,0,2454.7,0.433503
9,21,1,2611.96,0.53356
9,21,2,2711,0.614076
9,21,3,2757.24,0.66485
9,21,4,2760.46,0.681185
9,21,5,2732.65,0.664181
9,21,6,2686.85,0.619736
9,21,7,2635.9,0.556564
9,21,8,2591.1,0.483938
9,21,9,2560.19,0.409773
9,21,10,2545.84,0.339514
9,21,11,2544.79,0.276014
9,21,12,2550.82,0.22059
9,21,13,2555.18,0.173579
9,21,14,2550.41,0.135226
9,21,15,2531.19,0.105697
9,21,16,2495.12,0.0850206
9,21,17,2442.77,0.0727668
9,21,18,2377.56,0.0677482
9,21,19,2304.72,0.0678853
9,21,20,2230.78,0.0708768
9,21,21,2162.33,0.0745178
9,21,22,2104.72,0.0768917
9,21,23,2061.26,0.0769811
9,21,24,2032.4,0.0744014
9,21,25,2015.28,0.069464
9,21,26,2004.91,0.0629345
9,21,27,1995.57,0.0555285
9,21,28,1982.57,0.047836
9,21,29,1963.36,0.0403093
9,21,30,1937.98,0.0336389
9,21,31,1908.66,0.0289267
9,21,32,1879.17,0.0275556
9,21,33,1853.32,0.0307638
9,21,34,1833.86,0.0390237
9,21,35,1821.47,0.0515649
9,21,36,1814.87,0.0662188
9,21,37,1811.93,0.0797771
9,21,38,1810.86,0.0889685
9,21,39,1811.5,0.0915358
9,21,40,1814.36,0.0869456
9,21,41,1821.65,0.0764638
9,21,42,1835.04,0.0624214
9,21,43,1854.42,0.0474271
9,21,44,1876.72,0.0335861
9,21,45,1895.86,0.0221639
9,21,46,1903.58,0.0136051
9,21,47,1891.04,0.0077349
9,21,48,1850.3,0.00405151
9,21,49,1776.18,0.00192103
9,22,0,2483.62,0.447105
9,22,1,2645.9,0.55158
9,22,2,2750.71,0.636123
9,22,3,2803.79,0.690033
9,22,4,2814.9,0.708574
9,22,5,2795.47,0.693328
9,22,6,2757.54,0.650896
9,22,7,2712.72,0.590422
9,22,8,2671.23,0.520971
9,22,9,2640.23,0.449661
9,22,10,2622.4,0.380979
9,22,11,2615.02,0.317169
9,22,12,2612.64,0.259562
9,22,13,2607.63,0.209105
9,22,14,2593.65,0.166925
9,22,15,2566.44,0.134059
9,22,16,2524.42,0.111127
9,22,17,2468.53,0.0977182
9,22,18,2401.85,0.0921015
9,22,19,2328.79,0.0914767
9,22,20,2254.74,0.0928488
9,22,21,2185.36,0.0938096
9,22,22,2125.61,0.0927866
9,22,23,2079.11,0.0894682
9,22,24,2047.05,0.0842396
9,22,25,2027.37,0.0778186
9,22,26,2015.57,0.070885
9,22,27,2005.88,0.0636661
9,22,28,1993.29,0.0561495
9,22,29,1974.75,0.0483872
9,22,30,1949.95,0.0410485
9,22,31,1920.9,0.0355417
9,22,32,1891.39,0.0337228
9,22,33,1865.37,0.0371838
9,22,34,1845.88,0.0464863
9,22,35,1834,0.060584
9,22,36,1828.79,0.0767564
9,22,37,1828.45,0.0911658
9,22,38,1831.38,0.100092
9,22,39,1837.58,0.101163
9,22,40,1847.48,0.094124
9,22,41,1863.07,0.0808041
9,22,42,1885.44,0.0641446
9,22,43,1913.63,0.0472149
9,22,44,1943.64,0.0322941
9,22,45,1968.67,0.020548
9,22,46,1980.18,0.0121593
9,22,47,1969.26,0.00666934
9,22,48,1927.91,0.00337575
9,22,49,1850.56,0.00154524
9,23,0,2513.78,0.460645
9,23,1,2682.26,0.569231
9,23,2,2793.9,0.657543
9,23,3,2854.72,0.714554
9,23,4,2874.33,0.735655
9,23,5,2863.57,0.723059
9,23,6,2833.36,0.684132
9,23,7,2793.91,0.628391
9,23,8,2754.24,0.564494
9,23,9,2720.89,0.498434
9,23,10,2696.7,0.433338
9,23,11,2679.83,0.370469
9,23,12,2666.11,0.310985
9,23,13,2649.37,0.25648
9,23,14,2624.65,0.209238
9,23,15,2588.83,0.171536
9,23,16,2541.09,0.144879
9,23,17,2482.51,0.128996
9,23,18,2415.65,0.12155
9,23,19,2343.9,0.118879
9,23,20,2271.4,0.117214
9,23,21,2202.87,0.114009
9,23,22,2142.81,0.108223
9,23,23,2095.03,0.100455
9,23,24,2061.2,0.0919533
9,23,25,2039.85,0.0838133
9,23,26,2026.88,0.0764914
9,23,27,2016.5,0.0696078
9,23,28,2003.55,0.0624817
9,23,29,1984.76,0.0547619
9,23,30,1959.8,0.0470887
9,23,31,1930.76,0.0411207
9,23,32,1901.55,0.0390691
9,23,33,1876.18,0.0427426
9,23,34,1857.71,0.0527026
9,23,35,1847.35,0.0676528
9,23,36,1844.43,0.0844833
9,23,37,1847.47,0.0990047
9,23,38,1855.17,0.107335
9,23,39,1867.7,0.10717
9,23,40,1885.31,0.0985109
9,23,41,1909.6,0.0835235
9,23,42,1940.98,0.0654367
9,23,43,1977.64,0.0474906
9,23,44,2014.77,0.0319933
9,23,45,2045.07,0.0200319
9,23,46,2059.81,0.0116583
9,23,47,2050.07,0.00628437
9,23,48,2007.8,0.00312548
9,23,49,1926.99,0.00140597
9,24,0,2547.69,0.475644
9,24,1,2722.35,0.587628
9,24,2,2840.38,0.678852
9,24,3,2908.05,0.738298
9,24,4,2934.91,0.761792
9,24,5,2931.28,0.752391
9,24,6,2907.12,0.71826
9,24,7,2871.39,0.669177
9,24,8,2831.93,0.613166
9,24,9,2794.64,0.554774
9,24,10,2762.56,0.495395
9,24,11,2734.87,0.434922
9,24,12,2708.81,0.374094
9,24,13,2679.83,0.315088
9,24,14,2644.43,0.261546
9,24,15,2600.58,0.21733
9,24,16,2548.05,0.185148
9,24,17,2487.88,0.165085
9,24,18,2421.95,0.154261
9,24,19,2352.58,0.148106
9,24,20,2282.75,0.142051
9,24,21,2216.33,0.133454
9,24,22,2157.39,0.121882
9,24,23,2109.77,0.108911
9,24,24,2075.41,0.0966407
9,24,25,2053.2,0.0864868
9,24,26,2039.25,0.0786058
9,24,27,2027.85,0.0720065
9,24,28,2013.92,0.065382
9,24,29,1994.32,0.0580213
9,24,30,1969.04,0.050499
9,24,31,1940.47,0.0445904
9,24,32,1912.61,0.0426623
9,24,33,1889.28,0.0465537
9,24,34,1873.17,0.0567341
9,24,35,1865.36,0.0717149
9,24,36,1865.29,0.0882029
9,24,37,1871.89,0.101962
9,24,38,1884.3,0.109243
9,24,39,1902.9,0.107988
9,24,40,1927.75,0.0984395
9,24,41,1960.03,0.0829008
9,24,42,1999.46,0.0646032
9,24,43,2043.51,0.0466929
9,24,44,2086.76,0.0313557
9,24,45,2121.55,0.0195826
9,24,46,2139.01,0.0113718
9,24,47,2130.21,0.00611318
9,24,48,2086.95,0.00303146
9,24,49,2002.75,0.00136238
9,25,0,2587.13,0.493441
9,25,1,2767.04,0.60778
9,25,2,2889.9,0.700525
9,25,3,2962.33,0.761118
9,25,4,2993.92,0.786253
9,25,5,2994.7,0.780128
9,25,6,2973.93,0.751759
9,25,7,2939.65,0.711039
9,25,8,2898.79,0.665074
9,25,9,2856.7,0.61662
9,25,10,2816.6,0.564955
9,25,11,2778.54,0.508246
9,25,12,2741.11,0.446583
9,25,13,2701.26,0.38266
9,25,14,2656.76,0.321647
9,25,15,2606.44,0.269276
9,25,16,2550.48,0.229763
9,25,17,2489.71,0.203802
9,25,18,2425.32,0.188113
9,25,19,2358.7,0.177257
9,25,20,2291.89,0.165882
9,25,21,2228.08,0.151222
9,25,22,2171,0.133395
9,25,23,2124.39,0.114862
9,25,24,2090.22,0.098473
9,25,25,2067.5,0.0859305
9,25,26,2052.49,0.0771184
9,25,27,2039.64,0.0705579
9,25,28,2024.23,0.0644507
9,25,29,2003.62,0.0577796
9,25,30,1978.38,0.0509678
9,25,31,1951.26,0.0457052
9,25,32,1926.2,0.04427
9,25,33,1906.46,0.048347
9,25,34,1894.02,0.0582614
9,25,35,1889.53,0.0724364
9,25,36,1892.48,0.0876253
9,25,37,1902.32,0.0998255
9,25,38,1918.71,0.105659
9,25,39,1942.33,0.103426
9,25,40,1973.1,0.0935823
9,25,41,2011.84,0.0784052
9,25,42,2057.72,0.0609223
9,25,43,2107.67,0.0439946
9,25,44,2155.86,0.0295683
9,25,45,2194.33,0.018505
9,25,46,2214.09,0.0107769
9,25,47,2206.1,0.00580802
9,25,48,2161.97,0.00288781
9,25,49,2074.68,0.0013044
9,26,0,2633.29,0.515015
9,26,1,2817,0.63076
9,26,2,2942.65,0.723616
9,26,3,3017.27,0.783916
9,26,4,3050.6,0.809663
9,26,5,3052.59,0.806494
9,26,6,3032.18,0.784339
9,26,7,2996.9,0.753051
9,26,8,2953.14,0.71854
9,26,9,2905.94,0.681455
9,26,10,2858.63,0.63867
9,26,11,2811.98,0.586402
9,26,12,2765.64,0.524004
9,26,13,2717.68,0.454698
9,26,14,2666.76,0.385318
9,26,15,2612.27,0.323655
9,26,16,2554.45,0.275603
9,26,17,2493.85,0.242639
9,26,18,2431.06,0.221226
9,26,19,2366.84,0.205117
9,26,20,2302.66,0.188199
9,26,21,2241.3,0.167504
9,26,22,2186.16,0.143533
9,26,23,2140.77,0.119442
9,26,24,2106.9,0.0987066
9,26,25,2083.47,0.0833432
9,26,26,2066.84,0.073106
9,26,27,2051.82,0.0662454
9,26,28,2034.33,0.0606427
9,26,29,2012.55,0.0549989
9,26,30,1987.8,0.0494452
9,26,31,1963.16,0.0453487
9,26,32,1942.22,0.0446616
9,26,33,1927.4,0.0487803
9,26,34,1919.63,0.0578968
9,26,35,1918.98,0.0704955
9,26,36,1924.98,0.0836029
9,26,37,1937.56,0.0936683
9,26,38,1956.99,0.0978172
9,26,39,1984.27,0.0947372
9,26,40,2019.29,0.0850247
9,26,41,2062.62,0.0708104
9,26,42,2113.09,0.054804
9,26,43,2167.31,0.0394902
9,26,44,2219.14,0.0265207
9,26,45,2260.45,0.0166036
9,26,46,2282.03,0.00968093
9,26,47,2274.7,0.00522377
9,26,48,2229.78,0.00260338
9,26,49,2139.74,0.00118205
9,27,0,2687.48,0.54054
9,27,1,2873.59,0.657424
9,27,2,3000.08,0.749726
9,27,3,3074.5,0.808887
9,27,4,3106.77,0.834456
9,27,5,3106.92,0.833663
9,27,6,3083.86,0.817379
9,27,7,3045.07,0.79532
9,27,8,2996.87,0.772047
9,27,9,2944.28,0.745981
9,27,10,2890.84,0.711544
9,27,11,2837.81,0.663061
9,27,12,2785.55,0.599281
9,27,13,2732.82,0.524094
9,27,14,2678.67,0.446074
9,27,15,2622.55,0.375061
9,27,16,2564.49,0.318558
9,27,17,2504.63,0.278783
9,27,18,2443.19,0.251972
9,27,19,2380.67,0.231102
9,27,20,2318.37,0.209321
9,27,21,2258.95,0.183355
9,27,22,2205.53,0.153893
9,27,23,2161.25,0.124574
9,27,24,2127.41,0.0994033
9,27,25,2102.71,0.0808026
9,27,26,2083.56,0.0686215
9,27,27,2065.36,0.061096
9,27,28,2044.97,0.055953
9,27,29,2021.64,0.0516006
9,27,30,1997.53,0.0477143
9,27,31,1975.92,0.0451141
9,27,32,1959.87,0.0452365
9,27,33,1950.69,0.049126
9,27,34,1948.16,0.0569065
9,27,35,1951.71,0.0672932
9,27,36,1960.83,0.0777805
9,27,37,1975.88,0.0854087
9,27,38,1997.68,0.0878394
9,27,39,2027.51,0.0840882
9,27,40,2065.28,0.0747907
9,27,41,2111.44,0.0618409
9,27,42,2164.7,0.0475878
9,27,43,2221.52,0.0341324
9,27,44,2275.66,0.0228384
9,27,45,2318.79,0.0142615
9,27,46,2341.52,0.00830696
9,27,47,2334.43,0.00448711
9,27,48,2288.57,0.00224908
9,27,49,2195.93,0.00103466
9,28,0,2750.66,0.568578
9,28,1,2938.04,0.687249
9,28,2,3063.84,0.779537
9,28,3,3136.12,0.837859
9,28,4,3164.98,0.86316
9,28,5,3160.62,0.864103
9,28,6,3132.15,0.852392
9,28,7,3087.44,0.837595
9,28,8,3033.15,0.823054
9,28,9,2974.66,0.805229
9,28,10,2915.89,0.776466
9,28,11,2858.45,0.72963
9,28,12,2803.1,0.663222
9,28,13,2748.77,0.581977
9,28,14,2694.43,0.496131
9,28,15,2639.14,0.417264
9,28,16,2582.4,0.354098
9,28,17,2523.87,0.309296
9,28,18,2463.58,0.278754
9,28,19,2402.09,0.254676
9,28,20,2340.98,0.229519
9,28,21,2283.02,0.199645
9,28,22,2231.14,0.165782
9,28,23,2187.9,0.131879
9,28,24,2153.89,0.102426
9,28,25,2127.37,0.0803633
9,28,26,2104.82,0.0658771
9,28,27,2082.42,0.0574253
9,28,28,2058.2,0.0527145
9,28,29,2032.68,0.0498329
9,28,30,2008.89,0.0478585
9,28,31,1990.23,0.0468965
9,28,32,1979.08,0.0477439
9,28,33,1975.59,0.0510801
9,28,34,1978.42,0.0570417
9,28,35,1986.35,0.0647226
9,28,36,1998.81,0.0722268
9,28,37,2016.41,0.07726
9,28,38,2040.3,0.0779966
9,28,39,2071.99,0.0736898
9,28,40,2111.38,0.0649133
9,28,41,2158.94,0.053264
9,28,42,2213.4,0.0407258
9,28,43,2271.28,0.0290503
9,28,44,2326.34,0.0193514
9,28,45,2370.14,0.0120546
9,28,46,2393.09,0.00702982
9,28,47,2385.54,0.00382641
9,28,48,2338.26,0.00195394
9,28,49,2242.87,0.000929883
9,29,0,2822.81,0.595509
9,29,1,3010.6,0.717267
9,29,2,3134.59,0.811218
9,29,3,3203.28,0.870268
9,29,4,3226.94,0.896155
9,29,5,3215.89,0.89839
9,29,6,3179.65,0.889193
9,29,7,3126.72,0.878042
9,29,8,3064.56,0.867526
9,29,9,2999.29,0.852915
9,29,10,2935.36,0.825356
9,29,11,2874.73,0.777036
9,29,12,2818.29,0.706675
9,29,13,2764.8,0.619929
9,29,14,2712.74,0.528338
9,29,15,2660.42,0.444602
9,29,16,2606.55,0.378001
9,29,17,2550.23,0.331178
9,29,18,2491.36,0.299524
9,29,19,2430.78,0.274512
9,29,20,2370.65,0.248022
9,29,21,2314.09,0.216065
9,29,22,2263.92,0.179318
9,29,23,2221.98,0.141904
9,29,24,2187.97,0.108729
9,29,25,2159.5,0.0833297
9,29,26,2133.12,0.0664297
9,29,27,2105.89,0.0569132
9,29,28,2077.15,0.0525975
9,29,29,2048.8,0.0512649
9,29,30,2024.72,0.0513245
9,29,31,2008.37,0.05207
9,29,32,2001.45,0.0535753
9,29,33,2003.07,0.0561378
9,29,34,2010.89,0.0599448
9,29,35,2023.11,0.0645561
9,29,36,2039.03,0.0687695
9,29,37,2059.33,0.071001
9,29,38,2085.27,0.0699217
9,29,39,2118.39,0.0649676
9,29,40,2158.63,0.0565922
9,29,41,2206.5,0.0460696
9,29,42,2260.91,0.0350265
9,29,43,2318.55,0.0248975
9,29,44,2373.26,0.0165787
9,29,45,2416.57,0.0103831
9,29,46,2438.73,0.00614654
9,29,47,2429.86,0.00345251
9,29,48,2380.47,0.00186081
9,29,49,2281.91,0.000960816
9,30,0,2902.26,0.616505
9,30,1,3089.73,0.742537
9,30,2,3211.02,0.840182
9,30,3,3275.09,0.902171
9,30,4,3292.27,0.930117
9,30,5,3272.98,0.933467
9,30,6,3227.12,0.924413
9,30,7,3164.06,0.912427
9,30,8,3092.34,0.90008
9,30,9,3019.15,0.882644
9,30,10,2949.73,0.851327
9,30,11,2886.37,0.798608
9,30,12,2829.97,0.723799
9,30,13,2778.85,0.633263
9,30,14,2730.74,0.539146
9,30,15,2683.01,0.454392
9,30,16,2633.42,0.388082
9,30,17,2580.39,0.342402
9,30,18,2523.67,0.312207
9,30,19,2464.43,0.288447
9,30,20,2405.53,0.262677
9,30,21,2350.64,0.23065
9,30,22,2302.55,0.192932
9,30,23,2262.42,0.15364
9,30,24,2228.89,0.117935
9,30,25,2198.89,0.0898922
9,30,26,2168.99,0.0708752
9,30,27,2137.13,0.0603521
9,30,28,2103.95,0.056405
9,30,29,2072.67,0.0566051
9,30,30,2047.87,0.0587226
9,30,31,2033.06,0.0612222
9,30,32,2029.32,0.0633984
9,30,33,2034.95,0.0651198
9,30,34,2046.83,0.0665936
9,30,35,2062.77,0.0678604
9,30,36,2081.87,0.0684528
9,30,37,2104.75,0.0675446
9,30,38,2132.56,0.0643431
9,30,39,2166.8,0.0584868
9,30,40,2207.39,0.050308
9,30,41,2254.96,0.0407449
9,30,42,2308.61,0.0310378
9,30,43,2365.21,0.0222824
9,30,44,2418.72,0.0151423
9,30,45,2460.68,0.00982096
9,30,46,2481.2,0.00613522
9,30,47,2470.23,0.00372658
9,30,48,2418.03,0.00222039
9,30,49,2315.73,0.00128949
9,31,0,2985.13,0.626943
9,31,1,3171.48,0.757469
9,31,2,3289.32,0.860156
9,31,3,3348.04,0.926987
9,31,4,3357.98,0.958521
9,31,5,3329.53,0.963113
9,31,6,3272.94,0.952261
9,31,7,3198.48,0.935435
9,31,8,3116,0.915988
9,31,9,3034.02,0.890517
9,31,10,2958.74,0.851648
9,31,11,2892.81,0.793052
9,31,12,2837,0.714747
9,31,13,2789.03,0.623256
9,31,14,2745.77,0.530359
9,31,15,2703.61,0.448294
9,31,16,2659.36,0.385308
9,31,17,2610.73,0.342952
9,31,18,2557.2,0.315778
9,31,19,2500.16,0.294651
9,31,20,2443.11,0.271172
9,31,21,2390.28,0.240992
9,31,22,2344.53,0.204473
9,31,23,2306.44,0.16546
9,31,24,2273.8,0.129063
9,31,25,2242.93,0.0996861
9,31,26,2210.51,0.079312
9,31,27,2175.25,0.0680983
9,31,28,2138.9,0.0645643
9,31,29,2105.66,0.0662369
9,31,30,2080.55,0.0703623
9,31,31,2066.97,0.0746191
9,31,32,2065.47,0.0774887
9,31,33,2073.76,0.0783464
9,31,34,2088.31,0.0773466
9,31,35,2106.71,0.0749837
9,31,36,2127.99,0.0715495
9,31,37,2152.66,0.0670427
9,31,38,2181.74,0.061299
9,31,39,2216.62,0.0542408
9,31,40,2257.27,0.0461142
9,31,41,2304.39,0.0374988
9,31,42,2357.22,0.0291674
9,31,43,2412.71,0.021788
9,31,44,2464.84,0.0157279
9,31,45,2505.12,0.0110664
9,31,46,2523.58,0.00763044
9,31,47,2509.98,0.00517219
9,31,48,2454.4,0.0034311
9,31,49,2347.8,0.00219759
9,32,0,3066.78,0.624878
9,32,1,3251.14,0.758759
9,32,2,3364.88,0.86639
9,32,3,3417.86,0.938758
9,32,4,3420.34,0.974739
9,32,5,3382.52,0.980772
9,32,6,3314.88,0.967026
9,32,7,3228.58,0.942893
9,32,8,3134.88,0.913133
9,32,9,3043.83,0.876791
9,32,10,2962.72,0.829029
9,32,11,2894.51,0.765308
9,32,12,2839.66,0.686138
9,32,13,2795.12,0.597375
9,32,14,2756.9,0.509358
9,32,15,2720.53,0.432774
9,32,16,2682,0.374683
9,32,17,2638.42,0.336159
9,32,18,2588.92,0.311978
9,32,19,2534.91,0.29354
9,32,20,2480.26,0.272961
9,32,21,2429.57,0.24598
9,32,22,2385.84,0.212649
9,32,23,2349.35,0.176218
9,32,24,2317.47,0.141332
9,32,25,2286.27,0.112377
9,32,26,2252.68,0.0918102
9,32,27,2216.1,0.0804943
9,32,28,2179,0.07753
9,32,29,2146.05,0.0805866
9,32,30,2122.23,0.086545
9,32,31,2110.51,0.0923896
9,32,32,2110.91,0.0958009
9,32,33,2120.77,0.0956311
9,32,34,2136.44,0.0919242
9,32,35,2155.65,0.0856023
9,32,36,2177.55,0.0777373
9,32,37,2202.71,0.0692181
9,32,38,2232.09,0.060607
9,32,39,2267.09,0.0521997
9,32,40,2307.69,0.0441876
9,32,41,2354.67,0.0367417
9,32,42,2407.22,0.030039
9,32,43,2462.17,0.024183
9,32,44,2513.34,0.0191524
9,32,45,2552.15,0.0148898
9,32,46,2568.5,0.0112888
9,32,47,2552.05,0.008301
9,32,48,2492.67,0.00586345
9,32,49,2381.2,0.00393657
9,33,0,3142.27,0.611742
9,33,1,3323.91,0.74657
9,33,2,3433.21,0.857302
9,33,3,3480.5,0.934106
9,33,4,3475.89,0.974091
9,33,5,3429.26,0.981447
9,33,6,3351.16,0.964635
9,33,7,3253.56,0.932825
9,33,8,3149.16,0.89246
9,33,9,3049.66,0.845636
9,33,10,2963.45,0.790632
9,33,11,2893.67,0.724847
9,33,12,2840.23,0.648808
9,33,13,2799.15,0.566801
9,33,14,2765.57,0.486769
9,33,15,2734.4,0.417277
9,33,16,2701.15,0.364158
9,33,17,2662.5,0.32843
9,33,18,2617.27,0.305772
9,33,19,2566.65,0.288807
9,33,20,2514.45,0.270632
9,33,21,2465.38,0.247291
9,33,22,2422.56,0.21846
9,33,23,2386.38,0.186508
9,33,24,2354.36,0.155213
9,33,25,2322.87,0.128554
9,33,26,2289.39,0.109194
9,33,27,2253.88,0.0985994
9,33,28,2219.13,0.0964961
9,33,29,2189.71,0.100823
9,33,30,2169.92,0.10824
9,33,31,2161.88,0.115165
9,33,32,2164.87,0.118567
9,33,33,2175.92,0.116846
9,33,34,2191.56,0.109962
9,33,35,2209.97,0.0992832
9,33,36,2230.76,0.0866816
9,33,37,2254.87,0.073957
9,33,38,2283.44,0.0624313
9,33,39,2318.01,0.052807
9,33,40,2358.66,0.0452135
9,33,41,2406.12,0.0393392
9,33,42,2459.35,0.0346261
9,33,43,2514.77,0.0304725
9,33,44,2565.86,0.0263813
9,33,45,2603.78,0.0221587
9,33,46,2618.3,0.0178445
9,33,47,2598.95,0.0136992
9,33,48,2535.44,0.00996121
9,33,49,2418.55,0.00682395
9,34,0,3207.94,0.591551
9,34,1,3386.52,0.724246
9,34,2,3491.53,0.834864
9,34,3,3533.74,0.913279
9,34,4,3523.07,0.955307
9,34,5,3468.97,0.963178
9,34,6,3381.91,0.94368
9,34,7,3274.5,0.90564
9,34,8,3160.88,0.857068
9,34,9,3054.34,0.803057
9,34,10,2964.3,0.744915
9,34,11,2893.92,0.681681
9,34,12,2842.33,0.613309
9,34,13,2804.45,0.541789
9,34,14,2774.61,0.472057
9,34,15,2747.4,0.410319
9,34,16,2718.16,0.361382
9,34,17,2683.48,0.326715
9,34,18,2641.9,0.303511
9,34,19,2594.21,0.286163
9,34,20,2543.83,0.26911
9,34,21,2495.21,0.248917
9,34,22,2451.61,0.224908
9,34,23,2413.89,0.198461
9,34,24,2380.29,0.172235
9,34,25,2348.09,0.149462
9,34,26,2315.59,0.132687
9,34,27,2283.3,0.123736
9,34,28,2254.01,0.122855
9,34,29,2231.63,0.128264
9,34,30,2219.22,0.136508
9,34,31,2217.53,0.143595
9,34,32,2224.77,0.145972
9,34,33,2237.63,0.141777
9,34,34,2252.91,0.131024
9,34,35,2269.54,0.115591
9,34,36,2287.96,0.0981484
9,34,37,2309.84,0.0813516
9,34,38,2336.8,0.0672084
9,34,39,2370.71,0.0567761
9,34,40,2411.74,0.0500689
9,34,41,2460.47,0.0462201
9,34,42,2515.4,0.0438317
9,34,43,2572.4,0.0414985
9,34,44,2624.37,0.0381918
9,34,45,2662.12,0.0335941
9,34,46,2675.21,0.0279667
9,34,47,2653,0.0219762
9,34,48,2585.09,0.0162566
9,34,49,2462.14,0.0112964
9,35,0,3261.36,0.568228
9,35,1,3437.19,0.695719
9,35,2,3538.66,0.802464
9,35,3,3577,0.878702
9,35,4,3561.92,0.91981
9,35,5,3502.41,0.926815
9,35,6,3408.72,0.905241
9,35,7,3293.91,0.863527
9,35,8,3173.28,0.810816
9,35,9,3061.56,0.754592
9,35,10,2969.03,0.698555
9,35,11,2898.74,0.642818
9,35,12,2848.99,0.586281
9,35,13,2813.64,0.528278
9,35,14,2786.32,0.47055
9,35,15,2761.53,0.416992
9,35,16,2734.71,0.371627
9,35,17,2702.52,0.336724
9,35,18,2663.34,0.311323
9,35,19,2617.47,0.291859
9,35,20,2567.67,0.274318
9,35,21,2518,0.256002
9,35,22,2471.84,0.236066
9,35,23,2430.75,0.21503
9,35,24,2394.13,0.194418
9,35,25,2360.54,0.176507
9,35,26,2329.4,0.163376
9,35,27,2301.8,0.156856
9,35,28,2280.41,0.157459
9,35,29,2268.14,0.163605
9,35,30,2266.39,0.171793
9,35,31,2274.11,0.177822
9,35,32,2288.06,0.17788
9,35,33,2304.35,0.170123
9,35,34,2320.05,0.154812
9,35,35,2334.97,0.134408
9,35,36,2350.68,0.112324
9,35,37,2369.89,0.0919237
9,35,38,2395,0.0757179
9,35,39,2428.29,0.0649849
9,35,40,2470.05,0.0595507
9,35,41,2520.63,0.0579682
9,35,42,2578.01,0.0579935
9,35,43,2637.38,0.0574178
9,35,44,2691.02,0.0546856
9,35,45,2729.28,0.0493644
9,35,46,2741.42,0.0419602
9,35,47,2716.58,0.0335712
9,35,48,2644.11,0.0252663
9,35,49,2514.53,0.0178686
9,36,0,3301.36,0.544134
9,36,1,3475.39,0.664022
9,36,2,3574.69,0.763639
9,36,3,3610.87,0.834161
9,36,4,3593.51,0.871404
9,36,5,3531.18,0.876101
9,36,6,3433.77,0.853091
9,36,7,3314.47,0.810424
9,36,8,3189.32,0.757806
9,36,9,3074.06,0.704211
9,36,10,2979.69,0.654879
9,36,11,2909.24,0.610434
9,36,12,2860.45,0.568543
9,36,13,2826.45,0.525966
9,36,14,2800.36,0.481444
9,36,15,2776.64,0.436744
9,36,16,2750.87,0.395227
9,36,17,2719.78,0.359988
9,36,18,2681.58,0.331873
9,36,19,2636.1,0.309322
9,36,20,2585.49,0.289903
9,36,21,2533.4,0.271857
9,36,22,2483.41,0.254491
9,36,23,2437.89,0.237827
9,36,24,2397.47,0.22247
9,36,25,2362.15,0.209679
9,36,26,2332.57,0.200769
9,36,27,2310.5,0.19717
9,36,28,2298.53,0.199338
9,36,29,2298.53,0.205758
9,36,30,2310.04,0.21296
9,36,31,2329.88,0.216753
9,36,32,2353.07,0.213357
9,36,33,2374.85,0.201208
9,36,34,2392.48,0.18099
9,36,35,2406.64,0.15577
9,36,36,2420.21,0.129583
9,36,37,2437.13,0.106292
9,36,38,2460.73,0.0886617
9,36,39,2493.72,0.0780194
9,36,40,2536.52,0.0739419
9,36,41,2589.23,0.0744629
9,36,42,2649.38,0.0766268
9,36,43,2711.57,0.0775558
9,36,44,2767.49,0.0752427
9,36,45,2806.98,0.0691249
9,36,46,2818.87,0.0598699
9,36,47,2791.94,0.0489003
9,36,48,2715.17,0.0376551
9,36,49,2578.73,0.0272919
9,37,0,3327.83,0.51944
9,37,1,3501.63,0.630358
9,37,2,3600.6,0.720893
9,37,3,3636.71,0.783477
9,37,4,3619.49,0.814976
9,37,5,3557.16,0.816523
9,37,6,3459.16,0.792752
9,37,7,3338.4,0.751329
9,37,8,3211.01,0.701974
9,37,9,3093.23,0.65431
9,37,10,2996.6,0.614361
9,37,11,2924.55,0.58294
9,37,12,2874.88,0.556634
9,37,13,2840.55,0.530081
9,37,14,2814.43,0.499464
9,37,15,2790.9,0.464635
9,37,16,2765.39,0.428228
9,37,17,2734.49,0.39389
9,37,18,2696.13,0.363902
9,37,19,2649.77,0.33842
9,37,20,2597.19,0.316483
9,37,21,2541.86,0.297406
9,37,22,2487.69,0.281002
9,37,23,2437.79,0.267242
9,37,24,2393.87,0.256157
9,37,25,2357.2,0.248059
9,37,26,2329.55,0.24331
9,37,27,2313.48,0.242604
9,37,28,2311.61,0.246065
9,37,29,2324.93,0.252153
9,37,30,2351.11,0.257532
9,37,31,2384.79,0.258245
9,37,32,2419.03,0.250785
9,37,33,2448.13,0.234026
9,37,34,2469.38,0.20914
9,37,35,2484.31,0.179728
9,37,36,2497.06,0.150256
9,37,37,2512.8,0.124851
9,37,38,2535.72,0.106287
9,37,39,2568.93,0.095777
9,37,40,2612.9,0.0926482
9,37,41,2667.65,0.0945936
9,37,42,2730.45,0.098242
9,37,43,2795.58,0.100324
9,37,44,2854.25,0.0985176
9,37,45,2895.78,0.0920582
9,37,46,2908.43,0.0815375
9,37,47,2880.44,0.0684115
9,37,48,2800.19,0.0542853
9,37,49,2657.27,0.0405965
9,38,0,3341.2,0.493045
9,38,1,3516.66,0.59472
9,38,2,3617.37,0.675861
9,38,3,3655.63,0.730189
9,38,4,3641.01,0.755787
9,38,5,3581.48,0.754436
9,38,6,3485.9,0.73076
9,38,7,3366.46,0.691986
9,38,8,3238.71,0.647466
9,38,9,3118.77,0.606917
9,38,10,3018.68,0.576723
9,38,11,2942.78,0.557854
9,38,12,2889.79,0.54623
9,38,13,2853.21,0.53499
9,38,14,2825.97,0.518299
9,38,15,2802.14,0.494288
9,38,16,2776.65,0.464685
9,38,17,2745.53,0.43324
9,38,18,2706.36,0.40314
9,38,19,2658.35,0.375829
9,38,20,2603.2,0.351604
9,38,21,2544.55,0.330885
9,38,22,2486.79,0.314248
9,38,23,2433.64,0.301996
9,38,24,2387.62,0.293923
9,38,25,2350.87,0.289554
9,38,26,2326.06,0.288275
9,38,27,2316.45,0.28989
9,38,28,2324.84,0.294061
9,38,29,2351.46,0.299229
9,38,30,2392.37,0.302315
9,38,31,2440.08,0.299757
9,38,32,2485.91,0.288431
9,38,33,2523.23,0.267652
9,38,34,2549.43,0.239014
9,38,35,2566.78,0.206492
9,38,36,2580.49,0.174781
9,38,37,2596.73,0.148059
9,38,38,2620.3,0.12891
9,38,39,2654.51,0.118313
9,38,40,2699.9,0.115383
9,38,41,2756.52,0.117731
9,38,42,2821.74,0.121975
9,38,43,2889.78,0.124843
9,38,44,2951.58,0.123893
9,38,45,2995.91,0.118057
9,38,46,3010.42,0.10749
9,38,47,2982.64,0.0932234
9,38,48,2900.21,0.0766788
9,38,49,2751.78,0.0594449
9,39,0,3343.76,0.465225
9,39,1,3522.58,0.558351
9,39,2,3626.92,0.631161
9,39,3,3669.29,0.678472
9,39,4,3659.38,0.699381
9,39,5,3604.97,0.696173
9,39,6,3514.28,0.67338
9,39,7,3398.41,0.637726
9,39,8,3271.74,0.598023
9,39,9,3149.8,0.563874
9,39,10,3045.03,0.541919
9,39,11,2963.2,0.533461
9,39,12,2904.68,0.534233
9,39,13,2864.17,0.536506
9,39,14,2834.83,0.532959
9,39,15,2810.24,0.52021
9,39,16,2784.5,0.498902
9,39,17,2752.84,0.47243
9,39,18,2712.39,0.444327
9,39,19,2662.28,0.416872
9,39,20,2604.47,0.391345
9,39,21,2543.02,0.369187
9,39,22,2482.93,0.351835
9,39,23,2428.43,0.340139
9,39,24,2382.5,0.333918
9,39,25,2347.78,0.332144
9,39,26,2327.46,0.3334
9,39,27,2325.29,0.336667
9,39,28,2344.08,0.341173
9,39,29,2383.4,0.34537
9,39,30,2437.9,0.346463
9,39,31,2498.4,0.341288
9,39,32,2554.89,0.327049
9,39,33,2600.18,0.303365
9,39,34,2631.93,0.272128
9,39,35,2653.05,0.237542
9,39,36,2669.52,0.204402
9,39,37,2688.08,0.176843
9,39,38,2713.84,0.157169
9,39,39,2750.07,0.146065
9,39,40,2797.35,0.142479
9,39,41,2855.95,0.144179
9,39,42,2923.55,0.148167
9,39,43,2994.54,0.151568
9,39,44,3059.72,0.152035
9,39,45,3107.38,0.148112
9,39,46,3124.57,0.139118
9,39,47,3098.15,0.125117
9,39,48,3014.91,0.106891
9,39,49,2862.33,0.0859626
9,40,0,3338.55,0.437213
9,40,1,3521.8,0.523003
9,40,2,3631.01,0.58921
9,40,3,3678.83,0.631482
9,40,4,3675.08,0.649542
9,40,5,3627.37,0.645822
9,40,6,3543.24,0.624544
9,40,7,3432.48,0.591865
9,40,8,3308,0.556062
9,40,9,3184.39,0.526651
9,40,10,3074.49,0.510596
9,40,11,2985.73,0.509724
9,40,12,2920.54,0.519978
9,40,13,2875.08,0.533268
9,40,14,2842.86,0.541289
9,40,15,2816.84,0.539409
9,40,16,2790.19,0.527126
9,40,17,2757.33,0.507136
9,40,18,2715.01,0.482849
9,40,19,2662.52,0.45696
9,40,20,2602.25,0.431439
9,40,21,2538.86,0.408578
9,40,22,2477.93,0.39062
9,40,23,2424.11,0.379032
9,40,24,2380.64,0.373821
9,40,25,2350.38,0.373703
9,40,26,2336.71,0.376795
9,40,27,2343.39,0.381504
9,40,28,2372.9,0.386724
9,40,29,2423.99,0.390879
9,40,30,2490.17,0.391301
9,40,31,2561.15,0.385005
9,40,32,2626.28,0.369318
9,40,33,2678.41,0.343973
9,40,34,2715.66,0.311059
9,40,35,2741.47,0.274979
9,40,36,2762.2,0.24065
9,40,37,2784.73,0.212213
9,40,38,2814.12,0.191738
9,40,39,2853.43,0.179607
9,40,40,2903.3,0.17462
9,40,41,2964.31,0.174845
9,40,42,3034.53,0.177934
9,40,43,3108.56,0.181726
9,40,44,3177.1,0.184179
9,40,45,3228.09,0.183422
9,40,46,3248.16,0.177615
9,40,47,3223.68,0.165342
9,40,48,3140.68,0.146256
9,40,49,2985.33,0.121524
9,41,0,3330.08,0.41261
9,41,1,3517.75,0.492566
9,41,2,3632.05,0.553892
9,41,3,3685.7,0.592803
9,41,4,3688.62,0.609322
9,41,5,3648.24,0.605759
9,41,6,3571.41,0.585908
9,41,7,3466.66,0.55541
9,41,8,3345.36,0.522122
9,41,9,3221.14,0.495552
9,41,10,3107.16,0.483039
9,41,11,3012.4,0.487
9,41,12,2941.25,0.503812
9,41,13,2891.16,0.525404
9,41,14,2855.87,0.542939
9,41,15,2827.73,0.550861
9,41,16,2799.17,0.547569
9,41,17,2764.05,0.534825
9,41,18,2719.06,0.515537
9,41,19,2663.82,0.492484
9,41,20,2601.26,0.468079
9,41,21,2536.57,0.445307
9,41,22,2475.87,0.42713
9,41,23,2424.12,0.415617
9,41,24,2384.89,0.411101
9,41,25,2361.15,0.412374
9,41,26,2356.23,0.417507
9,41,27,2373.38,0.424649
9,41,28,2414.18,0.432415
9,41,29,2476.23,0.438979
9,41,30,2552.12,0.441377
9,41,31,2631.07,0.436337
9,41,32,2702.61,0.420969
9,41,33,2760.16,0.394933
9,41,34,2802.53,0.360532
9,41,35,2833.49,0.322519
9,41,36,2859.43,0.28618
9,41,37,2886.97,0.255914
9,41,38,2920.88,0.233767
9,41,39,2964.06,0.219906
9,41,40,3017.25,0.212949
9,41,41,3081.33,0.211253
9,41,42,3154.63,0.213172
9,41,43,3231.78,0.217401
9,41,44,3303.36,0.222351
9,41,45,3357.12,0.22578
9,41,46,3379.62,0.224498
9,41,47,3357.06,0.21521
9,41,48,3274.93,0.195985
9,41,49,3118.03,0.167292
9,42,0,3322.3,0.394955
9,42,1,3513.18,0.470525
9,42,2,3631.6,0.528112
9,42,3,3690.29,0.56431
9,42,4,3699.21,0.579313
9,42,5,3665.61,0.575325
9,42,6,3595.76,0.555841
9,42,7,3497.14,0.526185
9,42,8,3379.9,0.493935
9,42,9,3256.87,0.468591
9,42,10,3141.44,0.457764
9,42,11,3043.71,0.464358
9,42,12,2969.41,0.485268
9,42,13,2916.7,0.512714
9,42,14,2879.24,0.537727
9,42,15,2848.82,0.554127
9,42,16,2817.51,0.55929
9,42,17,2779.09,0.553859
9,42,18,2730.57,0.539959
9,42,19,2672.13,0.52022
9,42,20,2607.16,0.497375
9,42,21,2541.23,0.475054
9,42,22,2480.88,0.456912
9,42,23,2431.42,0.445655
9,42,24,2396.94,0.442092
9,42,25,2380.71,0.445418
9,42,26,2385.86,0.454045
9,42,27,2414.65,0.466109
9,42,28,2467.17,0.479852
9,42,29,2539.57,0.492767
9,42,30,2623.62,0.500956
9,42,31,2708.61,0.500223
9,42,32,2784.84,0.487053
9,42,33,2846.68,0.460889
9,42,34,2893.69,0.424368
9,42,35,2929.78,0.382923
9,42,36,2961.07,0.342643
9,42,37,2993.72,0.308631
9,42,38,3032.23,0.283272
9,42,39,3079.45,0.266702
9,42,40,3136.31,0.257307
9,42,41,3203.95,0.253582
9,42,42,3280.63,0.25443
9,42,43,3360.76,0.25934
9,42,44,3434.74,0.267223
9,42,45,3490.35,0.275542
9,42,46,3514.44,0.2797
9,42,47,3493.44,0.274294
9,42,48,3412.56,0.25545
9,42,49,3255.29,0.222629
9,43,0,3316.71,0.386085
9,43,1,3508.76,0.458509
9,43,2,3629.39,0.512846
9,43,3,3691.34,0.545937
9,43,4,3704.54,0.558219
9,43,5,3676.09,0.552074
9,43,6,3611.87,0.531074
9,43,7,3518.74,0.500539
9,43,8,3406.15,0.467902
9,43,9,3286.48,0.442522
9,43,10,3173.21,0.432053
9,43,11,3077,0.439684
9,43,12,3003.93,0.462842
9,43,13,2952.08,0.494263
9,43,14,2914.66,0.525135
9,43,15,2882.97,0.548844
9,43,16,2849.06,0.561735
9,43,17,2807.06,0.563145
9,43,18,2754.61,0.554206
9,43,19,2692.52,0.537303
9,43,20,2624.6,0.515535
9,43,21,2556.67,0.493275
9,43,22,2495.57,0.474997
9,43,23,2447.19,0.464166
9,43,24,2416.47,0.462243
9,43,25,2407.25,0.469094
9,43,26,2422.47,0.483699
9,43,27,2463.06,0.50426
9,43,28,2527.23,0.528401
9,43,29,2609.41,0.552386
9,43,30,2700.66,0.570693
9,43,31,2790.62,0.577547
9,43,32,2870.61,0.568412
9,43,33,2936.07,0.542401
9,43,34,2987.2,0.502639
9,43,35,3027.87,0.45563
9,43,36,3063.82,0.408784
9,43,37,3100.75,0.368456
9,43,38,3143.05,0.337831
9,43,39,3193.77,0.3173
9,43,40,3254.11,0.305002
9,43,41,3325.29,0.299374
9,43,42,3405.27,0.29958
9,43,43,3487.96,0.305668
9,43,44,3563.52,0.316959
9,43,45,3619.98,0.330647
9,43,46,3644.81,0.34076
9,43,47,3624.99,0.339728
9,43,48,3545.76,0.321565
9,43,49,3389.4,0.284522
9,44,0,3310.46,0.384258
9,44,1,3501.59,0.454376
9,44,2,3622.28,0.505507
9,44,3,3685.27,0.534632
9,44,4,3700.42,0.542568
9,44,5,3674.76,0.532256
9,44,6,3614.11,0.507776
9,44,7,3525.22,0.474761
9,44,8,3417.44,0.440575
9,44,9,3303.1,0.414241
9,44,10,3195.69,0.403204
9,44,11,3105.68,0.410753
9,44,12,3038.61,0.434873
9,44,13,2991.75,0.468974
9,44,14,2957.52,0.504553
9,44,15,2926.78,0.534573
9,44,16,2891.73,0.554244
9,44,17,2847.04,0.561434
9,44,18,2791.01,0.556208
9,44,19,2725.08,0.540768
9,44,20,2653.42,0.518783
9,44,21,2582.05,0.495579
9,44,22,2518.21,0.476646
9,44,23,2468.63,0.466357
9,44,24,2439.45,0.466953
9,44,25,2435.39,0.479085
9,44,26,2459.23,0.502323
9,44,27,2510.49,0.534855
9,44,28,2585.35,0.573399
9,44,29,2676.48,0.612541
9,44,30,2774.25,0.644637
9,44,31,2868.68,0.661868
9,44,32,2952.06,0.658382
9,44,33,3020.72,0.632853
9,44,34,3075.3,0.588969
9,44,35,3119.56,0.534577
9,44,36,3158.87,0.478819
9,44,37,3198.7,0.429773
9,44,38,3243.53,0.391875
9,44,39,3296.77,0.366109
9,44,40,3359.97,0.35046
9,44,41,3434.27,0.343172
9,44,42,3517.11,0.343389
9,44,43,3601.78,0.351372
9,44,44,3678.21,0.366621
9,44,45,3734.8,0.385987
9,44,46,3759.79,0.402189
9,44,47,3740.94,0.405623
9,44,48,3663.65,0.388259
9,44,49,3509.29,0.347147
9,45,0,3295.47,0.38423
9,45,1,3484.35,0.452332
9,45,2,3603.54,0.500159
9,45,3,3665.62,0.524711
9,45,4,3680.42,0.527241
9,45,5,3655.05,0.511465
9,45,6,3595.61,0.482268
9,45,7,3509.34,0.445773
9,45,8,3406.09,0.409307
9,45,9,3298.49,0.381405
9,45,10,3199.82,0.369135
9,45,11,3119.73,0.375813
9,45,12,3062.52,0.400026
9,45,13,3024.16,0.435943
9,45,14,2996.19,0.47537
9,45,15,2969.08,0.510724
9,45,16,2935.14,0.535947
9,45,17,2889.47,0.547373
9,45,18,2830.87,0.54409
9,45,19,2761.25,0.528318
9,45,20,2685.12,0.504566
9,45,21,2608.78,0.479308
9,45,22,2540.05,0.459181
9,45,23,2486.77,0.449512
9,45,24,2456.51,0.453305
9,45,25,2455.03,0.471907
9,45,26,2485.06,0.505322
9,45,27,2544.78,0.551575
9,45,28,2628.49,0.606331
9,45,29,2727.21,0.662376
9,45,30,2830.68,0.709863
9,45,31,2929.15,0.73884
9,45,32,3015.61,0.742047
9,45,33,3087.02,0.717615
9,45,34,3144.26,0.669703
9,45,35,3190.95,0.60749
9,45,36,3232.31,0.541948
9,45,37,3273.74,0.483072
9,45,38,3320,0.436819
9,45,39,3374.96,0.405073
9,45,40,3440.41,0.385877
9,45,41,3517.36,0.377294
9,45,42,3602.69,0.378269
9,45,43,3689.03,0.388916
9,45,44,3766.07,0.408589
9,45,45,3822.58,0.433643
9,45,46,3847.53,0.455604
9,45,47,3829.38,0.463179
9,45,48,3753.83,0.446656
9,45,49,3601.59,0.402117
9,46,0,3259.51,0.378817
9,46,1,3446,0.444494
9,46,2,3563.13,0.488907
9,46,3,3623.15,0.508973
9,46,4,3635.81,0.506255
9,46,5,3608.54,0.485175
9,46,6,3548.19,0.451399
9,46,7,3463.01,0.411517
9,46,8,3363.87,0.372774
9,46,9,3263.8,0.343144
9,46,10,3175.59,0.329275
9,46,11,3107.55,0.334531
9,46,12,3062.27,0.358129
9,46,13,3034.37,0.395007
9,46,14,3014.61,0.43722
9,46,15,2993.13,0.476537
9,46,16,2962.28,0.505634
9,46,17,2917.34,0.519452
9,46,18,2857.38,0.516358
9,46,19,2784.57,0.498814
9,46,20,2703.71,0.472336
9,46,21,2621.55,0.44454
9,46,22,2546.62,0.423118
9,46,23,2487.93,0.414173
9,46,24,2454.48,0.421256
9,46,25,2453.06,0.44616
9,46,26,2486.42,0.489068
9,46,27,2551.68,0.547767
9,46,28,2641.59,0.617007
9,46,29,2745.83,0.688108
9,46,30,2853.59,0.749467
9,46,31,2955.21,0.78939
9,46,32,3044.11,0.79939
9,46,33,3117.59,0.776993
9,46,34,3176.68,0.726563
9,46,35,3224.93,0.658234
9,46,36,3267.48,0.584453
9,46,37,3309.87,0.516886
9,46,38,3357.14,0.462963
9,46,39,3413.59,0.425628
9,46,40,3481.2,0.403256
9,46,41,3560.81,0.393897
9,46,42,3648.78,0.396259
9,46,43,3737.17,0.410034
9,46,44,3815.34,0.434123
9,46,45,3872.2,0.464247
9,46,46,3897.18,0.490987
9,46,47,3879.23,0.501946
9,46,48,3804.25,0.486357
9,46,49,3652.62,0.439752
9,47,0,3187.92,0.361372
9,47,1,3372.85,0.423437
9,47,2,3488.33,0.464216
9,47,3,3545.93,0.480491
9,47,4,3555.38,0.473878
9,47,5,3524.68,0.449154
9,47,6,3461.89,0.412445
9,47,7,3376.81,0.370556
9,47,8,3281.56,0.330528
9,47,9,3189.49,0.299722
9,47,10,3112.46,0.284362
9,47,11,3057.02,0.287879
9,47,12,3023.94,0.310094
9,47,13,3006.64,0.346681
9,47,14,2995.36,0.389957
9,47,15,2980.08,0.431158
9,47,16,2953.15,0.461973
9,47,17,2909.92,0.476346
9,47,18,2849.48,0.472268
9,47,19,2774.19,0.452577
9,47,20,2689.13,0.423685
9,47,21,2601.48,0.394039
9,47,22,2520.48,0.371976
9,47,23,2456.15,0.363954
9,47,24,2418.59,0.373687
9,47,25,2415.4,0.403076
9,47,26,2449.41,0.452264
9,47,27,2516.98,0.518868
9,47,28,2609.85,0.597157
9,47,29,2716.82,0.677745
9,47,30,2826.7,0.748185
9,47,31,2929.92,0.795866
9,47,32,3020.11,0.81155
9,47,33,3094.78,0.792213
9,47,34,3155.01,0.742047
9,47,35,3204.31,0.671458
9,47,36,3247.83,0.593579
9,47,37,3291.25,0.521029
9,47,38,3339.84,0.462284
9,47,39,3398.21,0.421254
9,47,40,3468.45,0.396885
9,47,41,3551.35,0.387444
9,47,42,3642.86,0.391492
9,47,43,3734.48,0.408179
9,47,44,3815.12,0.435786
9,47,45,3873.43,0.469427
9,47,46,3898.78,0.49919
9,47,47,3880.18,0.512369
9,47,48,3803.54,0.497962
9,47,49,3649.25,0.451425
9,48,0,3065.42,0.328175
9,48,1,3249.48,0.384722
9,48,2,3363.97,0.421293
9,48,3,3419.25,0.434605
9,48,4,3424.99,0.426065
9,48,5,3390.09,0.400317
9,48,6,3324.31,0.363444
9,48,7,3239.31,0.322051
9,48,8,3148.48,0.28274
9,48,9,3065.07,0.252163
9,48,10,2999.48,0.236057
9,48,11,2956.19,0.237844
9,48,12,2934.27,0.257835
9,48,13,2926.24,0.292404
9,48,14,2922.22,0.334307
9,48,15,2912.27,0.374661
9,48,16,2888.89,0.404757
9,48,17,2847.47,0.418152
9,48,18,2787.17,0.412809
9,48,19,2710.45,0.39188
9,48,20,2622.61,0.362255
9,48,21,2531.21,0.33259
9,48,22,2445.95,0.311216
9,48,23,2377.41,0.30437
9,48,24,2336.24,0.315507
9,48,25,2330.4,0.346325
9,48,26,2362.74,0.396813
9,48,27,2429.29,0.464616
9,48,28,2521.36,0.544132
9,48,29,2627.44,0.626222
9,48,30,2736.38,0.698741
9,48,31,2838.76,0.749231
9,48,32,2928.42,0.768408
9,48,33,3003,0.752889
9,48,34,3063.59,0.706343
9,48,35,3113.59,0.638633
9,48,36,3158.16,0.562528
9,48,37,3203,0.490574
9,48,38,3253.47,0.431561
9,48,39,3314.37,0.390008
9,48,40,3387.93,0.365529
9,48,41,3474.96,0.356788
9,48,42,3571.23,0.362348
9,48,43,3667.77,0.380879
9,48,44,3752.75,0.410097
9,48,45,3813.99,0.444771
9,48,46,3840.19,0.475141
9,48,47,3819.83,0.489103
9,48,48,3738.63,0.47627
9,48,49,3577.43,0.432452
9,49,0,2878.84,0.28013
9,49,1,3060.9,0.329037
9,49,2,3174.16,0.360548
9,49,3,3227,0.371488
9,49,4,3228.93,0.362885
9,49,5,3190.05,0.33882
9,49,6,3122.11,0.304815
9,49,7,3038.65,0.266836
9,49,8,2953.91,0.230754
9,49,9,2880.34,0.202356
9,49,10,2826.35,0.186721
9,49,11,2794.24,0.187085
9,49,12,2781.6,0.204056
9,49,13,2780.58,0.234694
9,49,14,2781.6,0.272501
9,49,15,2775.23,0.309111
9,49,16,2754.34,0.336195
9,49,17,2714.59,0.347594
9,49,18,2655.27,0.341519
9,49,19,2578.93,0.321183
9,49,20,2491.03,0.293323
9,49,21,2399.25,0.26605
9,49,22,2313.29,0.246957
9,49,23,2243.65,0.241515
9,49,24,2200.79,0.252579
9,49,25,2192.44,0.281457
9,49,26,2221.29,0.327983
9,49,27,2283.43,0.390073
9,49,28,2370.4,0.462836
9,49,29,2471.12,0.538248
9,49,30,2574.94,0.605525
9,49,31,2672.93,0.653417
9,49,32,2759.25,0.673345
9,49,33,2831.66,0.661883
9,49,34,2891.18,0.621945
9,49,35,2941.08,0.562119
9,49,36,2986.31,0.493797
9,49,37,3032.45,0.428387
9,49,38,3084.76,0.374151
9,49,39,3148.11,0.3357
9,49,40,3224.84,0.313224
9,49,41,3315.99,0.305854
9,49,42,3417.45,0.3123
9,49,43,3519.92,0.330952
9,49,44,3610.67,0.359229
9,49,45,3676.14,0.391997
9,49,46,3703.57,0.420364
9,49,47,3680.33,0.433663
9,49,48,3591.88,0.422838
9,49,49,3420.58,0.384348
10,0,0,2344.21,0.316777
10,0,1,2500.94,0.349546
10,0,2,2599.47,0.355399
10,0,3,2647.69,0.335453
10,0,4,2659.91,0.297243
10,0,5,2651.24,0.251514
10,0,6,2633.2,0.208228
10,0,7,2610.89,0.173672
10,0,8,2583.41,0.149505
10,0,9,2546.66,0.133764
10,0,10,2497.5,0.122907
10,0,11,2436.16,0.11383
10,0,12,2368.64,0.105563
10,0,13,2303.14,0.0982813
10,0,14,2248.3,0.0929716
10,0,15,2209.56,0.0902858
10,0,16,2186.88,0.0895837
10,0,17,2175.54,0.0894865
10,0,18,2168.2,0.0885439
10,0,19,2158.54,0.0860059
10,0,20,2142.63,0.0821193
10,0,21,2118.83,0.0776097
10,0,22,2086,0.0728466
10,0,23,2042.66,0.0675638
10,0,24,1987.04,0.0609434
10,0,25,1918.27,0.0524498
10,0,26,1838.27,0.0423807
10,0,27,1752.58,0.0318383
10,0,28,1669.06,0.0221691
10,0,29,1595.52,0.014389
10,0,30,1536.67,0.00885445
10,0,31,1492.57,0.0053333
10,0,32,1459.21,0.00322959
10,0,33,1430.73,0.00199853
10,0,34,1401.98,0.00125523
10,0,35,1370.05,0.000763949
10,0,36,1334.57,0.000457333
10,0,37,1297.41,0.000276593
10,0,38,1261.31,0.000237274
10,0,39,1228.94,0.000422565
10,0,40,1201.97,0.000945354
10,0,41,1180.99,0.00214025
10,0,42,1165.46,0.00445653
10,0,43,1154.03,0.00838603
10,0,44,1145.05,0.0142087
10,0,45,1136.59,0.0216622
10,0,46,1126.86,0.0297106
10,0,47,1114.72,0.0366516
10,0,48,1099.76,0.0406592
10,0,49,1082.65,0.0405525
10,1,0,2511.32,0.360908
10,1,1,2678.15,0.399509
10,1,2,2781.71,0.407719
10,1,3,2831.68,0.386494
10,1,4,2843.47,0.344099
10,1,5,2833,0.292562
10,1,6,2812.55,0.243215
10,1,7,2787.93,0.203439
10,1,8,2758.64,0.175507
10,1,9,2720.49,0.157604
10,1,10,2669.79,0.145977
10,1,11,2605.99,0.137137
10,1,12,2534.52,0.129728
10,1,13,2463.55,0.123505
10,1,14,2402.33,0.119077
10,1,15,2357.32,0.116735
10,1,16,2329.34,0.115534
10,1,17,2314.1,0.113919
10,1,18,2304.22,0.110449
10,1,19,2292.96,0.104596
10,1,20,2276.01,0.0969814
10,1,21,2251.33,0.0887888
10,1,22,2217.34,0.0807952
10,1,23,2172.13,0.0729885
10,1,24,2113.51,0.0646271
10,1,25,2040.26,0.0550778
10,1,26,1954.15,0.0444604
10,1,27,1860.79,0.0337003
10,1,28,1768.54,0.0239836
10,1,29,1686.03,0.0162202
10,1,30,1618.85,0.0106828
10,1,31,1567.66,0.00709441
10,1,32,1528.68,0.00482624
10,1,33,1495.83,0.0033441
10,1,34,1463.65,0.00229911
10,1,35,1428.93,0.00150575
10,1,36,1390.97,0.000937759
10,1,37,1351.45,0.000566646
10,1,38,1312.91,0.000423855
10,1,39,1277.97,0.000601645
10,1,40,1248.38,0.00123858
10,1,41,1224.86,0.00273891
10,1,42,1207.04,0.00564765
10,1,43,1193.57,0.0105558
10,1,44,1182.6,0.0177758
10,1,45,1171.82,0.0269432
10,1,46,1159.11,0.0367493
10,1,47,1143.11,0.0450963
10,1,48,1123.54,0.0497786
10,1,49,1101.43,0.0494153
10,2,0,2618.54,0.382191
10,2,1,2791,0.424841
10,2,2,2897.4,0.435681
10,2,3,2948.46,0.415326
10,2,4,2960.01,0.372143
10,2,5,2948.19,0.318621
10,2,6,2925.62,0.266702
10,2,7,2898.76,0.224394
10,2,8,2867.69,0.19447
10,2,9,2828.44,0.175467
10,2,10,2777.08,0.163788
10,2,11,2712.43,0.15588
10,2,12,2639.22,0.150109
10,2,13,2565.24,0.145726
10,2,14,2499.88,0.142751
10,2,15,2450.22,0.140892
10,2,16,2417.9,0.138868
10,2,17,2399.28,0.1351
10,2,18,2387.32,0.128398
10,2,19,2375.29,0.118674
10,2,20,2358.57,0.106989
10,2,21,2334.67,0.0949484
10,2,22,2301.43,0.0836864
10,2,23,2256.45,0.0734428
10,2,24,2197.21,0.0636299
10,2,25,2122.36,0.0535885
10,2,26,2033.66,0.0432533
10,2,27,1936.78,0.0332786
10,2,28,1840.16,0.0245342
10,2,29,1752.68,0.0176779
10,2,30,1680.33,0.012799
10,2,31,1624.2,0.00954059
10,2,32,1580.92,0.00726865
10,2,33,1544.66,0.0055147
10,2,34,1510,0.00403492
10,2,35,1473.71,0.00276416
10,2,36,1434.89,0.00176354
10,2,37,1394.92,0.00106545
10,2,38,1356,0.000721644
10,2,39,1320.46,0.000820441
10,2,40,1289.95,0.00150935
10,2,41,1265.34,0.00322646
10,2,42,1246.39,0.00656834
10,2,43,1231.86,0.012178
10,2,44,1219.66,0.0203618
10,2,45,1207.15,0.0306549
10,2,46,1191.76,0.0415437
10,2,47,1171.97,0.0506691
10,2,48,1147.69,0.0556078
10,2,49,1120.39,0.054903
10,3,0,2670.21,0.380275
10,3,1,2845.73,0.424957
10,3,2,2954.13,0.438465
10,3,3,3006.44,0.420968
10,3,4,3018.36,0.380367
10,3,5,3005.76,0.328809
10,3,6,2981.3,0.278035
10,3,7,2951.92,0.236096
10,3,8,2918.4,0.206025
10,3,9,2877.31,0.18682
10,3,10,2824.82,0.175384
10,3,11,2759.42,0.168498
10,3,12,2685.28,0.164485
10,3,13,2609.67,0.162148
10,3,14,2541.8,0.160828
10,3,15,2488.98,0.159508
10,3,16,2453.4,0.15656
10,3,17,2432.17,0.150504
10,3,18,2418.93,0.140576
10,3,19,2407.19,0.127261
10,3,20,2392.15,0.112024
10,3,21,2370.77,0.0967461
10,3,22,2340.16,0.0827734
10,3,23,2297.35,0.0705299
10,3,24,2239.58,0.0596392
10,3,25,2165.62,0.04953
10,3,26,2077.49,0.0400317
10,3,27,1980.95,0.0315343
10,3,28,1884.24,0.0245169
10,3,29,1795.91,0.0192764
10,3,30,1721.82,0.0156165
10,3,31,1663.21,0.0130344
10,3,32,1617.15,0.0108846
10,3,33,1578.36,0.008797
10,3,34,1541.81,0.00669637
10,3,35,1504.57,0.00471342
10,3,36,1465.69,0.00305362
10,3,37,1426.29,0.0018458
10,3,38,1388.2,0.00116603
10,3,39,1353.39,0.00108185
10,3,40,1323.34,0.00172184
10,3,41,1298.93,0.00350527
10,3,42,1280.11,0.00701614
10,3,43,1265.68,0.0128867
10,3,44,1253.35,0.0213739
10,3,45,1240.03,0.0319347
10,3,46,1222.72,0.042965
10,3,47,1199.72,0.0520412
10,3,48,1171.1,0.0567405
10,3,49,1138.84,0.0556762
10,4,0,2677.01,0.360385
10,4,1,2854.09,0.405367
10,4,2,2964.27,0.421405
10,4,3,3018.29,0.408206
10,4,4,3031.26,0.372816
10,4,5,3018.44,0.326409
10,4,6,2992.2,0.279836
10,4,7,2959.73,0.240623
10,4,8,2922.53,0.211759
10,4,9,2877.95,0.192712
10,4,10,2822.7,0.181158
10,4,11,2755.38,0.174601
10,4,12,2679.94,0.171644
10,4,13,2603.21,0.170844
10,4,14,2534,0.170945
10,4,15,2479.42,0.170194
10,4,16,2441.92,0.166627
10,4,17,2419.23,0.158904
10,4,18,2405.8,0.146712
10,4,19,2395.6,0.131066
10,4,20,2383.68,0.113663
10,4,21,2366.37,0.096431
10,4,22,2339.95,0.0807292
10,4,23,2300.89,0.0670779
10,4,24,2246.32,0.0553689
10,4,25,2175.39,0.0452756
10,4,26,2090.58,0.0366872
10,4,27,1997.77,0.0298423
10,4,28,1904.79,0.0248507
10,4,29,1819.4,0.0215949
10,4,30,1746.81,0.0195001
10,4,31,1688.09,0.0178245
10,4,32,1640.73,0.0158644
10,4,33,1600.14,0.0133477
10,4,34,1561.98,0.010413
10,4,35,1523.79,0.00745523
10,4,36,1484.81,0.00488296
10,4,37,1446.05,0.00295754
10,4,38,1409.06,0.00178435
10,4,39,1375.47,0.00139329
10,4,40,1346.58,0.00185989
10,4,41,1323.26,0.00352574
10,4,42,1305.56,0.00689209
10,4,43,1292.28,0.012517
10,4,44,1280.88,0.0205736
10,4,45,1267.85,0.03048
10,4,46,1249.71,0.0406789
10,4,47,1224.49,0.0488943
10,4,48,1192.43,0.0529206
10,4,49,1155.95,0.0515698
10,5,0,2652.42,0.330399
10,5,1,2829.94,0.374566
10,5,2,2941.7,0.392947
10,5,3,2997.68,0.38484
10,5,4,3012.13,0.356242
10,5,5,2999.41,0.31697
10,5,6,2971.31,0.276502
10,5,7,2934.98,0.241402
10,5,8,2892.55,0.214337
10,5,9,2842.37,0.195188
10,5,10,2782.1,0.182566
10,5,11,2711.05,0.174997
10,5,12,2633.35,0.171701
10,5,13,2555.62,0.171299
10,5,14,2486.13,0.172182
10,5,15,2431.38,0.172015
10,5,16,2393.61,0.168547
10,5,17,2370.94,0.160528
10,5,18,2358.61,0.14792
10,5,19,2351.1,0.132023
10,5,20,2343.4,0.114464
10,5,21,2331.16,0.0969415
10,5,22,2309.84,0.0806352
10,5,23,2275.46,0.0661031
10,5,24,2225.26,0.0535797
10,5,25,2158.96,0.0431691
10,5,26,2079.65,0.0350417
10,5,27,1993.27,0.029471
10,5,28,1907,0.0263018
10,5,29,1827.47,0.0250033
10,5,30,1758.89,0.0245523
10,5,31,1701.96,0.0238651
10,5,32,1654.49,0.0221006
10,5,33,1612.69,0.0190519
10,5,34,1572.99,0.01509
10,5,35,1533.57,0.0109237
10,5,36,1494.03,0.00721644
10,5,37,1455.42,0.00439457
10,5,38,1419.21,0.00260056
10,5,39,1386.79,0.00181319
10,5,40,1359.27,0.00201917
10,5,41,1337.49,0.00342527
10,5,42,1321.48,0.00638282
10,5,43,1310.02,0.0113215
10,5,44,1300.32,0.0183109
10,5,45,1288.49,0.0267833
10,5,46,1270.62,0.0353605
10,5,47,1244.45,0.0420964
10,5,48,1210.25,0.0451684
10,5,49,1170.73,0.0436647
10,6,0,2610,0.297978
10,6,1,2787.04,0.340983
10,6,2,2899.91,0.361658
10,6,3,2957.63,0.358939
10,6,4,2973.39,0.337709
10,6,5,2960.57,0.306254
10,6,6,2930.16,0.272468
10,6,7,2889.12,0.241734
10,6,8,2840.05,0.21625
10,6,9,2782.4,0.196246
10,6,10,2715.13,0.181309
10,6,11,2638.73,0.171134
10,6,12,2558.03,0.165804
10,6,13,2479.62,0.164341
10,6,14,2411.06,0.165122
10,6,15,2357.84,0.165518
10,6,16,2321.58,0.163098
10,6,17,2300.44,0.156582
10,6,18,2290.34,0.145893
10,6,19,2286.27,0.132213
10,6,20,2283.18,0.116717
10,6,21,2276.14,0.100597
10,6,22,2259.94,0.0847078
10,6,23,2230.34,0.0696371
10,6,24,2184.93,0.0560542
10,6,25,2124.19,0.0446801
10,6,26,2051.78,0.0361949
10,6,27,1973.58,0.0311158
10,6,28,1895.86,0.0291735
10,6,29,1823.91,0.0294741
10,6,30,1760.79,0.0305143
10,6,31,1706.77,0.0307814
10,6,32,1659.95,0.0292037
10,6,33,1617.34,0.0255771
10,6,34,1576.2,0.0204867
10,6,35,1535.37,0.0149705
10,6,36,1494.91,0.00998032
10,6,37,1456.04,0.00613356
10,6,38,1420.25,0.00362478
10,6,39,1388.82,0.00237836
10,6,40,1362.7,0.00226634
10,6,41,1342.56,0.00332004
10,6,42,1328.38,0.005695
10,6,43,1318.88,0.00966098
10,6,44,1311.09,0.0151851
10,6,45,1300.88,0.0217633
10,6,46,1284.08,0.0282912
10,6,47,1258.14,0.0332599
10,6,48,1223.23,0.0353079
10,6,49,1182.12,0.0338126
10,7,0,2561.1,0.268916
10,7,1,2737.03,0.311143
10,7,2,2850.36,0.334287
10,7,3,2909.06,0.336895
10,7,4,2925.27,0.322731
10,7,5,2911.43,0.29857
10,7,6,2877.83,0.270796
10,7,7,2831.22,0.243677
10,7,8,2774.63,0.218967
10,7,9,2708.59,0.197203
10,7,10,2633.54,0.178855
10,7,11,2551.42,0.164738
10,7,12,2467.99,0.155884
10,7,13,2389.83,0.151976
10,7,14,2323.66,0.151723
10,7,15,2273.63,0.152566
10,7,16,2240.38,0.152042
10,7,17,2221.87,0.148721
10,7,18,2214.53,0.14214
10,7,19,2213.87,0.132923
10,7,20,2214.87,0.121429
10,7,21,2212.17,0.108121
10,7,22,2200.19,0.0934395
10,7,23,2174.69,0.078026
10,7,24,2133.82,0.0630632
10,7,25,2078.84,0.0500224
10,7,26,2013.88,0.040272
10,7,27,1944.49,0.03475
10,7,28,1875.89,0.0332375
10,7,29,1811.93,0.0345699
10,7,30,1754.57,0.0367871
10,7,31,1703.71,0.0379041
10,7,32,1657.78,0.036536
10,7,33,1614.62,0.0323987
10,7,34,1572.28,0.0262321
10,7,35,1530.23,0.0193771
10,7,36,1488.98,0.0130838
10,7,37,1449.95,0.00818375
10,7,38,1414.71,0.00495198
10,7,39,1384.45,0.00327083
10,7,40,1359.88,0.00288424
10,7,41,1341.44,0.00361939
10,7,42,1328.93,0.0054019
10,7,43,1321.01,0.00831995
10,7,44,1314.7,0.0122489
10,7,45,1305.92,0.0167891
10,7,46,1290.42,0.0211625
10,7,47,1265.47,0.0243353
10,7,48,1231.02,0.0254088
10,7,49,1189.68,0.0240157
10,8,0,2513.65,0.247181
10,8,1,2688.3,0.289568
10,8,2,2801.45,0.31548
10,8,3,2860,0.322951
10,8,4,2875.16,0.314671
10,8,5,2858.73,0.296122
10,8,6,2820.66,0.272547
10,8,7,2767.74,0.24746
10,8,8,2703.57,0.222385
10,8,9,2629.74,0.198129
10,8,10,2548.04,0.175822
10,8,11,2461.75,0.157136
10,8,12,2377.39,0.143929
10,8,13,2301.33,0.136654
10,8,14,2239.18,0.134616
10,8,15,2193.58,0.135671
10,8,16,2164.08,0.137491
10,8,17,2148.4,0.138428
10,8,18,2143.4,0.137381
10,8,19,2145.09,0.134076
10,8,20,2148.65,0.127823
10,8,21,2148.58,0.118241
10,8,22,2139.2,0.105319
10,8,23,2116.56,0.0897745
10,8,24,2079.46,0.0733105
10,8,25,2029.89,0.0581722
10,8,26,1972.17,0.0464884
10,8,27,1911.29,0.039723
10,8,28,1851.31,0.0378584
10,8,29,1794.69,0.0395931
10,8,30,1742.44,0.0426009
10,8,31,1694.28,0.0444469
10,8,32,1649.08,0.0433808
10,8,33,1605.49,0.0389465
10,8,34,1562.37,0.0319388
10,8,35,1519.73,0.0239316
10,8,36,1478.44,0.0164604
10,8,37,1440.07,0.0105942
10,8,38,1406.17,0.00673485
10,8,39,1377.74,0.00475468
10,8,40,1355.17,0.00426916
10,8,41,1338.54,0.00487643
10,8,42,1327.38,0.00623667
10,8,43,1320.3,0.00822862
10,8,44,1314.56,0.0106448
10,8,45,1306.39,0.0132177
10,8,46,1291.76,0.0155197
10,8,47,1267.91,0.0169853
10,8,48,1234.52,0.0171369
10,8,49,1193.85,0.0158098
10,9,0,2471.93,0.234946
10,9,1,2645.53,0.278647
10,9,2,2758.04,0.307516
10,9,3,2815.25,0.318907
10,9,4,2827.66,0.314547
10,9,5,2806.8,0.299037
10,9,6,2762.85,0.277091
10,9,7,2703.2,0.252039
10,9,8,2632.29,0.225491
10,9,9,2552.74,0.19848
10,9,10,2467.42,0.172444
10,9,11,2380.4,0.149472
10,9,12,2298.36,0.131944
10,9,13,2226.95,0.12102
10,9,14,2170.43,0.116726
10,9,15,2129.9,0.117586
10,9,16,2103.99,0.121557
10,9,17,2090.29,0.126791
10,9,18,2086.14,0.131476
10,9,19,2088.19,0.134315
10,9,20,2092.03,0.133555
10,9,21,2092.33,0.127993
10,9,22,2083.64,0.11719
10,9,23,2062.47,0.101911
10,9,24,2028.28,0.0842696
10,9,25,1983.51,0.0671557
10,9,26,1932.4,0.053385
10,9,27,1879.17,0.044956
10,9,28,1826.64,0.0421711
10,9,29,1776.06,0.0437566
10,9,30,1727.74,0.0471813
10,9,31,1681.4,0.049656
10,9,32,1636.52,0.0490602
10,9,33,1592.58,0.044681
10,9,34,1549.26,0.0372403
10,9,35,1507,0.028443
10,9,36,1466.92,0.0200778
10,9,37,1430.55,0.0134762
10,9,38,1399.23,0.0092277
10,9,39,1373.66,0.00724089
10,9,40,1353.75,0.00700485
10,9,41,1339.11,0.00785086
10,9,42,1328.95,0.00911822
10,9,43,1321.89,0.0104279
10,9,44,1315.58,0.0114906
10,9,45,1306.83,0.0121981
10,9,46,1292.15,0.0124966
10,9,47,1268.88,0.0122785
10,9,48,1236.43,0.0114451
10,9,49,1196.64,0.00998845
10,10,0,2437.41,0.233245
10,10,1,2610.4,0.279458
10,10,2,2722,0.311354
10,10,3,2776.96,0.325449
10,10,4,2785.25,0.32269
10,10,5,2758.51,0.307296
10,10,6,2707.74,0.284147
10,10,7,2641.48,0.257033
10,10,8,2565.43,0.22801
10,10,9,2483.25,0.198293
10,10,10,2398.41,0.169264
10,10,11,2315.09,0.142926
10,10,12,2239.26,0.121769
10,10,13,2175.23,0.107444
10,10,14,2125.65,0.100659
10,10,15,2090.22,0.100705
10,10,16,2066.93,0.105937
10,10,17,2053.51,0.114394
10,10,18,2047.95,0.123683
10,10,19,2047.7,0.131609
10,10,20,2049.08,0.135567
10,10,21,2047.31,0.133702
10,10,22,2037.47,0.125214
10,10,23,2016.63,0.110835
10,10,24,1984.71,0.0928608
10,10,25,1944.29,0.0745437
10,10,26,1899.16,0.0591678
10,10,27,1852.55,0.0491725
10,10,28,1806.1,0.0452453
10,10,29,1760.07,0.046314
10,10,30,1714.35,0.0498517
10,10,31,1668.87,0.0528773
10,10,32,1623.89,0.0529541
10,10,33,1579.79,0.0490595
10,10,34,1537.01,0.041715
10,10,35,1496.35,0.0326396
10,10,36,1458.98,0.0238272
10,10,37,1426.15,0.0168907
10,10,38,1398.8,0.012668
10,10,39,1377.14,0.0111501
10,10,40,1360.54,0.0116931
10,10,41,1348.05,0.0133014
10,10,42,1338.58,0.0149105
10,10,43,1330.82,0.0158128
10,10,44,1322.93,0.0156327
10,10,45,1312.5,0.0144593
10,10,46,1296.69,0.0126607
10,10,47,1273.09,0.0106056
10,10,48,1240.87,0.00855802
10,10,49,1201.38,0.00664165
10,11,0,2409.54,0.241477
10,11,1,2582.23,0.291185
10,11,2,2692.87,0.326059
10,11,3,2745.22,0.34171
10,11,4,2748.86,0.338522
10,11,5,2715.83,0.320773
10,11,6,2658.3,0.294079
10,11,7,2586.38,0.263197
10,11,8,2507.33,0.230931
10,11,9,2425.83,0.198682
10,11,10,2345.56,0.167504
10,11,11,2270.05,0.138898
10,11,12,2203.83,0.115057
10,11,13,2149.33,0.0978136
10,11,14,2107.41,0.0883856
10,11,15,2076.59,0.0867849
10,11,16,2054.51,0.091815
10,11,17,2039.28,0.101549
10,11,18,2029.73,0.113287
10,11,19,2024.36,0.124253
10,11,20,2020.57,0.131364
10,11,21,2014.53,0.132384
10,11,22,2002.13,0.126248
10,11,23,1980.98,0.113543
10,11,24,1951.2,0.0964438
10,11,25,1915.05,0.0781926
10,11,26,1875.51,0.0622216
10,11,27,1834.66,0.0512341
10,11,28,1793.04,0.0463006
10,11,29,1750.2,0.0466956
10,11,30,1705.88,0.0501166
10,11,31,1660.51,0.0535966
10,11,32,1615.22,0.0544986
10,11,33,1571.36,0.0514977
10,11,34,1530.05,0.0448228
10,11,35,1492.3,0.0360989
10,11,36,1459.11,0.0274581
10,11,37,1431.2,0.0207851
10,11,38,1408.93,0.0171955
10,11,39,1391.91,0.0167861
10,11,40,1378.95,0.0187564
10,11,41,1368.63,0.0217104
10,11,42,1359.62,0.0240889
10,11,43,1350.75,0.0247868
10,11,44,1340.77,0.0233451
10,11,45,1328.04,0.0201085
10,11,46,1310.38,0.0159417
10,11,47,1285.61,0.0117372
10,11,48,1252.61,0.00813203
10,11,49,1212.27,0.00537315
10,12,0,2388.74,0.25843
10,12,1,2561.15,0.312429
10,12,2,2670.85,0.350338
10,12,3,2720.79,0.366918
10,12,4,2720.27,0.362168
10,12,5,2681.8,0.340685
10,12,6,2618.76,0.309078
10,12,7,2542.94,0.273325
10,12,8,2463.2,0.237174
10,12,9,2385.16,0.202302
10,12,10,2312.44,0.169378
10,12,11,2247.44,0.139186
10,12,12,2192.79,0.113327
10,12,13,2148.79,0.0934927
10,12,14,2114.53,0.081163
10,12,15,2087.48,0.0769104
10,12,16,2065.15,0.0799856
10,12,17,2046.13,0.0886592
10,12,18,2030.23,0.100254
10,12,19,2017.21,0.11181
10,12,20,2005.95,0.120174
10,12,21,1993.94,0.123017
10,12,22,1978.12,0.119099
10,12,23,1956.57,0.108755
10,12,24,1929.29,0.0937491
10,12,25,1897.72,0.0769515
10,12,26,1863.67,0.0616074
10,12,27,1827.96,0.0504655
10,12,28,1790.16,0.0449084
10,12,29,1749.37,0.0446365
10,12,30,1705.5,0.0477514
10,12,31,1659.73,0.05151
10,12,32,1614.17,0.0532423
10,12,33,1571.11,0.0514004
10,12,34,1532.23,0.0458953
10,12,35,1498.55,0.0381781
10,12,36,1470.61,0.0304326
10,12,37,1448.47,0.0247595
10,12,38,1431.75,0.0225245
10,12,39,1419.46,0.0239125
10,12,40,1409.98,0.0279297
10,12,41,1401.6,0.0327192
10,12,42,1392.9,0.0361673
10,12,43,1382.94,0.0367407
10,12,44,1371.06,0.033923
10,12,45,1356.23,0.0283818
10,12,46,1336.75,0.0215511
10,12,47,1310.45,0.0148927
10,12,48,1275.82,0.00942754
10,12,49,1233.24,0.00551947
10,13,0,2374.76,0.281992
10,13,1,2546.54,0.340884
10,13,2,2655.28,0.382136
10,13,3,2703.39,0.399803
10,13,4,2699.99,0.393598
10,13,5,2657.97,0.368409
10,13,6,2591.65,0.331713
10,13,7,2514.24,0.290644
10,13,8,2435.95,0.249974
10,13,9,2363.2,0.211865
10,13,10,2299.39,0.176804
10,13,11,2245.72,0.144925
10,13,12,2202.85,0.117125
10,13,13,2169.05,0.0946983
10,13,14,2141.73,0.0791084
10,13,15,2117.52,0.071258
10,13,16,2093.76,0.0707882
10,13,17,2069.55,0.0762986
10,13,18,2045.66,0.0854237
10,13,19,2023.27,0.095371
10,13,20,2003.02,0.103251
10,13,21,1984.08,0.106865
10,13,22,1964.57,0.104875
10,13,23,1942.96,0.0972917
10,13,24,1918.77,0.0852712
10,13,25,1892.25,0.0710502
10,13,26,1863.72,0.0574171
10,13,27,1832.7,0.0469561
10,13,28,1797.93,0.0412363
10,13,29,1758.39,0.0403797
10,13,30,1714.43,0.0429957
10,13,31,1668.14,0.0467421
10,13,32,1622.67,0.0491081
10,13,33,1581.14,0.0484697
10,13,34,1545.58,0.0444737
10,13,35,1516.76,0.0383564
10,13,36,1494.58,0.0322456
10,13,37,1478.28,0.0283376
10,13,38,1466.78,0.028139
10,13,39,1458.62,0.031853
10,13,40,1451.92,0.0382569
10,13,41,1444.93,0.0450331
10,13,42,1436.4,0.0495464
10,13,43,1425.75,0.0498946
10,13,44,1412.8,0.0455713
10,13,45,1396.92,0.0376185
10,13,46,1376.49,0.0280576
10,13,47,1349,0.0189035
10,13,48,1312.33,0.011528
10,13,49,1266.33,0.00638555
10,14,0,2367.82,0.310317
10,14,1,2538.27,0.374709
10,14,2,2645.79,0.42
10,14,3,2692.59,0.439702
10,14,4,2687.74,0.433223
10,14,5,2644.27,0.405473
10,14,6,2577.07,0.364388
10,14,7,2500.24,0.317968
10,14,8,2424.95,0.272009
10,14,9,2358.23,0.229452
10,14,10,2303.31,0.191017
10,14,11,2260.31,0.156499
10,14,12,2228.23,0.126177
10,14,13,2203.56,0.100797
10,14,14,2182.28,0.0815642
10,14,15,2160.21,0.0694587
10,14,16,2134.51,0.0644052
10,14,17,2104.59,0.0653889
10,14,18,2072.11,0.070528
10,14,19,2039.69,0.0774176
10,14,20,2009.88,0.0836167
10,14,21,1983.72,0.0871722
10,14,22,1960.61,0.0866925
10,14,23,1939.32,0.0818525
10,14,24,1918.64,0.073134
10,14,25,1897.39,0.0620397
10,14,26,1874.26,0.0507558
10,14,27,1847.54,0.041548
10,14,28,1815.34,0.0360272
10,14,29,1776.72,0.0346583
10,14,30,1732.68,0.0365698
10,14,31,1686.26,0.0399322
10,14,32,1641.55,0.0425718
10,14,33,1602.27,0.0429652
10,14,34,1570.55,0.0406109
10,14,35,1546.75,0.0365229
10,14,36,1530,0.0326504
10,14,37,1518.76,0.0311049
10,14,38,1511.35,0.0333528
10,14,39,1506.04,0.0395061
10,14,40,1500.94,0.0481099
10,14,41,1494.55,0.0564891
10,14,42,1486.03,0.0616564
10,14,43,1475.3,0.0615142
10,14,44,1462.53,0.0556662
10,14,45,1447.19,0.0455289
10,14,46,1427.29,0.0336208
10,14,47,1399.6,0.0223867
10,14,48,1361.11,0.0134432
10,14,49,1311.04,0.00728439
10,15,0,2368.23,0.341492
10,15,1,2536.46,0.411982
10,15,2,2642.2,0.462212
10,15,3,2687.82,0.48526
10,15,4,2682.41,0.480115
10,15,5,2639.07,0.451344
10,15,6,2572.8,0.406855
10,15,7,2498.12,0.355152
10,15,8,2426.73,0.303024
10,15,9,2366.08,0.254502
10,15,10,2319.31,0.211026
10,15,11,2285.74,0.172476
10,15,12,2263.07,0.138728
10,15,13,2246.33,0.10994
10,15,14,2230.3,0.0868773
10,15,15,2210.07,0.070368
10,15,16,2182.54,0.0604813
10,15,17,2147.25,0.0565674
10,15,18,2106.61,0.05727
10,15,19,2064.53,0.0606396
10,15,20,2025.43,0.0647147
10,15,21,1992.17,0.0677934
10,15,22,1965.48,0.0684337
10,15,23,1944.38,0.0660008
10,15,24,1926.92,0.0603563
10,15,25,1910.47,0.0523162
10,15,26,1892.2,0.0434594
10,15,27,1869.36,0.0356703
10,15,28,1839.57,0.0304873
10,15,29,1802.16,0.0286038
10,15,30,1758.71,0.0296078
10,15,31,1713.07,0.0322149
10,15,32,1670.02,0.0347142
10,15,33,1633.59,0.0358418
10,15,34,1605.81,0.0350861
10,15,35,1586.5,0.033249
10,15,36,1574.1,0.0319754
10,15,37,1566.45,0.0330768
10,15,38,1561.46,0.0377567
10,15,39,1557.36,0.045916
10,15,40,1552.47,0.0559148
10,15,41,1545.81,0.0649366
10,15,42,1537.16,0.0699448
10,15,43,1526.98,0.0689178
10,15,44,1515.72,0.061686
10,15,45,1502.56,0.0499706
10,15,46,1484.76,0.0365801
10,15,47,1458.08,0.0241546
10,15,48,1418.4,0.0143789
10,15,49,1364.26,0.00771228
10,16,0,2375.64,0.373079
10,16,1,2540.78,0.45006
10,16,2,2644,0.505979
10,16,3,2688.13,0.533507
10,16,4,2682.41,0.53107
10,16,5,2639.91,0.502588
10,16,6,2575.56,0.455561
10,16,7,2503.89,0.398723
10,16,8,2436.82,0.339801
10,16,9,2382.08,0.284119
10,16,10,2342.74,0.234211
10,16,11,2317.52,0.190421
10,16,12,2303.13,0.15248
10,16,13,2293.39,0.120014
10,16,14,2282.09,0.0932704
10,16,15,2263.7,0.0727556
10,16,16,2234.82,0.0585467
10,16,17,2195.05,0.0502742
10,16,18,2147.33,0.0470381
10,16,19,2096.62,0.0472937
10,16,20,2048.89,0.0494768
10,16,21,2008.69,0.0520665
10,16,22,1977.97,0.0535493
10,16,23,1956.11,0.0530248
10,16,24,1940.62,0.0498636
10,16,25,1927.72,0.0443428
10,16,26,1913.35,0.0375378
10,16,27,1893.93,0.0309758
10,16,28,1866.79,0.0260568
10,16,29,1831.44,0.0235893
10,16,30,1789.87,0.0235195
10,16,31,1746.36,0.0250767
10,16,32,1705.95,0.0270746
10,16,33,1672.68,0.0286197
10,16,34,1648.37,0.0293101
10,16,35,1632.42,0.0297467
10,16,36,1622.78,0.0311516
10,16,37,1616.92,0.0348202
10,16,38,1612.6,0.0414757
10,16,39,1608.14,0.05071
10,16,40,1602.29,0.060802
10,16,41,1594.73,0.0690937
10,16,42,1585.99,0.0728817
10,16,43,1577.06,0.0705315
10,16,44,1568.47,0.0621989
10,16,45,1558.86,0.0497743
10,16,46,1544.48,0.0360659
10,16,47,1519.86,0.0236088
10,16,48,1479.8,0.0139459
10,16,49,1422.07,0.00742425
10,17,0,2389.03,0.402112
10,17,1,2550.65,0.48552
10,17,2,2650.84,0.547386
10,17,3,2693.1,0.579928
10,17,4,2686.93,0.580921
10,17,5,2645.42,0.553499
10,17,6,2583.33,0.504612
10,17,7,2515.05,0.443074
10,17,8,2452.54,0.377444
10,17,9,2403.6,0.314326
10,17,10,2371.26,0.257458
10,17,11,2353.67,0.207868
10,17,12,2346.72,0.16537
10,17,13,2343.2,0.129229
10,17,14,2336.12,0.0992224
10,17,15,2319.47,0.075489
10,17,16,2289.66,0.058015
10,17,17,2246.33,0.0465853
10,17,18,2192.76,0.0405964
10,17,19,2134.62,0.038765
10,17,20,2079.01,0.0397666
10,17,21,2031.76,0.0421555
10,17,22,1995.99,0.044324
10,17,23,1971.65,0.045167
10,17,24,1956.13,0.0437398
10,17,25,1944.98,0.0399766
10,17,26,1933.29,0.0346115
10,17,27,1916.9,0.0288866
10,17,28,1892.88,0.0240386
10,17,29,1860.77,0.0208921
10,17,30,1822.61,0.0196423
10,17,31,1782.59,0.0199671
10,17,32,1745.6,0.0212177
10,17,33,1715.43,0.0229315
10,17,34,1693.72,0.0248975
10,17,35,1679.71,0.0275187
10,17,36,1671.18,0.031496
10,17,37,1665.52,0.0374252
10,17,38,1660.47,0.0453738
10,17,39,1654.66,0.0545624
10,17,40,1647.27,0.0633185
10,17,41,1638.74,0.0694497
10,17,42,1630.35,0.0709506
10,17,43,1623.52,0.0668499
10,17,44,1618.62,0.0576904
10,17,45,1613.54,0.0453744
10,17,46,1603.4,0.0324234
10,17,47,1581.55,0.0209872
10,17,48,1541.77,0.0122834
10,17,49,1481.12,0.00648515
10,18,0,2406.09,0.42531
10,18,1,2564.62,0.514476
10,18,2,2662.12,0.58193
10,18,3,2702.83,0.619384
10,18,4,2696.59,0.623941
10,18,5,2656.52,0.598004
10,18,6,2597.18,0.548032
10,18,7,2532.76,0.482882
10,18,8,2475.1,0.411754
10,18,9,2431.99,0.342266
10,18,10,2406.26,0.279171
10,18,11,2395.53,0.224171
10,18,12,2394.94,0.177329
10,18,13,2396.47,0.137782
10,18,14,2392.58,0.105036
10,18,15,2377.02,0.0789465
10,18,16,2346.18,0.0593912
10,18,17,2299.8,0.0461839
10,18,18,2241.33,0.038811
10,18,19,2176.81,0.0360621
10,18,20,2113.9,0.0366643
10,18,21,2059.34,0.0391449
10,18,22,2017.27,0.041808
10,18,23,1988.47,0.0434341
10,18,24,1970.71,0.0429605
10,18,25,1959.4,0.0401761
10,18,26,1949.2,0.0356309
10,18,27,1935.48,0.0303457
10,18,28,1915.02,0.0253697
10,18,29,1887.09,0.0214556
10,18,30,1853.41,0.0189544
10,18,31,1817.66,0.0179323
10,18,32,1784.23,0.0182758
10,18,33,1756.61,0.0199845
10,18,34,1736.39,0.0230826
10,18,35,1722.99,0.0277719
10,18,36,1714.32,0.0341615
10,18,37,1707.93,0.0420193
10,18,38,1701.67,0.0506421
10,18,39,1694.46,0.0588493
10,18,40,1685.95,0.0651271
10,18,41,1677.3,0.0679813
10,18,42,1670.35,0.0663611
10,18,43,1666.76,0.0601365
10,18,44,1666.5,0.05026
10,18,45,1666.58,0.0385232
10,18,46,1661,0.0269646
10,18,47,1642.15,0.0171674
10,18,48,1603,0.00991382
10,18,49,1539.93,0.0051711
10,19,0,2424.22,0.440541
10,19,1,2581.11,0.534425
10,19,2,2677.48,0.606765
10,19,3,2718.21,0.648733
10,19,4,2713.44,0.656814
10,19,5,2676.26,0.632845
10,19,6,2620.94,0.582978
10,19,7,2561.29,0.516107
10,19,8,2508.88,0.441782
10,19,9,2471.3,0.368154
10,19,10,2451.17,0.300547
10,19,11,2445.66,0.241153
10,19,12,2449.3,0.190391
10,19,13,2453.61,0.147593
10,19,14,2450.85,0.11232
10,19,15,2434.85,0.0843934
10,19,16,2402.18,0.063653
10,19,17,2352.75,0.0498343
10,19,18,2290.04,0.042273
10,19,19,2220.06,0.0396004
10,19,20,2150.57,0.0403822
10,19,21,2088.75,0.0430378
10,19,22,2039.58,0.0458376
10,19,23,2004.84,0.0475906
10,19,24,1983.12,0.0473342
10,19,25,1970.14,0.0448887
10,19,26,1960.42,0.040725
10,19,27,1948.93,0.0356477
10,19,28,1932.04,0.0304562
10,19,29,1908.49,0.0257408
10,19,30,1879.38,0.0219405
10,19,31,1847.66,0.0194796
10,19,32,1817.15,0.0187909
10,19,33,1791.09,0.0203609
10,19,34,1771.3,0.0244688
10,19,35,1757.6,0.0311123
10,19,36,1748.33,0.0397736
10,19,37,1741.24,0.0493326
10,19,38,1734.35,0.0582708
10,19,39,1726.87,0.0650017
10,19,40,1718.79,0.0682253
10,19,41,1711.8,0.0672458
10,19,42,1708.12,0.0620594
10,19,43,1709.3,0.0534306
10,19,44,1714.67,0.0427146
10,19,45,1720.3,0.031543
10,19,46,1719.26,0.0214133
10,19,47,1703.21,0.013298
10,19,48,1664.57,0.00752454
10,19,49,1599.21,0.00385219
10,20,0,2441.69,0.447821
10,20,1,2599.28,0.545423
10,20,2,2697.13,0.621992
10,20,3,2740.62,0.668151
10,20,4,2740.02,0.679852
10,20,5,2708.16,0.658584
10,20,6,2658.79,0.610404
10,20,7,2605.07,0.544238
10,20,8,2558.06,0.46965
10,20,9,2525.04,0.39475
10,20,10,2508.41,0.324865
10,20,11,2505.12,0.262386
10,20,12,2509.5,0.208141
10,20,13,2513.1,0.161999
10,20,14,2508.4,0.123995
10,20,15,2489.66,0.0942527
10,20,16,2453.85,0.0727298
10,20,17,2401.09,0.0589986
10,20,18,2334.71,0.0519902
10,20,19,2260.41,0.0499169
10,20,20,2185.55,0.0509664
10,20,21,2117.36,0.0534096
10,20,22,2061.39,0.0556106
10,20,23,2020.41,0.0566264
10,20,24,1993.98,0.0558331
10,20,25,1978.43,0.0532255
10,20,26,1968.39,0.0492186
10,20,27,1958.47,0.04432
10,20,28,1944.49,0.0389595
10,20,29,1924.52,0.0334683
10,20,30,1898.95,0.0283333
10,20,31,1870.03,0.0243441
10,20,32,1841.15,0.022508
10,20,33,1815.52,0.0238196
10,20,34,1795.39,0.0288141
10,20,35,1781.17,0.0372847
10,20,36,1771.65,0.0480884
10,20,37,1764.87,0.0592322
10,20,38,1758.94,0.0684106
10,20,39,1753.26,0.0736512
10,20,40,1748.02,0.0738615
10,20,41,1745.21,0.0691031
10,20,42,1747.06,0.0603461
10,20,43,1754.69,0.0491832
10,20,44,1766.64,0.037344
10,20,45,1778.04,0.0263293
10,20,46,1781.24,0.0171682
10,20,47,1767.46,0.010302
10,20,48,1728.85,0.0056617
10,20,49,1660.84,0.00281954
10,21,0,2458.77,0.449322
10,21,1,2619.77,0.55003
10,21,2,2722.11,0.63051
10,21,3,2771.47,0.68085
10,21,4,2778.06,0.696568
10,21,5,2754.19,0.678999
10,21,6,2712.77,0.634284
10,21,7,2665.93,0.57136
10,21,8,2623.92,0.499489
10,21,9,2593.58,0.426195
10,21,10,2577.21,0.356258
10,21,11,2571.96,0.291942
10,21,12,2572.51,0.234486
10,21,13,2571.05,0.184604
10,21,14,2560.83,0.143228
10,21,15,2536.85,0.111179
10,21,16,2496.62,0.0887313
10,21,17,2440.41,0.0752357
10,21,18,2371.23,0.0689655
10,21,19,2294.16,0.0674349
10,21,20,2215.83,0.0682472
10,21,21,2143.16,0.0695326
10,21,22,2081.93,0.0699505
10,21,23,2035.7,0.0690951
10,21,24,2004.94,0.0669281
10,21,25,1986.66,0.0637207
10,21,26,1975.74,0.059776
10,21,27,1966.46,0.0551559
10,21,28,1954.15,0.0497651
10,21,29,1936.17,0.0435852
10,21,30,1912.34,0.0371328
10,21,31,1884.44,0.0315826
10,21,32,1855.74,0.0285329
10,21,33,1829.67,0.0294808
10,21,34,1808.97,0.035193
10,21,35,1794.65,0.0452615
10,21,36,1785.96,0.0579642
10,21,37,1781.1,0.0705331
10,21,38,1778.24,0.0799878
10,21,39,1776.9,0.0840294
10,21,40,1777.21,0.0817308
10,21,41,1781.2,0.073761
10,21,42,1790.75,0.0618603
10,21,43,1806.32,0.0482848
10,21,44,1825.5,0.0350843
10,21,45,1842.63,0.0237008
10,21,46,1849.57,0.0148479
10,21,47,1837.36,0.00858985
10,21,48,1798.04,0.00456727
10,21,49,1726.71,0.00220141
10,22,0,2477.7,0.448478
10,22,1,2644.35,0.552014
10,22,2,2753.5,0.636254
10,22,3,2810.96,0.69083
10,22,4,2826.76,0.710964
10,22,5,2812.54,0.698034
10,22,6,2780.08,0.658398
10,22,7,2740.25,0.600978
10,22,8,2702.19,0.534479
10,22,9,2672.13,0.465404
10,22,10,2652.44,0.39751
10,22,11,2640.87,0.332587
10,22,12,2633.06,0.272196
10,22,13,2622.47,0.218076
10,22,14,2603.58,0.172413
10,22,15,2572.36,0.137112
10,22,16,2526.98,0.113006
10,22,17,2467.73,0.0992428
10,22,18,2397.1,0.0932582
10,22,19,2319.28,0.0916229
10,22,20,2239.92,0.0911848
10,22,21,2165.35,0.0899658
10,22,22,2101.27,0.0871385
10,22,23,2051.69,0.0831257
10,22,24,2017.76,0.0786833
10,22,25,1997.1,0.0744164
10,22,26,1984.86,0.0704172
10,22,27,1975.14,0.0661519
10,22,28,1962.88,0.0608724
10,22,29,1944.97,0.0541586
10,22,30,1920.94,0.0465503
10,22,31,1892.46,0.0395995
10,22,32,1862.97,0.0354533
10,22,33,1836.22,0.0360408
10,22,34,1815.39,0.0422983
10,22,35,1801.97,0.0536189
10,22,36,1795.46,0.0677902
10,22,37,1794.22,0.0814436
10,22,38,1796.44,0.0911135
10,22,39,1801.6,0.094288
10,22,40,1809.69,0.0901688
10,22,41,1822.43,0.0798392
10,22,42,1841.14,0.0655435
10,22,43,1865.44,0.0499773
10,22,44,1892.02,0.0354215
10,22,45,1914.56,0.0233241
10,22,46,1924.67,0.0142442
10,22,47,1913.35,0.00803704
10,22,48,1872.63,0.00417106
10,22,49,1797.29,0.00196155
10,23,0,2501.36,0.449018
10,23,1,2674.83,0.55516
10,23,2,2791.63,0.642773
10,23,3,2857.69,0.701228
10,23,4,2882.85,0.725693
10,23,5,2878.07,0.717834
10,23,6,2854.05,0.684366
10,23,7,2820.23,0.634183
10,23,8,2784.55,0.575247
10,23,9,2752.49,0.512713
10,23,10,2726.52,0.448915
10,23,11,2705.32,0.38479
10,23,12,2685.87,0.322012
10,23,13,2663.37,0.263342
10,23,14,2633.85,0.212454
10,23,15,2594.48,0.172668
10,23,16,2544.02,0.14566
10,23,17,2482.69,0.13051
10,23,18,2412.25,0.123767
10,23,19,2335.81,0.120914
10,23,20,2257.86,0.117937
10,23,21,2183.98,0.112776
10,23,22,2119.54,0.105276
10,23,23,2068.7,0.0968892
10,23,24,2033,0.0892846
10,23,25,2010.49,0.0834176
10,23,26,1996.63,0.0790879
10,23,27,1985.46,0.0750923
10,23,28,1971.81,0.069993
10,23,29,1952.42,0.0629736
10,23,30,1926.88,0.0545802
10,23,31,1897.09,0.0466663
10,23,32,1866.8,0.0417913
10,23,33,1840.05,0.0421662
10,23,34,1820.19,0.0487983
10,23,35,1808.91,0.0608925
10,23,36,1805.8,0.0758792
10,23,37,1809.35,0.0900219
10,23,38,1817.79,0.0996182
10,23,39,1830.6,0.102103
10,23,40,1847.45,0.0968028
10,23,41,1869.67,0.0850323
10,23,42,1897.83,0.0692766
10,23,43,1930.72,0.0524277
10,23,44,1964.25,0.0368751
10,23,45,1991.66,0.0240907
10,23,46,2004.4,0.0145928
10,23,47,1993.5,0.00816194
10,23,48,1950.95,0.00419704
10,23,49,1871.17,0.00195645
10,24,0,2531.95,0.454159
10,24,1,2712.02,0.562436
10,24,2,2835.63,0.652445
10,24,3,2908.9,0.713637
10,24,4,2941.63,0.741541
10,24,5,2944.32,0.73847
10,24,6,2926.74,0.711675
10,24,7,2897.1,0.67001
10,24,8,2862.07,0.620531
10,24,9,2826.38,0.566752
10,24,10,2792.52,0.509198
10,24,11,2760.13,0.447534
10,24,12,2727.76,0.383224
10,24,13,2692.5,0.319901
10,24,14,2652.09,0.262838
10,24,15,2604.93,0.217062
10,24,16,2550.29,0.185426
10,24,17,2488.2,0.16721
10,24,18,2419.54,0.158206
10,24,19,2346.25,0.152791
10,24,20,2271.65,0.146045
10,24,21,2200.47,0.135802
10,24,22,2137.59,0.122598
10,24,23,2087.11,0.108949
10,24,24,2050.72,0.0974344
10,24,25,2026.76,0.0893597
10,24,26,2010.94,0.0842263
10,24,27,1997.48,0.0802203
10,24,28,1981.42,0.0752958
10,24,29,1959.69,0.0682929
10,24,30,1932.31,0.0597117
10,24,31,1901.58,0.0515432
10,24,32,1871.54,0.0465288
10,24,33,1846.22,0.0469513
10,24,34,1828.77,0.0537798
10,24,35,1820.73,0.0660655
10,24,36,1821.67,0.0810521
10,24,37,1830.23,0.0948966
10,24,38,1844.82,0.103921
10,24,39,1864.99,0.105683
10,24,40,1890.13,0.099651
10,24,41,1921.1,0.08724
10,24,42,1957.8,0.0709633
10,24,43,1998.28,0.053694
10,24,44,2037.89,0.0377919
10,24,45,2069.53,0.0247171
10,24,46,2084.54,0.014989
10,24,47,2073.93,0.00838735
10,24,48,2029.55,0.00431289
10,24,49,1945.37,0.00201273
10,25,0,2569.95,0.466001
10,25,1,2755.33,0.575691
10,25,2,2883.72,0.6666
10,25,3,2961.64,0.728719
10,25,4,2998.98,0.758475
10,25,5,3006.06,0.759291
10,25,6,2992.03,0.739177
10,25,7,2964.19,0.706946
10,25,8,2928.19,0.668551
10,25,9,2888.02,0.625557
10,25,10,2846.13,0.57629
10,25,11,2802.96,0.518709
10,25,12,2758.54,0.453729
10,25,13,2711.73,0.385657
10,25,14,2661.86,0.321422
10,25,15,2608.39,0.268002
10,25,16,2551,0.229761
10,25,17,2489.4,0.206533
10,25,18,2423.58,0.193617
10,25,19,2354.42,0.184391
10,25,20,2284.15,0.173037
10,25,21,2216.71,0.157188
10,25,22,2156.43,0.137917
10,25,23,2107.17,0.118645
10,25,24,2070.57,0.102751
10,25,25,2045.15,0.091895
10,25,26,2026.95,0.0853773
10,25,27,2010.55,0.0809652
10,25,28,1991.51,0.0761811
10,25,29,1967.35,0.0695886
10,25,30,1938.7,0.0615375
10,25,31,1908.32,0.0539198
10,25,32,1880.26,0.0493821
10,25,33,1858.16,0.0500687
10,25,34,1844.52,0.0568368
10,25,35,1840.42,0.068665
10,25,36,1845.37,0.0828082
10,25,37,1858.24,0.0955631
10,25,38,1877.83,0.103492
10,25,39,1903.85,0.104399
10,25,40,1935.54,0.0979149
10,25,41,1973.42,0.0854606
10,25,42,2016.87,0.0694439
10,25,43,2063.43,0.0525716
10,25,44,2108.03,0.0370584
10,25,45,2143.3,0.0242875
10,25,46,2160.42,0.0147608
10,25,47,2150.27,0.00827368
10,25,48,2104.42,0.00426106
10,25,49,2016.33,0.00199404
10,26,0,2614.52,0.485396
10,26,1,2803.35,0.59585
10,26,2,2934.09,0.686152
10,26,3,3013.75,0.747265
10,26,4,3052.48,0.777058
10,26,5,3060.61,0.780523
10,26,6,3047.03,0.766657
10,26,7,3018.54,0.74422
10,26,8,2980.15,0.717875
10,26,9,2935.3,0.686953
10,26,10,2886.36,0.647255
10,26,11,2834.36,0.594718
10,26,12,2780.47,0.529485
10,26,13,2724.93,0.4564
10,26,14,2668.31,0.38408
10,26,15,2610.82,0.321604
10,26,16,2552.33,0.275086
10,26,17,2492.13,0.245223
10,26,18,2429.52,0.227116
10,26,19,2364.52,0.213321
10,26,20,2298.59,0.197166
10,26,21,2234.98,0.175937
10,26,22,2177.48,0.150967
10,26,23,2129.56,0.126285
10,26,24,2092.67,0.1059
10,26,25,2065.43,0.0918548
10,26,26,2044.22,0.0834427
10,26,27,2024.25,0.0782863
10,26,28,2001.88,0.0736847
10,26,29,1975.55,0.0679627
10,26,30,1946.64,0.0611649
10,26,31,1918.21,0.0548174
10,26,32,1894.02,0.051206
10,26,33,1876.83,0.0521815
10,26,34,1868.13,0.0584845
10,26,35,1868.34,0.069156
10,26,36,1876.83,0.0816718
10,26,37,1892.86,0.092672
10,26,38,1915.7,0.0990902
10,26,39,1945.43,0.0990219
10,26,40,1981.29,0.0922362
10,26,41,2023.64,0.080095
10,26,42,2071.62,0.0648414
10,26,43,2122.48,0.048951
10,26,44,2170.87,0.0344306
10,26,45,2209.15,0.022526
10,26,46,2228.25,0.013672
10,26,47,2218.75,0.00765492
10,26,48,2171.88,0.00394233
10,26,49,2080.55,0.00184861
10,27,0,2665.01,0.511576
10,27,1,2855.6,0.622727
10,27,2,2986.54,0.711657
10,27,3,3065.41,0.770527
10,27,4,3102.64,0.798962
10,27,5,3108.72,0.803805
10,27,6,3092.6,0.795203
10,27,7,3061.03,0.781885
10,27,8,3018.83,0.767145
10,27,9,2969.25,0.747965
10,27,10,2914.64,0.71753
10,27,11,2856.39,0.669698
10,27,12,2796.42,0.603841
10,27,13,2735.84,0.525334
10,27,14,2675.87,0.444469
10,27,15,2617.02,0.372405
10,27,16,2559.05,0.317011
10,27,17,2500.86,0.279959
10,27,18,2441.28,0.256356
10,27,19,2379.86,0.23811
10,27,20,2317.63,0.217772
10,27,21,2257.4,0.192137
10,27,22,2202.4,0.162492
10,27,23,2155.61,0.133136
10,27,24,2118.08,0.108521
10,27,25,2088.43,0.0911337
10,27,26,2063.43,0.0804968
10,27,27,2039.16,0.0743835
10,27,28,2013.1,0.0700649
10,27,29,1984.82,0.0656307
10,27,30,1956.53,0.0606504
10,27,31,1931.39,0.0560398
10,27,32,1912.52,0.053516
10,27,33,1901.47,0.0545591
10,27,34,1898.44,0.0598503
10,27,35,1903.08,0.0686619
10,27,36,1914.64,0.0788899
10,27,37,1932.74,0.0876669
10,27,38,1957.24,0.0923466
10,27,39,1988.61,0.0912816
10,27,40,2026.28,0.0843053
10,27,41,2070.69,0.0726627
10,27,42,2120.96,0.0584108
10,27,43,2174.27,0.0437904
10,27,44,2225.12,0.0305906
10,27,45,2265.61,0.0198902
10,27,46,2286.3,0.0120159
10,27,47,2277.4,0.00671415
10,27,48,2229.74,0.00346864
10,27,49,2135.73,0.00164378
10,28,0,2721.34,0.541629
10,28,1,2912.38,0.654161
10,28,2,3041.93,0.742135
10,28,3,3118.08,0.798783
10,28,4,3151.48,0.825397
10,28,5,3152.86,0.830589
10,28,6,3131.43,0.825639
10,28,7,3094.36,0.819313
10,28,8,3046.8,0.813703
10,28,9,2992.21,0.803707
10,28,10,2933.13,0.780205
10,28,11,2871.15,0.735311
10,28,12,2808.52,0.667852
10,28,13,2746.63,0.5838
10,28,14,2686.72,0.494971
10,28,15,2629.12,0.414293
10,28,16,2573.2,0.351079
10,28,17,2517.5,0.307809
10,28,18,2460.61,0.27965
10,28,19,2402.01,0.258016
10,28,20,2342.71,0.234816
10,28,21,2285.29,0.206288
10,28,22,2232.52,0.173436
10,28,23,2186.69,0.140537
10,28,24,2148.28,0.112329
10,28,25,2115.74,0.0917889
10,28,26,2086.28,0.0788949
10,28,27,2057.03,0.0718229
10,28,28,2026.84,0.0679669
10,28,29,1996.64,0.0651684
10,28,30,1969.42,0.0623793
10,28,31,1948.32,0.0597253
10,28,32,1935.53,0.0582172
10,28,33,1931.21,0.0589418
10,28,34,1934.17,0.062599
10,28,35,1943.25,0.0688542
10,28,36,1957.55,0.0761922
10,28,37,1977.03,0.0823511
10,28,38,2002.03,0.08512
10,28,39,2033.46,0.0830473
10,28,40,2071.05,0.0759422
10,28,41,2115.47,0.0648687
10,28,42,2166.02,0.051676
10,28,43,2220.02,0.0383794
10,28,44,2271.91,0.0265632
10,28,45,2313.55,0.01714
10,28,46,2335.11,0.0103142
10,28,47,2326.38,0.00578244
10,28,48,2277.76,0.00303302
10,28,49,2181.28,0.00148326
10,29,0,2783.78,0.570437
10,29,1,2974.44,0.685539
10,29,2,3101.51,0.774104
10,29,3,3173.53,0.829963
10,29,4,3201.29,0.855481
10,29,5,3195.69,0.860492
10,29,6,3166.42,0.857114
10,29,7,3121.4,0.854238
10,29,8,3066.6,0.853235
10,29,9,3006.21,0.847684
10,29,10,2943.18,0.827004
10,29,11,2879.28,0.782282
10,29,12,2816.75,0.712181
10,29,13,2756.69,0.623256
10,29,14,2699.84,0.528437
10,29,15,2645.85,0.441784
10,29,16,2593.5,0.373438
10,29,17,2540.92,0.326304
10,29,18,2486.7,0.295572
10,29,19,2430.54,0.272337
10,29,20,2373.76,0.248076
10,29,21,2318.95,0.218512
10,29,22,2268.47,0.184232
10,29,23,2223.81,0.149257
10,29,24,2184.67,0.118448
10,29,25,2149.2,0.095278
10,29,26,2115.03,0.0803526
10,29,27,2080.49,0.0724551
10,29,28,2045.95,0.0692433
10,29,29,2013.78,0.0683308
10,29,30,1987.74,0.0679778
10,29,31,1970.82,0.0674081
10,29,32,1964.14,0.0668241
10,29,33,1966.43,0.0668871
10,29,34,1975.17,0.0683516
10,29,35,1988.43,0.0713859
10,29,36,2005.15,0.0751943
10,29,37,2025.51,0.0782273
10,29,38,2050.26,0.0787548
10,29,39,2080.71,0.0755043
10,29,40,2116.91,0.0682062
10,29,41,2159.85,0.0576881
10,29,42,2209.17,0.0455481
10,29,43,2262.39,0.0335571
10,29,44,2314,0.02309
10,29,45,2355.65,0.0148936
10,29,46,2377.13,0.0090509
10,29,47,2367.84,0.00521597
10,29,48,2317.8,0.00288282
10,29,49,2218.68,0.00153074
10,30,0,2852.17,0.592197
10,30,1,3041.88,0.71092
10,30,2,3165.71,0.802073
10,30,3,3232.56,0.859424
10,30,4,3253.28,0.885469
10,30,5,3238.89,0.890299
10,30,6,3199.57,0.886293
10,30,7,3144.26,0.88252
10,30,8,3080.19,0.880382
10,30,9,3012.71,0.873351
10,30,10,2945.54,0.85068
10,30,11,2880.66,0.803404
10,30,12,2820.04,0.730375
10,30,13,2764.05,0.638479
10,30,14,2712.47,0.541006
10,30,15,2663.99,0.452227
10,30,16,2616.56,0.382332
10,30,17,2567.93,0.334237
10,30,18,2516.78,0.303169
10,30,19,2463.15,0.280189
10,30,20,2408.89,0.256672
10,30,21,2356.82,0.227977
10,30,22,2308.94,0.194211
10,30,23,2265.94,0.158933
10,30,24,2226.61,0.126909
10,30,25,2188.74,0.102014
10,30,26,2150.35,0.0855564
10,30,27,2110.98,0.077081
10,30,28,2072.54,0.0746625
10,30,29,2038.75,0.0757775
10,30,30,2014.01,0.0780123
10,30,31,2001.01,0.0796501
10,30,32,1999.82,0.0799997
10,30,33,2007.85,0.0792262
10,30,34,2021.46,0.0780977
10,30,35,2038.1,0.0773226
10,30,36,2056.58,0.076915
10,30,37,2077.29,0.0761595
10,30,38,2101.26,0.0739209
10,30,39,2130.15,0.0691754
10,30,40,2164.33,0.0615791
10,30,41,2205.14,0.0516716
10,30,42,2252.5,0.0407032
10,30,43,2304.15,0.0301097
10,30,44,2354.59,0.0209948
10,30,45,2395.35,0.0139255
10,30,46,2415.9,0.00888356
10,30,47,2405.27,0.00552367
10,30,48,2353.15,0.00338212
10,30,49,2250.99,0.00202983
10,31,0,2924.67,0.601973
10,31,1,3112.88,0.724484
10,31,2,3232.85,0.819713
10,31,3,3293.81,0.880779
10,31,4,3306.56,0.909302
10,31,5,3282.14,0.914487
10,31,6,3231.18,0.908189
10,31,7,3163.75,0.899602
10,31,8,3088.64,0.890953
10,31,9,3012.77,0.877006
10,31,10,2940.94,0.848314
10,31,11,2875.41,0.796868
10,31,12,2817.68,0.721891
10,31,13,2767.06,0.630056
10,31,14,2722.09,0.534002
10,31,15,2680.29,0.447183
10,31,16,2638.81,0.379115
10,31,17,2595.01,0.332467
10,31,18,2547.61,0.302695
10,31,19,2497.04,0.281258
10,31,20,2445.68,0.259845
10,31,21,2396.6,0.233665
10,31,22,2351.57,0.202316
10,31,23,2310.57,0.168677
10,31,24,2271.64,0.137136
10,31,25,2232.25,0.111766
10,31,26,2190.88,0.0945596
10,31,27,2148.17,0.085911
10,31,28,2107.33,0.0844686
10,31,29,2073.16,0.0877144
10,31,30,2050.33,0.0926463
10,31,31,2041.07,0.0966193
10,31,32,2044.43,0.0979812
10,31,33,2056.75,0.0963084
10,31,34,2073.59,0.0922961
10,31,35,2092.07,0.0871798
10,31,36,2111.07,0.0818487
10,31,37,2131.2,0.076553
10,31,38,2153.79,0.0709177
10,31,39,2180.81,0.0643037
10,31,40,2212.94,0.0563444
10,31,41,2251.77,0.0472401
10,31,42,2297.41,0.0377496
10,31,43,2347.61,0.0288169
10,31,44,2396.81,0.0211595
10,31,45,2436.35,0.0151275
10,31,46,2455.46,0.0106319
10,31,47,2442.88,0.00739736
10,31,48,2388.05,0.00507257
10,31,49,2282.23,0.00337531
10,32,0,2998.36,0.598381
10,32,1,3184.52,0.723693
10,32,2,3300.15,0.823278
10,32,3,3354.86,0.889327
10,32,4,3359.32,0.921837
10,32,5,3324.42,0.92814
10,32,6,3261.12,0.918769
10,32,7,3180.61,0.902854
10,32,8,3093.39,0.884077
10,32,9,3008.29,0.85973
10,32,10,2931.42,0.822965
10,32,11,2865.32,0.767526
10,32,12,2810.86,0.692944
10,32,13,2766.02,0.604926
10,32,14,2727.96,0.514355
10,32,15,2693.13,0.432931
10,32,16,2657.93,0.368989
10,32,17,2619.4,0.324951
10,32,18,2576.3,0.296882
10,32,19,2529.29,0.277185
10,32,20,2481.09,0.258315
10,32,21,2434.95,0.235597
10,32,22,2392.49,0.208119
10,32,23,2353.27,0.177888
10,32,24,2314.94,0.148595
10,32,25,2274.93,0.124228
10,32,26,2232.28,0.107319
10,32,27,2188.58,0.0991084
10,32,28,2147.92,0.0989188
10,32,29,2115.61,0.104375
10,32,30,2096.1,0.112001
10,32,31,2090.88,0.118289
10,32,32,2098,0.120614
10,32,33,2113.01,0.11792
10,32,34,2131.1,0.110761
10,32,35,2149.49,0.100875
10,32,36,2167.37,0.0900608
10,32,37,2185.78,0.0796318
10,32,38,2206.39,0.0701198
10,32,39,2231.54,0.0614084
10,32,40,2262.14,0.0531673
10,32,41,2299.9,0.045201
10,32,42,2344.89,0.0376127
10,32,43,2394.63,0.0306688
10,32,44,2443.24,0.0245649
10,32,45,2481.83,0.0193967
10,32,46,2499.39,0.0150557
10,32,47,2484.46,0.0114351
10,32,48,2426.28,0.00839536
10,32,49,2316.05,0.00587331
10,33,0,3069.12,0.58405
10,33,1,3252.77,0.71013
10,33,2,3363.93,0.812781
10,33,3,3412.58,0.883408
10,33,4,3409.22,0.920193
10,33,5,3364.42,0.928089
10,33,6,3289.3,0.915757
10,33,7,3196.03,0.891991
10,33,8,3096.89,0.862192
10,33,9,3002.7,0.8269
10,33,10,2920.99,0.782653
10,33,11,2854.49,0.72534
10,33,12,2803.25,0.654534
10,33,13,2763.81,0.574201
10,33,14,2731.97,0.492525
10,33,15,2703.32,0.418784
10,33,16,2673.76,0.359914
10,33,17,2640.19,0.318297
10,33,18,2601.35,0.291084
10,33,19,2557.9,0.272157
10,33,20,2512.61,0.255168
10,33,21,2468.69,0.235846
10,33,22,2427.74,0.212847
10,33,23,2389.26,0.187207
10,33,24,2351.04,0.161667
10,33,25,2310.96,0.139817
10,33,26,2268.73,0.124474
10,33,27,2226.69,0.117566
10,33,28,2189.38,0.119066
10,33,29,2161.95,0.126797
10,33,30,2148.01,0.136909
10,33,31,2147.9,0.145143
10,33,32,2158.66,0.147996
10,33,33,2175.28,0.143858
10,33,34,2193,0.133174
10,33,35,2209.54,0.118187
10,33,36,2224.75,0.101612
10,33,37,2240.36,0.0858368
10,33,38,2258.57,0.0723437
10,33,39,2282.09,0.0616024
10,33,40,2312.07,0.0533424
10,33,41,2350.16,0.0469175
10,33,42,2396.11,0.041633
10,33,43,2446.89,0.0369187
10,33,44,2496.09,0.0323354
10,33,45,2534.38,0.0277042
10,33,46,2550.54,0.0229649
10,33,47,2532.99,0.018286
10,33,48,2470.85,0.01385
10,33,49,2355.29,0.00988908
10,34,0,3133.17,0.564462
10,34,1,3314.25,0.688775
10,34,2,3421.31,0.791884
10,34,3,3464.79,0.864909
10,34,4,3454.95,0.904631
10,34,5,3401.93,0.913792
10,34,6,3316.83,0.899074
10,34,7,3212.58,0.868699
10,34,8,3103.08,0.829632
10,34,9,3001.05,0.785687
10,34,10,2915.27,0.736875
10,34,11,2848.56,0.681169
10,34,12,2800.03,0.617818
10,34,13,2764.8,0.548484
10,34,14,2737.54,0.478082
10,34,15,2713.28,0.413172
10,34,16,2687.77,0.359318
10,34,17,2657.93,0.319145
10,34,18,2622.42,0.291277
10,34,19,2581.71,0.271462
10,34,20,2538.27,0.254864
10,34,21,2495.1,0.237906
10,34,22,2453.87,0.219005
10,34,23,2414.46,0.198306
10,34,24,2375.32,0.177499
10,34,25,2335.2,0.159513
10,34,26,2294.71,0.147105
10,34,27,2256.77,0.142569
10,34,28,2225.9,0.146329
10,34,29,2206.51,0.156339
10,34,30,2200.81,0.168443
10,34,31,2207.63,0.1778
10,34,32,2222.82,0.180251
10,34,33,2241.02,0.173868
10,34,34,2257.75,0.15914
10,34,35,2271.59,0.138863
10,34,36,2283.38,0.116623
10,34,37,2295.79,0.095779
10,34,38,2311.69,0.0786616
10,34,39,2334.27,0.066275
10,34,40,2364.8,0.0583801
10,34,41,2404.76,0.0538401
10,34,42,2453.3,0.0510857
10,34,43,2506.64,0.048628
10,34,44,2557.57,0.0453407
10,34,45,2596.26,0.0407736
10,34,46,2611.22,0.0349796
10,34,47,2590.78,0.0284892
10,34,48,2524.01,0.0218972
10,34,49,2402.08,0.0157969
10,35,0,3187.51,0.544739
10,35,1,3366.55,0.66479
10,35,2,3470.54,0.765072
10,35,3,3510.38,0.837088
10,35,4,3496.15,0.87707
10,35,5,3437.55,0.886294
10,35,6,3345.46,0.869816
10,35,7,3233.29,0.835158
10,35,8,3116.12,0.790372
10,35,9,3008.21,0.741946
10,35,10,2919.32,0.692826
10,35,11,2852.23,0.642657
10,35,12,2805.22,0.590064
10,35,13,2772.28,0.534197
10,35,14,2747.3,0.476587
10,35,15,2725.14,0.421095
10,35,16,2701.59,0.37204
10,35,17,2673.68,0.332453
10,35,18,2639.94,0.302583
10,35,19,2600.43,0.280189
10,35,20,2557.12,0.262116
10,35,21,2512.74,0.245772
10,35,22,2469.17,0.229667
10,35,23,2426.99,0.213352
10,35,24,2385.73,0.197566
10,35,25,2345.31,0.184399
10,35,26,2307.33,0.176148
10,35,27,2275.21,0.175022
10,35,28,2253.19,0.181544
10,35,29,2244.57,0.193651
10,35,30,2249.77,0.206938
10,35,31,2265.83,0.216228
10,35,32,2287.27,0.217034
10,35,33,2308.3,0.207446
10,35,34,2324.86,0.188218
10,35,35,2336.53,0.162746
10,35,36,2345.34,0.135373
10,35,37,2355.07,0.110209
10,35,38,2369.4,0.0901917
10,35,39,2391.98,0.0767018
10,35,40,2424.18,0.0694674
10,35,41,2467.16,0.0668732
10,35,42,2519.41,0.0665178
10,35,43,2576.26,0.0660373
10,35,44,2629.67,0.063652
10,35,45,2669.23,0.0586573
10,35,46,2683.16,0.0512379
10,35,47,2659.64,0.0422994
10,35,48,2587.69,0.0328763
10,35,49,2458.41,0.0239579
10,36,0,3230.26,0.527647
10,36,1,3408.42,0.641499
10,36,2,3510.95,0.735929
10,36,3,3549.16,0.803412
10,36,4,3533.1,0.840589
10,36,5,3472.08,0.848255
10,36,6,3376.62,0.830462
10,36,7,3260.17,0.794027
10,36,8,3138.43,0.74746
10,36,9,3026.55,0.698978
10,36,10,2934.9,0.653584
10,36,11,2866.37,0.612085
10,36,12,2818.81,0.57239
10,36,13,2785.71,0.531326
10,36,14,2760.58,0.487318
10,36,15,2738.35,0.441738
10,36,16,2714.91,0.397736
10,36,17,2687.22,0.358687
10,36,18,2653.55,0.326319
10,36,19,2613.46,0.300292
10,36,20,2568.41,0.279151
10,36,21,2520.97,0.261541
10,36,22,2473.39,0.24649
10,36,23,2427.2,0.233394
10,36,24,2383.09,0.222312
10,36,25,2342.25,0.214415
10,36,26,2307.27,0.211175
10,36,27,2281.96,0.214208
10,36,28,2270.28,0.223743
10,36,29,2274.31,0.237536
10,36,30,2292.6,0.251044
10,36,31,2320.19,0.259038
10,36,32,2350.13,0.257074
10,36,33,2376.07,0.243583
10,36,34,2394.34,0.219773
10,36,35,2405.49,0.18963
10,36,36,2412.82,0.158067
10,36,37,2421.25,0.129659
10,36,38,2435.31,0.107628
10,36,39,2459,0.0935151
10,36,40,2493.71,0.086949
10,36,41,2540.29,0.0859279
10,36,42,2596.63,0.0874074
10,36,43,2657.3,0.088346
10,36,44,2713.51,0.0864381
10,36,45,2754.3,0.0807364
10,36,46,2767.49,0.0714792
10,36,47,2741.07,0.0598275
10,36,48,2663.8,0.047175
10,36,49,2526.58,0.0348918
10,37,0,3260.75,0.512632
10,37,1,3439.76,0.619167
10,37,2,3542.8,0.705752
10,37,3,3581.66,0.76617
10,37,4,3566.44,0.79818
10,37,5,3506.16,0.802944
10,37,6,3410.88,0.784124
10,37,7,3293.64,0.747899
10,37,8,3170,0.70267
10,37,9,3055.27,0.657442
10,37,10,2960.22,0.61842
10,37,11,2888.13,0.587158
10,37,12,2837.25,0.560994
10,37,13,2801.28,0.534921
10,37,14,2773.9,0.504778
10,37,15,2750.11,0.469729
10,37,16,2725.64,0.431744
10,37,17,2697.09,0.394269
10,37,18,2662.23,0.360124
10,37,19,2620.11,0.330549
10,37,20,2571.88,0.305667
10,37,21,2520.16,0.285502
10,37,22,2467.85,0.269978
10,37,23,2417.44,0.258808
10,37,24,2370.71,0.251704
10,37,25,2329.91,0.248947
10,37,26,2298.42,0.250919
10,37,27,2280.48,0.258238
10,37,28,2279.77,0.270519
10,37,29,2297.33,0.28527
10,37,30,2329.95,0.297981
10,37,31,2370.71,0.303688
10,37,32,2411.1,0.298308
10,37,33,2444.12,0.280815
10,37,34,2466.39,0.252936
10,37,35,2479.3,0.219119
10,37,36,2487.34,0.1846
10,37,37,2496.46,0.15411
10,37,38,2511.82,0.130837
10,37,39,2537.64,0.116279
10,37,40,2575.29,0.109943
10,37,41,2625.38,0.109641
10,37,42,2685.49,0.11203
10,37,43,2749.74,0.113731
10,37,44,2808.8,0.112105
10,37,45,2851.18,0.105927
10,37,46,2864.26,0.0952627
10,37,47,2835.62,0.0812329
10,37,48,2753.61,0.0653759
10,37,49,2608.58,0.0493767
10,38,0,3279.06,0.496866
10,38,1,3460.87,0.595806
10,38,2,3566.55,0.673999
10,38,3,3608.3,0.726549
10,38,4,3596.37,0.752579
10,38,5,3539.6,0.754025
10,38,6,3447.49,0.734538
10,38,7,3332.19,0.69974
10,38,8,3208.43,0.657558
10,38,9,3091.04,0.617128
10,38,10,2991.07,0.585258
10,38,11,2912.74,0.564053
10,38,12,2855.53,0.550583
10,38,13,2814.22,0.538616
10,38,14,2783.03,0.522014
10,38,15,2756.93,0.498045
10,38,16,2731.11,0.467431
10,38,17,2701.4,0.433328
10,38,18,2664.84,0.399141
10,38,19,2620.02,0.367259
10,38,20,2568.01,0.339121
10,38,21,2511.83,0.316117
10,38,22,2455.23,0.299288
10,38,23,2401.59,0.289005
10,38,24,2353.54,0.284941
10,38,25,2314.02,0.286593
10,38,26,2286.92,0.293181
10,38,27,2276.75,0.304136
10,38,28,2287.06,0.318339
10,38,29,2318.07,0.33311
10,38,30,2365.09,0.344197
10,38,31,2419.43,0.347165
10,38,32,2471.17,0.338482
10,38,33,2512.69,0.317675
10,38,34,2540.86,0.286896
10,38,35,2557.81,0.250837
10,38,36,2568.95,0.214787
10,38,37,2580.95,0.183365
10,38,38,2599.36,0.159475
10,38,39,2628.34,0.144412
10,38,40,2669.18,0.137581
10,38,41,2722.46,0.136873
10,38,42,2785.79,0.139088
10,38,43,2853.21,0.140947
10,38,44,2915.11,0.139723
10,38,45,2959.53,0.133842
10,38,46,2973.34,0.12285
10,38,47,2943.62,0.107373
10,38,48,2858.03,0.0887479
10,38,49,2706.07,0.0688406
10,39,0,3287.45,0.478531
10,39,1,3473.68,0.570368
10,39,2,3583.76,0.640932
10,39,3,3630.19,0.686394
10,39,4,3623.41,0.707058
10,39,5,3572.14,0.705605
10,39,6,3485.2,0.68578
10,39,7,3373.57,0.652741
10,39,8,3250.6,0.61383
10,39,9,3130.24,0.578024
10,39,10,3023.77,0.552453
10,39,11,2936.83,0.539742
10,39,12,2870.87,0.537031
10,39,13,2822.36,0.537448
10,39,14,2786.35,0.533474
10,39,15,2757.6,0.520807
10,39,16,2730.46,0.498896
10,39,17,2699.64,0.470261
10,39,18,2661.34,0.438378
10,39,19,2613.79,0.4063
10,39,20,2558.27,0.376434
10,39,21,2498.41,0.35135
10,39,22,2438.92,0.33323
10,39,23,2384,0.323272
10,39,24,2336.8,0.321336
10,39,25,2300.56,0.326346
10,39,26,2279.34,0.336518
10,39,27,2277.74,0.350161
10,39,28,2299.08,0.365478
10,39,29,2342.93,0.379709
10,39,30,2403.4,0.388993
10,39,31,2470.42,0.389521
10,39,32,2533.02,0.378312
10,39,33,2583.25,0.35531
10,39,34,2618.29,0.322919
10,39,35,2640.89,0.285871
10,39,36,2657.08,0.249333
10,39,37,2673.91,0.217686
10,39,38,2696.91,0.19344
10,39,39,2729.99,0.177602
10,39,40,2774.33,0.169504
10,39,41,2830.68,0.167354
10,39,42,2896.96,0.168489
10,39,43,2967.37,0.170148
10,39,44,3032.21,0.169751
10,39,45,3079.11,0.16531
10,39,46,3094.49,0.155474
10,39,47,3064.88,0.139853
10,39,48,2977.15,0.119147
10,39,49,2819.62,0.0952036
10,40,0,3288.96,0.457271
10,40,1,3480.42,0.542902
10,40,2,3595.87,0.607292
10,40,3,3648,0.647323
10,40,4,3647.42,0.664051
10,40,5,3602.7,0.660598
10,40,6,3521.93,0.640726
10,40,7,3414.74,0.609221
10,40,8,3292.9,0.572926
10,40,9,3169.33,0.540639
10,40,10,3055.54,0.519734
10,40,11,2958.83,0.513371
10,40,12,2883.01,0.519013
10,40,13,2826.5,0.529601
10,40,14,2785.2,0.536785
10,40,15,2753.56,0.535079
10,40,16,2724.93,0.522732
10,40,17,2692.89,0.501394
10,40,18,2652.88,0.474156
10,40,19,2602.97,0.444265
10,40,20,2544.77,0.41469
10,40,21,2482.6,0.38889
10,40,22,2422.1,0.370056
10,40,23,2368.11,0.360242
10,40,24,2324.14,0.359664
10,40,25,2293.48,0.366983
10,40,26,2280.06,0.379776
10,40,27,2288.21,0.395499
10,40,28,2320.8,0.411827
10,40,29,2376.63,0.425938
10,40,30,2448.89,0.43428
10,40,31,2526.61,0.433514
10,40,32,2598.39,0.421029
10,40,33,2656.36,0.39697
10,40,34,2698.25,0.363849
10,40,35,2727.27,0.326364
10,40,36,2749.76,0.28956
10,40,37,2772.7,0.25764
10,40,38,2801.37,0.232782
10,40,39,2839.28,0.215714
10,40,40,2887.57,0.205705
10,40,41,2947.27,0.201398
10,40,42,3016.68,0.20091
10,40,43,3090.22,0.202287
10,40,44,3158.12,0.203288
10,40,45,3207.72,0.201492
10,40,46,3225.14,0.194337
10,40,47,3196.53,0.179937
10,40,48,3107.99,0.157913
10,40,49,2946.47,0.129826
10,41,0,3288.17,0.436102
10,41,1,3484.38,0.5167
10,41,2,3605,0.576448
10,41,3,3662.79,0.612581
10,41,4,3668.46,0.626505
10,41,5,3630.37,0.62151
10,41,6,3555.87,0.601333
10,41,7,3453.31,0.570555
10,41,8,3332.94,0.535712
10,41,9,3206.68,0.5055
10,41,10,3086.32,0.487499
10,41,11,2980.75,0.485351
10,41,12,2896,0.496966
10,41,13,2832.23,0.515434
10,41,14,2786.01,0.53206
10,41,15,2751.36,0.540566
10,41,16,2720.81,0.538144
10,41,17,2687.09,0.525395
10,41,18,2645.17,0.504645
10,41,19,2593.18,0.478929
10,41,20,2533.12,0.451426
10,41,21,2469.9,0.42623
10,41,22,2409.89,0.407382
10,41,23,2358.46,0.397784
10,41,24,2319.49,0.398171
10,41,25,2296.33,0.407318
10,41,26,2292.62,0.422635
10,41,27,2312.02,0.441088
10,41,28,2356.44,0.459908
10,41,29,2423.64,0.476026
10,41,30,2506,0.485788
10,41,31,2592.17,0.485866
10,41,32,2670.97,0.473653
10,41,33,2735.16,0.449274
10,41,34,2783.13,0.415338
10,41,35,2818.5,0.376657
10,41,36,2847.57,0.338433
10,41,37,2876.99,0.305006
10,41,38,2911.64,0.278491
10,41,39,2954.74,0.259448
10,41,40,3007.46,0.247056
10,41,41,3071.11,0.240337
10,41,42,3144.23,0.238175
10,41,43,3221.25,0.239503
10,41,44,3292.24,0.242517
10,41,45,3344.41,0.244393
10,41,46,3363.87,0.241188
10,41,47,3336.67,0.229162
10,41,48,3248.38,0.206448
10,41,49,3084.43,0.174028
10,42,0,3288.84,0.419047
10,42,1,3488.01,0.495782
10,42,2,3612.31,0.551913
10,42,3,3674.53,0.584783
10,42,4,3685.38,0.595943
10,42,5,3652.95,0.58882
10,42,6,3583.98,0.567273
10,42,7,3485.74,0.535937
10,42,8,3367.32,0.50125
10,42,9,3239.91,0.471826
10,42,10,3115.54,0.455326
10,42,11,3004.35,0.45571
10,42,12,2913.93,0.47136
10,42,13,2845.51,0.495752
10,42,14,2795.88,0.520239
10,42,15,2758.61,0.538084
10,42,16,2725.73,0.545524
10,42,17,2689.66,0.541951
10,42,18,2645.39,0.528622
10,42,19,2591.31,0.508079
10,42,20,2529.74,0.483527
10,42,21,2465.98,0.459589
10,42,22,2406.89,0.441108
10,42,23,2358.39,0.431877
10,42,24,2324.92,0.433333
10,42,25,2310.13,0.444746
10,42,26,2317.36,0.463806
10,42,27,2349.23,0.487285
10,42,28,2406.13,0.511916
10,42,29,2484.38,0.533943
10,42,30,2575.54,0.548933
10,42,31,2668.29,0.552865
10,42,32,2752.24,0.542653
10,42,33,2821.09,0.518212
10,42,34,2874.05,0.482365
10,42,35,2914.95,0.440422
10,42,36,2949.9,0.398268
10,42,37,2985.12,0.360922
10,42,38,3025.18,0.330887
10,42,39,3073.21,0.308777
10,42,40,3130.53,0.293618
10,42,41,3198.64,0.284603
10,42,42,3275.97,0.281138
10,42,43,3356.64,0.282902
10,42,44,3430.46,0.288517
10,42,45,3484.68,0.294812
10,42,46,3505.79,0.296424
10,42,47,3480.12,0.287566
10,42,48,3392.95,0.264578
10,42,49,3228.26,0.22758
10,43,0,3291.92,0.40892
10,43,1,3491.41,0.482793
10,43,2,3617.01,0.535708
10,43,3,3681.54,0.56497
10,43,4,3695.57,0.572292
10,43,5,3666.96,0.561468
10,43,6,3602.02,0.536825
10,43,7,3507.38,0.503374
10,43,8,3391.5,0.467626
10,43,9,3265.2,0.438024
10,43,10,3140.74,0.422083
10,43,11,3028.9,0.42386
10,43,12,2937.88,0.442187
10,43,13,2869.04,0.471098
10,43,14,2818.83,0.502269
10,43,15,2780.31,0.52867
10,43,16,2745.4,0.545568
10,43,17,2706.71,0.550952
10,43,18,2659.68,0.54481
10,43,19,2603.15,0.529092
10,43,20,2539.7,0.507081
10,43,21,2474.78,0.484044
10,43,22,2415.65,0.46574
10,43,23,2368.89,0.456979
10,43,24,2339.92,0.460076
10,43,25,2332.99,0.475086
10,43,26,2351.24,0.500258
10,43,27,2395.94,0.532314
10,43,28,2465.54,0.567274
10,43,29,2554.54,0.600134
10,43,30,2653.66,0.62491
10,43,31,2751.81,0.636117
10,43,32,2839.61,0.629679
10,43,33,2911.87,0.605138
10,43,34,2968.57,0.56572
10,43,35,3013.66,0.517719
10,43,36,3053.02,0.468357
10,43,37,3092.54,0.423999
10,43,38,3136.69,0.388079
10,43,39,3188.8,0.361564
10,43,40,3250.39,0.343287
10,43,41,3322.98,0.332334
10,43,42,3404.54,0.328265
10,43,43,3488.56,0.331188
10,43,44,3564.57,0.340015
10,43,45,3620.09,0.351254
10,43,46,3642.3,0.358166
10,43,47,3618.19,0.352891
10,43,48,3532.99,0.329825
10,43,49,3369.35,0.288047
10,44,0,3293.68,0.404819
10,44,1,3490.93,0.476457
10,44,2,3615.38,0.526121
10,44,3,3679.78,0.551002
10,44,4,3694.59,0.553089
10,44,5,3667.47,0.536852
10,44,6,3604.59,0.507455
10,44,7,3512.51,0.470571
10,44,8,3399.65,0.432876
10,44,9,3276.9,0.402492
10,44,10,3156.62,0.386559
10,44,11,3049.57,0.389037
10,44,12,2963.54,0.409191
10,44,13,2899.14,0.441723
10,44,14,2852,0.478728
10,44,15,2814.63,0.512855
10,44,16,2779.03,0.538269
10,44,17,2738.32,0.551395
10,44,18,2688.56,0.550927
10,44,19,2629.1,0.538348
10,44,20,2562.77,0.517316
10,44,21,2495.18,0.494002
10,44,22,2434.01,0.475286
10,44,23,2386.74,0.467099
10,44,24,2360.1,0.472709
10,44,25,2359.28,0.493047
10,44,26,2387.3,0.526965
10,44,27,2443.94,0.571119
10,44,28,2525.52,0.620582
10,44,29,2624.53,0.668641
10,44,30,2730.83,0.707176
10,44,31,2833.59,0.728641
10,44,32,2924.38,0.727567
10,44,33,2999.05,0.702975
10,44,34,3058.2,0.658624
10,44,35,3105.89,0.602199
10,44,36,3147.84,0.542802
10,44,37,3189.83,0.48872
10,44,38,3236.51,0.444803
10,44,39,3291.55,0.412691
10,44,40,3356.71,0.391053
10,44,41,3433.28,0.378656
10,44,42,3518.55,0.374865
10,44,43,3605.29,0.37983
10,44,44,3682.73,0.392506
10,44,45,3738.84,0.409021
10,44,46,3761.68,0.421349
10,44,47,3739.08,0.419707
10,44,48,3656.45,0.396612
10,44,49,3495.34,0.350101
10,45,0,3285.13,0.401817
10,45,1,3478.6,0.47132
10,45,2,3600.21,0.517595
10,45,3,3662.57,0.537657
10,45,4,3675.93,0.533802
10,45,5,3647.96,0.511315
10,45,6,3585.09,0.476385
10,45,7,3494.36,0.435474
10,45,8,3384.77,0.395455
10,45,9,3267.59,0.364017
10,45,10,3155.09,0.347793
10,45,11,3057.32,0.350567
10,45,12,2980.88,0.372033
10,45,13,2925.05,0.407578
10,45,14,2884.4,0.449652
10,45,15,2850.9,0.490406
10,45,16,2816.64,0.52275
10,45,17,2775.21,0.54151
10,45,18,2723.22,0.54427
10,45,19,2660.53,0.532379
10,45,20,2590.27,0.510271
10,45,21,2518.31,0.485299
10,45,22,2452.92,0.465577
10,45,23,2402.72,0.458113
10,45,24,2375.93,0.466999
10,45,25,2378.81,0.493887
10,45,26,2414.32,0.538071
10,45,27,2480.81,0.596059
10,45,28,2572.5,0.661889
10,45,29,2680.02,0.727031
10,45,30,2792.36,0.781089
10,45,31,2898.88,0.814267
10,45,32,2991.91,0.819535
10,45,33,3068.08,0.795287
10,45,34,3128.49,0.745802
10,45,35,3177.31,0.680263
10,45,36,3220.3,0.609849
10,45,37,3263.3,0.545
10,45,38,3311.31,0.492229
10,45,39,3368.38,0.454091
10,45,40,3436.39,0.429219
10,45,41,3516.34,0.416016
10,45,42,3604.75,0.41343
10,45,43,3693.67,0.421294
10,45,44,3772.11,0.438307
10,45,45,3828.48,0.460101
10,45,46,3851.7,0.477517
10,45,47,3830.34,0.4792
10,45,48,3750.14,0.456122
10,45,49,3591.86,0.405487
10,46,0,3253.51,0.392696
10,46,1,3443.03,0.459492
10,46,2,3561.31,0.50229
10,46,3,3620.58,0.517885
10,46,4,3630.93,0.508727
10,46,5,3600.23,0.480741
10,46,6,3535.62,0.440996
10,46,7,3445.21,0.396636
10,46,8,3339.04,0.354674
10,46,9,3228.85,0.322334
10,46,10,3126.49,0.305745
10,46,11,3040.72,0.308536
10,46,12,2976.47,0.330817
10,46,13,2931.51,0.368598
10,46,14,2899.46,0.414549
10,46,15,2871.83,0.460174
10,46,16,2840.72,0.497127
10,46,17,2799.97,0.518837
10,46,18,2746.57,0.522163
10,46,19,2680.77,0.508707
10,46,20,2606.04,0.483989
10,46,21,2528.74,0.456598
10,46,22,2457.84,0.435754
10,46,23,2403.13,0.429232
10,46,24,2374.22,0.441593
10,46,25,2378.4,0.474867
10,46,26,2418.57,0.528521
10,46,27,2491.86,0.598892
10,46,28,2590.74,0.679185
10,46,29,2704.3,0.759429
10,46,30,2820.83,0.827386
10,46,31,2929.8,0.871354
10,46,32,3024.06,0.882914
10,46,33,3100.82,0.85981
10,46,34,3161.55,0.806643
10,46,35,3210.54,0.733799
10,46,36,3253.69,0.654211
10,46,37,3297.06,0.580185
10,46,38,3345.96,0.519768
10,46,39,3404.77,0.476496
10,46,40,3475.41,0.449167
10,46,41,3558.54,0.435943
10,46,42,3650.04,0.43533
10,46,43,3741.3,0.446592
10,46,44,3821.08,0.46792
10,46,45,3878.04,0.494367
10,46,46,3901.6,0.515936
10,46,47,3880.87,0.520291
10,46,48,3801.79,0.497458
10,46,49,3644.74,0.444167
10,47,0,3184.13,0.370846
10,47,1,3370.56,0.433658
10,47,2,3486.05,0.472868
10,47,3,3542.07,0.485042
10,47,4,3548.56,0.472485
10,47,5,3513.92,0.441298
10,47,6,3446.51,0.398981
10,47,7,3355.94,0.353011
10,47,8,3253.53,0.310393
10,47,9,3151.34,0.277877
10,47,10,3060.31,0.261142
10,47,11,2987.44,0.263705
10,47,12,2935.86,0.286041
10,47,13,2902.03,0.324687
10,47,14,2878.88,0.372476
10,47,15,2857.68,0.420348
10,47,16,2830.5,0.458998
10,47,17,2791.29,0.480926
10,47,18,2737.25,0.482759
10,47,19,2668.9,0.466623
10,47,20,2590.14,0.439125
10,47,21,2507.84,0.409793
10,47,22,2431.62,0.388474
10,47,23,2372.26,0.383153
10,47,24,2340.37,0.398356
10,47,25,2343.97,0.436073
10,47,26,2385.88,0.49571
10,47,27,2462.37,0.573547
10,47,28,2564.74,0.662455
10,47,29,2681.02,0.751827
10,47,30,2799.14,0.828532
10,47,31,2908.65,0.879801
10,47,32,3002.8,0.896355
10,47,33,3079.18,0.875396
10,47,34,3139.51,0.82152
10,47,35,3188.23,0.745647
10,47,36,3231.41,0.661621
10,47,37,3275.28,0.582804
10,47,38,3325.37,0.518239
10,47,39,3386.26,0.472263
10,47,40,3459.87,0.44403
10,47,41,3546.59,0.43169
10,47,42,3641.86,0.433431
10,47,43,3736.51,0.447882
10,47,44,3818.89,0.472625
10,47,45,3877.45,0.502214
10,47,46,3901.6,0.526312
10,47,47,3880.52,0.532408
10,47,48,3800.15,0.51036
10,47,49,3640.9,0.456841
10,48,0,3062.05,0.333022
10,48,1,3246.17,0.389953
10,48,2,3359.63,0.425157
10,48,3,3412.63,0.435073
10,48,4,3415.01,0.421568
10,48,5,3376.03,0.390344
10,48,6,3305.71,0.348702
10,48,7,3215.51,0.303949
10,48,8,3117.91,0.262803
10,48,9,3024.8,0.231479
10,48,10,2945.66,0.215202
10,48,11,2885.46,0.217357
10,48,12,2845.57,0.238673
10,48,13,2821.51,0.276148
10,48,14,2806.01,0.322905
10,48,15,2790.37,0.369718
10,48,16,2766.77,0.406941
10,48,17,2729.3,0.426838
10,48,18,2675.28,0.426257
10,48,19,2605.49,0.407875
10,48,20,2524.21,0.379
10,48,21,2438.72,0.349445
10,48,22,2359.06,0.328945
10,48,23,2296.47,0.325014
10,48,24,2261.98,0.341652
10,48,25,2263.85,0.380465
10,48,26,2304.79,0.440693
10,48,27,2380.61,0.518792
10,48,28,2482.12,0.607955
10,48,29,2597.02,0.697949
10,48,30,2713.26,0.775946
10,48,31,2820.68,0.82925
10,48,32,2912.83,0.848491
10,48,33,2987.58,0.830574
10,48,34,3046.79,0.779734
10,48,35,3095.02,0.706552
10,48,36,3138.36,0.624634
10,48,37,3183.14,0.547256
10,48,38,3234.93,0.483629
10,48,39,3298.41,0.438494
10,48,40,3375.45,0.411445
10,48,41,3466.4,0.400848
10,48,42,3566.48,0.404781
10,48,43,3666.06,0.421355
10,48,44,3752.82,0.447662
10,48,45,3814.43,0.478051
10,48,46,3839.6,0.502522
10,48,47,3816.96,0.509294
10,48,48,3732.25,0.488867
10,48,49,3566.45,0.438213
10,49,0,2874.8,0.280928
10,49,1,3055.52,0.329954
10,49,2,3166.74,0.360438
10,49,3,3216.73,0.368893
10,49,4,3215.14,0.356582
10,49,5,3172.4,0.328336
10,49,6,3100.49,0.290658
10,49,7,3012.64,0.250161
10,49,8,2921.98,0.212938
10,49,9,2839.52,0.184515
10,49,10,2772.72,0.169557
10,49,11,2724.39,0.171192
10,49,12,2694.44,0.190257
10,49,13,2677.96,0.2242
10,49,14,2667.92,0.266728
10,49,15,2656.11,0.309095
10,49,16,2635.15,0.342127
10,49,17,2599.39,0.358588
10,49,18,2546.36,0.355861
10,49,19,2477.08,0.336946
10,49,20,2396.08,0.309172
10,49,21,2310.78,0.281792
10,49,22,2231.18,0.263628
10,49,23,2168.29,0.26112
10,49,24,2132.77,0.277402
10,49,25,2132.54,0.313536
10,49,26,2170.09,0.368628
10,49,27,2241.23,0.439583
10,49,28,2337.02,0.520523
10,49,29,2445.62,0.602504
10,49,30,2555.57,0.674126
10,49,31,2657.26,0.723882
10,49,32,2744.65,0.743132
10,49,33,2815.82,0.728801
10,49,34,2872.68,0.684478
10,49,35,2919.72,0.619573
10,49,36,2962.91,0.546315
10,49,37,3008.48,0.47673
10,49,38,3061.82,0.419327
10,49,39,3127.58,0.378731
10,49,40,3207.65,0.354939
10,49,41,3302.53,0.346663
10,49,42,3407.55,0.352091
10,49,43,3512.85,0.369077
10,49,44,3605.27,0.394523
10,49,45,3671.14,0.423032
10,49,46,3697.64,0.445648
10,49,47,3672.26,0.452126
10,49,48,3580.54,0.43427
10,49,49,3405.16,0.389577
11,0,0,2386.68,0.296672
11,0,1,2545.9,0.328764
11,0,2,2644.89,0.33644
11,0,3,2691.88,0.320598
11,0,4,2701.64,0.287926
11,0,5,2690.08,0.248015
11,0,6,2669.71,0.209787
11,0,7,2646.54,0.178859
11,0,8,2619.98,0.156652
11,0,9,2585.61,0.141332
11,0,10,2539.49,0.129733
11,0,11,2481,0.119277
11,0,12,2415.59,0.109514
11,0,13,2351.36,0.101033
11,0,14,2297.18,0.0949322
11,0,15,2258.65,0.0916451
11,0,16,2235.51,0.090172
11,0,17,2222.43,0.0887776
11,0,18,2211.36,0.0858344
11,0,19,2195.51,0.0806631
11,0,20,2171.06,0.0737725
11,0,21,2137.29,0.0663618
11,0,22,2094.44,0.0593097
11,0,23,2042.59,0.0528553
11,0,24,1981.16,0.0464669
11,0,25,1909.75,0.0395792
11,0,26,1830.07,0.0321032
11,0,27,1746.89,0.0245372
11,0,28,1667.03,0.0176498
11,0,29,1597.36,0.0120744
11,0,30,1541.99,0.00802776
11,0,31,1500.71,0.00534766
11,0,32,1469.45,0.00361607
11,0,33,1442.22,0.00246795
11,0,34,1413.7,0.00166063
11,0,35,1380.8,0.00106015
11,0,36,1343.12,0.000641453
11,0,37,1302.77,0.000377441
11,0,38,1262.96,0.000282528
11,0,39,1226.9,0.000425378
11,0,40,1196.65,0.000900649
11,0,41,1172.95,0.00200668
11,0,42,1155.2,0.00414817
11,0,43,1142.06,0.00776838
11,0,44,1131.96,0.0131113
11,0,45,1123.15,0.0199242
11,0,46,1114.03,0.0272518
11,0,47,1103.39,0.0335405
11,0,48,1090.56,0.0371356
11,0,49,1075.83,0.036978
11,1,0,2558.48,0.336017
11,1,1,2726.62,0.373443
11,1,2,2829.62,0.383471
11,1,3,2877.65,0.366805
11,1,4,2886.56,0.330658
11,1,5,2872.91,0.285625
11,1,6,2849.81,0.241752
11,1,7,2823.9,0.205641
11,1,8,2795.06,0.179373
11,1,9,2758.83,0.161435
11,1,10,2710.86,0.148685
11,1,11,2649.81,0.138357
11,1,12,2580.66,0.129727
11,1,13,2511.49,0.122957
11,1,14,2451.79,0.11865
11,1,15,2408.16,0.11669
11,1,16,2381.1,0.115597
11,1,17,2365.47,0.113345
11,1,18,2352.9,0.108282
11,1,19,2335.97,0.0999975
11,1,20,2310.35,0.0894574
11,1,21,2274.98,0.0783987
11,1,22,2229.85,0.068147
11,1,23,2174.92,0.0592054
11,1,24,2109.45,0.0511075
11,1,25,2032.88,0.043179
11,1,26,1946.76,0.0351483
11,1,27,1855.89,0.0273395
11,1,28,1767.41,0.0203692
11,1,29,1688.85,0.0147658
11,1,30,1625.12,0.0106566
11,1,31,1576.66,0.00782424
11,1,32,1539.65,0.00581713
11,1,33,1508,0.00428541
11,1,34,1476.07,0.00303984
11,1,35,1440.39,0.00201596
11,1,36,1400.16,0.00124323
11,1,37,1357.23,0.000725744
11,1,38,1314.62,0.000487197
11,1,39,1275.51,0.000591769
11,1,40,1242.08,0.00114253
11,1,41,1215.25,0.00248489
11,1,42,1194.62,0.00509639
11,1,43,1178.89,0.00950329
11,1,44,1166.35,0.0159803
11,1,45,1154.97,0.0241987
11,1,46,1142.83,0.0329854
11,1,47,1128.57,0.0404624
11,1,48,1111.58,0.044655
11,1,49,1092.43,0.0443267
11,2,0,2669.68,0.354218
11,2,1,2842.26,0.395057
11,2,2,2947.06,0.407322
11,2,3,2995.41,0.391388
11,2,4,3003.51,0.354461
11,2,5,2987.95,0.307418
11,2,6,2962.07,0.260768
11,2,7,2933.11,0.221697
11,2,8,2901.62,0.192877
11,2,9,2863.53,0.173337
11,2,10,2814.34,0.160295
11,2,11,2752.17,0.151064
11,2,12,2681.32,0.144685
11,2,13,2609.48,0.140737
11,2,14,2546.35,0.139085
11,2,15,2499.17,0.138857
11,2,16,2469.18,0.138093
11,2,17,2451.74,0.134658
11,2,18,2438.56,0.127131
11,2,19,2421.94,0.115567
11,2,20,2397.1,0.101431
11,2,21,2362.51,0.0869167
11,2,22,2317.71,0.0737028
11,2,23,2262.38,0.0625118
11,2,24,2195.65,0.0529955
11,2,25,2116.99,0.0444474
11,2,26,2028,0.0364476
11,2,27,1933.48,0.0291159
11,2,28,1840.54,0.0228205
11,2,29,1756.86,0.0178721
11,2,30,1687.7,0.0142111
11,2,31,1633.97,0.0115102
11,2,32,1592.33,0.00928838
11,2,33,1557.03,0.0072529
11,2,34,1522.51,0.00533927
11,2,35,1485.24,0.00363169
11,2,36,1444.17,0.00226969
11,2,37,1400.77,0.00132003
11,2,38,1357.67,0.000816648
11,2,39,1317.72,0.000799714
11,2,40,1283.02,0.0013569
11,2,41,1254.62,0.00284046
11,2,42,1232.33,0.00575454
11,2,43,1214.96,0.0106639
11,2,44,1200.69,0.0178398
11,2,45,1187.21,0.0268846
11,2,46,1172.25,0.0364798
11,2,47,1154.33,0.0445547
11,2,48,1133,0.0489677
11,2,49,1109.17,0.0484161
11,3,0,2725.26,0.351869
11,3,1,2899.89,0.394042
11,3,2,3005.75,0.408175
11,3,3,3054.5,0.394265
11,3,4,3062.14,0.359079
11,3,5,3044.86,0.313141
11,3,6,3015.96,0.266758
11,3,7,2983.2,0.227205
11,3,8,2948.01,0.197542
11,3,9,2907.05,0.177412
11,3,10,2856.04,0.164659
11,3,11,2792.77,0.156962
11,3,12,2720.94,0.153257
11,3,13,2647.7,0.152526
11,3,14,2582.57,0.153804
11,3,15,2533.08,0.155378
11,3,16,2501.09,0.154871
11,3,17,2482.61,0.150226
11,3,18,2469.81,0.14045
11,3,19,2454.99,0.126172
11,3,20,2433.01,0.109275
11,3,21,2401.68,0.092205
11,3,22,2359.85,0.0768
11,3,23,2306.72,0.0639012
11,3,24,2241.31,0.0533267
11,3,25,2163.28,0.0444684
11,3,26,2074.57,0.0368797
11,3,27,1980.08,0.030538
11,3,28,1886.73,0.0255284
11,3,29,1801.86,0.0218486
11,3,30,1730.54,0.0191361
11,3,31,1673.86,0.0168573
11,3,32,1629,0.0144704
11,3,33,1590.77,0.0117663
11,3,34,1554.12,0.008881
11,3,35,1515.8,0.00614365
11,3,36,1474.72,0.00387754
11,3,37,1432.02,0.00225362
11,3,38,1389.86,0.00131751
11,3,39,1350.65,0.00106149
11,3,40,1316.25,0.00152317
11,3,41,1287.75,0.00300675
11,3,42,1265.12,0.00598018
11,3,43,1247.34,0.0109896
11,3,44,1232.42,0.0182632
11,3,45,1217.72,0.0273555
11,3,46,1200.63,0.0369073
11,3,47,1179.48,0.0448343
11,3,48,1154.03,0.0490244
11,3,49,1125.64,0.0482397
11,4,0,2736.38,0.334556
11,4,1,2911.85,0.376385
11,4,2,3018.65,0.391931
11,4,3,3068.15,0.380859
11,4,4,3075.7,0.34926
11,4,5,3056.81,0.306868
11,4,6,3024.47,0.263255
11,4,7,2986.85,0.225315
11,4,8,2946.36,0.19619
11,4,9,2900.69,0.17608
11,4,10,2846.19,0.163612
11,4,11,2780.73,0.157087
11,4,12,2707.63,0.155556
11,4,13,2633.47,0.157554
11,4,14,2567.36,0.161384
11,4,15,2516.72,0.164559
11,4,16,2483.77,0.1644
11,4,17,2465.18,0.159045
11,4,18,2453.85,0.147984
11,4,19,2442.34,0.132357
11,4,20,2425.2,0.114239
11,4,21,2399.42,0.0960431
11,4,22,2362.92,0.0795179
11,4,23,2314.26,0.0655174
11,4,24,2252.32,0.0540903
11,4,25,2177.21,0.0449132
11,4,26,2091.42,0.0377195
11,4,27,2000.1,0.0324935
11,4,28,1909.88,0.0290736
11,4,29,1827.37,0.0270778
11,4,30,1757.05,0.025715
11,4,31,1699.8,0.0241129
11,4,32,1653.18,0.021597
11,4,33,1612.75,0.0180419
11,4,34,1574.15,0.0138514
11,4,35,1534.7,0.0096985
11,4,36,1493.53,0.00617236
11,4,37,1451.63,0.00359566
11,4,38,1410.8,0.00203006
11,4,39,1372.99,0.00139696
11,4,40,1339.8,0.00164434
11,4,41,1312.25,0.00296986
11,4,42,1290.46,0.00573893
11,4,43,1273.45,0.0104231
11,4,44,1259.04,0.0171733
11,4,45,1244.25,0.0255269
11,4,46,1226.04,0.0341993
11,4,47,1202.56,0.0412738
11,4,48,1173.72,0.0448558
11,4,49,1141.31,0.0438855
11,5,0,2716.79,0.30971
11,5,1,2892.25,0.35024
11,5,2,2999.84,0.366882
11,5,3,3050.21,0.359063
11,5,4,3057.76,0.33213
11,5,5,3037.11,0.294803
11,5,6,3000.74,0.255576
11,5,7,2957.08,0.220582
11,5,8,2909.49,0.192747
11,5,9,2856.92,0.172685
11,5,10,2796.79,0.159858
11,5,11,2727.51,0.153383
11,5,12,2652.41,0.152698
11,5,13,2577.62,0.15618
11,5,14,2511.59,0.161672
11,5,15,2461.18,0.166133
11,5,16,2428.58,0.166714
11,5,17,2411.01,0.161759
11,5,18,2402.24,0.1511
11,5,19,2395.31,0.136131
11,5,20,2384.52,0.118771
11,5,21,2365.95,0.101077
11,5,22,2336.41,0.084486
11,5,23,2293.73,0.0698029
11,5,24,2236.76,0.0574058
11,5,25,2166.18,0.0474809
11,5,26,2085.24,0.0401984
11,5,27,1999.41,0.0357551
11,5,28,1914.93,0.0338364
11,5,29,1837.5,0.0336495
11,5,30,1770.64,0.0338598
11,5,31,1714.8,0.0331108
11,5,32,1667.75,0.0304925
11,5,33,1625.77,0.0259347
11,5,34,1585.32,0.0201503
11,5,35,1544.41,0.0142386
11,5,36,1502.61,0.00913163
11,5,37,1460.98,0.00535117
11,5,38,1421.16,0.00298529
11,5,39,1384.76,0.00186757
11,5,40,1353.14,0.00181821
11,5,41,1327.18,0.00287405
11,5,42,1307.03,0.00523683
11,5,43,1291.69,0.00925654
11,5,44,1278.76,0.0149853
11,5,45,1264.91,0.0219805
11,5,46,1246.7,0.0291348
11,5,47,1222.04,0.0348447
11,5,48,1190.92,0.0375699
11,5,49,1155.44,0.036497
11,6,0,2680.14,0.283819
11,6,1,2854.82,0.322913
11,6,2,2962.74,0.340679
11,6,3,3013.56,0.336363
11,6,4,3020.64,0.314576
11,6,5,2997.67,0.282944
11,6,6,2956.55,0.248736
11,6,7,2905.8,0.217115
11,6,8,2849.64,0.190597
11,6,9,2788.39,0.170064
11,6,10,2720.84,0.155786
11,6,11,2646.43,0.14781
11,6,12,2568.91,0.146198
11,6,13,2494.03,0.149527
11,6,14,2429.38,0.15555
11,6,15,2380.78,0.161004
11,6,16,2349.96,0.163002
11,6,17,2334.49,0.160001
11,6,18,2329.07,0.151867
11,6,19,2327.38,0.139839
11,6,20,2323.56,0.125277
11,6,21,2312.78,0.109585
11,6,22,2290.73,0.093735
11,6,23,2254.55,0.0784904
11,6,24,2203.12,0.064689
11,6,25,2137.85,0.0532512
11,6,26,2062.82,0.0450375
11,6,27,1983.77,0.0406651
11,6,28,1906.5,0.0397935
11,6,29,1835.64,0.0412318
11,6,30,1773.67,0.0430296
11,6,31,1720.49,0.0432259
11,6,32,1673.98,0.0405631
11,6,33,1631.05,0.0349642
11,6,34,1588.94,0.0274463
11,6,35,1546.39,0.0195723
11,6,36,1503.52,0.0126692
11,6,37,1461.64,0.0075004
11,6,38,1422.4,0.00420205
11,6,39,1387.25,0.00251843
11,6,40,1357.3,0.00211776
11,6,41,1333.27,0.00283975
11,6,42,1315.16,0.0046817
11,6,43,1301.91,0.00784445
11,6,44,1290.94,0.012277
11,6,45,1278.65,0.0175897
11,6,46,1261.3,0.0229182
11,6,47,1236.58,0.0270495
11,6,48,1204.43,0.028854
11,6,49,1167.1,0.0277773
11,7,0,2637.56,0.261164
11,7,1,2810.91,0.299392
11,7,2,2918.45,0.318691
11,7,3,2968.82,0.318092
11,7,4,2974.4,0.301464
11,7,5,2948.07,0.275364
11,7,6,2901.32,0.245886
11,7,7,2842.77,0.217243
11,7,8,2777.41,0.1915
11,7,9,2706.85,0.169715
11,7,10,2631.4,0.152863
11,7,11,2551.79,0.141905
11,7,12,2472.38,0.137671
11,7,13,2398.59,0.139262
11,7,14,2336.86,0.14472
11,7,15,2291.63,0.150924
11,7,16,2263.76,0.155077
11,7,17,2251.02,0.155596
11,7,18,2249.03,0.152019
11,7,19,2252.23,0.144976
11,7,20,2254.78,0.134897
11,7,21,2251.06,0.122325
11,7,22,2235.79,0.107699
11,7,23,2205.53,0.0918075
11,7,24,2159.36,0.0760661
11,7,25,2099.42,0.062289
11,7,26,2030.5,0.0522077
11,7,27,1958.54,0.0470173
11,7,28,1888.75,0.046487
11,7,29,1824.7,0.0490961
11,7,30,1767.9,0.0522843
11,7,31,1717.73,0.0534327
11,7,32,1672.18,0.0508444
11,7,33,1628.74,0.0443453
11,7,34,1585.34,0.0351899
11,7,35,1541.38,0.0253775
11,7,36,1497.52,0.0166464
11,7,37,1455.38,0.0100358
11,7,38,1416.75,0.00576997
11,7,39,1383,0.00352478
11,7,40,1354.97,0.00281023
11,7,41,1333.09,0.003246
11,7,42,1317.15,0.00459498
11,7,43,1305.95,0.00688689
11,7,44,1296.81,0.00997241
11,7,45,1286.09,0.0135405
11,7,46,1269.96,0.0170028
11,7,47,1245.93,0.0195557
11,7,48,1213.81,0.0204744
11,7,49,1175.79,0.0194342
11,8,0,2596.53,0.244487
11,8,1,2768.39,0.282907
11,8,2,2874.89,0.304358
11,8,3,2923.68,0.307506
11,8,4,2926.34,0.295468
11,8,5,2895.31,0.273863
11,8,6,2842.05,0.247892
11,8,7,2775.52,0.221083
11,8,8,2701.49,0.195195
11,8,9,2622.74,0.171415
11,8,10,2540.9,0.151235
11,8,11,2457.85,0.136359
11,8,12,2378.45,0.12836
11,8,13,2307.56,0.127063
11,8,14,2250.28,0.131096
11,8,15,2209.41,0.137811
11,8,16,2184.85,0.144608
11,8,17,2174.52,0.149731
11,8,18,2174.93,0.152073
11,8,19,2181.43,0.151301
11,8,20,2188.39,0.146689
11,8,21,2189.71,0.137834
11,8,22,2179.4,0.124673
11,8,23,2153.68,0.108092
11,8,24,2111.87,0.0901238
11,8,25,2056.78,0.0735028
11,8,26,1993.67,0.0608751
11,8,27,1928.39,0.0540787
11,8,28,1865.5,0.0531181
11,8,29,1807.57,0.0562764
11,8,30,1755.28,0.060493
11,8,31,1707.69,0.0625365
11,8,32,1663.02,0.0602237
11,8,33,1619.33,0.0531751
11,8,34,1575.18,0.0427519
11,8,35,1530.47,0.0312912
11,8,36,1486.35,0.0209168
11,8,37,1444.68,0.0129714
11,8,38,1407.36,0.00782751
11,8,39,1375.65,0.00513974
11,8,40,1350.06,0.004272
11,8,41,1330.62,0.00460687
11,8,42,1316.79,0.00564121
11,8,43,1307.19,0.00720238
11,8,44,1299.24,0.00904677
11,8,45,1289.5,0.0109605
11,8,46,1274.31,0.0126456
11,8,47,1251.15,0.0136971
11,8,48,1219.64,0.0137571
11,8,49,1181.74,0.0126873
11,9,0,2560.55,0.235369
11,9,1,2731.24,0.275174
11,9,2,2836.35,0.299267
11,9,3,2882.59,0.305755
11,9,4,2881.02,0.297034
11,9,5,2844.09,0.278069
11,9,6,2783.73,0.25365
11,9,7,2709.72,0.22709
11,9,8,2628.73,0.20011
11,9,9,2544.56,0.173983
11,9,10,2459.72,0.150433
11,9,11,2376.73,0.131563
11,9,12,2300.38,0.119488
11,9,13,2234.58,0.114778
11,9,14,2182.9,0.116814
11,9,15,2146.5,0.123646
11,9,16,2124.53,0.132965
11,9,17,2115.12,0.142781
11,9,18,2115.79,0.151211
11,9,19,2122.87,0.156805
11,9,20,2131.26,0.157684
11,9,21,2134.71,0.152575
11,9,22,2126.92,0.141009
11,9,23,2104.03,0.123992
11,9,24,2065.59,0.104084
11,9,25,2014.82,0.0847772
11,9,26,1957.1,0.0695006
11,9,27,1897.9,0.0606873
11,9,28,1840.98,0.0586767
11,9,29,1787.99,0.0617456
11,9,30,1739.03,0.0665489
11,9,31,1693.13,0.0693945
11,9,32,1648.9,0.0676305
11,9,33,1605.05,0.0605666
11,9,34,1560.74,0.0494948
11,9,35,1516.29,0.0369336
11,9,36,1473.13,0.0253292
11,9,37,1433.23,0.0163469
11,9,38,1398.45,0.0105817
11,9,39,1369.81,0.00773263
11,9,40,1347.4,0.00703787
11,9,41,1330.72,0.00761652
11,9,42,1318.81,0.0086496
11,9,43,1310.18,0.00970929
11,9,44,1302.49,0.0104557
11,9,45,1292.75,0.010794
11,9,46,1277.74,0.0107396
11,9,47,1255.07,0.0102818
11,9,48,1224.14,0.00939761
11,9,49,1186.57,0.00809938
11,10,0,2530.33,0.235241
11,10,1,2700.46,0.27764
11,10,2,2804.22,0.304677
11,10,3,2847.48,0.313717
11,10,4,2841,0.306527
11,10,5,2797.64,0.287811
11,10,6,2730.34,0.262535
11,10,7,2650.09,0.234372
11,10,8,2564.74,0.20534
11,10,9,2478.89,0.176788
11,10,10,2395.45,0.150351
11,10,11,2316.78,0.128102
11,10,12,2246.87,0.112347
11,10,13,2188.19,0.104235
11,10,14,2142.62,0.103886
11,10,15,2109.98,0.11014
11,10,16,2088.93,0.121052
11,10,17,2078.08,0.134441
11,10,18,2076.03,0.147732
11,10,19,2080.28,0.158479
11,10,20,2086.52,0.163886
11,10,21,2088.86,0.162031
11,10,22,2081.11,0.152172
11,10,23,2059.49,0.135384
11,10,24,2023.75,0.114508
11,10,25,1977.11,0.0934563
11,10,26,1924.64,0.0761459
11,10,27,1871.06,0.0654505
11,10,28,1819.22,0.062097
11,10,29,1769.96,0.0645718
11,10,30,1723.08,0.0695313
11,10,31,1677.86,0.0730631
11,10,32,1633.54,0.0721374
11,10,33,1589.6,0.0656851
11,10,34,1545.82,0.0547476
11,10,35,1502.83,0.0418409
11,10,36,1462.14,0.02964
11,10,37,1425.56,0.0201341
11,10,38,1394.7,0.0142093
11,10,39,1370.22,0.0116754
11,10,40,1351.66,0.0116595
11,10,41,1337.95,0.0129727
11,10,42,1327.73,0.0144072
11,10,43,1319.44,0.0152076
11,10,44,1311.11,0.0149322
11,10,45,1300.41,0.0136416
11,10,46,1284.71,0.0117156
11,10,47,1261.81,0.00956476
11,10,48,1230.91,0.00749752
11,10,49,1193.25,0.0056594
11,11,0,2504.86,0.244766
11,11,1,2674.99,0.290821
11,11,2,2777.79,0.32091
11,11,3,2818.31,0.331565
11,11,4,2807.25,0.324087
11,11,5,2758.08,0.303302
11,11,6,2685.02,0.274885
11,11,7,2600.56,0.243375
11,11,8,2513.84,0.21141
11,11,9,2430.1,0.18045
11,11,10,2352.16,0.151797
11,11,11,2281.55,0.12708
11,11,12,2220.76,0.108395
11,11,13,2170.45,0.0971632
11,11,14,2130.83,0.0940709
11,11,15,2100.65,0.0986995
11,11,16,2078.46,0.109515
11,11,17,2063.54,0.124295
11,11,18,2055.65,0.140057
11,11,19,2053.6,0.153698
11,11,20,2054.28,0.161916
11,11,21,2052.58,0.162451
11,11,22,2042.84,0.154406
11,11,23,2021.51,0.138806
11,11,24,1988.32,0.118431
11,11,25,1946.08,0.0971684
11,11,26,1899.06,0.0790308
11,11,27,1850.92,0.0671059
11,11,28,1803.5,0.0624997
11,11,29,1757.02,0.0640957
11,11,30,1711.19,0.0688474
11,11,31,1665.84,0.0729075
11,11,32,1621.11,0.0730313
11,11,33,1577.31,0.0677745
11,11,34,1534.89,0.0577921
11,11,35,1494.62,0.0454246
11,11,36,1457.86,0.0334579
11,11,37,1426.03,0.0241684
11,11,38,1400.25,0.0187625
11,11,39,1380.68,0.0172001
11,11,40,1366.3,0.0184943
11,11,41,1355.56,0.0210933
11,11,42,1346.75,0.0233231
11,11,43,1338.35,0.0240342
11,11,44,1328.88,0.0226877
11,11,45,1316.68,0.019557
11,11,46,1299.71,0.0154633
11,11,47,1275.93,0.0112937
11,11,48,1244.27,0.0077069
11,11,49,1205.55,0.00497807
11,12,0,2484.51,0.264386
11,12,1,2654.96,0.315113
11,12,2,2757.28,0.348438
11,12,3,2795.91,0.360073
11,12,4,2781.55,0.351022
11,12,5,2728.33,0.32651
11,12,6,2651.67,0.293232
11,12,7,2565.54,0.256921
11,12,8,2480.25,0.221099
11,12,9,2401.54,0.187459
11,12,10,2331.8,0.15689
11,12,11,2271.37,0.130325
11,12,12,2220.88,0.109294
11,12,13,2179.09,0.0951229
11,12,14,2144.65,0.0887876
11,12,15,2115.53,0.0904506
11,12,16,2090.34,0.0990179
11,12,17,2069.09,0.112438
11,12,18,2052.75,0.127709
11,12,19,2041.58,0.14153
11,12,20,2033.95,0.150539
11,12,21,2026.01,0.152436
11,12,22,2012.97,0.146247
11,12,23,1991.55,0.132793
11,12,24,1961.25,0.114445
11,12,25,1923.99,0.0946464
11,12,26,1882.83,0.0771199
11,12,27,1840.1,0.0649194
11,12,28,1796.62,0.0594543
11,12,29,1752.18,0.0601101
11,12,30,1706.69,0.0643697
11,12,31,1660.78,0.0687243
11,12,32,1615.59,0.0699279
11,12,33,1572.41,0.0662538
11,12,34,1532.21,0.0579228
11,12,35,1495.77,0.0469731
11,12,36,1464.04,0.0361682
11,12,37,1437.86,0.0279838
11,12,38,1417.69,0.0239082
11,12,39,1403.13,0.0240414
11,12,40,1392.72,0.0272616
11,12,41,1384.56,0.0316112
11,12,42,1376.83,0.0349058
11,12,43,1368.18,0.0355785
11,12,44,1357.65,0.0330232
11,12,45,1344.14,0.0277946
11,12,46,1325.99,0.0212294
11,12,47,1301.1,0.0147398
11,12,48,1267.99,0.00935037
11,12,49,1227.02,0.00546015
11,13,0,2469.38,0.293338
11,13,1,2640.03,0.349707
11,13,2,2742.25,0.386707
11,13,3,2780.1,0.399331
11,13,4,2764.31,0.388395
11,13,5,2709.5,0.359574
11,13,6,2632,0.320587
11,13,7,2546.83,0.27843
11,13,8,2465.14,0.237692
11,13,9,2392.99,0.200529
11,13,10,2332.3,0.167592
11,13,11,2282.15,0.139093
11,13,12,2241.47,0.1158
11,13,13,2207.3,0.0986032
11,13,14,2176.94,0.0884453
11,13,15,2147.76,0.0858358
11,13,16,2118.45,0.0901072
11,13,17,2089.62,0.099588
11,13,18,2063.36,0.111635
11,13,19,2041.39,0.123174
11,13,20,2023.87,0.131156
11,13,21,2008.52,0.133452
11,13,22,1991.66,0.129031
11,13,23,1970.31,0.118381
11,13,24,1943.42,0.103211
11,13,25,1911.72,0.0862269
11,13,26,1876.71,0.0705795
11,13,27,1839.3,0.0590708
11,13,28,1799.37,0.0532806
11,13,29,1756.51,0.0530929
11,13,30,1711.08,0.0566392
11,13,31,1664.64,0.0609592
11,13,32,1619.44,0.0630367
11,13,33,1577.61,0.0610359
11,13,34,1540.5,0.0548002
11,13,35,1508.69,0.0460048
11,13,36,1482.56,0.0372519
11,13,37,1462.16,0.0310672
11,13,38,1447.3,0.0290961
11,13,39,1437.09,0.0315068
11,13,40,1429.8,0.0370135
11,13,41,1423.46,0.0432629
11,13,42,1416.39,0.0476031
11,13,43,1407.61,0.0481178
11,13,44,1396.63,0.0442054
11,13,45,1382.69,0.0367584
11,13,46,1364.16,0.0276512
11,13,47,1338.52,0.0188079
11,13,48,1303.66,0.0115863
11,13,49,1259.4,0.00648218
11,14,0,2460.04,0.33013
11,14,1,2630.31,0.393161
11,14,2,2732.45,0.434676
11,14,3,2770.38,0.449063
11,14,4,2754.89,0.43695
11,14,5,2700.88,0.40429
11,14,6,2625.04,0.359564
11,14,7,2542.89,0.310891
11,14,8,2465.99,0.264022
11,14,9,2400.59,0.221901
11,14,10,2348.22,0.185305
11,14,11,2307.06,0.15395
11,14,12,2274.69,0.127838
11,14,13,2246.79,0.107199
11,14,14,2219.6,0.0926573
11,14,15,2189.92,0.0848138
11,14,16,2156.4,0.0833607
11,14,17,2120.01,0.0871347
11,14,18,2083.73,0.0941072
11,14,19,2050.69,0.101713
11,14,20,2022.89,0.107425
11,14,21,1999.88,0.109376
11,14,22,1979.2,0.106463
11,14,23,1958.14,0.0987708
11,14,24,1934.99,0.0872506
11,14,25,1909.03,0.0737712
11,14,26,1880.09,0.0607754
11,14,27,1847.74,0.0506666
11,14,28,1811.09,0.0450367
11,14,29,1769.75,0.044166
11,14,30,1724.64,0.0468298
11,14,31,1678.31,0.0507285
11,14,32,1633.95,0.0532783
11,14,33,1594.33,0.0527443
11,14,34,1560.95,0.0487319
11,14,35,1534.03,0.0425547
11,14,36,1513.23,0.0365225
11,14,37,1497.9,0.0330155
11,14,38,1487.21,0.0336397
11,14,39,1479.96,0.0385144
11,14,40,1474.39,0.0461791
11,14,41,1468.76,0.053983
11,14,42,1461.85,0.0589727
11,14,43,1453.18,0.0590575
11,14,44,1442.68,0.0537464
11,14,45,1429.65,0.0442809
11,14,46,1412.02,0.0329937
11,14,47,1386.52,0.0222056
11,14,48,1350.1,0.0135032
11,14,49,1302.01,0.00742433
11,15,0,2456.64,0.371695
11,15,1,2625.66,0.442264
11,15,2,2727.28,0.489313
11,15,3,2765.59,0.506694
11,15,4,2751.46,0.49474
11,15,5,2699.81,0.459378
11,15,6,2627.26,0.409453
11,15,7,2549.29,0.353948
11,15,8,2477.51,0.299812
11,15,9,2418.22,0.251089
11,15,10,2372.83,0.209132
11,15,11,2338.94,0.173525
11,15,12,2313.29,0.143671
11,15,13,2290.58,0.119063
11,15,14,2266.16,0.0998196
11,15,15,2236.32,0.086403
11,15,16,2199.45,0.0787537
11,15,17,2156.64,0.0762339
11,15,18,2111.45,0.0775129
11,15,19,2068.21,0.080633
11,15,20,2030.69,0.0836217
11,15,21,2000.21,0.0848577
11,15,22,1975.65,0.0831279
11,15,23,1954.61,0.0781186
11,15,24,1934.74,0.0700712
11,15,25,1913.92,0.0600845
11,15,26,1890.44,0.04991
11,15,27,1862.72,0.0414977
11,15,28,1829.3,0.0363171
11,15,29,1789.93,0.0348947
11,15,30,1746.11,0.0365524
11,15,31,1701.11,0.0396628
11,15,32,1658.8,0.0422078
11,15,33,1622.24,0.0427412
11,15,34,1592.86,0.0408027
11,15,35,1570.44,0.0373867
11,15,36,1554,0.0344013
11,15,37,1542.28,0.0338703
11,15,38,1534.03,0.037134
11,15,39,1527.94,0.0441308
11,15,40,1522.43,0.0532535
11,15,41,1516.3,0.0617444
11,15,42,1509,0.0666288
11,15,43,1500.69,0.065903
11,15,44,1491.59,0.0593065
11,15,45,1480.75,0.0483777
11,15,46,1465.34,0.0357227
11,15,47,1440.99,0.0238406
11,15,48,1403.59,0.0143766
11,15,49,1351.7,0.00783288
11,16,0,2458.33,0.413187
11,16,1,2625.15,0.49165
11,16,2,2725.55,0.545007
11,16,3,2764,0.56659
11,16,4,2751.49,0.55627
11,16,5,2702.8,0.51962
11,16,6,2634.21,0.465465
11,16,7,2560.81,0.403375
11,16,8,2494,0.341432
11,16,9,2440.11,0.284972
11,16,10,2400.54,0.236273
11,16,11,2372.7,0.19516
11,16,12,2352.78,0.160704
11,16,13,2334.78,0.131752
11,16,14,2313.32,0.107865
11,16,15,2284.15,0.0892239
11,16,16,2245.33,0.075883
11,16,17,2197.79,0.0676353
11,16,18,2145.42,0.0637622
11,16,19,2093.4,0.0628462
11,16,20,2046.97,0.0633749
11,16,21,2009.12,0.0638979
11,16,22,1980.06,0.0630673
11,16,23,1957.9,0.060227
11,16,24,1939.89,0.0550578
11,16,25,1922.84,0.0480586
11,16,26,1903.8,0.0404073
11,16,27,1880.28,0.0336219
11,16,28,1850.42,0.0289636
11,16,29,1814.06,0.0270554
11,16,30,1773.05,0.0276254
11,16,31,1731.02,0.0296556
11,16,32,1692.03,0.0317494
11,16,33,1659.12,0.032879
11,16,34,1633.5,0.0326724
11,16,35,1614.59,0.0318593
11,16,36,1600.99,0.0318641
11,16,37,1591.1,0.0341656
11,16,38,1583.45,0.039631
11,16,39,1576.79,0.0479123
11,16,40,1569.92,0.0573323
11,16,41,1562.32,0.0652847
11,16,42,1554.3,0.0691132
11,16,43,1546.62,0.0671878
11,16,44,1539.7,0.0595751
11,16,45,1532.08,0.0479947
11,16,46,1519.91,0.0350653
11,16,47,1497.59,0.0231892
11,16,48,1459.89,0.0138714
11,16,49,1404.69,0.00750066
11,17,0,2463.56,0.448808
11,17,1,2627.58,0.534662
11,17,2,2726.22,0.594456
11,17,3,2764.43,0.620985
11,17,4,2753.37,0.613512
11,17,5,2707.64,0.577009
11,17,6,2643.06,0.520011
11,17,7,2574.2,0.452411
11,17,8,2512.17,0.38324
11,17,9,2463.26,0.319065
11,17,10,2429.01,0.263203
11,17,11,2406.7,0.215972
11,17,12,2392.18,0.176419
11,17,13,2378.85,0.142993
11,17,14,2360.71,0.114833
11,17,15,2333.05,0.091826
11,17,16,2293.51,0.0740304
11,17,17,2242.82,0.0614946
11,17,18,2184.91,0.053885
11,17,19,2125.47,0.0501279
11,17,20,2070.76,0.0489916
11,17,21,2025.18,0.0491028
11,17,22,1990.31,0.0489866
11,17,23,1965.09,0.0477461
11,17,24,1946.81,0.0447031
11,17,25,1931.7,0.039966
11,17,26,1915.92,0.0342985
11,17,27,1896.3,0.0288486
11,17,28,1870.59,0.0246268
11,17,29,1838.59,0.022231
11,17,30,1802.08,0.0216568
11,17,31,1764.56,0.0224029
11,17,32,1729.85,0.0236921
11,17,33,1700.68,0.0249823
11,17,34,1678.09,0.0260979
11,17,35,1661.38,0.0275525
11,17,36,1649.02,0.0302369
11,17,37,1639.36,0.0349449
11,17,38,1630.86,0.0419186
11,17,39,1622.5,0.0504593
11,17,40,1613.5,0.0589165
11,17,41,1604.14,0.06509
11,17,42,1595.54,0.0669502
11,17,43,1589.02,0.0634797
11,17,44,1584.98,0.0551272
11,17,45,1581.26,0.0436563
11,17,46,1572.9,0.0314466
11,17,47,1553.14,0.020553
11,17,48,1515.74,0.0121735
11,17,49,1457.89,0.00652449
11,18,0,2470.04,0.473132
11,18,1,2631.51,0.564943
11,18,2,2728.61,0.630528
11,18,3,2766.83,0.662161
11,18,4,2757.48,0.658405
11,18,5,2714.98,0.623515
11,18,6,2654.67,0.565589
11,18,7,2590.55,0.494608
11,18,8,2533.4,0.420224
11,18,9,2489.48,0.349905
11,18,10,2460.42,0.287822
11,18,11,2443.4,0.234853
11,18,12,2433.96,0.19029
11,18,13,2424.99,0.152544
11,18,14,2410.03,0.120629
11,18,15,2383.99,0.0942761
11,18,16,2344.26,0.073511
11,18,17,2291.31,0.0584399
11,18,18,2228.92,0.0488132
11,18,19,2162.93,0.0436392
11,18,20,2100.2,0.0417533
11,18,21,2046.23,0.0417826
11,18,22,2003.98,0.0421814
11,18,23,1973.54,0.0419519
11,18,24,1952.79,0.0402778
11,18,25,1937.82,0.0370746
11,18,26,1924.23,0.0328329
11,18,27,1908.29,0.0283793
11,18,28,1887.28,0.0244428
11,18,29,1860.62,0.0215003
11,18,30,1829.68,0.019708
11,18,31,1797.41,0.0190021
11,18,32,1767.06,0.0192058
11,18,33,1741.05,0.0202913
11,18,34,1720.4,0.0223417
11,18,35,1704.6,0.0256904
11,18,36,1692.32,0.0306735
11,18,37,1682.02,0.0373195
11,18,38,1672.22,0.04516
11,18,39,1662.14,0.0531156
11,18,40,1651.42,0.0596415
11,18,41,1641.04,0.0631208
11,18,42,1632.8,0.062348
11,18,43,1628.4,0.0570576
11,18,44,1627.96,0.0480925
11,18,45,1628.55,0.0371562
11,18,46,1624.16,0.0262242
11,18,47,1607.06,0.0168537
11,18,48,1570.21,0.00984295
11,18,49,1510.18,0.00520872
11,19,0,2475.92,0.483308
11,19,1,2636.1,0.579125
11,19,2,2733.06,0.649414
11,19,3,2772.7,0.685965
11,19,4,2766.42,0.686635
11,19,5,2728.39,0.654953
11,19,6,2673.37,0.598527
11,19,7,2614.74,0.5272
11,19,8,2562.86,0.4508
11,19,9,2523.91,0.377148
11,19,10,2499.54,0.310844
11,19,11,2486.86,0.253217
11,19,12,2481.17,0.20402
11,19,13,2475.08,0.162072
11,19,14,2461.92,0.126691
11,19,15,2436.5,0.0977427
11,19,16,2396.08,0.0752733
11,19,17,2340.94,0.059264
11,19,18,2274.58,0.0492145
11,19,19,2202.68,0.0439104
11,19,20,2132.26,0.0420205
11,19,21,2069.63,0.0421197
11,19,22,2019.04,0.0426996
11,19,23,1981.92,0.0428484
11,19,24,1957.11,0.0418448
11,19,25,1940.95,0.0395785
11,19,26,1928.74,0.0363543
11,19,27,1916.11,0.0326709
11,19,28,1899.75,0.0289172
11,19,29,1878.44,0.0253627
11,19,30,1852.88,0.0222543
11,19,31,1825.26,0.019924
11,19,32,1798.32,0.0187916
11,19,33,1774.27,0.0193633
11,19,34,1754.38,0.0220136
11,19,35,1738.63,0.0269256
11,19,36,1726.06,0.0338874
11,19,37,1715.32,0.0421428
11,19,38,1705.01,0.0504893
11,19,39,1694.51,0.0574573
11,19,40,1683.76,0.061631
11,19,41,1674.28,0.062029
11,19,42,1668.28,0.0583136
11,19,43,1667.5,0.0509943
11,19,44,1671.58,0.041296
11,19,45,1676.77,0.0308299
11,19,46,1676.19,0.0211366
11,19,47,1661.41,0.0132559
11,19,48,1624.88,0.00758257
11,19,49,1562.67,0.00393614
11,20,0,2480.76,0.480198
11,20,1,2641.94,0.578228
11,20,2,2741.23,0.652195
11,20,3,2784.82,0.693463
11,20,4,2784.04,0.699226
11,20,5,2752.62,0.672357
11,20,6,2704.57,0.620002
11,20,7,2652.47,0.55168
11,20,8,2606.14,0.476937
11,20,9,2571.51,0.403324
11,20,10,2550.27,0.335325
11,20,11,2539.56,0.274491
11,20,12,2534.73,0.221171
11,20,13,2528.49,0.175014
11,20,14,2514.4,0.136125
11,20,15,2487.46,0.104883
11,20,16,2445.07,0.0814882
11,20,17,2387.34,0.0656544
11,20,18,2317.39,0.0563043
11,20,19,2240.49,0.0516816
11,20,20,2163.46,0.050055
11,20,21,2093.06,0.0499271
11,20,22,2034.55,0.049995
11,20,23,1990.7,0.0496801
11,20,24,1961.36,0.0486041
11,20,25,1943.34,0.046766
11,20,26,1931.75,0.044299
11,20,27,1921.61,0.0412935
11,20,28,1908.91,0.0376913
11,20,29,1891.64,0.0334681
11,20,30,1869.84,0.0289241
11,20,31,1845.04,0.0247886
11,20,32,1819.68,0.0220965
11,20,33,1796.1,0.0219067
11,20,34,1776.06,0.0248994
11,20,35,1760.16,0.0311303
11,20,36,1747.89,0.0398688
11,20,37,1738.02,0.0496069
11,20,38,1729.11,0.058437
11,20,39,1720.64,0.0645005
11,20,40,1712.61,0.0664734
11,20,41,1706.83,0.0639361
11,20,42,1705.56,0.0573208
11,20,43,1710.23,0.0478371
11,20,44,1719.82,0.0370709
11,20,45,1729.78,0.0265876
11,20,46,1732.61,0.0175865
11,20,47,1719.5,0.0106854
11,20,48,1682.63,0.00594249
11,20,49,1617.69,0.00300209
11,21,0,2486.37,0.467859
11,21,1,2651.27,0.566996
11,21,2,2755.79,0.644078
11,21,3,2806.23,0.69009
11,21,4,2813.68,0.701632
11,21,5,2791.2,0.68104
11,21,6,2751.84,0.635068
11,21,7,2707.11,0.572794
11,21,8,2666.03,0.503102
11,21,9,2634.13,0.432717
11,21,10,2613.15,0.365473
11,21,11,2600.58,0.302858
11,21,12,2592.26,0.245854
11,21,13,2581.63,0.195285
11,21,14,2562.99,0.152494
11,21,15,2531.94,0.118775
11,21,16,2486.14,0.094667
11,21,17,2425.59,0.079519
11,21,18,2352.85,0.0713826
11,21,19,2272.57,0.0676429
11,21,20,2191.04,0.0659498
11,21,21,2115.12,0.0647481
11,21,22,2050.7,0.0631616
11,21,23,2001.54,0.0612451
11,21,24,1968.38,0.0592145
11,21,25,1948.42,0.0572824
11,21,26,1936.71,0.0553638
11,21,27,1927.7,0.0530072
11,21,28,1916.77,0.0495724
11,21,29,1901.21,0.0446615
11,21,30,1880.56,0.0386116
11,21,31,1856.05,0.0325637
11,21,32,1830.21,0.0281778
11,21,33,1805.81,0.0270621
11,21,34,1785.24,0.0301922
11,21,35,1769.74,0.0375157
11,21,36,1759.11,0.0478385
11,21,37,1752.13,0.0589908
11,21,38,1747.22,0.0684463
11,21,39,1743.75,0.0739838
11,21,40,1741.61,0.0743003
11,21,41,1742.55,0.0693759
11,21,42,1748.52,0.0602143
11,21,43,1760.35,0.0485789
11,21,44,1776.23,0.0363847
11,21,45,1790.94,0.0252425
11,21,46,1796.6,0.0161745
11,21,47,1784.28,0.0095361
11,21,48,1746.11,0.00515363
11,21,49,1677.51,0.0025289
11,22,0,2496.25,0.452098
11,22,1,2667.2,0.551978
11,22,2,2779.18,0.631987
11,22,3,2838.47,0.682796
11,22,4,2855.84,0.700534
11,22,5,2843.61,0.687175
11,22,6,2813.7,0.649203
11,22,7,2776.32,0.595224
11,22,8,2739.42,0.533217
11,22,9,2707.98,0.468672
11,22,10,2683.78,0.404326
11,22,11,2665.02,0.341281
11,22,12,2648.55,0.281061
11,22,13,2629.22,0.225841
11,22,14,2602.6,0.178541
11,22,15,2565.2,0.141733
11,22,16,2515.11,0.116515
11,22,17,2452.14,0.101872
11,22,18,2378.15,0.0947869
11,22,19,2296.91,0.0915215
11,22,20,2213.92,0.0889227
11,22,21,2135.77,0.0853986
11,22,22,2068.51,0.080715
11,22,23,2016.43,0.0758503
11,22,24,1980.75,0.0718319
11,22,25,1959.02,0.0691633
11,22,26,1946.29,0.0674741
11,22,27,1936.65,0.0656523
11,22,28,1925.13,0.0623741
11,22,29,1908.57,0.0568252
11,22,30,1886.36,0.0493685
11,22,31,1859.87,0.0415388
11,22,32,1832.04,0.0355726
11,22,33,1806.25,0.0335612
11,22,34,1785.49,0.0367269
11,22,35,1771.49,0.0449203
11,22,36,1764.15,0.0565627
11,22,37,1762.14,0.0689619
11,22,38,1763.63,0.0791141
11,22,39,1767.78,0.0845039
11,22,40,1774.16,0.0837938
11,22,41,1784.18,0.0771844
11,22,42,1799.19,0.0660243
11,22,43,1819.24,0.052453
11,22,44,1841.74,0.0386594
11,22,45,1860.95,0.0263799
11,22,46,1868.82,0.0166196
11,22,47,1856.5,0.00962991
11,22,48,1816.11,0.00511199
11,22,49,1742.85,0.0024613
11,23,0,2513.93,0.438829
11,23,1,2692.12,0.539536
11,23,2,2812.28,0.622268
11,23,3,2880.66,0.677519
11,23,4,2907.81,0.701179
11,23,5,2905.35,0.695136
11,23,6,2884.12,0.665811
11,23,7,2852.98,0.621396
11,23,8,2818.65,0.568853
11,23,9,2785.35,0.512168
11,23,10,2754.9,0.452615
11,23,11,2726.4,0.390546
11,23,12,2698.17,0.327799
11,23,13,2666.96,0.267863
11,23,14,2630.04,0.215411
11,23,15,2585.11,0.174583
11,23,16,2530.73,0.147294
11,23,17,2466.46,0.13229
11,23,18,2393.27,0.125447
11,23,19,2313.83,0.121756
11,23,20,2232.62,0.117136
11,23,21,2155.63,0.10996
11,23,22,2088.65,0.100767
11,23,23,2036.02,0.091649
11,23,24,1999.15,0.0845753
11,23,25,1975.77,0.0803913
11,23,26,1961.07,0.0784085
11,23,27,1949.13,0.0768245
11,23,28,1934.89,0.0736238
11,23,29,1915.18,0.067587
11,23,30,1889.62,0.0590775
11,23,31,1860,0.0499332
11,23,32,1829.88,0.042821
11,23,33,1803.17,0.0401686
11,23,34,1783.26,0.0433553
11,23,35,1772.07,0.0521424
11,23,36,1769.41,0.0646733
11,23,37,1773.75,0.0779125
11,23,38,1783.03,0.0885658
11,23,39,1796.18,0.0939402
11,23,40,1812.31,0.0926577
11,23,41,1832.36,0.0850018
11,23,42,1856.94,0.072473
11,23,43,1885.29,0.0574101
11,23,44,1914.14,0.0421898
11,23,45,1937.43,0.0286959
11,23,46,1947.04,0.0180097
11,23,47,1934.2,0.010386
11,23,48,1891.04,0.00548192
11,23,49,1812.47,0.00262351
11,24,0,2541.22,0.432955
11,24,1,2726.35,0.534587
11,24,2,2853.64,0.619388
11,24,3,2929.52,0.677938
11,24,4,2964.44,0.706295
11,24,5,2969.6,0.706693
11,24,6,2954.96,0.68578
11,24,7,2928.17,0.651452
11,24,8,2894.67,0.60959
11,24,9,2857.81,0.562456
11,24,10,2819.34,0.509515
11,24,11,2779.3,0.449955
11,24,12,2737.68,0.38558
11,24,13,2693.35,0.32099
11,24,14,2645.52,0.262652
11,24,15,2593.23,0.216502
11,24,16,2535.51,0.185575
11,24,17,2471.52,0.168663
11,24,18,2401.22,0.16069
11,24,19,2326.04,0.155383
11,24,20,2249.3,0.147677
11,24,21,2176.12,0.135844
11,24,22,2111.73,0.121172
11,24,23,2060.21,0.106868
11,24,24,2022.91,0.0958524
11,24,25,1997.73,0.0893439
11,24,26,1980.18,0.0863823
11,24,27,1964.58,0.0845793
11,24,28,1946.24,0.0813392
11,24,29,1922.32,0.0750993
11,24,30,1892.99,0.0661632
11,24,31,1860.59,0.0564919
11,24,32,1829.22,0.0489424
11,24,33,1803.04,0.0460668
11,24,34,1785.4,0.0492912
11,24,35,1778.08,0.0583087
11,24,36,1780.68,0.0711167
11,24,37,1791.51,0.0845382
11,24,38,1808.41,0.0951912
11,24,39,1830.15,0.100349
11,24,40,1855.47,0.0986394
11,24,41,1884.81,0.0903624
11,24,42,1918.09,0.0770505
11,24,43,1953.9,0.0610995
11,24,44,1988.42,0.0449647
11,24,45,2015.36,0.0306256
11,24,46,2026.54,0.0192411
11,24,47,2013.17,0.0110999
11,24,48,1967.26,0.00585737
11,24,49,1883.36,0.00280351
11,25,0,2577.25,0.437465
11,25,1,2767.85,0.539979
11,25,2,2900.07,0.625725
11,25,3,2980.69,0.685737
11,25,4,3020.34,0.7168
11,25,5,3030.03,0.722045
11,25,6,3019.15,0.708707
11,25,7,2994.43,0.684523
11,25,8,2960.21,0.654207
11,25,9,2918.97,0.618059
11,25,10,2872.28,0.57338
11,25,11,2820.96,0.517758
11,25,12,2766.59,0.452595
11,25,13,2710.11,0.38333
11,25,14,2652.61,0.318192
11,25,15,2594.38,0.265094
11,25,16,2534.82,0.22851
11,25,17,2472.64,0.207667
11,25,18,2406.74,0.196869
11,25,19,2337.33,0.188734
11,25,20,2266.55,0.177226
11,25,21,2198.57,0.160376
11,25,22,2137.86,0.140006
11,25,23,2088.1,0.120232
11,25,24,2050.46,0.104798
11,25,25,2023.06,0.0953163
11,25,26,2001.86,0.0906933
11,25,27,1981.77,0.0881849
11,25,28,1958.77,0.0848181
11,25,29,1930.75,0.0787676
11,25,30,1898.55,0.0701741
11,25,31,1865.03,0.0608778
11,25,32,1834.46,0.053643
11,25,33,1810.77,0.0509302
11,25,34,1796.82,0.0541284
11,25,35,1793.92,0.0629175
11,25,36,1801.4,0.0753013
11,25,37,1817.59,0.0881511
11,25,38,1840.43,0.0981672
11,25,39,1868.76,0.10271
11,25,40,1901.12,0.10047
11,25,41,1937.61,0.0917621
11,25,42,1977.69,0.0781104
11,25,43,2019.48,0.0618862
11,25,44,2058.78,0.0455221
11,25,45,2089.06,0.0309954
11,25,46,2101.97,0.0194671
11,25,47,2088.53,0.0112239
11,25,48,2040.45,0.00591948
11,25,49,1951.8,0.0028334
11,26,0,2619.16,0.453322
11,26,1,2813.18,0.55666
11,26,2,2947.77,0.64211
11,26,3,3030.22,0.701541
11,26,4,3071.43,0.733037
11,26,5,3082.46,0.741198
11,26,6,3072.43,0.734214
11,26,7,3047.54,0.719778
11,26,8,3011.37,0.701341
11,26,9,2965.7,0.677002
11,26,10,2911.88,0.641588
11,26,11,2851.27,0.590748
11,26,12,2786.73,0.525198
11,26,13,2720.92,0.450998
11,26,14,2656.45,0.378084
11,26,15,2594.59,0.316436
11,26,16,2534.92,0.272218
11,26,17,2475.64,0.245472
11,26,18,2414.73,0.230287
11,26,19,2351.37,0.218433
11,26,20,2286.7,0.202978
11,26,21,2224,0.181525
11,26,22,2167,0.156082
11,26,23,2118.83,0.131301
11,26,24,2080.48,0.111528
11,26,25,2050.28,0.09879
11,26,26,2024.77,0.0920616
11,26,27,1999.7,0.0885435
11,26,28,1972.07,0.085117
11,26,29,1940.73,0.0797532
11,26,30,1907.29,0.0722874
11,26,31,1874.92,0.0641757
11,26,32,1847.59,0.0578238
11,26,33,1828.45,0.055437
11,26,34,1819.4,0.0583433
11,26,35,1821.02,0.0663136
11,26,36,1832.42,0.0775272
11,26,37,1852.09,0.0890682
11,26,38,1878.34,0.0978305
11,26,39,1910.3,0.10132
11,26,40,1946.6,0.0983248
11,26,41,1987.29,0.0891866
11,26,42,2031.67,0.0754427
11,26,43,2077.62,0.059419
11,26,44,2120.7,0.0434593
11,26,45,2154.05,0.0294354
11,26,46,2168.95,0.018402
11,26,47,2156.04,0.0105693
11,26,48,2106.59,0.00556097
11,26,49,2014.15,0.00266014
11,27,0,2664.45,0.479096
11,27,1,2859.99,0.583535
11,27,2,2994.74,0.667974
11,27,3,3076.55,0.725323
11,27,4,3116.59,0.755355
11,27,5,3126.08,0.764539
11,27,6,3114.16,0.762308
11,27,7,3086.91,0.756438
11,27,8,3047.63,0.749096
11,27,9,2997.75,0.736083
11,27,10,2938.46,0.709634
11,27,11,2871.46,0.663347
11,27,12,2800.48,0.597162
11,27,13,2729.29,0.517647
11,27,14,2661.47,0.436349
11,27,15,2598.76,0.365252
11,27,16,2540.68,0.312263
11,27,17,2484.93,0.278457
11,27,18,2428.83,0.258055
11,27,19,2370.86,0.24228
11,27,20,2311.52,0.223435
11,27,21,2253.39,0.198533
11,27,22,2199.5,0.169377
11,27,23,2152.41,0.140718
11,27,24,2112.8,0.117241
11,27,25,2079.2,0.101393
11,27,26,2048.78,0.092442
11,27,27,2018.41,0.0878399
11,27,28,1986.32,0.0845363
11,27,29,1952.59,0.0803311
11,27,30,1919.59,0.074609
11,27,31,1890.51,0.0682117
11,27,32,1868.6,0.0629815
11,27,33,1855.74,0.0607794
11,27,34,1852.47,0.0629044
11,27,35,1858.53,0.069358
11,27,36,1872.78,0.0786677
11,27,37,1894.01,0.088268
11,27,38,1921.09,0.0953051
11,27,39,1953.67,0.0974288
11,27,40,1990.72,0.0935021
11,27,41,2032.57,0.0838941
11,27,42,2078.66,0.0701761
11,27,43,2126.87,0.0546391
11,27,44,2172.56,0.0395101
11,27,45,2208.49,0.0264843
11,27,46,2225.41,0.0164213
11,27,47,2213.42,0.0093884
11,27,48,2163.24,0.00494627
11,27,49,2067.93,0.00238844
11,28,0,2712,0.510616
11,28,1,2907.59,0.616845
11,28,2,3040.87,0.700455
11,28,3,3120.15,0.755316
11,28,4,3156.81,0.782887
11,28,5,3162.25,0.791558
11,28,6,3145.84,0.792094
11,28,7,3114.02,0.792494
11,28,8,3070.31,0.793829
11,28,9,3016.26,0.789839
11,28,10,2953.12,0.770422
11,28,11,2882.78,0.727352
11,28,12,2809.38,0.659904
11,28,13,2737.11,0.575098
11,28,14,2669.79,0.485862
11,28,15,2609.06,0.405866
11,28,16,2554.12,0.344512
11,28,17,2502.23,0.303874
11,28,18,2450.4,0.278516
11,28,19,2396.81,0.259413
11,28,20,2341.7,0.238317
11,28,21,2287.23,0.211583
11,28,22,2235.81,0.180503
11,28,23,2189.34,0.149525
11,28,24,2148.07,0.123415
11,28,25,2110.64,0.105019
11,28,26,2074.89,0.094095
11,28,27,2038.97,0.0885971
11,28,28,2002.62,0.0857128
11,28,29,1967.25,0.0830856
11,28,30,1935.98,0.0795332
11,28,31,1911.81,0.0751157
11,28,32,1896.87,0.0709731
11,28,33,1891.42,0.0685809
11,28,34,1894.47,0.0692606
11,28,35,1904.8,0.0733872
11,28,36,1921.03,0.0800029
11,28,37,1942.33,0.0870278
11,28,38,1968.18,0.0919165
11,28,39,1998.93,0.0924488
11,28,40,2034.09,0.0875134
11,28,41,2074.5,0.077462
11,28,42,2119.99,0.0638746
11,28,43,2168.61,0.0489927
11,28,44,2215.6,0.0349077
11,28,45,2253.3,0.023106
11,28,46,2271.84,0.014213
11,28,47,2260.67,0.00812974
11,28,48,2210.01,0.00434209
11,28,49,2112.43,0.00216366
11,29,0,2762.32,0.541377
11,29,1,2956.99,0.650291
11,29,2,3087.65,0.734175
11,29,3,3162.96,0.787454
11,29,4,3194.37,0.812797
11,29,5,3193.46,0.820069
11,29,6,3169.99,0.821154
11,29,7,3131.13,0.8244
11,29,8,3081.21,0.830258
11,29,9,3022.41,0.831122
11,29,10,2956.4,0.815312
11,29,11,2885.2,0.773381
11,29,12,2812.94,0.70419
11,29,13,2743.54,0.615078
11,29,14,2680.29,0.519875
11,29,15,2624.21,0.4333
11,29,16,2573.94,0.365707
11,29,17,2526.36,0.319907
11,29,18,2478.45,0.290912
11,29,19,2428.49,0.269756
11,29,20,2376.84,0.247935
11,29,21,2325.46,0.221202
11,29,22,2276.23,0.190152
11,29,23,2230.31,0.158613
11,29,24,2187.41,0.131182
11,29,25,2146.12,0.111048
11,29,26,2105,0.0986014
11,29,27,2063.59,0.0925103
11,29,28,2023.26,0.0903523
11,29,29,1986.9,0.0896524
11,29,30,1958.24,0.0885959
11,29,31,1939.89,0.0863458
11,29,32,1932.63,0.0832194
11,29,33,1934.96,0.0802489
11,29,34,1944.29,0.078791
11,29,35,1958.46,0.0797019
11,29,36,1975.91,0.0826951
11,29,37,1996.17,0.0863375
11,29,38,2019.38,0.088506
11,29,39,2046.63,0.0871504
11,29,40,2078.12,0.0811555
11,29,41,2115.31,0.0707847
11,29,42,2158.52,0.0575365
11,29,43,2206.07,0.0435265
11,29,44,2253.12,0.0306588
11,29,45,2291.59,0.0201868
11,29,46,2311.01,0.012495
11,29,47,2300.2,0.00733428
11,29,48,2248.85,0.00413112
11,29,49,2149.17,0.00224296
11,30,0,2816.65,0.564539
11,30,1,3009.77,0.676778
11,30,2,3136.94,0.762476
11,30,3,3207.1,0.816033
11,30,4,3231.68,0.840459
11,30,5,3222.31,0.846195
11,30,6,3189.27,0.845697
11,30,7,3140.76,0.847714
11,30,8,3082.39,0.8528
11,30,9,3017.59,0.853177
11,30,10,2948.83,0.836819
11,30,11,2878.34,0.793951
11,30,12,2809.85,0.723284
11,30,13,2746.39,0.632141
11,30,14,2690.07,0.534455
11,30,15,2640.85,0.445073
11,30,16,2596.58,0.374566
11,30,17,2553.89,0.32613
11,30,18,2509.94,0.295319
11,30,19,2463.37,0.27359
11,30,20,2414.89,0.252564
11,30,21,2366.48,0.22757
11,30,22,2319.55,0.198428
11,30,23,2274.53,0.168104
11,30,24,2230.43,0.140771
11,30,25,2185.81,0.119848
11,30,26,2139.92,0.106434
11,30,27,2093.73,0.100071
11,30,28,2050.25,0.0988894
11,30,29,2013.72,0.100382
11,30,30,1988.32,0.102101
11,30,31,1976.07,0.102244
11,30,32,1976.28,0.100185
11,30,33,1985.76,0.0964083
11,30,34,2000.46,0.0922461
11,30,35,2017.48,0.0890845
11,30,36,2035.17,0.0874412
11,30,37,2053.5,0.0867238
11,30,38,2073.26,0.0854279
11,30,39,2096.26,0.0818046
11,30,40,2123.39,0.074757
11,30,41,2156.72,0.0643757
11,30,42,2197.01,0.0519097
11,30,43,2242.78,0.0391809
11,30,44,2289.08,0.0277888
11,30,45,2327.5,0.018715
11,30,46,2347.01,0.0121259
11,30,47,2335.89,0.00768422
11,30,48,2283.38,0.00481647
11,30,49,2181.37,0.00297439
11,31,0,2875.18,0.574684
11,31,1,3066.29,0.690091
11,31,2,3189.31,0.778833
11,31,3,3253.41,0.834758
11,31,4,3269.92,0.860231
11,31,5,3250.44,0.865116
11,31,6,3205.74,0.861613
11,31,7,3145.21,0.85877
11,31,8,3076.17,0.858009
11,31,9,3003.81,0.852766
11,31,10,2931.83,0.832136
11,31,11,2862.74,0.787024
11,31,12,2799.62,0.716163
11,31,13,2744.02,0.626305
11,31,14,2696.44,0.530462
11,31,15,2655.47,0.442569
11,31,16,2618.17,0.372672
11,31,17,2580.99,0.324077
11,31,18,2541.37,0.29305
11,31,19,2498.43,0.271889
11,31,20,2453.31,0.252771
11,31,21,2408.06,0.230845
11,31,22,2363.7,0.205157
11,31,23,2319.97,0.177638
11,31,24,2275.34,0.151784
11,31,25,2228.36,0.131082
11,31,26,2179.03,0.117343
11,31,27,2129.7,0.111093
11,31,28,2084.76,0.11116
11,31,29,2049.49,0.115115
11,31,30,2028.15,0.119909
11,31,31,2021.93,0.122738
11,31,32,2028.67,0.121916
11,31,33,2043.7,0.117255
11,31,34,2061.93,0.109966
11,31,35,2080.05,0.101972
11,31,36,2096.57,0.0947012
11,31,37,2112.01,0.088602
11,31,38,2127.83,0.0830305
11,31,39,2146.55,0.076734
11,31,40,2169.64,0.068704
11,31,41,2199.63,0.0587751
11,31,42,2237.54,0.047738
11,31,43,2281.87,0.0368884
11,31,44,2327.48,0.0273491
11,31,45,2365.57,0.019766
11,31,46,2384.66,0.014115
11,31,47,2372.6,0.0100552
11,31,48,2318.26,0.00710499
11,31,49,2213.34,0.00488911
11,32,0,2936.95,0.570644
11,32,1,3125.69,0.688181
11,32,2,3244.14,0.780358
11,32,3,3301.72,0.840211
11,32,4,3309.57,0.868668
11,32,5,3279.14,0.873923
11,32,6,3221.57,0.867004
11,32,7,3147.49,0.856972
11,32,8,3066.15,0.846716
11,32,9,2984.93,0.832158
11,32,10,2909.08,0.804901
11,32,11,2841.46,0.757434
11,32,12,2784.22,0.688548
11,32,13,2737.1,0.603746
11,32,14,2698.73,0.514035
11,32,15,2666.27,0.431474
11,32,16,2636.1,0.365
11,32,17,2604.61,0.317903
11,32,18,2569.59,0.287418
11,32,19,2530.55,0.267126
11,32,20,2488.98,0.250181
11,32,21,2446.93,0.231852
11,32,22,2405.11,0.210486
11,32,23,2362.77,0.186901
11,32,24,2318.12,0.163701
11,32,25,2269.95,0.144249
11,32,26,2219.08,0.130971
11,32,27,2169.02,0.125376
11,32,28,2125.19,0.127063
11,32,29,2093.3,0.133753
11,32,30,2077.18,0.141845
11,32,31,2076.9,0.147541
11,32,32,2088.92,0.148046
11,32,33,2107.46,0.142441
11,32,34,2126.89,0.131747
11,32,35,2143.97,0.118404
11,32,36,2157.74,0.104814
11,32,37,2169.42,0.0925943
11,32,38,2181.18,0.0821588
11,32,39,2196.22,0.0729353
11,32,40,2216.45,0.0640868
11,32,41,2244.64,0.0551277
11,32,42,2281.74,0.0461875
11,32,43,2325.99,0.0378005
11,32,44,2371.74,0.0304312
11,32,45,2409.8,0.0243239
11,32,46,2428.28,0.019304
11,32,47,2414.72,0.0151274
11,32,48,2357.77,0.0115169
11,32,49,2249.02,0.00836273
11,33,0,2999,0.555837
11,33,1,3185.23,0.673746
11,33,2,3299.14,0.768551
11,33,3,3350.45,0.832603
11,33,4,3350.06,0.865095
11,33,5,3309.11,0.871881
11,33,6,3238.94,0.862087
11,33,7,3151.28,0.844385
11,33,8,3057.37,0.82336
11,33,9,2966.94,0.798216
11,33,10,2886.93,0.764005
11,33,11,2820.48,0.715393
11,33,12,2768.66,0.651155
11,33,13,2729.28,0.57492
11,33,14,2699.06,0.494807
11,33,15,2674.02,0.420301
11,33,16,2650.06,0.358868
11,33,17,2623.65,0.313807
11,33,18,2592.9,0.283584
11,33,19,2557.55,0.263446
11,33,20,2519.2,0.247886
11,33,21,2479.77,0.232623
11,33,22,2439.75,0.215502
11,33,23,2398.27,0.19629
11,33,24,2353.68,0.176592
11,33,25,2305.31,0.159439
11,33,26,2254.91,0.147661
11,33,27,2206.89,0.143571
11,33,28,2167.19,0.147455
11,33,29,2141.32,0.157164
11,33,30,2132.03,0.168574
11,33,31,2138,0.176974
11,33,32,2154.42,0.178546
11,33,33,2174.79,0.171724
11,33,34,2193.43,0.157374
11,33,35,2207.7,0.138457
11,33,36,2217.45,0.118331
11,33,37,2224.85,0.0997931
11,33,38,2232.86,0.0843688
11,33,39,2245.29,0.0722589
11,33,40,2264.38,0.0628517
11,33,41,2292.88,0.0553041
11,33,42,2331.36,0.0489447
11,33,43,2377.4,0.0433742
11,33,44,2424.64,0.0382643
11,33,45,2463.31,0.0334118
11,33,46,2481.17,0.0285372
11,33,47,2465.59,0.0235868
11,33,48,2405.12,0.0185948
11,33,49,2291.31,0.0138049
11,34,0,3057.86,0.536835
11,34,1,3241.87,0.65314
11,34,2,3351.9,0.748708
11,34,3,3398.04,0.815673
11,34,4,3390.98,0.851785
11,34,5,3341.39,0.860541
11,34,6,3260.62,0.848858
11,34,7,3161.23,0.824631
11,34,8,3056.23,0.793951
11,34,9,2957.49,0.759424
11,34,10,2873.51,0.719831
11,34,11,2807.61,0.672199
11,34,12,2759.76,0.615171
11,34,13,2725.97,0.550121
11,34,14,2701.43,0.481795
11,34,15,2681.4,0.416762
11,34,16,2661.58,0.360896
11,34,17,2638.67,0.317562
11,34,18,2610.95,0.286621
11,34,19,2578.19,0.26521
11,34,20,2541.81,0.249412
11,34,21,2503.54,0.23574
11,34,22,2463.82,0.221867
11,34,23,2422.01,0.206758
11,34,24,2377.02,0.191066
11,34,25,2329.08,0.177308
11,34,26,2280.89,0.16837
11,34,27,2237.49,0.166998
11,34,28,2204.84,0.173876
11,34,29,2187.63,0.186845
11,34,30,2187.07,0.201282
11,34,31,2200.24,0.211739
11,34,32,2221.09,0.213627
11,34,33,2242.72,0.205
11,34,34,2259.81,0.186735
11,34,35,2270.63,0.162331
11,34,36,2276.16,0.136015
11,34,37,2279.64,0.11161
11,34,38,2284.89,0.0916244
11,34,39,2296.26,0.0769847
11,34,40,2316.21,0.067303
11,34,41,2347.21,0.0613787
11,34,42,2389.2,0.0577027
11,34,43,2438.82,0.0548878
11,34,44,2488.76,0.0517702
11,34,45,2528.59,0.0476922
11,34,46,2545.73,0.0423125
11,34,47,2527.48,0.0358305
11,34,48,2462.39,0.0286648
11,34,49,2342.07,0.0214774
11,35,0,3110.22,0.519843
11,35,1,3292.85,0.632734
11,35,2,3400.33,0.726555
11,35,3,3443.19,0.793847
11,35,4,3431.93,0.831678
11,35,5,3376.81,0.841786
11,35,6,3288.93,0.829076
11,35,7,3181.31,0.800423
11,35,8,3068.2,0.762915
11,35,9,2963.07,0.722037
11,35,10,2875.54,0.679927
11,35,11,2809.04,0.635789
11,35,12,2762.68,0.58805
11,35,13,2731.23,0.535795
11,35,14,2708.95,0.480353
11,35,15,2690.78,0.42537
11,35,16,2672.46,0.375124
11,35,17,2650.85,0.333028
11,35,18,2624.21,0.300308
11,35,19,2592.11,0.276006
11,35,20,2555.64,0.257933
11,35,21,2516.35,0.24375
11,35,22,2474.89,0.231418
11,35,23,2431.21,0.219534
11,35,24,2385.12,0.207999
11,35,25,2337.89,0.198666
11,35,26,2293.14,0.194039
11,35,27,2256.31,0.196742
11,35,28,2233.04,0.207424
11,35,29,2226.78,0.223702
11,35,30,2236.98,0.240517
11,35,31,2258.96,0.251968
11,35,32,2285.48,0.253091
11,35,33,2309.38,0.241948
11,35,34,2325.87,0.219654
11,35,35,2334.25,0.190249
11,35,36,2336.74,0.15865
11,35,37,2337.74,0.129413
11,35,38,2341.88,0.105733
11,35,39,2353.99,0.0890878
11,35,40,2376.56,0.0792672
11,35,41,2411.72,0.0747707
11,35,42,2458.6,0.0733541
11,35,43,2512.82,0.0727434
11,35,44,2566.08,0.0710125
11,35,45,2607.22,0.0670761
11,35,46,2623.37,0.0605406
11,35,47,2601.78,0.0518473
11,35,48,2531.03,0.0418038
11,35,49,2402.77,0.0315115
11,36,0,3153.65,0.508251
11,36,1,3336.33,0.616429
11,36,2,3443.11,0.706064
11,36,3,3485,0.770662
11,36,4,3472.49,0.807533
11,36,5,3415.47,0.817588
11,36,6,3324.68,0.804277
11,36,7,3213.08,0.773395
11,36,8,3095.4,0.732384
11,36,9,2985.88,0.6887
11,36,10,2894.8,0.647061
11,36,11,2825.72,0.608456
11,36,12,2777.53,0.57114
11,36,13,2744.6,0.532203
11,36,14,2720.98,0.489893
11,36,15,2701.66,0.445138
11,36,16,2682.39,0.400641
11,36,17,2659.95,0.359707
11,36,18,2632.34,0.324687
11,36,19,2598.72,0.29636
11,36,20,2559.84,0.274276
11,36,21,2517.26,0.257544
11,36,22,2472.15,0.244928
11,36,23,2425.36,0.23517
11,36,24,2377.71,0.227724
11,36,25,2331.51,0.223671
11,36,26,2291.1,0.224678
11,36,27,2262.14,0.232639
11,36,28,2249.75,0.247686
11,36,29,2256.1,0.267031
11,36,30,2278.84,0.285325
11,36,31,2311.55,0.296584
11,36,32,2345.79,0.295921
11,36,33,2374.12,0.281782
11,36,34,2392.25,0.255714
11,36,35,2400.51,0.222236
11,36,36,2402.32,0.186702
11,36,37,2403.14,0.154035
11,36,38,2408.33,0.127731
11,36,39,2422.97,0.109568
11,36,40,2449.52,0.0994418
11,36,41,2489.67,0.0956816
11,36,42,2541.85,0.0955589
11,36,43,2600.81,0.0961821
11,36,44,2657.34,0.0950533
11,36,45,2699.67,0.0907071
11,36,46,2714.61,0.0826294
11,36,47,2689.31,0.071372
11,36,48,2612.28,0.0580277
11,36,49,2475.06,0.0440988
11,37,0,3186.97,0.501301
11,37,1,3371.55,0.604093
11,37,2,3479.73,0.687823
11,37,3,3523.07,0.74727
11,37,4,3512.16,0.780713
11,37,5,3456.65,0.78913
11,37,6,3366.79,0.775192
11,37,7,3255.03,0.743722
11,37,8,3135.72,0.701963
11,37,9,3023.06,0.65839
11,37,10,2927.52,0.619429
11,37,11,2853.14,0.587432
11,37,12,2799.43,0.560636
11,37,13,2761.35,0.534642
11,37,14,2733.36,0.505177
11,37,15,2710.71,0.470774
11,37,16,2688.94,0.432577
11,37,17,2664.32,0.39353
11,37,18,2634.23,0.356717
11,37,19,2597.3,0.324326
11,37,20,2554.13,0.297524
11,37,21,2506.59,0.277029
11,37,22,2456.72,0.262819
11,37,23,2406.4,0.254265
11,37,24,2357.46,0.250693
11,37,25,2312.99,0.252371
11,37,26,2277.76,0.259768
11,37,27,2257.48,0.273539
11,37,28,2256.73,0.292922
11,37,29,2276.57,0.314657
11,37,30,2313.03,0.333352
11,37,31,2358.09,0.343353
11,37,32,2402.15,0.34026
11,37,33,2437.41,0.323147
11,37,34,2460.01,0.294058
11,37,35,2471.13,0.257824
11,37,36,2475.24,0.219929
11,37,37,2478.63,0.185298
11,37,38,2487.12,0.157344
11,37,39,2505.81,0.137896
11,37,40,2537.01,0.126914
11,37,41,2582.09,0.122765
11,37,42,2639.1,0.122625
11,37,43,2702.2,0.123386
11,37,44,2761.59,0.122239
11,37,45,2804.98,0.117355
11,37,46,2818.82,0.107906
11,37,47,2790.06,0.0942669
11,37,48,2706.92,0.0775961
11,37,49,2560.52,0.0597089
11,38,0,3210.02,0.495195
11,38,1,3398.42,0.592492
11,38,2,3510.09,0.669703
11,38,3,3557.01,0.722855
11,38,4,3550.02,0.751501
11,38,5,3498.63,0.757231
11,38,6,3412.51,0.742479
11,38,7,3303.16,0.71131
11,38,8,3183.9,0.670446
11,38,9,3068.2,0.628663
11,38,10,2966.56,0.593374
11,38,11,2883.93,0.56796
11,38,12,2821.27,0.550837
11,38,13,2775.03,0.536684
11,38,14,2740.63,0.519349
11,38,15,2713.55,0.495359
11,38,16,2688.79,0.464355
11,38,17,2661.65,0.428651
11,38,18,2628.56,0.391613
11,38,19,2587.58,0.356417
11,38,20,2539.34,0.325571
11,38,21,2486.36,0.30135
11,38,22,2431.84,0.285152
11,38,23,2378.76,0.277294
11,38,24,2329.74,0.277237
11,38,25,2288.31,0.284479
11,38,26,2259.32,0.298133
11,38,27,2248.3,0.317347
11,38,28,2259.38,0.340311
11,38,29,2292.75,0.363385
11,38,30,2343.18,0.381444
11,38,31,2401.27,0.389524
11,38,32,2456.41,0.383978
11,38,33,2500.47,0.364555
11,38,34,2529.94,0.333695
11,38,35,2546.7,0.29629
11,38,36,2555.99,0.257658
11,38,37,2564.63,0.222423
11,38,38,2578.51,0.193617
11,38,39,2602.51,0.172919
11,38,40,2638.69,0.16033
11,38,41,2688.3,0.154513
11,38,42,2749.35,0.152999
11,38,43,2815.87,0.152941
11,38,44,2877.75,0.151511
11,38,45,2922.28,0.146502
11,38,46,2935.56,0.13647
11,38,47,2904.21,0.121188
11,38,48,2815.88,0.101547
11,38,49,2660.94,0.0795353
11,39,0,3225.09,0.486582
11,39,1,3418.73,0.578773
11,39,2,3535.37,0.649906
11,39,3,3587.34,0.69696
11,39,4,3585.72,0.72064
11,39,5,3539.92,0.723288
11,39,6,3458.95,0.707435
11,39,7,3353.12,0.67666
11,39,8,3234.33,0.637114
11,39,9,3114.97,0.597492
11,39,10,3005.54,0.565727
11,39,11,2912.25,0.545983
11,39,12,2838.19,0.537033
11,39,13,2781.86,0.533138
11,39,14,2739.98,0.526897
11,39,15,2708.14,0.513272
11,39,16,2680.54,0.490522
11,39,17,2651.18,0.460123
11,39,18,2615.36,0.425272
11,39,19,2570.59,0.389656
11,39,20,2517.74,0.356713
11,39,21,2460.15,0.330028
11,39,22,2402.32,0.312386
11,39,23,2348.3,0.305184
11,39,24,2301.24,0.308218
11,39,25,2264.76,0.320377
11,39,26,2243.44,0.339532
11,39,27,2242.46,0.363335
11,39,28,2265.44,0.388973
11,39,29,2311.9,0.412563
11,39,30,2375.68,0.429452
11,39,31,2446.31,0.435542
11,39,32,2512.48,0.428001
11,39,33,2565.91,0.407139
11,39,34,2603.49,0.37562
11,39,35,2627.69,0.338194
11,39,36,2644.22,0.299834
11,39,37,2660.07,0.264743
11,39,38,2680.89,0.235447
11,39,39,2711.08,0.213353
11,39,40,2752.46,0.198491
11,39,41,2806.37,0.19001
11,39,42,2871.06,0.18616
11,39,43,2940.68,0.184764
11,39,44,3005.03,0.183231
11,39,45,3051.08,0.178948
11,39,46,3064.62,0.169525
11,39,47,3031.88,0.15367
11,39,48,2939.82,0.13162
11,39,49,2777.63,0.105349
11,40,0,3235.31,0.47376
11,40,1,3434.6,0.561421
11,40,2,3556.75,0.627463
11,40,3,3614.3,0.669409
11,40,4,3618.51,0.68874
11,40,5,3578.65,0.688413
11,40,6,3503.02,0.6712
11,40,7,3400.67,0.640468
11,40,8,3282,0.601943
11,40,9,3158.27,0.564119
11,40,10,3040.05,0.535175
11,40,11,2935.01,0.519853
11,40,12,2848.62,0.517365
11,40,13,2781.62,0.521941
11,40,14,2732.08,0.525511
11,40,15,2695.58,0.521964
11,40,16,2665.41,0.508393
11,40,17,2634.24,0.485318
11,40,18,2596.29,0.455361
11,40,19,2548.67,0.422217
11,40,20,2492.55,0.389774
11,40,21,2432.13,0.362542
11,40,22,2373.09,0.344501
11,40,23,2320.38,0.338138
11,40,24,2277.55,0.343757
11,40,25,2248.08,0.359943
11,40,26,2236.1,0.383683
11,40,27,2246.16,0.411392
11,40,28,2281.21,0.439392
11,40,29,2340.07,0.463603
11,40,30,2415.86,0.479793
11,40,31,2497.45,0.484616
11,40,32,2573.3,0.475891
11,40,33,2635.32,0.454286
11,40,34,2680.94,0.422553
11,40,35,2713.1,0.385249
11,40,36,2737.75,0.347053
11,40,37,2761.68,0.31185
11,40,38,2790.11,0.281751
11,40,39,2826.92,0.25789
11,40,40,2873.76,0.240296
11,40,41,2932.16,0.228662
11,40,42,3000.69,0.222125
11,40,43,3073.68,0.219414
11,40,44,3140.82,0.218331
11,40,45,3188.89,0.215847
11,40,46,3203.5,0.20836
11,40,47,3170.57,0.193091
11,40,48,3076.4,0.169248
11,40,49,2908.73,0.138571
11,41,0,3245.27,0.458957
11,41,1,3449.2,0.542841
11,41,2,3576.12,0.604838
11,41,3,3638.66,0.64263
11,41,4,3648.17,0.658103
11,41,5,3613.68,0.654671
11,41,6,3542.8,0.635471
11,41,7,3443.39,0.603964
11,41,8,3324.49,0.565682
11,41,9,3196.43,0.528931
11,41,10,3069.93,0.501934
11,41,11,2954.08,0.489799
11,41,12,2856.52,0.492181
11,41,13,2780,0.503557
11,41,14,2723.64,0.515698
11,41,15,2682.93,0.521879
11,41,16,2650.34,0.518254
11,41,17,2617.54,0.504277
11,41,18,2577.96,0.481626
11,41,19,2528.51,0.453554
11,41,20,2470.64,0.423969
11,41,21,2409.21,0.397978
11,41,22,2350.86,0.380553
11,41,23,2301.26,0.375266
11,41,24,2264.35,0.383114
11,41,25,2243.56,0.402787
11,41,26,2242.49,0.430885
11,41,27,2264.83,0.462962
11,41,28,2312.48,0.494576
11,41,29,2383.27,0.521252
11,41,30,2469.62,0.538769
11,41,31,2560.16,0.544057
11,41,32,2643.63,0.5352
11,41,33,2712.55,0.512989
11,41,34,2765.06,0.480282
11,41,35,2804.48,0.441655
11,41,36,2836.79,0.401856
11,41,37,2868.43,0.364861
11,41,38,2904.16,0.3327
11,41,39,2947.49,0.306361
11,41,40,3000.02,0.285811
11,41,41,3063.48,0.27115
11,41,42,3136.59,0.262285
11,41,43,3213.58,0.258826
11,41,44,3283.96,0.258995
11,41,45,3334.4,0.259358
11,41,46,3350.58,0.254959
11,41,47,3318.45,0.241248
11,41,48,3223.73,0.21608
11,41,49,3052.58,0.180719
11,42,0,3258.28,0.44617
11,42,1,3464.51,0.527024
11,42,2,3594.19,0.585596
11,42,3,3660.04,0.619464
11,42,4,3673.36,0.630734
11,42,5,3642.86,0.623296
11,42,6,3575.56,0.600886
11,42,7,3478.36,0.567392
11,42,8,3359.3,0.528393
11,42,9,3228.09,0.491993
11,42,10,3095.66,0.466255
11,42,11,2972.23,0.456398
11,42,12,2867.03,0.462475
11,42,13,2784.07,0.479406
11,42,14,2723,0.499195
11,42,15,2679.05,0.514848
11,42,16,2644.22,0.5217
11,42,17,2609.69,0.517994
11,42,18,2568.63,0.504152
11,42,19,2517.98,0.48267
11,42,20,2459.35,0.457246
11,42,21,2397.98,0.433441
11,42,22,2341.14,0.417144
11,42,23,2295.17,0.413069
11,42,24,2264.65,0.423114
11,42,25,2253.2,0.446486
11,42,26,2264.01,0.479894
11,42,27,2299.64,0.518373
11,42,28,2360.5,0.556686
11,42,29,2442.97,0.589528
11,42,30,2538.73,0.611961
11,42,31,2636.38,0.620426
11,42,32,2725.4,0.612715
11,42,33,2799.24,0.589529
11,42,34,2856.86,0.553986
11,42,35,2901.92,0.511153
11,42,36,2940.31,0.466497
11,42,37,2978.12,0.424744
11,42,38,3019.89,0.388377
11,42,39,3069.01,0.358481
11,42,40,3127.16,0.334872
11,42,41,3196.16,0.317756
11,42,42,3274.49,0.307451
11,42,43,3355.92,0.304189
11,42,44,3429.64,0.306505
11,42,45,3482.38,0.31059
11,42,46,3500.29,0.310113
11,42,47,3469.67,0.298622
11,42,48,3375.93,0.272384
11,42,49,3203.58,0.231971
11,43,0,3274.2,0.438532
11,43,1,3479.69,0.516996
11,43,2,3609.43,0.572259
11,43,3,3676.23,0.601666
11,43,4,3691.21,0.607559
11,43,5,3662.8,0.594526
11,43,6,3597.54,0.567246
11,43,7,3501.8,0.530376
11,43,8,3383.1,0.489732
11,43,9,3250.92,0.45314
11,43,10,3116.45,0.428259
11,43,11,2990.53,0.420168
11,43,12,2883.1,0.429253
11,43,13,2798.44,0.451017
11,43,14,2736.02,0.47794
11,43,15,2690.67,0.502898
11,43,16,2654.25,0.520369
11,43,17,2618.01,0.527173
11,43,18,2575.35,0.522273
11,43,19,2523.45,0.507303
11,43,20,2464.02,0.485814
11,43,21,2402.45,0.463937
11,43,22,2346.47,0.448588
11,43,23,2303.14,0.445731
11,43,24,2278.02,0.45833
11,43,25,2275.35,0.486417
11,43,26,2298.01,0.527134
11,43,27,2347.24,0.575211
11,43,28,2421.49,0.624471
11,43,29,2515.33,0.668227
11,43,30,2619.54,0.700002
11,43,31,2722.86,0.714879
11,43,32,2815.71,0.709756
11,43,33,2892.63,0.685043
11,43,34,2953.39,0.644339
11,43,35,3001.96,0.5938
11,43,36,3044.16,0.540381
11,43,37,3085.94,0.490336
11,43,38,3131.88,0.447213
11,43,39,3185.56,0.412504
11,43,40,3248.8,0.385798
11,43,41,3323.29,0.367047
11,43,42,3406.86,0.356505
11,43,43,3492.51,0.354611
11,43,44,3569.07,0.360004
11,43,45,3623.59,0.368497
11,43,46,3643.03,0.372443
11,43,47,3614.39,0.363505
11,43,48,3523.03,0.336255
11,43,49,3351.9,0.290438
11,44,0,3287.84,0.435431
11,44,1,3489.89,0.511851
11,44,2,3617.2,0.563628
11,44,3,3682.6,0.587828
11,44,4,3697,0.587116
11,44,5,3668.58,0.567021
11,44,6,3603.69,0.533475
11,44,7,3508.65,0.492159
11,44,8,3391.05,0.449238
11,44,9,3260.53,0.412163
11,44,10,3128.48,0.387988
11,44,11,3005.78,0.381459
11,44,12,2902.11,0.393249
11,44,13,2821.06,0.419506
11,44,14,2761.33,0.453235
11,44,15,2717.19,0.487107
11,44,16,2680.58,0.514568
11,44,17,2643.14,0.530837
11,44,18,2598.8,0.533418
11,44,19,2545.15,0.523248
11,44,20,2484,0.504077
11,44,21,2420.86,0.482912
11,44,22,2363.91,0.467872
11,44,23,2321.16,0.466233
11,44,24,2299.45,0.482032
11,44,25,2303.91,0.516189
11,44,26,2337.24,0.566366
11,44,27,2399.17,0.627072
11,44,28,2486,0.691055
11,44,29,2590.31,0.749839
11,44,30,2701.86,0.794785
11,44,31,2809.62,0.818939
11,44,32,2904.9,0.817803
11,44,33,2983.29,0.791317
11,44,34,3045.32,0.743731
11,44,35,3095.24,0.682771
11,44,36,3138.95,0.61752
11,44,37,3182.49,0.556385
11,44,38,3230.73,0.504489
11,44,39,3287.6,0.464026
11,44,40,3355.05,0.434345
11,44,41,3434.36,0.414867
11,44,42,3522.5,0.405365
11,44,43,3611.57,0.406043
11,44,44,3690.12,0.415374
11,44,45,3745.72,0.428734
11,44,46,3766.31,0.437266
11,44,47,3739.82,0.430904
11,44,48,3651.72,0.402605
11,44,49,3483.75,0.351298
11,45,0,3289.04,0.43189
11,45,1,3486.17,0.506161
11,45,2,3609.57,0.554321
11,45,3,3671.94,0.573121
11,45,4,3683.95,0.565516
11,45,5,3653.63,0.538005
11,45,6,3587.56,0.497845
11,45,7,3492.51,0.451823
11,45,8,3376.7,0.406504
11,45,9,3250.23,0.36892
11,45,10,3124.54,0.345453
11,45,11,3009.92,0.340448
11,45,12,2914.98,0.354826
11,45,13,2842,0.385336
11,45,14,2788.59,0.425384
11,45,15,2748.39,0.467209
11,45,16,2713.41,0.503047
11,45,17,2675.74,0.526489
11,45,18,2629.9,0.533828
11,45,19,2573.89,0.525708
11,45,20,2509.8,0.506572
11,45,21,2443.41,0.484606
11,45,22,2383.44,0.469222
11,45,23,2339.06,0.468854
11,45,24,2318.52,0.488379
11,45,25,2327.91,0.5294
11,45,26,2369.75,0.589964
11,45,27,2442.28,0.664391
11,45,28,2539.67,0.744398
11,45,29,2652.56,0.819692
11,45,30,2769.87,0.879342
11,45,31,2880.68,0.914108
11,45,32,2977.09,0.917879
11,45,33,3055.61,0.889996
11,45,34,3117.39,0.835368
11,45,35,3166.97,0.763449
11,45,36,3210.49,0.685662
11,45,37,3254.24,0.612782
11,45,38,3303.5,0.551704
11,45,39,3362.57,0.505511
11,45,40,3433.37,0.473389
11,45,41,3516.69,0.454144
11,45,42,3608.56,0.446839
11,45,43,3700.26,0.451093
11,45,44,3780.17,0.46494
11,45,45,3836.37,0.483234
11,45,46,3857.78,0.49608
11,45,47,3833.12,0.492037
11,45,48,3748.17,0.462747
11,45,49,3583.78,0.406502
11,46,0,3264.43,0.420495
11,46,1,3456.66,0.491887
11,46,2,3575.98,0.536447
11,46,3,3634.7,0.55058
11,46,4,3643.2,0.537299
11,46,5,3609.63,0.503754
11,46,6,3541.2,0.458252
11,46,7,3445.67,0.408501
11,46,8,3332.29,0.361427
11,46,9,3211.72,0.323689
11,46,10,3095.1,0.301065
11,46,11,2991.58,0.297543
11,46,12,2908.24,0.314244
11,46,13,2845.84,0.34839
11,46,14,2800.92,0.393584
11,46,15,2766.58,0.441444
11,46,16,2734.8,0.482991
11,46,17,2697.97,0.510431
11,46,18,2651.03,0.519322
11,46,19,2592.44,0.510507
11,46,20,2524.67,0.489519
11,46,21,2453.97,0.465802
11,46,22,2389.77,0.449862
11,46,23,2342.34,0.45086
11,46,24,2321.19,0.474036
11,46,25,2333.25,0.521269
11,46,26,2380.83,0.590757
11,46,27,2460.79,0.676717
11,46,28,2565.54,0.770173
11,46,29,2684.17,0.859491
11,46,30,2804.9,0.931918
11,46,31,2917.01,0.976257
11,46,32,3013.22,0.984947
11,46,33,3090.72,0.956707
11,46,34,3151.2,0.89691
11,46,35,3199.51,0.816438
11,46,36,3242.08,0.728679
11,46,37,3285.49,0.646405
11,46,38,3335.4,0.57806
11,46,39,3396.34,0.527602
11,46,40,3470.12,0.494211
11,46,41,3557.03,0.476201
11,46,42,3652.29,0.471931
11,46,43,3746.55,0.48025
11,46,44,3827.96,0.498571
11,46,45,3884.95,0.521199
11,46,46,3907.01,0.537524
11,46,47,3883.42,0.535302
11,46,48,3800.14,0.505402
11,46,49,3637.61,0.445785
11,47,0,3199.38,0.394641
11,47,1,3387.78,0.461746
11,47,2,3503.87,0.502734
11,47,3,3559.14,0.513661
11,47,4,3563.73,0.497223
11,47,5,3526.2,0.460615
11,47,6,3454.85,0.412596
11,47,7,3358.87,0.361371
11,47,8,3248.71,0.314069
11,47,9,3135.4,0.27703
11,47,10,3029.32,0.25556
11,47,11,2938.07,0.253366
11,47,12,2867,0.27169
11,47,13,2815.53,0.308074
11,47,14,2779.43,0.356192
11,47,15,2751.46,0.407089
11,47,16,2723.52,0.450876
11,47,17,2688.18,0.478912
11,47,18,2640.67,0.486616
11,47,19,2579.83,0.475408
11,47,20,2508.63,0.451979
11,47,21,2433.86,0.426719
11,47,22,2365.58,0.410683
11,47,23,2314.92,0.413071
11,47,24,2292.27,0.438895
11,47,25,2305.05,0.489849
11,47,26,2355.32,0.564087
11,47,27,2438.92,0.655941
11,47,28,2547.02,0.756348
11,47,29,2667.72,0.853233
11,47,30,2788.94,0.933013
11,47,31,2900.18,0.983395
11,47,32,2994.68,0.99591
11,47,33,3070.17,0.968767
11,47,34,3128.73,0.907457
11,47,35,3175.49,0.823564
11,47,36,3217.15,0.731504
11,47,37,3260.52,0.645116
11,47,38,3311.43,0.573744
11,47,39,3374.54,0.521981
11,47,40,3451.49,0.489164
11,47,41,3542.18,0.473377
11,47,42,3641.32,0.472475
11,47,43,3738.99,0.484549
11,47,44,3823.03,0.506388
11,47,45,3881.74,0.531885
11,47,46,3904.59,0.550245
11,47,47,3880.9,0.549202
11,47,48,3796.66,0.519564
11,47,49,3632.34,0.459292
11,48,0,3079.35,0.351593
11,48,1,3264.86,0.412405
11,48,2,3378.68,0.449492
11,48,3,3431,0.45869
11,48,4,3431.76,0.442032
11,48,5,3390.27,0.406085
11,48,6,3316.34,0.3593
11,48,7,3220.86,0.30978
11,48,8,3115.34,0.264555
11,48,9,3010.7,0.229612
11,48,10,2916.01,0.209852
11,48,11,2837.02,0.208724
11,48,12,2777.44,0.227481
11,48,13,2735.72,0.263889
11,48,14,2707.28,0.311756
11,48,15,2684.83,0.361922
11,48,16,2660.39,0.404229
11,48,17,2626.66,0.429938
11,48,18,2579.14,0.434876
11,48,19,2517.04,0.421151
11,48,20,2443.78,0.396251
11,48,21,2366.6,0.370826
11,48,22,2295.9,0.355671
11,48,23,2243.17,0.359265
11,48,24,2219.07,0.385855
11,48,25,2231.09,0.436624
11,48,26,2280.99,0.50962
11,48,27,2364.05,0.599602
11,48,28,2470.91,0.698147
11,48,29,2589.38,0.793805
11,48,30,2707.5,0.873402
11,48,31,2815.19,0.924697
11,48,32,2906.14,0.939103
11,48,33,2978.49,0.914547
11,48,34,3034.59,0.856235
11,48,35,3079.76,0.775498
11,48,36,3120.83,0.686521
11,48,37,3164.68,0.602961
11,48,38,3217.12,0.53417
11,48,39,3282.8,0.484948
11,48,40,3363.21,0.454886
11,48,41,3458.08,0.442114
11,48,42,3561.89,0.444279
11,48,43,3664.35,0.458922
11,48,44,3752.7,0.482408
11,48,45,3814.5,0.508563
11,48,46,3838.46,0.527099
11,48,47,3813.33,0.526598
11,48,48,3724.92,0.49854
11,48,49,3554.37,0.441157
11,49,0,2892.39,0.293996
11,49,1,3073.99,0.346393
11,49,2,3185.44,0.378846
11,49,3,3234.98,0.387219
11,49,4,3232.26,0.372724
11,49,5,3187.68,0.340779
11,49,6,3112.82,0.298846
11,49,7,3020.14,0.254312
11,49,8,2921.74,0.213705
11,49,9,2827.69,0.182502
11,49,10,2745.23,0.165132
11,49,11,2678.13,0.164718
11,49,12,2628.7,0.182414
11,49,13,2594.85,0.21619
11,49,14,2572.14,0.260257
11,49,15,2553.68,0.305877
11,49,16,2531.86,0.343446
11,49,17,2499.74,0.364905
11,49,18,2453.15,0.366858
11,49,19,2391.62,0.351907
11,49,20,2318.92,0.327648
11,49,21,2242.41,0.304099
11,49,22,2172.38,0.290946
11,49,23,2119.95,0.295318
11,49,24,2095.34,0.320387
11,49,25,2105.58,0.366705
11,49,26,2152.18,0.432312
11,49,27,2230.33,0.512712
11,49,28,2330.92,0.600755
11,49,29,2442.2,0.686555
11,49,30,2552.89,0.758477
11,49,31,2653.57,0.805454
11,49,32,2738.44,0.819592
11,49,33,2805.95,0.798812
11,49,34,2858.6,0.74767
11,49,35,2901.72,0.676318
11,49,36,2942.04,0.597492
11,49,37,2986.31,0.523454
11,49,38,3040.09,0.462677
11,49,39,3107.86,0.419674
11,49,40,3191.07,0.394289
11,49,41,3289.51,0.384906
11,49,42,3397.84,0.389257
11,49,43,3505.63,0.404667
11,49,44,3599.36,0.42744
11,49,45,3665.28,0.451806
11,49,46,3690.56,0.468687
11,49,47,3662.76,0.468269
11,49,48,3567.53,0.443297
11,49,49,3387.89,0.392408
12,0,0,2435.99,0.265799
12,0,1,2597.74,0.29692
12,0,2,2697.21,0.307446
12,0,3,2743.25,0.297991
12,0,4,2751.28,0.274038
12,0,5,2737.96,0.243475
12,0,6,2716.63,0.213604
12,0,7,2693.87,0.188898
12,0,8,2669.25,0.170299
12,0,9,2638.02,0.15613
12,0,10,2595.64,0.143837
12,0,11,2540.85,0.131652
12,0,12,2478.68,0.119817
12,0,13,2416.97,0.109378
12,0,14,2364.41,0.101491
12,0,15,2326.37,0.0963409
12,0,16,2302.1,0.0927051
12,0,17,2285.73,0.0887562
12,0,18,2268.72,0.0829939
12,0,19,2244.07,0.0750011
12,0,20,2208.22,0.0655393
12,0,21,2161.45,0.0560625
12,0,22,2105.54,0.0476483
12,0,23,2042.39,0.040757
12,0,24,1972.93,0.0349868
12,0,25,1897.51,0.0297277
12,0,26,1817.67,0.0246049
12,0,27,1737.22,0.0196458
12,0,28,1661.54,0.0151528
12,0,29,1596.07,0.0114332
12,0,30,1543.94,0.00857713
12,0,31,1504.67,0.00647698
12,0,32,1474.35,0.00488251
12,0,33,1447.32,0.00360156
12,0,34,1418.49,0.00253979
12,0,35,1384.78,0.00167179
12,0,36,1345.76,0.00102242
12,0,37,1303.56,0.00059703
12,0,38,1261.58,0.000399154
12,0,39,1223.24,0.000476738
12,0,40,1190.83,0.000902415
12,0,41,1165.16,0.00192452
12,0,42,1145.68,0.0038819
12,0,43,1131.12,0.00713564
12,0,44,1120.04,0.0118518
12,0,45,1110.91,0.0177566
12,0,46,1102.24,0.0239825
12,0,47,1092.8,0.0291881
12,0,48,1081.75,0.0319987
12,0,49,1069.04,0.0315875
12,1,0,2612.83,0.299698
12,1,1,2782.06,0.335596
12,1,2,2884.29,0.348504
12,1,3,2930.46,0.338821
12,1,4,2937.03,0.312365
12,1,5,2921.15,0.277736
12,1,6,2896.62,0.243096
12,1,7,2870.65,0.21375
12,1,8,2843.29,0.191297
12,1,9,2809.91,0.174497
12,1,10,2765.63,0.160998
12,1,11,2708.61,0.149009
12,1,12,2643.39,0.138598
12,1,13,2577.78,0.130377
12,1,14,2521.03,0.124906
12,1,15,2479.37,0.121675
12,1,16,2452.65,0.118863
12,1,17,2434.97,0.114309
12,1,18,2417.26,0.106517
12,1,19,2391.74,0.0954141
12,1,20,2354.26,0.0823014
12,1,21,2304.84,0.0692208
12,1,22,2245.23,0.0577007
12,1,23,2177.52,0.0484426
12,1,24,2102.81,0.0410782
12,1,25,2021.47,0.0348627
12,1,26,1934.9,0.0292275
12,1,27,1846.84,0.0240222
12,1,28,1762.76,0.0194043
12,1,29,1688.57,0.0155791
12,1,30,1628.11,0.0125452
12,1,31,1581.53,0.0101355
12,1,32,1545.3,0.00807286
12,1,33,1513.73,0.00619191
12,1,34,1481.41,0.00447603
12,1,35,1444.82,0.00299461
12,1,36,1403.08,0.00184436
12,1,37,1357.99,0.00106373
12,1,38,1312.77,0.000656708
12,1,39,1270.86,0.000649648
12,1,40,1234.7,0.00110189
12,1,41,1205.37,0.00227989
12,1,42,1182.47,0.00456566
12,1,43,1164.85,0.00838044
12,1,44,1150.96,0.013915
12,1,45,1139.06,0.0208462
12,1,46,1127.43,0.0281534
12,1,47,1114.67,0.0342583
12,1,48,1099.97,0.037544
12,1,49,1083.45,0.037042
12,2,0,2727.78,0.315053
12,2,1,2900.13,0.353659
12,2,2,3003.04,0.368331
12,2,3,3048.67,0.359187
12,2,4,3053.74,0.331973
12,2,5,3035.3,0.295435
12,2,6,3007.22,0.258069
12,2,7,2977.34,0.225716
12,2,8,2946.52,0.200613
12,2,9,2910.65,0.182172
12,2,10,2864.86,0.168525
12,2,11,2806.76,0.158039
12,2,12,2740.29,0.150556
12,2,13,2672.79,0.146037
12,2,14,2613.69,0.144193
12,2,15,2569.83,0.143642
12,2,16,2541.69,0.141993
12,2,17,2523.67,0.136938
12,2,18,2506.57,0.127212
12,2,19,2482.13,0.113238
12,2,20,2445.68,0.0968665
12,2,21,2396.78,0.0806251
12,2,22,2336.89,0.0663911
12,2,23,2268.06,0.0550552
12,2,24,2191.47,0.0463313
12,2,25,2107.63,0.0394226
12,2,26,2018.02,0.0336299
12,2,27,1926.29,0.0286425
12,2,28,1837.75,0.0244225
12,2,29,1758.35,0.0209867
12,2,30,1692.23,0.0181467
12,2,31,1640.06,0.0156023
12,2,32,1598.88,0.0130315
12,2,33,1563.38,0.0103256
12,2,34,1528.28,0.00761977
12,2,35,1489.97,0.00516807
12,2,36,1447.21,0.00320538
12,2,37,1401.43,0.00183757
12,2,38,1355.39,0.00106828
12,2,39,1312.25,0.000876682
12,2,40,1274.38,0.00127762
12,2,41,1242.97,0.00251135
12,2,42,1217.88,0.0049563
12,2,43,1198.09,0.00905474
12,2,44,1182.02,0.0149955
12,2,45,1167.75,0.0224208
12,2,46,1153.28,0.03023
12,2,47,1137.12,0.0367282
12,2,48,1118.55,0.0401892
12,2,49,1097.99,0.0395898
12,3,0,2786.54,0.313152
12,3,1,2959.96,0.352296
12,3,2,3063.02,0.367844
12,3,3,3108.25,0.359661
12,3,4,3112.06,0.333149
12,3,5,3090.94,0.296758
12,3,6,3058.67,0.25883
12,3,7,3023.68,0.225363
12,3,8,2987.95,0.199073
12,3,9,2948.3,0.180065
12,3,10,2900.2,0.167127
12,3,11,2840.93,0.158937
12,3,12,2773.75,0.155141
12,3,13,2705.38,0.154972
12,3,14,2645.07,0.157212
12,3,15,2599.96,0.159588
12,3,16,2571.13,0.159269
12,3,17,2553.54,0.154004
12,3,18,2538.25,0.142929
12,3,19,2516.82,0.127012
12,3,20,2484.12,0.108512
12,3,21,2439.02,0.0902098
12,3,22,2382.35,0.0741274
12,3,23,2315.79,0.0612519
12,3,24,2240.49,0.0514398
12,3,25,2157.22,0.0439957
12,3,26,2067.8,0.0382456
12,3,27,1975.94,0.0338211
12,3,28,1886.75,0.0304859
12,3,29,1805.81,0.0279799
12,3,30,1737.12,0.0257947
12,3,31,1681.58,0.0233698
12,3,32,1636.74,0.020279
12,3,33,1597.96,0.0164884
12,3,34,1560.45,0.0123726
12,3,35,1520.85,0.00848836
12,3,36,1477.9,0.00530117
12,3,37,1432.65,0.00303478
12,3,38,1387.37,0.00169417
12,3,39,1344.74,0.00118192
12,3,40,1306.87,0.00142733
12,3,41,1274.98,0.00258872
12,3,42,1249.09,0.0049815
12,3,43,1228.36,0.00902079
12,3,44,1211.16,0.0148604
12,3,45,1195.33,0.0221281
12,3,46,1178.61,0.0297334
12,3,47,1159.39,0.0360151
12,3,48,1137.1,0.0392978
12,3,49,1112.5,0.0386081
12,4,0,2800.9,0.299513
12,4,1,2974.53,0.337518
12,4,2,3077.84,0.353084
12,4,3,3123.04,0.345932
12,4,4,3125.76,0.321044
12,4,5,3101.69,0.286331
12,4,6,3064.33,0.249621
12,4,7,3022.7,0.216702
12,4,8,2980.08,0.190488
12,4,9,2934.59,0.171664
12,4,10,2882.46,0.159721
12,4,11,2820.92,0.15377
12,4,12,2752.71,0.153382
12,4,13,2683.84,0.157168
12,4,14,2623.1,0.163105
12,4,15,2577.57,0.168182
12,4,16,2548.78,0.169312
12,4,17,2532.36,0.164454
12,4,18,2520,0.153186
12,4,19,2503.37,0.136898
12,4,20,2476.95,0.11798
12,4,21,2438.71,0.099139
12,4,22,2388.49,0.0822857
12,4,23,2327.25,0.0684084
12,4,24,2255.95,0.0575967
12,4,25,2175.76,0.0494779
12,4,26,2089.1,0.0436477
12,4,27,1999.99,0.0398624
12,4,28,1913.34,0.0377339
12,4,29,1834.19,0.0366432
12,4,30,1765.98,0.0355999
12,4,31,1709.44,0.0336071
12,4,32,1662.47,0.0300316
12,4,33,1621.13,0.0249115
12,4,34,1581.34,0.0189468
12,4,35,1540.34,0.013127
12,4,36,1497.1,0.00825595
12,4,37,1452.53,0.0047372
12,4,38,1408.51,0.00258437
12,4,39,1367.21,0.00159636
12,4,40,1330.43,0.00157309
12,4,41,1299.26,0.00253436
12,4,42,1273.85,0.00467209
12,4,43,1253.46,0.00832799
12,4,44,1236.34,0.0135896
12,4,45,1220.07,0.0200914
12,4,46,1202.05,0.026841
12,4,47,1180.53,0.0323519
12,4,48,1155.07,0.035147
12,4,49,1126.81,0.0343933
12,5,0,2785.08,0.280762
12,5,1,2958.37,0.316781
12,5,2,3061.92,0.331867
12,5,3,3107.12,0.325723
12,5,4,3108.57,0.30296
12,5,5,3081.01,0.270881
12,5,6,3037.52,0.236587
12,5,7,2987.66,0.205345
12,5,8,2936.04,0.17997
12,5,9,2882.41,0.161518
12,5,10,2824.14,0.15014
12,5,11,2758.87,0.145491
12,5,12,2689.07,0.147268
12,5,13,2620.04,0.153735
12,5,14,2559.81,0.162362
12,5,15,2514.96,0.169675
12,5,16,2487.14,0.172523
12,5,17,2472.68,0.169111
12,5,18,2464.19,0.159316
12,5,19,2453.8,0.144664
12,5,20,2435.63,0.127294
12,5,21,2406.62,0.109492
12,5,22,2365.27,0.092823
12,5,23,2311.54,0.0782276
12,5,24,2246.11,0.0661567
12,5,25,2170.64,0.0568238
12,5,26,2088.4,0.0503862
12,5,27,2003.93,0.0469506
12,5,28,1922.07,0.0460646
12,5,29,1847.17,0.0466878
12,5,30,1781.89,0.0471864
12,5,31,1726.46,0.045936
12,5,32,1678.86,0.0419638
12,5,33,1635.78,0.0353501
12,5,34,1593.87,0.0271813
12,5,35,1551.12,0.0189938
12,5,36,1507.03,0.0120315
12,5,37,1462.61,0.00694246
12,5,38,1419.59,0.0037646
12,5,39,1379.77,0.00217498
12,5,40,1344.57,0.0018053
12,5,41,1314.94,0.00248737
12,5,42,1291.01,0.00423617
12,5,43,1272.04,0.00728197
12,5,44,1256.11,0.0116233
12,5,45,1240.49,0.0169221
12,5,46,1222.25,0.0223543
12,5,47,1199.45,0.0267118
12,5,48,1171.72,0.0288172
12,5,49,1140.5,0.0280328
12,6,0,2752.99,0.262094
12,6,1,2925.33,0.296175
12,6,2,3028.65,0.310867
12,6,3,3073.31,0.305926
12,6,4,3072.77,0.285649
12,6,5,3040.85,0.25673
12,6,6,2990.21,0.225455
12,6,7,2930.85,0.196378
12,6,8,2868.69,0.17198
12,6,9,2805.18,0.153499
12,6,10,2739.14,0.14167
12,6,11,2669.05,0.13678
12,6,12,2597.45,0.138893
12,6,13,2528.94,0.146301
12,6,14,2470.5,0.156349
12,6,15,2427.7,0.16545
12,6,16,2401.91,0.170526
12,6,17,2390.09,0.169937
12,6,18,2386,0.163558
12,6,19,2382.5,0.152646
12,6,20,2373.53,0.138681
12,6,21,2354.86,0.12323
12,6,22,2323.5,0.10736
12,6,23,2278.22,0.091983
12,6,24,2219.4,0.0780659
12,6,25,2149.29,0.0666616
12,6,26,2072.11,0.0587627
12,6,27,1993.09,0.0550389
12,6,28,1917.08,0.0550843
12,6,29,1847.73,0.0574195
12,6,30,1786.81,0.0596578
12,6,31,1733.92,0.0593937
12,6,32,1686.93,0.0551821
12,6,33,1642.92,0.0470813
12,6,34,1599.24,0.0365682
12,6,35,1554.63,0.0257821
12,6,36,1509.25,0.016476
12,6,37,1464.44,0.00959829
12,6,38,1422.01,0.00524041
12,6,39,1383.54,0.00295883
12,6,40,1350.16,0.00219614
12,6,41,1322.58,0.00256581
12,6,42,1300.78,0.00387135
12,6,43,1283.92,0.00620841
12,6,44,1269.87,0.00947739
12,6,45,1255.67,0.0133837
12,6,46,1238.11,0.0173094
12,6,47,1215.02,0.0203709
12,6,48,1186.04,0.0217274
12,6,49,1152.76,0.0209479
12,7,0,2715.82,0.246408
12,7,1,2886.66,0.279323
12,7,2,2988.95,0.294293
12,7,3,3032.01,0.291066
12,7,4,3028.28,0.273613
12,7,5,2990.87,0.248032
12,7,6,2932.22,0.219818
12,7,7,2862.8,0.192784
12,7,8,2789.69,0.168989
12,7,9,2715.92,0.149726
12,7,10,2641.86,0.136224
12,7,11,2567.06,0.129445
12,7,12,2494.35,0.130016
12,7,13,2427.62,0.136631
12,7,14,2372.48,0.146902
12,7,15,2333.08,0.157458
12,7,16,2310.17,0.165382
12,7,17,2301.21,0.169007
12,7,18,2301.24,0.167836
12,7,19,2304.11,0.162428
12,7,20,2303.78,0.153261
12,7,21,2294.96,0.140998
12,7,22,2273.11,0.126164
12,7,23,2235.88,0.109726
12,7,24,2183.32,0.0932972
12,7,25,2118.33,0.0789358
12,7,26,2046.04,0.068643
12,7,27,1972.36,0.0637926
12,7,28,1902.15,0.0641415
12,7,29,1838.44,0.0678271
12,7,30,1782.17,0.071708
12,7,31,1732.33,0.0725419
12,7,32,1686.6,0.0683146
12,7,33,1642.36,0.0589654
12,7,34,1597.47,0.046286
12,7,35,1551.32,0.0329848
12,7,36,1504.75,0.0213382
12,7,37,1459.52,0.0126351
12,7,38,1417.67,0.00706756
12,7,39,1380.69,0.00409997
12,7,40,1349.46,0.00298802
12,7,41,1324.34,0.0031118
12,7,42,1305.06,0.00403878
12,7,43,1290.56,0.00570826
12,7,44,1278.57,0.00792102
12,7,45,1266.02,0.0104373
12,7,46,1249.55,0.0128599
12,7,47,1226.87,0.0146353
12,7,48,1197.52,0.01525
12,7,49,1163.09,0.01446
12,8,0,2680.69,0.235423
12,8,1,2849.83,0.268417
12,8,2,2950.38,0.284668
12,8,3,2990.66,0.283736
12,8,4,2982.41,0.26919
12,8,5,2938.41,0.246579
12,8,6,2871.31,0.220783
12,8,7,2792.23,0.195046
12,8,8,2709.28,0.171087
12,8,9,2626.81,0.150205
12,8,10,2546.48,0.134003
12,8,11,2468.78,0.124048
12,8,12,2396.73,0.121619
12,8,13,2333.38,0.126081
12,8,14,2282.82,0.135621
12,8,15,2247.54,0.147359
12,8,16,2227.49,0.158573
12,8,17,2220.62,0.167379
12,8,18,2223.3,0.172573
12,8,19,2230.6,0.17368
12,8,20,2236.72,0.169988
12,8,21,2235.54,0.161218
12,8,22,2221.27,0.147429
12,8,23,2190.54,0.129738
12,8,24,2143.2,0.110449
12,8,25,2082.66,0.0926268
12,8,26,2014.78,0.0792851
12,8,27,1945.9,0.0725276
12,8,28,1880.81,0.0723823
12,8,29,1821.98,0.0767496
12,8,30,1769.73,0.0818778
12,8,31,1722.59,0.083769
12,8,32,1678.17,0.0798098
12,8,33,1634.09,0.0697019
12,8,34,1588.65,0.0553902
12,8,35,1541.74,0.0400177
12,8,36,1494.72,0.0263349
12,8,37,1449.78,0.0159917
12,8,38,1409.15,0.00934661
12,8,39,1374.3,0.00583024
12,8,40,1345.8,0.00453676
12,8,41,1323.57,0.00460573
12,8,42,1306.97,0.00534271
12,8,43,1294.69,0.00649664
12,8,44,1284.42,0.00776749
12,8,45,1273.18,0.00897993
12,8,46,1257.7,0.00996586
12,8,47,1235.63,0.010493
12,8,48,1206.4,0.0103477
12,8,49,1171.46,0.00944454
12,9,0,2650.38,0.230296
12,9,1,2818.2,0.264706
12,9,2,2916.73,0.283141
12,9,3,2953.47,0.284741
12,9,4,2939.79,0.272605
12,9,5,2888.65,0.251888
12,9,6,2813.4,0.227199
12,9,7,2726.1,0.201568
12,9,8,2635.9,0.176591
12,9,9,2548.07,0.153557
12,9,10,2465,0.134241
12,9,11,2387.65,0.120603
12,9,12,2318.8,0.114475
12,9,13,2260.43,0.11599
12,9,14,2214.99,0.124084
12,9,15,2183.4,0.136551
12,9,16,2164.99,0.150889
12,9,17,2158.26,0.16488
12,9,18,2160.95,0.176449
12,9,19,2169.46,0.183949
12,9,20,2178.52,0.185511
12,9,21,2181.58,0.180041
12,9,22,2172.02,0.167279
12,9,23,2145.76,0.148542
12,9,24,2102.5,0.126722
12,9,25,2045.9,0.105683
12,9,26,1982.17,0.0892506
12,9,27,1917.7,0.0801569
12,9,28,1857,0.0787852
12,9,29,1802.01,0.0830269
12,9,30,1752.64,0.0888051
12,9,31,1707.3,0.0915894
12,9,32,1663.74,0.0882219
12,9,33,1619.92,0.0780507
12,9,34,1574.58,0.0629524
12,9,35,1527.93,0.0462867
12,9,36,1481.7,0.0311723
12,9,37,1438.29,0.0196188
12,9,38,1400.07,0.0122285
12,9,39,1368.36,0.00847752
12,9,40,1343.33,0.00733647
12,9,41,1324.43,0.0076912
12,9,42,1310.51,0.00854321
12,9,43,1300.06,0.00939474
12,9,44,1290.85,0.00983943
12,9,45,1280.2,0.0097835
12,9,46,1265.15,0.00931258
12,9,47,1243.44,0.00852291
12,9,48,1214.34,0.00748694
12,9,49,1179.08,0.00625798
12,10,0,2624.79,0.23281
12,10,1,2792.07,0.269989
12,10,2,2888.91,0.291284
12,10,3,2922.15,0.295189
12,10,4,2903.07,0.284339
12,10,5,2845.24,0.263751
12,10,6,2763.13,0.238235
12,10,7,2670.06,0.211102
12,10,8,2576.14,0.184137
12,10,9,2487.2,0.158646
12,10,10,2405.77,0.136338
12,10,11,2332.54,0.119224
12,10,12,2269.46,0.109417
12,10,13,2217.13,0.107693
12,10,14,2176.43,0.113736
12,10,15,2147.05,0.126075
12,10,16,2128,0.142473
12,10,17,2118.52,0.160391
12,10,18,2117.76,0.176959
12,10,19,2123.5,0.189485
12,10,20,2131.3,0.195201
12,10,21,2134.71,0.19245
12,10,22,2126.78,0.180819
12,10,23,2103.07,0.161781
12,10,24,2063.11,0.138555
12,10,25,2010.48,0.115403
12,10,26,1951.21,0.0965965
12,10,27,1891.23,0.0852846
12,10,28,1834.51,0.0822509
12,10,29,1782.47,0.0856407
12,10,30,1734.85,0.0914238
12,10,31,1690.24,0.0948655
12,10,32,1646.91,0.0924044
12,10,33,1603.33,0.0829608
12,10,34,1558.69,0.0681125
12,10,35,1513.44,0.0511806
12,10,36,1469.43,0.0355039
12,10,37,1429.07,0.0234231
12,10,38,1394.58,0.0158496
12,10,39,1367.05,0.0123851
12,10,40,1346.2,0.0119103
12,10,41,1330.88,0.0130294
12,10,42,1319.54,0.014378
12,10,43,1310.45,0.0151385
12,10,44,1301.61,0.0147919
12,10,45,1290.81,0.0133608
12,10,46,1275.55,0.0112396
12,10,47,1253.67,0.0088938
12,10,48,1224.3,0.00669594
12,10,49,1188.39,0.00483393
12,11,0,2602.29,0.244709
12,11,1,2769.92,0.285914
12,11,2,2865.9,0.310477
12,11,3,2896.51,0.316104
12,11,4,2873.2,0.305053
12,11,5,2810.36,0.282524
12,11,6,2723.76,0.254008
12,11,7,2628.02,0.223596
12,11,8,2534.15,0.19361
12,11,9,2448.19,0.165451
12,11,10,2372.27,0.140553
12,11,11,2306.21,0.120601
12,11,12,2250.61,0.107594
12,11,13,2204.55,0.102642
12,11,14,2167.47,0.105996
12,11,15,2138.21,0.116874
12,11,16,2115.86,0.133358
12,11,17,2100.53,0.152772
12,11,18,2092.76,0.17175
12,11,19,2091.79,0.186924
12,11,20,2094.35,0.195045
12,11,21,2094.55,0.194198
12,11,22,2085.66,0.183936
12,11,23,2063.14,0.16575
12,11,24,2026.29,0.142804
12,11,25,1978.2,0.119269
12,11,26,1924.16,0.0994174
12,11,27,1869.19,0.0865495
12,11,28,1816.43,0.0818367
12,11,29,1766.82,0.0839062
12,11,30,1720.12,0.0891426
12,11,31,1675.48,0.0929729
12,11,32,1631.92,0.0916456
12,11,33,1588.66,0.0836589
12,11,34,1545.4,0.0701175
12,11,35,1502.68,0.0540661
12,11,36,1462.27,0.0388919
12,11,37,1426.29,0.027197
12,11,38,1396.65,0.0202239
12,11,39,1374.03,0.017749
12,11,40,1357.67,0.0185786
12,11,41,1345.94,0.0209966
12,11,42,1336.92,0.0232097
12,11,43,1328.8,0.0240171
12,11,44,1319.94,0.0227934
12,11,45,1308.59,0.0197349
12,11,46,1292.71,0.0156252
12,11,47,1270.22,0.0113638
12,11,48,1239.98,0.00765567
12,11,49,1202.64,0.00482769
12,12,0,2583.09,0.267787
12,12,1,2751.71,0.314328
12,12,2,2847.81,0.342572
12,12,3,2877.26,0.349388
12,12,4,2851.77,0.336794
12,12,5,2786.55,0.310456
12,12,6,2698.53,0.276909
12,12,7,2603.43,0.241433
12,12,8,2512.83,0.207219
12,12,9,2432.75,0.175917
12,12,10,2364.64,0.148605
12,12,11,2307.16,0.126337
12,12,12,2259.4,0.110594
12,12,13,2218.92,0.102401
12,12,14,2183.95,0.102276
12,12,15,2152.83,0.109975
12,12,16,2124.91,0.123981
12,12,17,2101.21,0.141765
12,12,18,2083.6,0.159924
12,12,19,2072.81,0.174909
12,12,20,2066.98,0.183444
12,12,21,2061.3,0.18362
12,12,22,2049.66,0.174985
12,12,23,2027.62,0.158843
12,12,24,1994.12,0.137923
12,12,25,1951.37,0.115858
12,12,26,1903.44,0.0965185
12,12,27,1854.07,0.0831002
12,12,28,1805.4,0.0770826
12,12,29,1758,0.0776975
12,12,30,1711.82,0.0820154
12,12,31,1666.81,0.0859484
12,12,32,1622.99,0.0858095
12,12,33,1580.4,0.079779
12,12,34,1539.23,0.0684214
12,12,35,1500.03,0.0543359
12,12,36,1464.23,0.0407835
12,12,37,1433.48,0.0305108
12,12,38,1409.17,0.0250413
12,12,39,1391.54,0.0243215
12,12,40,1379.42,0.0270734
12,12,41,1370.84,0.0312327
12,12,42,1363.72,0.0345466
12,12,43,1356.37,0.0354164
12,12,44,1347.49,0.0331454
12,12,45,1335.79,0.0281743
12,12,46,1319.43,0.0217524
12,12,47,1296.21,0.0152657
12,12,48,1264.6,0.00977149
12,12,49,1224.87,0.00573332
12,13,0,2567.6,0.302378
12,13,1,2737.36,0.355593
12,13,2,2834.31,0.388117
12,13,3,2864.13,0.396018
12,13,4,2838.81,0.381177
12,13,5,2774.18,0.349856
12,13,6,2687.9,0.309781
12,13,7,2596.27,0.267636
12,13,8,2511.09,0.227761
12,13,9,2438.16,0.192316
12,13,10,2378.23,0.162135
12,13,11,2328.92,0.137532
12,13,12,2287.96,0.11917
12,13,13,2251.71,0.107569
12,13,14,2217.45,0.103152
12,13,15,2183.19,0.105996
12,13,16,2148.55,0.115035
12,13,17,2115.27,0.128191
12,13,18,2086.39,0.142499
12,13,19,2064.09,0.154709
12,13,20,2048.13,0.161889
12,13,21,2035.11,0.162296
12,13,22,2019.85,0.155416
12,13,23,1998.12,0.142175
12,13,24,1968.35,0.124584
12,13,25,1931.56,0.105455
12,13,26,1890.27,0.0879949
12,13,27,1846.82,0.0750893
12,13,28,1802.32,0.0683882
12,13,29,1757.1,0.067712
12,13,30,1711.51,0.0709321
12,13,31,1666.42,0.0746675
12,13,32,1622.86,0.0755488
12,13,33,1581.68,0.0716286
12,13,34,1543.44,0.0629913
12,13,35,1508.52,0.0517168
12,13,36,1477.85,0.0407825
12,13,37,1452.48,0.0329137
12,13,38,1433.21,0.0297804
12,13,39,1419.89,0.0314272
12,13,40,1411.07,0.0364656
12,13,41,1404.73,0.0424979
12,13,42,1398.91,0.0468625
12,13,43,1392.19,0.0476383
12,13,44,1383.69,0.0441367
12,13,45,1372.33,0.037107
12,13,46,1356.18,0.0282898
12,13,47,1332.6,0.0195476
12,13,48,1299.4,0.0122573
12,13,49,1256.44,0.00698877
12,14,0,2556.89,0.347192
12,14,1,2727.32,0.408434
12,14,2,2825.33,0.446162
12,14,3,2856.56,0.455694
12,14,4,2833.26,0.438795
12,14,5,2771.61,0.402266
12,14,6,2689.46,0.354927
12,14,7,2603.12,0.30488
12,14,8,2524.2,0.25781
12,14,9,2458.18,0.216703
12,14,10,2405.33,0.182451
12,14,11,2362.58,0.154739
12,14,12,2326.78,0.13331
12,14,13,2293.41,0.117879
12,14,14,2259.06,0.108456
12,14,15,2221.47,0.105193
12,14,16,2180.34,0.107469
12,14,17,2137.86,0.11387
12,14,18,2097.94,0.12221
12,14,19,2064.04,0.129874
12,14,20,2037.62,0.134481
12,14,21,2016.87,0.134498
12,14,22,1997.74,0.129257
12,14,23,1976.26,0.119184
12,14,24,1950.28,0.105469
12,14,25,1919.49,0.0900272
12,14,26,1884.81,0.0753088
12,14,27,1847.16,0.0637646
12,14,28,1806.82,0.0570449
12,14,29,1764.01,0.055421
12,14,30,1719.61,0.0575229
12,14,31,1675.35,0.060767
12,14,32,1633.12,0.0623075
12,14,33,1594.38,0.0602975
12,14,34,1559.81,0.0544998
12,14,35,1529.51,0.0464936
12,14,36,1503.81,0.0388478
12,14,37,1483.16,0.034073
12,14,38,1467.84,0.033787
12,14,39,1457.41,0.0380117
12,14,40,1450.38,0.0452293
12,14,41,1444.96,0.0527961
12,14,42,1439.61,0.0578015
12,14,43,1433.4,0.0581789
12,14,44,1425.82,0.0533625
12,14,45,1415.76,0.0444343
12,14,46,1400.87,0.0335607
12,14,47,1377.66,0.0229701
12,14,48,1343.09,0.0142535
12,14,49,1296.48,0.00802541
12,15,0,2551.3,0.39807
12,15,1,2721.47,0.468351
12,15,2,2820.08,0.512284
12,15,3,2852.98,0.524479
12,15,4,2832.6,0.506506
12,15,5,2775.17,0.465475
12,15,6,2698.33,0.411013
12,15,7,2617.91,0.352486
12,15,8,2545.04,0.296993
12,15,9,2484.88,0.248636
12,15,10,2437.5,0.208743
12,15,11,2399.57,0.176654
12,15,12,2367.51,0.151308
12,15,13,2336.29,0.13151
12,15,14,2301.96,0.116662
12,15,15,2261.96,0.106785
12,15,16,2215.87,0.101617
12,15,17,2165.93,0.100474
12,15,18,2116.59,0.102072
12,15,19,2072.3,0.104557
12,15,20,2036.07,0.106127
12,15,21,2007.7,0.105416
12,15,22,1984.42,0.101524
12,15,23,1962.63,0.0943597
12,15,24,1939.72,0.0843504
12,15,25,1914.14,0.0726188
12,15,26,1885.33,0.0609085
12,15,27,1853.05,0.0511952
12,15,28,1816.92,0.0449749
12,15,29,1777.17,0.0427748
12,15,30,1735.14,0.0438342
12,15,31,1693.19,0.046339
12,15,32,1653.77,0.0480886
12,15,33,1618.55,0.0475392
12,15,34,1588.14,0.0443308
12,15,35,1562.28,0.039621
12,15,36,1540.77,0.03549
12,15,37,1523.57,0.0340463
12,15,38,1510.55,0.036637
12,15,39,1501.18,0.0431275
12,15,40,1494.14,0.0518791
12,15,41,1488.11,0.0601665
12,15,42,1482.27,0.0650842
12,15,43,1476.32,0.0646714
12,15,44,1470.08,0.0586095
12,15,45,1462.19,0.0482814
12,15,46,1449.51,0.0361163
12,15,47,1427.5,0.0245043
12,15,48,1392.07,0.0150822
12,15,49,1341.94,0.00842445
12,16,0,2549.69,0.448085
12,16,1,2718.53,0.527561
12,16,2,2816.95,0.578322
12,16,3,2851.12,0.594312
12,16,4,2833.64,0.576743
12,16,5,2780.63,0.532709
12,16,6,2709.2,0.472259
12,16,7,2634.48,0.405726
12,16,8,2566.98,0.341522
12,16,9,2511.62,0.285004
12,16,10,2468.5,0.238236
12,16,11,2434.33,0.200566
12,16,12,2405.46,0.170413
12,16,13,2376.52,0.145802
12,16,14,2343.15,0.125519
12,16,15,2302.4,0.109331
12,16,16,2253.5,0.0972093
12,16,17,2198.51,0.08909
12,16,18,2141.96,0.0844888
12,16,19,2088.96,0.0822316
12,16,20,2043.76,0.0809969
12,16,21,2007.73,0.0795151
12,16,22,1979.42,0.0766315
12,16,23,1955.94,0.0718216
12,16,24,1934.47,0.0649148
12,16,25,1912.59,0.0564368
12,16,26,1888.56,0.0475543
12,16,27,1861.21,0.039786
12,16,28,1829.62,0.0343637
12,16,29,1794.05,0.0318812
12,16,30,1756.03,0.0319999
12,16,31,1718.18,0.0335719
12,16,32,1683.03,0.0350786
12,16,33,1652.15,0.0354158
12,16,34,1625.92,0.0342796
12,16,35,1603.79,0.0325056
12,16,36,1585.22,0.0316473
12,16,37,1569.89,0.0332613
12,16,38,1557.46,0.0382402
12,16,39,1547.41,0.0461896
12,16,40,1538.75,0.0554045
12,16,41,1530.87,0.0632968
12,16,42,1523.76,0.0672625
12,16,43,1517.87,0.065707
12,16,44,1513.24,0.0586517
12,16,45,1508.09,0.0476843
12,16,46,1498.3,0.0352644
12,16,47,1478.15,0.0236912
12,16,48,1442.49,0.0144566
12,16,49,1389.36,0.0080129
12,17,0,2550.09,0.489056
12,17,1,2716.82,0.576653
12,17,2,2814.36,0.634075
12,17,3,2849.27,0.654661
12,17,4,2834.26,0.639103
12,17,5,2785.27,0.594152
12,17,6,2718.81,0.529869
12,17,7,2649.23,0.45715
12,17,8,2586.49,0.385422
12,17,9,2535.34,0.321162
12,17,10,2496.07,0.267269
12,17,11,2465.54,0.22339
12,17,12,2440.12,0.187812
12,17,13,2414.22,0.158124
12,17,14,2383.05,0.132721
12,17,15,2343.23,0.111135
12,17,16,2293.57,0.0934449
12,17,17,2235.67,0.0799759
12,17,18,2173.9,0.0707502
12,17,19,2113.61,0.065029
12,17,20,2059.94,0.0617831
12,17,21,2015.63,0.0597721
12,17,22,1980.78,0.0576392
12,17,23,1953.5,0.0545723
12,17,24,1931.29,0.0500288
12,17,25,1911.29,0.044152
12,17,26,1890.92,0.0376798
12,17,27,1868.23,0.0317173
12,17,28,1841.82,0.0271715
12,17,29,1811.73,0.0245576
12,17,30,1779.36,0.0237919
12,17,31,1747.1,0.0242689
12,17,32,1717.17,0.0251287
12,17,33,1690.81,0.0257731
12,17,34,1668.21,0.0260812
12,17,35,1648.73,0.0266575
12,17,36,1631.78,0.0285283
12,17,37,1616.95,0.0326076
12,17,38,1603.8,0.0392149
12,17,39,1591.97,0.0476395
12,17,40,1580.83,0.0561851
12,17,41,1570.53,0.0626067
12,17,42,1561.97,0.0648548
12,17,43,1556.22,0.0619001
12,17,44,1553.47,0.0541462
12,17,45,1551.37,0.0432642
12,17,46,1544.79,0.031524
12,17,47,1526.88,0.0209118
12,17,48,1491.51,0.0126228
12,17,49,1436.06,0.00692975
12,18,0,2550.02,0.513907
12,18,1,2714.66,0.607342
12,18,2,2811.38,0.670361
12,18,3,2847.1,0.69582
12,18,4,2834.62,0.68378
12,18,5,2789.61,0.640378
12,18,6,2727.99,0.57532
12,18,7,2663.39,0.499608
12,18,8,2605.28,0.423192
12,18,9,2558.33,0.353266
12,18,10,2523.04,0.293392
12,18,11,2496.45,0.243657
12,18,12,2474.92,0.202598
12,18,13,2452.59,0.167854
12,18,14,2424.33,0.13782
12,18,15,2386.35,0.111984
12,18,16,2337.02,0.090468
12,18,17,2277.46,0.0737158
12,18,18,2211.61,0.0618624
12,18,19,2144.78,0.0542745
12,18,20,2082.61,0.0499882
12,18,21,2029.12,0.0477529
12,18,22,1985.98,0.0461242
12,18,23,1952.77,0.044196
12,18,24,1927.75,0.0412917
12,18,25,1908.03,0.0373612
12,18,26,1890.44,0.0328312
12,18,27,1872.3,0.0284213
12,18,28,1851.58,0.0246759
12,18,29,1827.83,0.0219309
12,18,30,1801.93,0.0202393
12,18,31,1775.7,0.0194396
12,18,32,1750.86,0.0192915
12,18,33,1728.33,0.0197239
12,18,34,1708.31,0.0208721
12,18,35,1690.37,0.0231791
12,18,36,1674.1,0.0271695
12,18,37,1659.14,0.0330828
12,18,38,1645.02,0.0406163
12,18,39,1631.49,0.0487246
12,18,40,1618.27,0.0557786
12,18,41,1606.19,0.0600073
12,18,42,1596.91,0.0600546
12,18,43,1592,0.0555503
12,18,44,1591.57,0.0472745
12,18,45,1592.67,0.0368875
12,18,46,1589.25,0.0263333
12,18,47,1573.56,0.0171636
12,18,48,1538.66,0.0102036
12,18,49,1481.34,0.00552493
12,19,0,2547.86,0.519373
12,19,1,2711.51,0.615768
12,19,2,2808.59,0.682818
12,19,3,2846.33,0.713057
12,19,4,2837.5,0.705882
12,19,5,2797.43,0.666637
12,19,6,2741.4,0.604385
12,19,7,2682.31,0.529775
12,19,8,2629.17,0.452681
12,19,9,2586.58,0.380414
12,19,10,2555.21,0.3168
12,19,11,2532.23,0.26234
12,19,12,2514.02,0.216136
12,19,13,2494.54,0.176421
12,19,14,2468.52,0.142109
12,19,15,2431.89,0.112972
12,19,16,2382.73,0.0892154
12,19,17,2321.69,0.0711447
12,19,18,2252.16,0.0585893
12,19,19,2179.17,0.0506507
12,19,20,2108.6,0.0461848
12,19,21,2045.51,0.0439101
12,19,22,1993.18,0.0424555
12,19,23,1952.81,0.0410481
12,19,24,1923.75,0.0391181
12,19,25,1903.34,0.036576
12,19,26,1887.92,0.0336043
12,19,27,1874.02,0.0305218
12,19,28,1858.81,0.0274597
12,19,29,1841.04,0.0244965
12,19,30,1820.94,0.0217497
12,19,31,1799.64,0.0194476
12,19,32,1778.45,0.017946
12,19,33,1758.25,0.0177114
12,19,34,1739.52,0.019177
12,19,35,1722.33,0.022682
12,19,36,1706.57,0.0282945
12,19,37,1691.95,0.0355996
12,19,38,1677.89,0.0436761
12,19,39,1664.17,0.0511384
12,19,40,1650.7,0.0564269
12,19,41,1638.82,0.0582551
12,19,42,1630.66,0.0559553
12,19,43,1627.99,0.0498024
12,19,44,1630.68,0.0409255
12,19,45,1635.14,0.0309511
12,19,46,1634.6,0.0214896
12,19,47,1620.69,0.0136649
12,19,48,1585.94,0.00794586
12,19,49,1526.67,0.00421367
12,20,0,2543.94,0.507174
12,20,1,2708.7,0.60397
12,20,2,2808.43,0.673618
12,20,3,2850.48,0.708471
12,20,4,2847.45,0.707276
12,20,5,2814.21,0.674521
12,20,6,2765.22,0.618466
12,20,7,2712.57,0.549052
12,20,8,2664.73,0.475529
12,20,9,2626.13,0.404689
12,20,10,2597.58,0.340112
12,20,11,2576.45,0.28254
12,20,12,2559.26,0.231824
12,20,13,2540.15,0.18726
12,20,14,2514.03,0.148813
12,20,15,2476.9,0.11694
12,20,16,2426.71,0.0920529
12,20,17,2363.73,0.0741362
12,20,18,2290.77,0.0623302
12,20,19,2212.4,0.0551047
12,20,20,2134.45,0.0508906
12,20,21,2062.77,0.0483721
12,20,22,2001.99,0.0464499
12,20,23,1954.85,0.0447496
12,20,24,1921.76,0.0430551
12,20,25,1900.34,0.0413633
12,20,26,1886.49,0.0396257
12,20,27,1875.87,0.0376885
12,20,28,1864.78,0.035185
12,20,29,1851.13,0.0318634
12,20,30,1834.51,0.0278694
12,20,31,1815.58,0.0238104
12,20,32,1795.63,0.0206416
12,20,33,1775.85,0.0193799
12,20,34,1757.32,0.0207821
12,20,35,1740.73,0.0251293
12,20,36,1726.25,0.0320894
12,20,37,1713.55,0.0406451
12,20,38,1701.78,0.0492903
12,20,39,1690.59,0.0562878
12,20,40,1679.87,0.0600859
12,20,41,1671.18,0.0597777
12,20,42,1666.77,0.0552578
12,20,43,1668.25,0.0473557
12,20,44,1675.05,0.0375277
12,20,45,1683,0.027425
12,20,46,1684.87,0.0184368
12,20,47,1671.97,0.0113725
12,20,48,1636.58,0.00642409
12,20,49,1574.66,0.0033092
12,21,0,2541.04,0.482961
12,21,1,2709.52,0.578635
12,21,2,2814.63,0.650109
12,21,3,2863.65,0.689628
12,21,4,2868.91,0.695319
12,21,5,2844.58,0.670842
12,21,6,2804.18,0.623631
12,21,7,2758.75,0.562734
12,21,8,2716.02,0.496389
12,21,9,2680.1,0.430343
12,21,10,2651.89,0.367439
12,21,11,2629.17,0.308397
12,21,12,2608.99,0.253846
12,21,13,2586.25,0.204492
12,21,14,2556.54,0.161793
12,21,15,2516.32,0.127303
12,21,16,2463.64,0.101815
12,21,17,2398.43,0.0848771
12,21,18,2322.82,0.0746246
12,21,19,2240.77,0.0685559
12,21,20,2157.82,0.0644517
12,21,21,2080.22,0.0609772
12,21,22,2013.54,0.0575311
12,21,23,1961.65,0.0544319
12,21,24,1925.66,0.052062
12,21,25,1903.34,0.0506099
12,21,26,1890.21,0.0497659
12,21,27,1881.13,0.0487967
12,21,28,1871.67,0.0467325
12,21,29,1859.04,0.0429246
12,21,30,1842.51,0.0375271
12,21,31,1822.71,0.0315285
12,21,32,1801.31,0.0264828
12,21,33,1780.23,0.0239554
12,21,34,1761.31,0.0250349
12,21,35,1745.87,0.0299843
12,21,36,1734.2,0.0381401
12,21,37,1725.7,0.0479674
12,21,38,1719.12,0.0574389
12,21,39,1713.76,0.0644587
12,21,40,1709.26,0.0673824
12,21,41,1707.08,0.0655036
12,21,42,1709.18,0.059081
12,21,43,1716.7,0.0493657
12,21,44,1728.49,0.038127
12,21,45,1739.93,0.0271498
12,21,46,1743.57,0.0177792
12,21,47,1730.67,0.0106775
12,21,48,1693.5,0.00586676
12,21,49,1627.76,0.00293308
12,22,0,2543.59,0.454403
12,22,1,2718.09,0.548628
12,22,2,2830.68,0.621843
12,22,3,2888.53,0.666197
12,22,4,2903.59,0.679259
12,22,5,2889.3,0.663988
12,22,6,2858.12,0.627108
12,22,7,2819.87,0.576776
12,22,8,2781.29,0.520043
12,22,9,2745.93,0.461273
12,22,10,2714.75,0.40217
12,22,11,2686.22,0.343121
12,22,12,2658.42,0.285421
12,22,13,2627.65,0.231322
12,22,14,2590.8,0.18408
12,22,15,2545.17,0.146682
12,22,16,2489.08,0.120508
12,22,17,2422.14,0.104657
12,22,18,2345.64,0.096058
12,22,19,2262.74,0.090969
12,22,20,2178.38,0.0863319
12,22,21,2098.8,0.0808033
12,22,22,2029.93,0.0744815
12,22,23,1976.1,0.0686502
12,22,24,1938.72,0.0645024
12,22,25,1915.54,0.0625079
12,22,26,1901.82,0.0620617
12,22,27,1891.93,0.0617697
12,22,28,1881.02,0.0599869
12,22,29,1866.02,0.0556315
12,22,30,1846.22,0.0488474
12,22,31,1822.67,0.0409727
12,22,32,1797.82,0.0341058
12,22,33,1774.49,0.0303073
12,22,34,1755.34,0.0309732
12,22,35,1742.12,0.0363782
12,22,36,1735.03,0.0456056
12,22,37,1733.02,0.0567109
12,22,38,1734.25,0.0672355
12,22,39,1737.6,0.0747415
12,22,40,1742.23,0.0774064
12,22,41,1749.19,0.0745502
12,22,42,1759.87,0.0666018
12,22,43,1774.75,0.0551002
12,22,44,1792.04,0.0421083
12,22,45,1806.81,0.0296431
12,22,46,1811.59,0.0191675
12,22,47,1797.78,0.0113479
12,22,48,1757.69,0.00613402
12,22,49,1686.9,0.00300902
12,23,0,2555.53,0.429018
12,23,1,2737.27,0.522345
12,23,2,2858.05,0.59753
12,23,3,2924.93,0.646637
12,23,4,2949.62,0.666827
12,23,5,2944.9,0.66062
12,23,6,2922.2,0.63428
12,23,7,2890.07,0.595241
12,23,8,2854.07,0.549364
12,23,9,2816.99,0.499456
12,23,10,2779.77,0.445773
12,23,11,2741.75,0.38802
12,23,12,2702.48,0.327917
12,23,13,2660.25,0.26919
12,23,14,2613.71,0.21702
12,23,15,2561.36,0.176068
12,23,16,2501.91,0.148519
12,23,17,2434.54,0.133139
12,23,18,2359.62,0.12561
12,23,19,2279.22,0.120809
12,23,20,2197.4,0.114713
12,23,21,2119.91,0.105954
12,23,22,2052.44,0.0954419
12,23,23,1999.24,0.0855927
12,23,24,1961.61,0.0785388
12,23,25,1937.27,0.0750993
12,23,26,1921.43,0.0743769
12,23,27,1908.39,0.0743198
12,23,28,1893.37,0.072621
12,23,29,1873.38,0.0677793
12,23,30,1848.15,0.0598936
12,23,31,1819.4,0.0505514
12,23,32,1790.52,0.042254
12,23,33,1765.21,0.0374303
12,23,34,1746.69,0.0377204
12,23,35,1736.92,0.0434314
12,23,36,1735.77,0.0534815
12,23,37,1741.64,0.0656445
12,23,38,1752.15,0.0771482
12,23,39,1765.67,0.0852722
12,23,40,1780.79,0.087993
12,23,41,1798.03,0.0845517
12,23,42,1818.04,0.0754188
12,23,43,1840.59,0.0623132
12,23,44,1863.35,0.0475474
12,23,45,1881.19,0.0334015
12,23,46,1886.7,0.021533
12,23,47,1871.42,0.0126944
12,23,48,1827.73,0.00682284
12,23,49,1751,0.00332349
12,24,0,2578.29,0.412921
12,24,1,2767.03,0.506203
12,24,2,2895.03,0.583348
12,24,3,2969.46,0.636452
12,24,4,3001.95,0.662586
12,24,5,3004.84,0.664261
12,24,6,2988.74,0.647663
12,24,7,2961,0.619738
12,24,8,2925.93,0.585211
12,24,9,2885.4,0.545199
12,24,10,2840.24,0.498229
12,24,11,2790.66,0.442955
12,24,12,2737.95,0.381185
12,24,13,2682.67,0.317907
12,24,14,2625.59,0.260214
12,24,15,2566.59,0.214605
12,24,16,2504.81,0.184317
12,24,17,2438.93,0.168038
12,24,18,2368.16,0.160368
12,24,19,2293.32,0.154822
12,24,20,2217.32,0.146365
12,24,21,2145.02,0.133528
12,24,22,2081.46,0.117984
12,24,23,2030.41,0.103263
12,24,24,1992.91,0.0924366
12,24,25,1966.7,0.0867126
12,24,26,1947.28,0.0849678
12,24,27,1929.33,0.0846157
12,24,28,1908.53,0.0828108
12,24,29,1882.39,0.0776969
12,24,30,1851.32,0.069269
12,24,31,1817.79,0.0591877
12,24,32,1785.95,0.0501311
12,24,33,1760.02,0.0447069
12,24,34,1743.42,0.0447086
12,24,35,1737.97,0.0504953
12,24,36,1743.12,0.060919
12,24,37,1756.79,0.0736094
12,24,38,1776.18,0.0856128
12,24,39,1799.3,0.0940245
12,24,40,1824.25,0.0966718
12,24,41,1851.03,0.0927114
12,24,42,1879.61,0.0826249
12,24,43,1909.18,0.0682466
12,24,44,1936.97,0.0520658
12,24,45,1957.71,0.0365651
12,24,46,1963.96,0.0235586
12,24,47,1947.3,0.0138732
12,24,48,1900.01,0.00744434
12,24,49,1817.19,0.00361966
12,25,0,2609.96,0.409785
12,25,1,2804.28,0.503801
12,25,2,2937.44,0.582458
12,25,3,3016.93,0.638104
12,25,4,3054.5,0.668215
12,25,5,3062.28,0.675866
12,25,6,3050.29,0.667611
12,25,7,3024.95,0.650154
12,25,8,2989.44,0.627095
12,25,9,2944.68,0.5977
12,25,10,2891.26,0.558468
12,25,11,2830.18,0.506626
12,25,12,2764.38,0.443736
12,25,13,2696.75,0.375777
12,25,14,2630.19,0.311673
12,25,15,2565.95,0.259857
12,25,16,2503.5,0.224886
12,25,17,2440.92,0.20573
12,25,18,2376.2,0.196261
12,25,19,2308.83,0.188822
12,25,20,2240.43,0.177393
12,25,21,2174.82,0.160268
12,25,22,2116.14,0.139644
12,25,23,2067.55,0.119934
12,25,24,2029.82,0.105002
12,25,25,2000.86,0.0964491
12,25,26,1976.75,0.093058
12,25,27,1952.9,0.0919347
12,25,28,1925.83,0.0899007
12,25,29,1893.9,0.0848379
12,25,30,1858.25,0.0765547
12,25,31,1821.94,0.0665663
12,25,32,1789.47,0.0574708
12,25,33,1765.01,0.0518592
12,25,34,1751.67,0.0515969
12,25,35,1750.81,0.0571278
12,25,36,1761.47,0.0673396
12,25,37,1781.31,0.0798417
12,25,38,1807.41,0.0916106
12,25,39,1837.66,0.0996559
12,25,40,1869.92,0.10175
12,25,41,1903.87,0.0970434
12,25,42,1939.08,0.0860872
12,25,43,1974.34,0.0708234
12,25,44,2006.53,0.0538371
12,25,45,2030.18,0.0376859
12,25,46,2037.65,0.0242093
12,25,47,2020.32,0.0142178
12,25,48,1970.14,0.00761122
12,25,49,1881.83,0.00369372
12,26,0,2646.19,0.420736
12,26,1,2844.1,0.516085
12,26,2,2980.05,0.595481
12,26,3,3061.99,0.651815
12,26,4,3101.86,0.683527
12,26,5,3111.8,0.694878
12,26,6,3101.45,0.693248
12,26,7,3076.67,0.685298
12,26,8,3039.75,0.673463
12,26,9,2990.88,0.654956
12,26,10,2930.33,0.623984
12,26,11,2859.66,0.576048
12,26,12,2783.27,0.512206
12,26,13,2706.01,0.439195
12,26,14,2632.62,0.367651
12,26,15,2565.48,0.307968
12,26,16,2504.22,0.266225
12,26,17,2446.19,0.242067
12,26,18,2388.27,0.229086
12,26,19,2328.72,0.218781
12,26,20,2268.01,0.204264
12,26,21,2208.96,0.183404
12,26,22,2154.82,0.158556
12,26,23,2108.14,0.134598
12,26,24,2069.48,0.115929
12,26,25,2037.02,0.104515
12,26,26,2007.56,0.0992138
12,26,27,1977.53,0.097105
12,26,28,1944.6,0.0949073
12,26,29,1908.17,0.0903256
12,26,30,1870.15,0.0828823
12,26,31,1833.91,0.0737259
12,26,32,1803.73,0.0651423
12,26,33,1783.08,0.0595518
12,26,34,1774.21,0.0588498
12,26,35,1777.77,0.0636282
12,26,36,1792.43,0.0729228
12,26,37,1815.85,0.0844344
12,26,38,1845.34,0.0951498
12,26,39,1879.04,0.102062
12,26,40,1914.91,0.102973
12,26,41,1952.7,0.0971315
12,26,42,1991.89,0.085261
12,26,43,2031.1,0.0694419
12,26,44,2066.96,0.0522901
12,26,45,2093.61,0.0362924
12,26,46,2102.98,0.0231444
12,26,47,2085.94,0.0135133
12,26,48,2033.97,0.00720577
12,26,49,1941.32,0.00348987
12,27,0,2683.17,0.443999
12,27,1,2882.74,0.541267
12,27,2,3019.43,0.620773
12,27,3,3101.59,0.676145
12,27,4,3141.4,0.707228
12,27,5,3151.01,0.719969
12,27,6,3139.99,0.722949
12,27,7,3113.96,0.722976
12,27,8,3074.82,0.72132
12,27,9,3022.31,0.713044
12,27,10,2956.52,0.689944
12,27,11,2879.37,0.645675
12,27,12,2796.28,0.58067
12,27,13,2713.56,0.502256
12,27,14,2637.13,0.422615
12,27,15,2570.01,0.353989
12,27,16,2511.7,0.304034
12,27,17,2458.87,0.273336
12,27,18,2407.48,0.255653
12,27,19,2354.89,0.242034
12,27,20,2300.75,0.224909
12,27,21,2247.09,0.201573
12,27,22,2196.43,0.174117
12,27,23,2150.78,0.147388
12,27,24,2110.44,0.12599
12,27,25,2073.91,0.112195
12,27,26,2038.76,0.105112
12,27,27,2002.63,0.102068
12,27,28,1964.57,0.0998984
12,27,29,1925.21,0.0961999
12,27,30,1887.2,0.0901219
12,27,31,1853.9,0.0822686
12,27,32,1828.79,0.0744402
12,27,33,1814.08,0.0687908
12,27,34,1810.68,0.0672416
12,27,35,1818.31,0.0706192
12,27,36,1835.32,0.0782301
12,27,37,1859.62,0.0879746
12,27,38,1889.03,0.0969115
12,27,39,1922.32,0.10205
12,27,40,1957.93,0.101268
12,27,41,1996.04,0.0939739
12,27,42,2036.41,0.0811413
12,27,43,2077.71,0.0650175
12,27,44,2116.32,0.0482042
12,27,45,2145.89,0.0330024
12,27,46,2157.62,0.0208239
12,27,47,2141.69,0.0120865
12,27,48,2088.97,0.00645161
12,27,49,1993.2,0.00315719
12,28,0,2719.06,0.474633
12,28,1,2918.73,0.574398
12,28,2,3054.53,0.653849
12,28,3,3135.17,0.707328
12,28,4,3172.89,0.736211
12,28,5,3179.92,0.748313
12,28,6,3165.92,0.75361
12,28,7,3136.72,0.75924
12,28,8,3094.34,0.76549
12,28,9,3038.55,0.765469
12,28,10,2969.48,0.748753
12,28,11,2889.33,0.707293
12,28,12,2804.06,0.640916
12,28,13,2720.64,0.557377
12,28,14,2645.4,0.470102
12,28,15,2581.37,0.392839
12,28,16,2527.63,0.334624
12,28,17,2480.22,0.297059
12,28,18,2434.58,0.274404
12,28,19,2387.56,0.257675
12,28,20,2338.44,0.238898
12,28,21,2288.74,0.214734
12,28,22,2240.43,0.186661
12,28,23,2194.98,0.15903
12,28,24,2152.41,0.136313
12,28,25,2111.45,0.121004
12,28,26,2070.48,0.112601
12,28,27,2028.51,0.108919
12,28,28,1986.09,0.107083
12,28,29,1945.25,0.104639
12,28,30,1909.29,0.100297
12,28,31,1881.25,0.093993
12,28,32,1863.4,0.086918
12,28,33,1856.22,0.0808977
12,28,34,1858.97,0.0778847
12,28,35,1870.3,0.0790343
12,28,36,1888.3,0.0840611
12,28,37,1911.25,0.0912034
12,28,38,1937.72,0.0976853
12,28,39,1967.37,0.100575
12,28,40,1999.46,0.0978268
12,28,41,2034.91,0.0890051
12,28,42,2073.99,0.0753144
12,28,43,2115.59,0.0591363
12,28,44,2155.87,0.0430072
12,28,45,2187.87,0.0289741
12,28,46,2201.95,0.0180949
12,28,47,2187.46,0.0104988
12,28,48,2134.63,0.00568662
12,28,49,2036.7,0.00288156
12,29,0,2754.64,0.505314
12,29,1,2953.25,0.608037
12,29,2,3086.88,0.687868
12,29,3,3164.47,0.739584
12,29,4,3198.22,0.765764
12,29,5,3200.37,0.775817
12,29,6,3180.85,0.781006
12,29,7,3146.11,0.788969
12,29,8,3098.85,0.799458
12,29,9,3039.47,0.804269
12,29,10,2968.52,0.791404
12,29,11,2888.42,0.751566
12,29,12,2805.26,0.684078
12,29,13,2725.8,0.596856
12,29,14,2655.91,0.504028
12,29,15,2597.95,0.420219
12,29,16,2550.33,0.355398
12,29,17,2508.61,0.31204
12,29,18,2468.05,0.285154
12,29,19,2425.48,0.266133
12,29,20,2380.15,0.246952
12,29,21,2333.39,0.223697
12,29,22,2286.72,0.19701
12,29,23,2241.04,0.170364
12,29,24,2196.05,0.14779
12,29,25,2150.64,0.131907
12,29,26,2104.01,0.122727
12,29,27,2056.64,0.118757
12,29,28,2010.71,0.117581
12,29,29,1969.64,0.116751
12,29,30,1937.26,0.114497
12,29,31,1916.06,0.10998
12,29,32,1906.72,0.103651
12,29,33,1907.8,0.0969169
12,29,34,1916.77,0.0917349
12,29,35,1931.24,0.08967
12,29,36,1949.07,0.0910011
12,29,37,1969.05,0.0945022
12,29,38,1990.63,0.0977402
12,29,39,2014.51,0.0979446
12,29,40,2040.94,0.0931574
12,29,41,2071.75,0.0830279
12,29,42,2107.85,0.0688662
12,29,43,2148.38,0.0530596
12,29,44,2189.28,0.0379824
12,29,45,2222.98,0.0253745
12,29,46,2238.96,0.0159237
12,29,47,2225.76,0.00949031
12,29,48,2172.94,0.00544276
12,29,49,2073.35,0.00302616
12,30,0,2792.27,0.52861
12,30,1,2988.99,0.634392
12,30,2,3119.38,0.715427
12,30,3,3192.5,0.766467
12,30,4,3220.41,0.790589
12,30,5,3215.32,0.798038
12,30,6,3187.54,0.800909
12,30,7,3144.45,0.807419
12,30,8,3090.01,0.817477
12,30,9,3025.88,0.822648
12,30,10,2953.5,0.810463
12,30,11,2875.62,0.771118
12,30,12,2797.97,0.703548
12,30,13,2726.33,0.615389
12,30,14,2665.25,0.520639
12,30,15,2615.85,0.433923
12,30,16,2575.69,0.365494
12,30,17,2540.04,0.318456
12,30,18,2504.31,0.288744
12,30,19,2465.63,0.268545
12,30,20,2423.56,0.250191
12,30,21,2379.39,0.229363
12,30,22,2334.21,0.205754
12,30,23,2288.39,0.181698
12,30,24,2241.22,0.160517
12,30,25,2191.78,0.144852
12,30,26,2140.14,0.135329
12,30,27,2088.27,0.13134
12,30,28,2040,0.131095
12,30,29,1999.97,0.132237
12,30,30,1972.3,0.132485
12,30,31,1958.65,0.130126
12,30,32,1957.95,0.124708
12,30,33,1966.83,0.117081
12,30,34,1981.12,0.109119
12,30,35,1997.59,0.102842
12,30,36,2014.08,0.0992514
12,30,37,2029.98,0.0979066
12,30,38,2045.67,0.096988
12,30,39,2062.96,0.0940806
12,30,40,2083.08,0.0873629
12,30,41,2108.7,0.0764637
12,30,42,2141.31,0.0625748
12,30,43,2180.23,0.0478506
12,30,44,2221.14,0.0343338
12,30,45,2255.87,0.0233934
12,30,46,2273.14,0.0153674
12,30,47,2260.73,0.00992253
12,30,48,2207.64,0.00637392
12,30,49,2106.35,0.00405759
12,31,0,2833.92,0.53887
12,31,1,3028.21,0.647154
12,31,2,3154.5,0.730135
12,31,3,3221.95,0.782113
12,31,4,3242.4,0.805777
12,31,5,3227.97,0.811139
12,31,6,3189.35,0.810344
12,31,7,3135.1,0.812082
12,31,8,3070.91,0.817146
12,31,9,3000.32,0.818187
12,31,10,2926.18,0.803639
12,31,11,2851.63,0.764094
12,31,12,2781.66,0.698193
12,31,13,2720.37,0.612701
12,31,14,2670.33,0.520472
12,31,15,2631.05,0.435147
12,31,16,2599.2,0.366575
12,31,17,2569.98,0.318245
12,31,18,2539.21,0.28718
12,31,19,2504.51,0.266767
12,31,20,2465.84,0.250093
12,31,21,2424.48,0.23267
12,31,22,2381.12,0.213246
12,31,23,2335.58,0.192866
12,31,24,2286.83,0.173942
12,31,25,2234.25,0.159055
12,31,26,2178.87,0.149514
12,31,27,2124.15,0.145748
12,31,28,2075.32,0.146747
12,31,29,2037.93,0.150307
12,31,30,2015.93,0.153602
12,31,31,2009.83,0.153937
12,31,32,2016.84,0.149783
12,31,33,2031.87,0.141271
12,31,34,2049.53,0.130086
12,31,35,2066.17,0.118724
12,31,36,2079.89,0.109051
12,31,37,2090.85,0.101667
12,31,38,2100.4,0.0956731
12,31,39,2111.38,0.0892579
12,31,40,2125.88,0.0808282
12,31,41,2147.21,0.0698889
12,31,42,2177.19,0.0572498
12,31,43,2215.09,0.0445371
12,31,44,2256.2,0.0332376
12,31,45,2291.77,0.0242588
12,31,46,2309.85,0.0176079
12,31,47,2297.64,0.0128514
12,31,48,2243.66,0.00935813
12,31,49,2140.11,0.00665447
12,32,0,2880.43,0.534987
12,32,1,3072.04,0.644648
12,32,2,3193.76,0.729918
12,32,3,3254.85,0.784432
12,32,4,3266.9,0.809709
12,32,5,3241.8,0.814416
12,32,6,3190.59,0.809789
12,32,7,3123.07,0.804659
12,32,8,3046.98,0.801264
12,32,9,2968.27,0.794594
12,32,10,2891.57,0.77536
12,32,11,2820.48,0.735455
12,32,12,2758.93,0.673297
12,32,13,2708.81,0.594157
12,32,14,2670.35,0.508728
12,32,15,2641.35,0.428747
12,32,16,2617.76,0.363062
12,32,17,2594.88,0.31536
12,32,18,2569.09,0.283909
12,32,19,2538.59,0.26363
12,32,20,2503.63,0.248728
12,32,21,2465.4,0.234827
12,32,22,2424.2,0.219842
12,32,23,2379.38,0.203535
12,32,24,2329.81,0.187303
12,32,25,2275.33,0.173591
12,32,26,2218.07,0.164388
12,32,27,2162.8,0.161209
12,32,28,2115.82,0.163882
12,32,29,2082.98,0.170366
12,32,30,2067.55,0.177241
12,32,31,2068.64,0.180757
12,32,32,2081.82,0.17821
12,32,33,2100.69,0.168923
12,32,34,2119.26,0.154324
12,32,35,2133.95,0.137379
12,32,36,2143.51,0.120899
12,32,37,2149.03,0.106679
12,32,38,2152.86,0.0949811
12,32,39,2158.74,0.0848242
12,32,40,2169.41,0.0749511
12,32,41,2188.53,0.0646762
12,32,42,2217.87,0.0542009
12,32,43,2256.33,0.0443484
12,32,44,2298.61,0.0358307
12,32,45,2335.32,0.0289975
12,32,46,2353.96,0.0235459
12,32,47,2341.28,0.019035
12,32,48,2285.49,0.0150037
12,32,49,2178.64,0.0112774
12,33,0,2930.24,0.520668
12,33,1,3119.32,0.630219
12,33,2,3236.59,0.7174
12,33,3,3291.52,0.7753
12,33,4,3295.4,0.803886
12,33,5,3259.76,0.809685
12,33,6,3195.83,0.802154
12,33,7,3114.56,0.789766
12,33,8,3025.83,0.776404
12,33,9,2938.15,0.760227
12,33,10,2858.17,0.735254
12,33,11,2789.88,0.695399
12,33,12,2735.97,0.638922
12,33,13,2695.92,0.569124
12,33,14,2667.63,0.493745
12,33,15,2647.43,0.421943
12,33,16,2630.77,0.361138
12,33,17,2613.29,0.315091
12,33,18,2591.94,0.283401
12,33,19,2565.36,0.262753
12,33,20,2533.94,0.248746
12,33,21,2498.67,0.237447
12,33,22,2459.46,0.226193
12,33,23,2415.43,0.213647
12,33,24,2365.61,0.20022
12,33,25,2310.56,0.188143
12,33,26,2253.52,0.179953
12,33,27,2200.35,0.178099
12,33,28,2157.91,0.183132
12,33,29,2131.76,0.193078
12,33,30,2123.93,0.203875
12,33,31,2131.95,0.210742
12,33,32,2149.93,0.209852
12,33,33,2170.67,0.1998
12,33,34,2188.08,0.181787
12,33,35,2199.23,0.159236
12,33,36,2203.78,0.135873
12,33,37,2203.94,0.114693
12,33,38,2203.05,0.0971836
12,33,39,2205.65,0.0833171
12,33,40,2214.88,0.07226
12,33,41,2234.45,0.0631251
12,33,42,2265.72,0.0553795
12,33,43,2306.87,0.0488697
12,33,44,2351.71,0.0433822
12,33,45,2390.13,0.0386349
12,33,46,2409.13,0.0340278
12,33,47,2395.19,0.0291792
12,33,48,2336.41,0.0238904
12,33,49,2224.77,0.0183818
12,34,0,2980.52,0.502902
12,34,1,3167.69,0.61093
12,34,2,3281.42,0.698966
12,34,3,3331.44,0.759961
12,34,4,3328.78,0.792475
12,34,5,3284.51,0.800663
12,34,6,3209.84,0.79168
12,34,7,3116.54,0.773116
12,34,8,3016.38,0.750282
12,34,9,2920.24,0.724727
12,34,10,2836.57,0.694234
12,34,11,2769.7,0.655147
12,34,12,2721.09,0.605679
12,34,13,2688.1,0.546957
12,34,14,2666.7,0.483383
12,34,15,2652.21,0.421191
12,34,16,2639.92,0.366129
12,34,17,2625.83,0.321913
12,34,18,2607.38,0.289441
12,34,19,2583.46,0.26723
12,34,20,2554.39,0.25245
12,34,21,2520.9,0.241972
12,34,22,2482.69,0.232969
12,34,23,2438.93,0.223381
12,34,24,2389.09,0.212795
12,34,25,2334.62,0.203141
12,34,26,2279.81,0.197192
12,34,27,2231.28,0.197942
12,34,28,2195.96,0.206324
12,34,29,2178.57,0.220234
12,34,30,2179.55,0.234947
12,34,31,2194.78,0.244823
12,34,32,2217.12,0.245174
12,34,33,2238.96,0.234142
12,34,34,2254.56,0.212851
12,34,35,2261.91,0.185159
12,34,36,2261.84,0.155564
12,34,37,2257.73,0.128064
12,34,38,2253.88,0.105228
12,34,39,2255.46,0.0879518
12,34,40,2265.87,0.0758603
12,34,41,2288.54,0.0679134
12,34,42,2324.17,0.0628582
12,34,43,2369.89,0.0595474
12,34,44,2418.45,0.0568119
12,34,45,2458.92,0.0537158
12,34,46,2477.85,0.0493732
12,34,47,2461.63,0.0434859
12,34,48,2398.36,0.0361632
12,34,49,2280.11,0.0280788
12,35,0,3027.96,0.488446
12,35,1,3214.41,0.59387
12,35,2,3326.2,0.681206
12,35,3,3373.45,0.743821
12,35,4,3367.01,0.779462
12,35,5,3317.48,0.790271
12,35,6,3235.84,0.781079
12,35,7,3134.25,0.75821
12,35,8,3025.71,0.727889
12,35,9,2922.82,0.694655
12,35,10,2835.29,0.659907
12,35,11,2767.73,0.62248
12,35,12,2720.75,0.580684
12,35,13,2690.34,0.533601
12,35,14,2671.33,0.482325
12,35,15,2658.59,0.430128
12,35,16,2647.39,0.380973
12,35,17,2634.01,0.338359
12,35,18,2616.12,0.304289
12,35,19,2592.59,0.279021
12,35,20,2563.61,0.261395
12,35,21,2529.75,0.249464
12,35,22,2490.77,0.240791
12,35,23,2446.23,0.233112
12,35,24,2396.28,0.225475
12,35,25,2343.28,0.21938
12,35,26,2292.38,0.217377
12,35,27,2250.6,0.222386
12,35,28,2224.55,0.235223
12,35,29,2217.79,0.253404
12,35,30,2229.04,0.271621
12,35,31,2252.59,0.283699
12,35,32,2280.23,0.284533
12,35,33,2304.16,0.272217
12,35,34,2319.18,0.248004
12,35,35,2324.27,0.216121
12,35,36,2321.49,0.181586
12,35,37,2315.32,0.149048
12,35,38,2310.91,0.121827
12,35,39,2313.89,0.101568
12,35,40,2327.73,0.088342
12,35,41,2355.47,0.0810695
12,35,42,2396.96,0.0779468
12,35,43,2448.24,0.0769946
12,35,44,2500.9,0.0762012
12,35,45,2543.2,0.0740109
12,35,46,2561.32,0.0692427
12,35,47,2541.64,0.0616392
12,35,48,2472.37,0.0515898
12,35,49,2345.66,0.0402242
12,36,0,3069.81,0.481189
12,36,1,3257.18,0.583423
12,36,2,3369.08,0.66846
12,36,3,3416.11,0.730571
12,36,4,3409.1,0.767478
12,36,5,3358.3,0.780071
12,36,6,3274.26,0.771251
12,36,7,3169.03,0.745928
12,36,8,3055.93,0.710618
12,36,9,2948.28,0.672058
12,36,10,2856.48,0.634664
12,36,11,2785.4,0.599561
12,36,12,2735.55,0.565355
12,36,13,2702.66,0.529469
12,36,14,2681.33,0.490061
12,36,15,2666.45,0.447621
12,36,16,2653.28,0.404296
12,36,17,2638.03,0.36313
12,36,18,2618.19,0.326922
12,36,19,2592.41,0.29745
12,36,20,2560.77,0.275227
12,36,21,2523.96,0.259828
12,36,22,2482.25,0.249772
12,36,23,2435.88,0.243162
12,36,24,2385.79,0.238814
12,36,25,2335.14,0.237661
12,36,26,2289.57,0.241483
12,36,27,2256.17,0.25243
12,36,28,2240.99,0.270651
12,36,29,2246.34,0.293094
12,36,30,2269.37,0.314064
12,36,31,2302.89,0.327303
12,36,32,2337.81,0.327818
12,36,33,2366.14,0.314055
12,36,34,2383.23,0.287568
12,36,35,2389.01,0.252829
12,36,36,2386.59,0.215051
12,36,37,2381.44,0.179107
12,36,38,2379.28,0.148637
12,36,39,2386,0.125771
12,36,40,2404.95,0.110969
12,36,41,2438.75,0.10328
12,36,42,2486.49,0.100665
12,36,43,2543.25,0.100646
12,36,44,2599.61,0.100621
12,36,45,2643.11,0.0984948
12,36,46,2659.64,0.0927338
12,36,47,2635.58,0.0829782
12,36,48,2559.18,0.0697699
12,36,49,2422.57,0.0546285
12,37,0,3104.47,0.480545
12,37,1,3294.65,0.579478
12,37,2,3408.81,0.661038
12,37,3,3458.09,0.72064
12,37,4,3453.44,0.756642
12,37,5,3404.89,0.769518
12,37,6,3322.47,0.760884
12,37,7,3217.6,0.734348
12,37,8,3103.1,0.696207
12,37,9,2992.04,0.654511
12,37,10,2894.92,0.615896
12,37,11,2817.12,0.583421
12,37,12,2759.95,0.556174
12,37,13,2719.97,0.530437
12,37,14,2692.45,0.501998
12,37,15,2672.58,0.468898
12,37,16,2655.37,0.431503
12,37,17,2636.48,0.392172
12,37,18,2612.78,0.35411
12,37,19,2582.52,0.320303
12,37,20,2545.81,0.292819
12,37,21,2503.89,0.272929
12,37,22,2457.94,0.260555
12,37,23,2409.24,0.254646
12,37,24,2359.45,0.254083
12,37,25,2312.24,0.259103
12,37,26,2273.35,0.270256
12,37,27,2249.61,0.288293
12,37,28,2246.34,0.312259
12,37,29,2264.81,0.338471
12,37,30,2300.83,0.361168
12,37,31,2346.02,0.374508
12,37,32,2390.43,0.374098
12,37,33,2425.97,0.359023
12,37,34,2448.37,0.331195
12,37,35,2458.35,0.295126
12,37,36,2459.89,0.255882
12,37,37,2459.09,0.218152
12,37,38,2461.98,0.18547
12,37,39,2474.33,0.160172
12,37,40,2499.32,0.14304
12,37,41,2539.18,0.133475
12,37,42,2592.58,0.129613
12,37,43,2653.94,0.128935
12,37,44,2713.16,0.128565
12,37,45,2757.24,0.125944
12,37,46,2771.78,0.119037
12,37,47,2743.1,0.107116
12,37,48,2659.28,0.0906552
12,37,49,2512.15,0.0714515
12,38,0,3131.6,0.482556
12,38,1,3326.36,0.578389
12,38,2,3444.68,0.655981
12,38,3,3498.15,0.711819
12,38,4,3497.95,0.745221
12,38,5,3454.01,0.75687
12,38,6,3375.76,0.74776
12,38,7,3273.64,0.720514
12,38,8,3159.35,0.680942
12,38,9,3045.03,0.637675
12,38,10,2941,0.598798
12,38,11,2853.43,0.568883
12,38,12,2785.24,0.547621
12,38,13,2734.75,0.530661
12,38,14,2698.52,0.512064
12,38,15,2672.16,0.487864
12,38,16,2650.14,0.456796
12,38,17,2627.08,0.42036
12,38,18,2598.81,0.381786
12,38,19,2563.03,0.344867
12,38,20,2520.11,0.312954
12,38,21,2472.13,0.288955
12,38,22,2421.66,0.274397
12,38,23,2371.11,0.269372
12,38,24,2322.81,0.273041
12,38,25,2280.55,0.284899
12,38,26,2249.75,0.304006
12,38,27,2236.65,0.329341
12,38,28,2245.87,0.358636
12,38,29,2277.82,0.387676
12,38,30,2327.38,0.411
12,38,31,2385.17,0.423622
12,38,32,2440.64,0.422081
12,38,33,2485.52,0.406188
12,38,34,2515.94,0.378133
12,38,35,2533.21,0.342228
12,38,36,2541.91,0.3031
12,38,37,2548.45,0.264952
12,38,38,2558.77,0.230881
12,38,39,2578.24,0.203183
12,38,40,2609.71,0.182895
12,38,41,2655.26,0.16999
12,38,42,2713.46,0.163221
12,38,43,2778.5,0.160521
12,38,44,2839.92,0.159078
12,38,45,2884.34,0.155914
12,38,46,2897.11,0.148256
12,38,47,2864.36,0.134634
12,38,48,2773.77,0.11515
12,38,49,2616.46,0.0917285
12,39,0,3153.58,0.483124
12,39,1,3353.98,0.576251
12,39,2,3477.56,0.650045
12,39,3,3536.22,0.701737
12,39,4,3541.41,0.731567
12,39,5,3502.94,0.740758
12,39,6,3429.63,0.730241
12,39,7,3330.8,0.702095
12,39,8,3216.74,0.661644
12,39,9,3098.4,0.617632
12,39,10,2985.86,0.578955
12,39,11,2886.32,0.55127
12,39,12,2804.79,0.534898
12,39,13,2741.88,0.525279
12,39,14,2695.79,0.515383
12,39,15,2662.55,0.49976
12,39,16,2635.89,0.475763
12,39,17,2609.06,0.443957
12,39,18,2576.61,0.407222
12,39,19,2535.68,0.369706
12,39,20,2486.95,0.335618
12,39,21,2433.58,0.309222
12,39,22,2379.67,0.293588
12,39,23,2328.83,0.290068
12,39,24,2283.89,0.298264
12,39,25,2248.44,0.317027
12,39,26,2227.24,0.34395
12,39,27,2225.76,0.376178
12,39,28,2247.83,0.410113
12,39,29,2293.2,0.441142
12,39,30,2356.06,0.464344
12,39,31,2426.35,0.475809
12,39,32,2493.13,0.473124
12,39,33,2548.12,0.456763
12,39,34,2587.88,0.429074
12,39,35,2614.21,0.39403
12,39,36,2632.07,0.355705
12,39,37,2647.87,0.317727
12,39,38,2667.12,0.282621
12,39,39,2694.6,0.25247
12,39,40,2732.83,0.228482
12,39,41,2783.88,0.211313
12,39,42,2846.49,0.20064
12,39,43,2914.9,0.195225
12,39,44,2978.49,0.192583
12,39,45,3023.62,0.189343
12,39,46,3035.44,0.181739
12,39,47,2999.83,0.16717
12,39,48,2903.86,0.145037
12,39,49,2737.55,0.117219
12,40,0,3173.53,0.479664
12,40,1,3379.51,0.570387
12,40,2,3508.35,0.640797
12,40,3,3572.14,0.688453
12,40,4,3582.51,0.714277
12,40,5,3549.1,0.720132
12,40,6,3480.12,0.707295
12,40,7,3383.77,0.677755
12,40,8,3268.98,0.636517
12,40,9,3145.59,0.59219
12,40,10,3023.53,0.55399
12,40,11,2911.15,0.52823
12,40,12,2815.66,0.515791
12,40,13,2740.06,0.512209
12,40,14,2684.2,0.509964
12,40,15,2644.44,0.502692
12,40,16,2613.74,0.4867
12,40,17,2583.97,0.461608
12,40,18,2548.44,0.429603
12,40,19,2503.75,0.3947
12,40,20,2450.93,0.361446
12,40,21,2394.13,0.335032
12,40,22,2338.9,0.31985
12,40,23,2289.9,0.31851
12,40,24,2250.36,0.331218
12,40,25,2223.54,0.356455
12,40,26,2213.39,0.390665
12,40,27,2224.43,0.429355
12,40,28,2259.6,0.467706
12,40,29,2317.97,0.500717
12,40,30,2393.17,0.523955
12,40,31,2474.76,0.534484
12,40,32,2551.72,0.53079
12,40,33,2616.06,0.513852
12,40,34,2664.87,0.486126
12,40,35,2700.41,0.451298
12,40,36,2727.82,0.413052
12,40,37,2753.28,0.374623
12,40,38,2781.76,0.338078
12,40,39,2817.46,0.305246
12,40,40,2862.62,0.277394
12,40,41,2919.41,0.255815
12,40,42,2986.81,0.241169
12,40,43,3059.05,0.233208
12,40,44,3125.42,0.229893
12,40,45,3172.06,0.227468
12,40,46,3184.08,0.220974
12,40,47,3147.18,0.206344
12,40,48,3047.76,0.181979
12,40,49,2874.41,0.149533
12,41,0,3195.97,0.473564
12,41,1,3406.02,0.562181
12,41,2,3538.8,0.629555
12,41,3,3606.54,0.673217
12,41,4,3620.92,0.694533
12,41,5,3591.33,0.696064
12,41,6,3525.37,0.679783
12,41,7,3430.24,0.64803
12,41,8,3313.75,0.605725
12,41,9,3184.9,0.561218
12,41,10,3053.64,0.52365
12,41,11,2929.39,0.499599
12,41,12,2821.4,0.490389
12,41,13,2734.64,0.491885
12,41,14,2670.31,0.496591
12,41,15,2625,0.497738
12,41,16,2591.02,0.490878
12,41,17,2559.15,0.474638
12,41,18,2521.76,0.45018
12,41,19,2475.06,0.420926
12,41,20,2420.32,0.391303
12,41,21,2362.42,0.367066
12,41,22,2308.05,0.353695
12,41,23,2262.74,0.355059
12,41,24,2230.11,0.372161
12,41,25,2213.22,0.403511
12,41,26,2215.29,0.444896
12,41,27,2239.76,0.490541
12,41,28,2288.43,0.534475
12,41,29,2359.4,0.571093
12,41,30,2445.75,0.595996
12,41,31,2536.83,0.606721
12,41,32,2621.95,0.602253
12,41,33,2693.73,0.583887
12,41,34,2749.93,0.554292
12,41,35,2793.29,0.517225
12,41,36,2829,0.476483
12,41,37,2862.98,0.435428
12,41,38,2899.79,0.396046
12,41,39,2943.21,0.360014
12,41,40,2995.37,0.328513
12,41,41,3058.52,0.303215
12,41,42,3131.6,0.285511
12,41,43,3208.63,0.276003
12,41,44,3278.6,0.273049
12,41,45,3327.58,0.272515
12,41,46,3340.86,0.268149
12,41,47,3304.22,0.254218
12,41,48,3203.5,0.227889
12,41,49,3025.57,0.190411
12,42,0,3223.44,0.468288
12,42,1,3434.87,0.555036
12,42,2,3569.17,0.61935
12,42,3,3638.78,0.658512
12,42,4,3655.28,0.674255
12,42,5,3627.75,0.669998
12,42,6,3563.22,0.64878
12,42,7,3468.14,0.6137
12,42,8,3349.55,0.569819
12,42,9,3215.96,0.525135
12,42,10,3077.5,0.488382
12,42,11,2944.51,0.466042
12,42,12,2827.65,0.459762
12,42,13,2733.2,0.465902
12,42,14,2663.08,0.477373
12,42,15,2613.83,0.487348
12,42,16,2577.43,0.49075
12,42,17,2544.09,0.485079
12,42,18,2505.73,0.470169
12,42,19,2458.4,0.448525
12,42,20,2403.43,0.424213
12,42,21,2346.11,0.40339
12,42,22,2293.84,0.392534
12,42,23,2252.92,0.396827
12,42,24,2227.57,0.418277
12,42,25,2220.95,0.455846
12,42,26,2235.76,0.505173
12,42,27,2274.26,0.559563
12,42,28,2336.75,0.611879
12,42,29,2419.98,0.655454
12,42,30,2516.29,0.685159
12,42,31,2614.98,0.698179
12,42,32,2705.98,0.693407
12,42,33,2782.78,0.672262
12,42,34,2843.96,0.637877
12,42,35,2892.69,0.594695
12,42,36,2934.25,0.547416
12,42,37,2974.41,0.500298
12,42,38,3017.61,0.455832
12,42,39,3067.56,0.415764
12,42,40,3126.41,0.38103
12,42,41,3196.33,0.353262
12,42,42,3275.84,0.334087
12,42,43,3358.29,0.324569
12,42,44,3432.25,0.32327
12,42,45,3483.91,0.325676
12,42,46,3499.09,0.324257
12,42,47,3464.02,0.311548
12,42,48,3364.21,0.283332
12,42,49,3184.67,0.2403
12,43,0,3254.38,0.466592
12,43,1,3464.04,0.551652
12,43,2,3597.08,0.612564
12,43,3,3666.12,0.646277
12,43,4,3682.59,0.654952
12,43,5,3655.21,0.643135
12,43,6,3590.59,0.615306
12,43,7,3494.75,0.575685
12,43,8,3374.41,0.529655
12,43,9,3237.98,0.484768
12,43,10,3095.9,0.449064
12,43,11,2959.06,0.428636
12,43,12,2838.8,0.425364
12,43,13,2741.68,0.436204
12,43,14,2669.57,0.454694
12,43,15,2618.76,0.474053
12,43,16,2581.09,0.4885
12,43,17,2546.81,0.494178
12,43,18,2507.87,0.489393
12,43,19,2460.41,0.47563
12,43,20,2405.72,0.456663
12,43,21,2349.23,0.439174
12,43,22,2298.83,0.430728
12,43,23,2261.57,0.437906
12,43,24,2242.58,0.46386
12,43,25,2245.52,0.508301
12,43,26,2272.73,0.567079
12,43,27,2325.16,0.632859
12,43,28,2401.3,0.697257
12,43,29,2496.19,0.752022
12,43,30,2601.22,0.790437
12,43,31,2705.75,0.808425
12,43,32,2800.48,0.804129
12,43,33,2879.91,0.778898
12,43,34,2943.45,0.736626
12,43,35,2994.71,0.683138
12,43,36,3039.15,0.624918
12,43,37,3082.65,0.567963
12,43,38,3129.86,0.515917
12,43,39,3184.73,0.47088
12,43,40,3249.48,0.433413
12,43,41,3325.94,0.40465
12,43,42,3411.78,0.385871
12,43,43,3499.38,0.37809
12,43,44,3576.9,0.379787
12,43,45,3630.86,0.386041
12,43,46,3648.03,0.388119
12,43,47,3615.41,0.376889
12,43,48,3518.43,0.346699
12,43,49,3340.36,0.297609
12,44,0,3281.94,0.467579
12,44,1,3487.28,0.550962
12,44,2,3616.78,0.608087
12,44,3,3683.2,0.635547
12,44,4,3697.73,0.636006
12,44,5,3668.8,0.615323
12,44,6,3602.8,0.579681
12,44,7,3505.75,0.534652
12,44,8,3384.53,0.486076
12,44,9,3247.86,0.441
12,44,10,3106.47,0.406597
12,44,11,2971.36,0.388395
12,44,12,2853.67,0.388426
12,44,13,2759.35,0.404275
12,44,14,2689.54,0.430109
12,44,15,2640,0.45907
12,44,16,2602.64,0.484462
12,44,17,2568.04,0.50086
12,44,18,2528.58,0.505044
12,44,19,2480.65,0.497657
12,44,20,2425.58,0.482553
12,44,21,2368.88,0.467252
12,44,22,2318.89,0.460557
12,44,23,2283.56,0.470449
12,44,24,2269.14,0.50117
12,44,25,2280.06,0.553227
12,44,26,2318.36,0.622813
12,44,27,2383.6,0.702143
12,44,28,2472.23,0.781572
12,44,29,2577.42,0.850938
12,44,30,2689.6,0.901331
12,44,31,2798.19,0.926693
12,44,32,2894.73,0.923876
12,44,33,2974.66,0.893973
12,44,34,3038.21,0.841829
12,44,35,3089.44,0.775185
12,44,36,3134.13,0.702972
12,44,37,3178.44,0.633557
12,44,38,3227.53,0.572229
12,44,39,3285.72,0.521708
12,44,40,3355.24,0.482128
12,44,41,3437.34,0.453799
12,44,42,3528.56,0.43718
12,44,43,3620.28,0.432748
12,44,44,3700.3,0.438598
12,44,45,3755.78,0.44934
12,44,46,3774.58,0.455146
12,44,47,3744.7,0.445402
12,44,48,3651.69,0.413117
12,44,49,3477.42,0.357754
12,45,0,3294.74,0.465933
12,45,1,3494.57,0.547321
12,45,2,3619.46,0.600552
12,45,3,3682.15,0.621824
12,45,4,3693.5,0.614182
12,45,5,3661.75,0.584706
12,45,6,3593.41,0.54125
12,45,7,3494.96,0.490779
12,45,8,3373.92,0.439679
12,45,9,3239.57,0.394543
12,45,10,3102.83,0.361682
12,45,11,2974.27,0.346016
12,45,12,2864.12,0.349666
12,45,13,2777.09,0.370749
12,45,14,2713.21,0.403886
12,45,15,2667.61,0.441874
12,45,16,2632.23,0.476886
12,45,17,2598.05,0.501897
12,45,18,2558.01,0.512424
12,45,19,2508.88,0.508693
12,45,20,2452.19,0.495159
12,45,21,2393.72,0.480487
12,45,22,2342.34,0.47476
12,45,23,2307.02,0.487121
12,45,24,2295.23,0.522588
12,45,25,2312.11,0.582237
12,45,26,2359.41,0.662525
12,45,27,2435.19,0.755391
12,45,28,2533.97,0.850135
12,45,29,2647.15,0.93478
12,45,30,2764.32,0.998142
12,45,31,2875.06,1.03193
12,45,32,2971.63,1.03145
12,45,33,3050.37,0.997407
12,45,34,3112.21,0.935572
12,45,35,3161.65,0.855723
12,45,36,3204.89,0.769396
12,45,37,3248.5,0.687475
12,45,38,3298.17,0.61703
12,45,39,3358.59,0.561547
12,45,40,3431.84,0.520797
12,45,41,3518.47,0.494177
12,45,42,3613.91,0.481108
12,45,43,3708.62,0.481196
12,45,44,3790.26,0.491904
12,45,45,3846.62,0.507301
12,45,46,3866.59,0.516649
12,45,47,3839.06,0.508188
12,45,48,3749.83,0.473873
12,45,49,3579.83,0.412748
12,46,0,3278.89,0.454032
12,46,1,3473.54,0.532541
12,46,2,3594.12,0.582034
12,46,3,3652.98,0.598256
12,46,4,3660.65,0.584289
12,46,5,3625.38,0.547961
12,46,6,3554.18,0.498389
12,46,7,3454.42,0.443705
12,46,8,3334.6,0.390841
12,46,9,3204.66,0.346081
12,46,10,3075.4,0.315037
12,46,11,2956.48,0.302096
12,46,12,2856.77,0.309386
12,46,13,2779.51,0.335372
12,46,14,2723.64,0.374863
12,46,15,2683.69,0.420086
12,46,16,2651.53,0.462065
12,46,17,2618.45,0.492424
12,46,18,2577.86,0.505935
12,46,19,2526.97,0.50293
12,46,20,2467.72,0.488886
12,46,21,2406.36,0.473677
12,46,22,2352.4,0.468418
12,46,23,2315.8,0.482883
12,46,24,2305.05,0.522325
12,46,25,2325.84,0.587966
12,46,26,2379.46,0.676372
12,46,27,2462.61,0.779442
12,46,28,2568.16,0.885927
12,46,29,2686.12,0.982645
12,46,30,2805.56,1.05667
12,46,31,2916.3,1.09782
12,46,32,3011.25,1.10001
12,46,33,3087.53,1.06346
12,46,34,3146.65,0.994631
12,46,35,3193.54,0.904943
12,46,36,3234.78,0.808042
12,46,37,3277.37,0.716844
12,46,38,3327.36,0.639895
12,46,39,3389.66,0.581401
12,46,40,3466.11,0.54093
12,46,41,3556.59,0.517127
12,46,42,3655.61,0.508445
12,46,43,3752.96,0.513496
12,46,44,3836.16,0.529004
12,46,45,3893.42,0.548504
12,46,46,3914.26,0.560678
12,46,47,3888.11,0.553161
12,46,48,3800.99,0.51735
12,46,49,3633.35,0.452128
12,47,0,3219.88,0.425348
12,47,1,3410.66,0.49941
12,47,2,3528.13,0.545311
12,47,3,3583.82,0.558331
12,47,4,3587.93,0.541109
12,47,5,3548.98,0.50147
12,47,6,3474.91,0.449064
12,47,7,3374.31,0.392705
12,47,8,3256.85,0.33974
12,47,9,3132.91,0.296281
12,47,10,3012.76,0.267457
12,47,11,2904.76,0.25723
12,47,12,2816.26,0.267633
12,47,13,2749.18,0.297269
12,47,14,2701.64,0.340943
12,47,15,2667.69,0.390314
12,47,16,2639.16,0.43556
12,47,17,2607.52,0.467523
12,47,18,2566.56,0.480867
12,47,19,2513.91,0.476457
12,47,20,2452.04,0.460886
12,47,21,2387.75,0.444903
12,47,22,2331.15,0.440058
12,47,23,2292.93,0.456004
12,47,24,2282.23,0.497595
12,47,25,2304.94,0.565767
12,47,26,2361.88,0.657083
12,47,27,2448.62,0.763755
12,47,28,2556.89,0.874732
12,47,29,2675.87,0.976627
12,47,30,2794.47,1.05582
12,47,31,2902.89,1.1011
12,47,32,2994.66,1.1055
12,47,33,3067.5,1.06883
12,47,34,3123.45,0.997752
12,47,35,3167.76,0.904505
12,47,36,3207.34,0.803772
12,47,37,3249.42,0.709461
12,47,38,3300.23,0.63088
12,47,39,3364.7,0.5727
12,47,40,3444.39,0.534469
12,47,41,3538.69,0.514404
12,47,42,3641.53,0.510275
12,47,43,3742.19,0.519814
12,47,44,3827.96,0.539086
12,47,45,3886.94,0.561277
12,47,46,3908.67,0.575024
12,47,47,3882.57,0.5681
12,47,48,3794.67,0.531982
12,47,49,3625.51,0.465655
12,48,0,3103.53,0.377683
12,48,1,3291.53,0.445072
12,48,2,3407.09,0.48704
12,48,3,3460.42,0.498547
12,48,4,3461.4,0.481393
12,48,5,3419.16,0.442623
12,48,6,3342.92,0.391555
12,48,7,3242.75,0.337008
12,48,8,3129.31,0.286425
12,48,9,3012.98,0.245753
12,48,10,2903.01,0.219765
12,48,11,2806.19,0.212059
12,48,12,2728.41,0.224458
12,48,13,2670.54,0.255566
12,48,14,2630.28,0.300179
12,48,15,2601.55,0.349715
12,48,16,2576.23,0.394129
12,48,17,2545.99,0.424252
12,48,18,2504.97,0.435246
12,48,19,2451.23,0.42867
12,48,20,2387.75,0.411901
12,48,21,2321.75,0.395856
12,48,22,2263.68,0.391689
12,48,23,2224.48,0.408142
12,48,24,2213.42,0.449158
12,48,25,2236.26,0.515104
12,48,26,2293.35,0.602573
12,48,27,2379.57,0.7045
12,48,28,2486.1,0.810839
12,48,29,2601.92,0.909124
12,48,30,2716.21,0.986293
12,48,31,2819.73,1.0312
12,48,32,2906.59,1.03676
12,48,33,2975.05,1.00247
12,48,34,3027.51,0.934738
12,48,35,3069.45,0.845513
12,48,36,3107.93,0.749177
12,48,37,3150.21,0.659315
12,48,38,3202.43,0.585086
12,48,39,3269.4,0.531205
12,48,40,3352.45,0.497338
12,48,41,3450.73,0.481612
12,48,42,3557.97,0.481501
12,48,43,3663.14,0.494151
12,48,44,3753.03,0.515253
12,48,45,3815.02,0.538033
12,48,46,3837.85,0.551775
12,48,47,3810.32,0.545215
12,48,48,3718.3,0.510568
12,48,49,3543.1,0.447106
12,49,0,2918.22,0.314571
12,49,1,3102.48,0.372893
12,49,2,3216.13,0.410019
12,49,3,3267.41,0.420891
12,49,4,3265.82,0.406334
12,49,5,3221.35,0.372059
12,49,6,3144.76,0.32628
12,49,7,3047.49,0.27713
12,49,8,2940.73,0.231682
12,49,9,2834.23,0.195544
12,49,10,2735.69,0.173096
12,49,11,2650.22,0.167544
12,49,12,2582.34,0.180407
12,49,13,2532.32,0.210267
12,49,14,2497.81,0.252124
12,49,15,2472.99,0.297737
12,49,16,2450.1,0.337638
12,49,17,2421.21,0.363441
12,49,18,2380.87,0.371206
12,49,19,2327.59,0.363053
12,49,20,2264.68,0.346463
12,49,21,2199.5,0.331639
12,49,22,2142.3,0.32849
12,49,23,2103.64,0.344241
12,49,24,2092.35,0.381667
12,49,25,2113.7,0.440528
12,49,26,2167.69,0.517613
12,49,27,2249.01,0.606955
12,49,28,2349.01,0.700167
12,49,29,2457.07,0.786634
12,49,30,2563.09,0.854951
12,49,31,2658.59,0.895103
12,49,32,2738.31,0.900605
12,49,33,2800.98,0.870839
12,49,34,2849.22,0.811453
12,49,35,2888.58,0.733137
12,49,36,2926.02,0.648702
12,49,37,2968.56,0.570202
12,49,38,3021.99,0.50579
12,49,39,3090.87,0.459779
12,49,40,3176.38,0.431987
12,49,41,3277.76,0.420718
12,49,42,3388.95,0.423512
12,49,43,3498.91,0.437328
12,49,44,3593.78,0.457908
12,49,45,3659.65,0.47901
12,49,46,3683.67,0.491268
12,49,47,3653.44,0.485085
12,49,48,3554.69,0.453931
12,49,49,3370.8,0.397415
13,0,0,2490.51,0.229794
13,0,1,2653.68,0.259368
13,0,2,2752.59,0.272753
13,0,3,2797.07,0.270394
13,0,4,2803.4,0.25655
13,0,5,2788.96,0.237205
13,0,6,2767.59,0.217692
13,0,7,2746.09,0.200979
13,0,8,2723.87,0.187293
13,0,9,2695.86,0.175079
13,0,10,2657.11,0.162544
13,0,11,2606.08,0.148912
13,0,12,2547.48,0.135178
13,0,13,2488.78,0.122754
13,0,14,2438.14,0.112711
13,0,15,2400.28,0.10493
13,0,16,2373.86,0.098103
13,0,17,2352.58,0.0906004
13,0,18,2327.86,0.0813655
13,0,19,2292.89,0.070438
13,0,20,2244.61,0.0588352
13,0,21,2184.28,0.0480711
13,0,22,2115.08,0.0391537
13,0,23,2040.62,0.0325022
13,0,24,1963.27,0.0276896
13,0,25,1884.1,0.0240278
13,0,26,1804.45,0.0209418
13,0,27,1727.06,0.018121
13,0,28,1655.66,0.0155255
13,0,29,1594.08,0.0132057
13,0,30,1544.35,0.0111444
13,0,31,1505.8,0.00927229
13,0,32,1474.95,0.00748763
13,0,33,1446.85,0.00576393
13,0,34,1416.92,0.00416488
13,0,35,1382.34,0.00278773
13,0,36,1342.64,0.00172175
13,0,37,1299.84,0.00101156
13,0,38,1257.2,0.000640458
13,0,39,1218.13,0.00063434
13,0,40,1184.89,0.00104589
13,0,41,1158.32,0.00207753
13,0,42,1137.86,0.00400411
13,0,43,1122.4,0.00709209
13,0,44,1110.63,0.0113919
13,0,45,1101.19,0.0165483
13,0,46,1092.71,0.0217192
13,0,47,1083.99,0.025743
13,0,48,1074.11,0.0275445
13,0,49,1062.85,0.0265962
13,1,0,2672.38,0.258353
13,1,1,2841.56,0.292138
13,1,2,2941.95,0.307908
13,1,3,2985.59,0.305908
13,1,4,2989.76,0.290597
13,1,5,2972.2,0.268433
13,1,6,2947.13,0.245379
13,1,7,2922,0.225059
13,1,8,2896.78,0.208284
13,1,9,2866.62,0.193958
13,1,10,2826.34,0.180579
13,1,11,2773.8,0.167451
13,1,12,2713.23,0.155464
13,1,13,2651.91,0.145586
13,1,14,2598.46,0.138224
13,1,15,2558.29,0.132479
13,1,16,2530.5,0.126405
13,1,17,2508.67,0.118082
13,1,18,2483.59,0.106548
13,1,19,2447.57,0.0922899
13,1,20,2396.95,0.076938
13,1,21,2332.77,0.0626132
13,1,22,2258.41,0.0507431
13,1,23,2177.94,0.0419349
13,1,24,2094.21,0.0357409
13,1,25,2008.48,0.0312922
13,1,26,1921.96,0.0277955
13,1,27,1837.16,0.0247482
13,1,28,1757.7,0.0219687
13,1,29,1687.66,0.0194112
13,1,30,1629.67,0.0169757
13,1,31,1583.71,0.0145414
13,1,32,1546.76,0.0119988
13,1,33,1513.89,0.00936972
13,1,34,1480.27,0.00682602
13,1,35,1442.58,0.00458771
13,1,36,1399.85,0.00283317
13,1,37,1353.75,0.00164019
13,1,38,1307.42,0.000980659
13,1,39,1264.31,0.000838679
13,1,40,1226.91,0.0012291
13,1,41,1196.29,0.00234027
13,1,42,1172.09,0.00445786
13,1,43,1153.26,0.00788296
13,1,44,1138.45,0.0126827
13,1,45,1126.15,0.0184787
13,1,46,1114.8,0.0243411
13,1,47,1103.06,0.0289606
13,1,48,1089.98,0.0311016
13,1,49,1075.44,0.0301327
13,2,0,2790.59,0.271363
13,2,1,2961.68,0.307202
13,2,2,3061.75,0.324264
13,2,3,3104.11,0.322585
13,2,4,3106.17,0.306546
13,2,5,3085.42,0.282685
13,2,6,3056.13,0.257227
13,2,7,3026.38,0.234284
13,2,8,2997.13,0.215298
13,2,9,2964.21,0.199835
13,2,10,2922.5,0.186887
13,2,11,2869.35,0.175903
13,2,12,2808.29,0.167527
13,2,13,2746.09,0.162021
13,2,14,2691.42,0.158884
13,2,15,2650.21,0.156305
13,2,16,2622.09,0.151759
13,2,17,2600.87,0.143194
13,2,18,2577.09,0.129918
13,2,19,2542.48,0.11295
13,2,20,2492.82,0.0945047
13,2,21,2428.71,0.0772076
13,2,22,2353.37,0.0628256
13,2,23,2271.06,0.0521227
13,2,24,2184.92,0.0446883
13,2,25,2096.43,0.0395607
13,2,26,2006.87,0.0358055
13,2,27,1918.52,0.0327726
13,2,28,1834.7,0.0301209
13,2,29,1759.43,0.0276439
13,2,30,1695.61,0.0250681
13,2,31,1643.81,0.0221377
13,2,32,1601.61,0.0187009
13,2,33,1564.55,0.0148482
13,2,34,1527.9,0.0109342
13,2,35,1488.17,0.0073985
13,2,36,1444.07,0.00458209
13,2,37,1396.84,0.00263143
13,2,38,1349.22,0.00150524
13,2,39,1304.43,0.00111478
13,2,40,1264.91,0.00139867
13,2,41,1231.85,0.00248262
13,2,42,1205.09,0.00461588
13,2,43,1183.75,0.00810103
13,2,44,1166.46,0.0130058
13,2,45,1151.63,0.0189549
13,2,46,1137.51,0.0250072
13,2,47,1122.66,0.0298161
13,2,48,1106.2,0.0320924
13,2,49,1088.18,0.0311591
13,3,0,2851.61,0.270508
13,3,1,3023.01,0.306183
13,3,2,3122.62,0.323175
13,3,3,3164.06,0.321398
13,3,4,3164.27,0.305028
13,3,5,3140.09,0.280418
13,3,6,3105.61,0.25375
13,3,7,3069.71,0.229379
13,3,8,3034.65,0.209283
13,3,9,2997.4,0.193716
13,3,10,2953.27,0.18225
13,3,11,2899.22,0.174505
13,3,12,2838.01,0.1708
13,3,13,2775.65,0.170573
13,3,14,2720.59,0.172359
13,3,15,2679.03,0.17349
13,3,16,2651.2,0.171028
13,3,17,2631.37,0.162982
13,3,18,2610.27,0.149024
13,3,19,2579.34,0.130663
13,3,20,2533.85,0.110508
13,3,21,2473.76,0.0914466
13,3,22,2401.74,0.0754102
13,3,23,2321.75,0.0632622
13,3,24,2236.97,0.0547181
13,3,25,2149.17,0.0488985
13,3,26,2059.87,0.0449068
13,3,27,1971.36,0.0420754
13,3,28,1886.7,0.039922
13,3,29,1809.58,0.0379969
13,3,30,1742.86,0.0357073
13,3,31,1687.33,0.0325098
13,3,32,1641.17,0.0281269
13,3,33,1600.55,0.0227264
13,3,34,1561.2,0.0169394
13,3,35,1519.87,0.0115587
13,3,36,1475.18,0.00719512
13,3,37,1428.06,0.00412195
13,3,38,1380.79,0.00228858
13,3,39,1336.14,0.00150039
13,3,40,1296.29,0.00157388
13,3,41,1262.42,0.00251616
13,3,42,1234.52,0.0044847
13,3,43,1211.86,0.00774482
13,3,44,1193.09,0.0123406
13,3,45,1176.48,0.0179215
13,3,46,1160.1,0.0236128
13,3,47,1142.44,0.0281502
13,3,48,1122.69,0.0303125
13,3,49,1101.17,0.029449
13,4,0,2867.94,0.260909
13,4,1,3039.27,0.294752
13,4,2,3138.83,0.310456
13,4,3,3179.82,0.307971
13,4,4,3178.3,0.291309
13,4,5,3150.16,0.26656
13,4,6,3109.26,0.239651
13,4,7,3065.26,0.21493
13,4,8,3022.04,0.194684
13,4,9,2978.18,0.179724
13,4,10,2929.79,0.170163
13,4,11,2873.67,0.165808
13,4,12,2811.9,0.166684
13,4,13,2749.61,0.17148
13,4,14,2694.68,0.177916
13,4,15,2653.34,0.182689
13,4,16,2626.28,0.182678
13,4,17,2608.49,0.176089
13,4,18,2591.23,0.162938
13,4,19,2566.02,0.145031
13,4,20,2527.68,0.125037
13,4,21,2475.31,0.105773
13,4,22,2410.57,0.0890975
13,4,23,2336.65,0.0759137
13,4,24,2256.47,0.0661887
13,4,25,2172.07,0.0593818
13,4,26,2085.53,0.0549099
13,4,27,1999.45,0.0522963
13,4,28,1916.83,0.0509751
13,4,29,1840.94,0.0501576
13,4,30,1774.24,0.0487371
13,4,31,1717.42,0.0456679
13,4,32,1668.93,0.0404128
13,4,33,1625.57,0.0332055
13,4,34,1583.71,0.0250504
13,4,35,1540.65,0.0172479
13,4,36,1495.31,0.0108066
13,4,37,1448.5,0.00620262
13,4,38,1402.18,0.00338903
13,4,39,1358.62,0.00203724
13,4,40,1319.64,0.00179589
13,4,41,1286.28,0.00250012
13,4,42,1258.57,0.00416177
13,4,43,1235.89,0.00697253
13,4,44,1216.84,0.010926
13,4,45,1199.51,0.0157088
13,4,46,1181.74,0.0205753
13,4,47,1161.91,0.024443
13,4,48,1139.31,0.0262643
13,4,49,1114.53,0.0254802
13,5,0,2854.43,0.248248
13,5,1,3025.45,0.279495
13,5,2,3125.1,0.29325
13,5,3,3165.68,0.289646
13,5,4,3162.07,0.27266
13,5,5,3129.14,0.248159
13,5,6,3080.41,0.221705
13,5,7,3026.32,0.197401
13,5,8,2972.56,0.177569
13,5,9,2919.6,0.163354
13,5,10,2864.81,0.155315
13,5,11,2805.23,0.153493
13,5,12,2742.39,0.157775
13,5,13,2680.46,0.166359
13,5,14,2626.47,0.17646
13,5,15,2586.21,0.184453
13,5,16,2560.62,0.187242
13,5,17,2545.47,0.183253
13,5,18,2532.95,0.172677
13,5,19,2515.03,0.157289
13,5,20,2486.24,0.139424
13,5,21,2444.55,0.121477
13,5,22,2390.19,0.105007
13,5,23,2325.13,0.0909309
13,5,24,2251.72,0.0796204
13,5,25,2172.36,0.071171
13,5,26,2089.94,0.0656362
13,5,27,2007.78,0.0629782
13,5,28,1929.05,0.0626358
13,5,29,1856.66,0.0633954
13,5,30,1792.43,0.0634343
13,5,31,1736.6,0.0609701
13,5,32,1687.54,0.0550411
13,5,33,1642.47,0.0459089
13,5,34,1598.41,0.0350226
13,5,35,1553.38,0.0243273
13,5,36,1506.89,0.0153519
13,5,37,1459.94,0.00885646
13,5,38,1414.41,0.00482145
13,5,39,1372.18,0.00276851
13,5,40,1334.7,0.00214164
13,5,41,1302.76,0.0025613
13,5,42,1276.35,0.00384862
13,5,43,1254.82,0.00609226
13,5,44,1236.64,0.00921197
13,5,45,1219.7,0.0129371
13,5,46,1201.57,0.0166888
13,5,47,1180.44,0.0196302
13,5,48,1155.68,0.0209537
13,5,49,1128.1,0.0202345
13,6,0,2825.45,0.236574
13,6,1,2995.61,0.265417
13,6,2,3094.87,0.277356
13,6,3,3134.37,0.272777
13,6,4,3127.74,0.255707
13,6,5,3088.88,0.231839
13,6,6,3031.03,0.206321
13,6,7,2965.4,0.182827
13,6,8,2899.4,0.163479
13,6,9,2835.56,0.149543
13,6,10,2772.78,0.141946
13,6,11,2708.73,0.141052
13,6,12,2644.68,0.146858
13,6,13,2583.81,0.157452
13,6,14,2531.97,0.169934
13,6,15,2493.99,0.180679
13,6,16,2470.69,0.186732
13,6,17,2458.64,0.18663
13,6,18,2451.3,0.180437
13,6,19,2441.45,0.16951
13,6,20,2423.47,0.155461
13,6,21,2394.1,0.139982
13,6,22,2351.77,0.12419
13,6,23,2296.89,0.109034
13,6,24,2231.09,0.0954511
13,6,25,2157.18,0.0844416
13,6,26,2079.1,0.0769849
13,6,27,2001.16,0.0737073
13,6,28,1927,0.074159
13,6,29,1859.24,0.0766659
13,6,30,1799.01,0.0785509
13,6,31,1745.84,0.0771117
13,6,32,1697.75,0.0708061
13,6,33,1652.11,0.0598514
13,6,34,1606.43,0.046147
13,6,35,1559.47,0.0323507
13,6,36,1511.5,0.0205913
13,6,37,1463.96,0.0119809
13,6,38,1418.86,0.00656492
13,6,39,1377.92,0.00372119
13,6,40,1342.25,0.00267393
13,6,41,1312.34,0.0028064
13,6,42,1288.01,0.00372155
13,6,43,1268.48,0.00538652
13,6,44,1252.03,0.00763362
13,6,45,1236.32,0.0102345
13,6,46,1218.68,0.0127882
13,6,47,1197.12,0.014722
13,6,48,1170.99,0.015488
13,6,49,1141.23,0.0148072
13,7,0,2792.37,0.227749
13,7,1,2961.03,0.255135
13,7,2,3058.94,0.26615
13,7,3,3096.1,0.261353
13,7,4,3085.08,0.2448
13,7,5,3039.07,0.222006
13,7,6,2971.23,0.197695
13,7,7,2893.57,0.175041
13,7,8,2815.04,0.155834
13,7,9,2740.04,0.14133
13,7,10,2669.08,0.132767
13,7,11,2600.67,0.130944
13,7,12,2536.06,0.13623
13,7,13,2477.43,0.147013
13,7,14,2429.15,0.160648
13,7,15,2394.66,0.173779
13,7,16,2374.32,0.183619
13,7,17,2365.4,0.188599
13,7,18,2362.83,0.188297
13,7,19,2360.58,0.183279
13,7,20,2353.08,0.174146
13,7,21,2335.82,0.161743
13,7,22,2305.35,0.146715
13,7,23,2260.36,0.130116
13,7,24,2201.74,0.113565
13,7,25,2132.73,0.0991154
13,7,26,2058.39,0.088833
13,7,27,1984.14,0.0841419
13,7,28,1914.21,0.0848163
13,7,29,1851.05,0.0887777
13,7,30,1795.2,0.0924971
13,7,31,1745.41,0.092298
13,7,32,1699.24,0.0859571
13,7,33,1653.98,0.0735426
13,7,34,1607.48,0.057315
13,7,35,1559.11,0.0406003
13,7,36,1509.86,0.0261342
13,7,37,1461.75,0.0154221
13,7,38,1417.12,0.00862636
13,7,39,1377.64,0.00501664
13,7,40,1344.14,0.00360919
13,7,41,1316.77,0.00354436
13,7,42,1295.05,0.00418865
13,7,43,1277.97,0.00536651
13,7,44,1263.63,0.00681494
13,7,45,1249.54,0.00834526
13,7,46,1232.88,0.00973331
13,7,47,1211.5,0.0106651
13,7,48,1184.67,0.0108432
13,7,49,1153.38,0.0101274
13,8,0,2762.1,0.222766
13,8,1,2928.91,0.250121
13,8,2,3024.58,0.261551
13,8,3,3058.13,0.257588
13,8,4,3041.41,0.242191
13,8,5,2987.35,0.220674
13,8,6,2909.45,0.19742
13,8,7,2820.62,0.175177
13,8,8,2731.11,0.155426
13,8,9,2646.78,0.139367
13,8,10,2569.39,0.128497
13,8,11,2498.2,0.124105
13,8,12,2434.45,0.127122
13,8,13,2379.3,0.13656
13,8,14,2335.54,0.150323
13,8,15,2305,0.165525
13,8,16,2287.38,0.179493
13,8,17,2280.65,0.190314
13,8,18,2281.29,0.196763
13,8,19,2284.66,0.19833
13,8,20,2285.48,0.194483
13,8,21,2278.19,0.185234
13,8,22,2257.62,0.170857
13,8,23,2220.91,0.152596
13,8,24,2168.25,0.132772
13,8,25,2103.26,0.114449
13,8,26,2031.91,0.100734
13,8,27,1960.6,0.0938467
13,8,28,1894.1,0.0938871
13,8,29,1834.78,0.0985457
13,8,30,1782.7,0.103629
13,8,31,1736.06,0.104609
13,8,32,1692,0.0985738
13,8,33,1647.71,0.0853165
13,8,34,1601.21,0.0672699
13,8,35,1552.32,0.0482554
13,8,36,1502.64,0.0315391
13,8,37,1454.7,0.0190249
13,8,38,1411.18,0.0110583
13,8,39,1373.77,0.00686622
13,8,40,1343.02,0.00529466
13,8,41,1318.68,0.00524441
13,8,42,1299.88,0.00582541
13,8,43,1285.35,0.00668314
13,8,44,1273.04,0.00745188
13,8,45,1260.47,0.00798348
13,8,46,1244.79,0.00823426
13,8,47,1223.8,0.0081451
13,8,48,1196.66,0.00765714
13,8,49,1164.3,0.00675828
13,9,0,2736.79,0.222453
13,9,1,2902.08,0.251297
13,9,2,2995.23,0.264447
13,9,3,3024.54,0.26214
13,9,4,3001.53,0.248106
13,9,5,2939.44,0.227501
13,9,6,2852.56,0.204579
13,9,7,2754.88,0.181914
13,9,8,2657.68,0.16083
13,9,9,2567.66,0.142476
13,9,10,2487.24,0.128499
13,9,11,2415.98,0.120589
13,9,12,2354.88,0.120253
13,9,13,2304.03,0.127288
13,9,14,2264.68,0.140315
13,9,15,2237.19,0.157032
13,9,16,2220.76,0.174846
13,9,17,2214.05,0.191341
13,9,18,2215.1,0.204321
13,9,19,2220.75,0.212107
13,9,20,2226.22,0.21311
13,9,21,2225.32,0.206672
13,9,22,2211.57,0.192871
13,9,23,2180.89,0.173197
13,9,24,2132.91,0.150537
13,9,25,2071.4,0.1287
13,9,26,2002.86,0.111572
13,9,27,1934.23,0.102014
13,9,28,1870.57,0.100533
13,9,29,1814.13,0.10486
13,9,30,1764.74,0.110495
13,9,31,1720.34,0.112358
13,9,32,1677.94,0.106942
13,9,33,1634.71,0.0936512
13,9,34,1588.88,0.0748302
13,9,35,1540.53,0.0545218
13,9,36,1491.66,0.036371
13,9,37,1445.14,0.0226512
13,9,38,1403.85,0.0139618
13,9,39,1369.47,0.00957382
13,9,40,1342.22,0.0082149
13,9,41,1321.39,0.00854455
13,9,42,1305.68,0.00937999
13,9,43,1293.52,0.0101273
13,9,44,1282.84,0.0103069
13,9,45,1271.32,0.00982357
13,9,46,1256.27,0.00884204
13,9,47,1235.5,0.00758084
13,9,48,1208.05,0.00622823
13,9,49,1174.74,0.00490036
13,10,0,2715.5,0.228684
13,10,1,2880.23,0.260564
13,10,2,2971.43,0.276512
13,10,3,2996.92,0.276208
13,10,4,2968.29,0.263068
13,10,5,2899.5,0.24224
13,10,6,2806.03,0.218205
13,10,7,2702.98,0.193773
13,10,8,2602.4,0.170394
13,10,9,2511.24,0.149219
13,10,10,2431.84,0.131888
13,10,11,2363.52,0.120247
13,10,12,2306.58,0.116188
13,10,13,2260.04,0.120203
13,10,14,2223.79,0.131638
13,10,15,2197.17,0.148812
13,10,16,2179.16,0.169227
13,10,17,2169.26,0.189981
13,10,18,2167.04,0.207981
13,10,19,2170.78,0.220517
13,10,20,2176.46,0.225208
13,10,21,2177.7,0.220984
13,10,22,2167.36,0.207905
13,10,23,2140.53,0.187662
13,10,24,2096.41,0.163426
13,10,25,2038.56,0.139306
13,10,26,1973.5,0.119535
13,10,27,1908.07,0.107365
13,10,28,1847.22,0.103743
13,10,29,1793.02,0.106749
13,10,30,1745.28,0.112029
13,10,31,1702.03,0.114357
13,10,32,1660.52,0.109832
13,10,33,1618.21,0.0973934
13,10,34,1573.55,0.079036
13,10,35,1526.79,0.0587051
13,10,36,1480.06,0.0402251
13,10,37,1436.36,0.0261756
13,10,38,1398.56,0.0174644
13,10,39,1368.19,0.0134904
13,10,40,1345.1,0.0129103
13,10,41,1328.12,0.0141253
13,10,42,1315.51,0.0156057
13,10,43,1305.45,0.0164418
13,10,44,1295.96,0.0160306
13,10,45,1284.98,0.0143629
13,10,46,1270.11,0.0118734
13,10,47,1249.19,0.0091167
13,10,48,1221.15,0.00656491
13,10,49,1186.62,0.00447628
13,11,0,2695.98,0.243772
13,11,1,2861.35,0.280185
13,11,2,2951.86,0.299704
13,11,3,2974.99,0.301246
13,11,4,2942.69,0.287926
13,11,5,2869.86,0.26513
13,11,6,2773.23,0.238
13,11,7,2668.91,0.210064
13,11,8,2569.32,0.183264
13,11,9,2481.21,0.158864
13,11,10,2406.3,0.138328
13,11,11,2343.15,0.123315
13,11,12,2291.07,0.115719
13,11,13,2248.01,0.116422
13,11,14,2212.79,0.125319
13,11,15,2184.17,0.14131
13,11,16,2161.34,0.162086
13,11,17,2144.75,0.184474
13,11,18,2135.42,0.204814
13,11,19,2133.05,0.219736
13,11,20,2134.62,0.226453
13,11,21,2134.08,0.223749
13,11,22,2124.15,0.211762
13,11,23,2099.56,0.192225
13,11,24,2059.06,0.168215
13,11,25,2005.73,0.143631
13,11,26,1945.43,0.122584
13,11,27,1884.34,0.108426
13,11,28,1826.86,0.10252
13,11,29,1774.79,0.10355
13,11,30,1728.06,0.107729
13,11,31,1685.18,0.110118
13,11,32,1644,0.106678
13,11,33,1602.48,0.0959031
13,11,34,1559.46,0.0792384
13,11,35,1515.21,0.0602446
13,11,36,1471.83,0.0427102
13,11,37,1432.14,0.0294197
13,11,38,1398.81,0.0215979
13,11,39,1373.12,0.0188242
13,11,40,1354.55,0.0197083
13,11,41,1341.47,0.0223648
13,11,42,1331.8,0.0248605
13,11,43,1323.59,0.0259067
13,11,44,1315.03,0.0247829
13,11,45,1304.36,0.021624
13,11,46,1289.41,0.0172212
13,11,47,1268.04,0.0125446
13,11,48,1238.95,0.00839938
13,11,49,1202.59,0.00520327
13,12,0,2678.17,0.270271
13,12,1,2845.2,0.312813
13,12,2,2936.47,0.336608
13,12,3,2959.27,0.339677
13,12,4,2926.03,0.32491
13,12,5,2852.58,0.298205
13,12,6,2756.64,0.265775
13,12,7,2654.95,0.232345
13,12,8,2559.91,0.200735
13,12,9,2477.69,0.172511
13,12,10,2409.18,0.148866
13,12,11,2352,0.13093
13,12,12,2304.42,0.120145
13,12,13,2263.42,0.117318
13,12,14,2227.04,0.122583
13,12,15,2193.83,0.135312
13,12,16,2163.43,0.153533
13,12,17,2137.29,0.174177
13,12,18,2117.74,0.19353
13,12,19,2105.88,0.20806
13,12,20,2099.9,0.21498
13,12,21,2094.5,0.213116
13,12,22,2082.79,0.202646
13,12,23,2059.4,0.185118
13,12,24,2022.69,0.163134
13,12,25,1974.85,0.139964
13,12,26,1920.66,0.11922
13,12,27,1865.13,0.104093
13,12,28,1811.79,0.0962792
13,12,29,1762.14,0.0951774
13,12,30,1716.33,0.0978494
13,12,31,1673.6,0.0999934
13,12,32,1632.64,0.0977163
13,12,33,1592.12,0.0891795
13,12,34,1551.23,0.0752072
13,12,35,1510.26,0.0587807
13,12,36,1471.03,0.0434529
13,12,37,1436.04,0.0320769
13,12,38,1407.59,0.0261339
13,12,39,1386.62,0.0253789
13,12,40,1372.3,0.0283684
13,12,41,1362.73,0.0329073
13,12,42,1355.64,0.0366362
13,12,43,1349.09,0.0378772
13,12,44,1341.49,0.0358325
13,12,45,1331.3,0.0308556
13,12,46,1316.45,0.0241747
13,12,47,1294.6,0.017235
13,12,48,1264.09,0.0112025
13,12,49,1225.13,0.00665659
13,13,0,2662.77,0.309187
13,13,1,2831.87,0.359494
13,13,2,2924.99,0.388345
13,13,3,2949.33,0.392807
13,13,4,2917.85,0.375626
13,13,5,2847.05,0.343401
13,13,6,2755.19,0.303686
13,13,7,2659.09,0.262755
13,13,8,2570.71,0.22468
13,13,9,2495.5,0.191599
13,13,10,2433.53,0.16449
13,13,11,2381.68,0.143747
13,13,12,2337.34,0.129964
13,13,13,2296.82,0.123383
13,13,14,2257.63,0.123992
13,13,15,2218.31,0.131454
13,13,16,2178.97,0.144271
13,13,17,2141.88,0.159892
13,13,18,2110.53,0.175094
13,13,19,2087.33,0.186687
13,13,20,2071.79,0.192203
13,13,21,2059.73,0.190583
13,13,22,2044.96,0.181903
13,13,23,2022.24,0.167291
13,13,24,1989.48,0.148621
13,13,25,1947.79,0.128303
13,13,26,1900.53,0.109245
13,13,27,1851.34,0.0943027
13,13,28,1802.76,0.0853477
13,13,29,1756,0.0824449
13,13,30,1711.56,0.0835827
13,13,31,1669.47,0.0852999
13,13,32,1629.34,0.0841044
13,13,33,1590.49,0.0780269
13,13,34,1552.46,0.0673386
13,13,35,1515.38,0.0543714
13,13,36,1480.71,0.042285
13,13,37,1450.49,0.0338352
13,13,38,1426.59,0.0306211
13,13,39,1409.67,0.0325014
13,13,40,1398.69,0.0379491
13,13,41,1391.68,0.0444723
13,13,42,1386.47,0.0493394
13,13,43,1381.31,0.050567
13,13,44,1374.87,0.0473684
13,13,45,1365.69,0.0403899
13,13,46,1351.5,0.0313279
13,13,47,1329.49,0.0220932
13,13,48,1297.44,0.0141784
13,13,49,1255.25,0.0082902
13,14,0,2651.44,0.359367
13,14,1,2822.26,0.418985
13,14,2,2917.5,0.453838
13,14,3,2944.49,0.460026
13,14,4,2916.55,0.440176
13,14,5,2850.58,0.401628
13,14,6,2764.9,0.353332
13,14,7,2675.87,0.303278
13,14,8,2594.7,0.257056
13,14,9,2526.1,0.21768
13,14,10,2469.57,0.186131
13,14,11,2421.57,0.162067
13,14,12,2379.03,0.145027
13,14,13,2337.86,0.134327
13,14,14,2295.26,0.129458
13,14,15,2249.78,0.130169
13,14,16,2201.85,0.135493
13,14,17,2154.26,0.143703
13,14,18,2111.37,0.152486
13,14,19,2076.69,0.159353
13,14,20,2051.09,0.162331
13,14,21,2031.69,0.160448
13,14,22,2013.22,0.153514
13,14,23,1990.72,0.142085
13,14,24,1961.68,0.127221
13,14,25,1926.08,0.110473
13,14,26,1885.77,0.0940131
13,14,27,1843.05,0.0802713
13,14,28,1799.55,0.071104
13,14,29,1756.28,0.0670483
13,14,30,1714.11,0.0669141
13,14,31,1673.82,0.0681247
13,14,32,1635.72,0.0677773
13,14,33,1599.65,0.0640051
13,14,34,1565.25,0.0567033
13,14,35,1532.44,0.0475993
13,14,36,1502.23,0.0393572
13,14,37,1476.2,0.0344618
13,14,38,1455.85,0.0344375
13,14,39,1441.62,0.0391267
13,14,40,1432.45,0.0468893
13,14,41,1426.57,0.0550132
13,14,42,1422.18,0.0605494
13,14,43,1417.95,0.0613927
13,14,44,1412.84,0.0568952
13,14,45,1405.29,0.0480364
13,14,46,1392.54,0.0369243
13,14,47,1370.99,0.0258241
13,14,48,1337.64,0.0164406
13,14,49,1291.99,0.00953427
13,15,0,2644.96,0.415962
13,15,1,2816.48,0.485874
13,15,2,2913.3,0.527588
13,15,3,2942.94,0.536271
13,15,4,2919.05,0.514374
13,15,5,2858.65,0.469829
13,15,6,2779.69,0.412801
13,15,7,2697.76,0.352917
13,15,8,2623.16,0.297379
13,15,9,2559.97,0.25032
13,15,10,2507.41,0.213019
13,15,11,2461.88,0.184602
13,15,12,2420.21,0.163618
13,15,13,2378.2,0.148322
13,15,14,2332.84,0.13752
13,15,15,2282.63,0.13085
13,15,16,2228.04,0.127835
13,15,17,2172.05,0.127682
13,15,18,2119.47,0.129151
13,15,19,2074.57,0.130596
13,15,20,2039.46,0.130557
13,15,21,2012.57,0.128075
13,15,22,1989.76,0.122577
13,15,23,1966.57,0.114027
13,15,24,1940.21,0.102757
13,15,25,1909.7,0.0896059
13,15,26,1875.57,0.076116
13,15,27,1838.96,0.0642637
13,15,28,1800.71,0.0557129
13,15,29,1761.75,0.0512226
13,15,30,1723.2,0.0502088
13,15,31,1686.35,0.0508974
13,15,32,1651.9,0.0510686
13,15,33,1619.85,0.0491617
13,15,34,1589.76,0.044913
13,15,35,1561.26,0.0395628
13,15,36,1534.97,0.0352374
13,15,37,1512.11,0.0339968
13,15,38,1493.86,0.0370904
13,15,39,1480.58,0.0442138
13,15,40,1471.34,0.0536092
13,15,41,1464.84,0.0624877
13,15,42,1459.96,0.0679218
13,15,43,1455.94,0.0679344
13,15,44,1452.1,0.0621527
13,15,45,1446.59,0.0518756
13,15,46,1435.93,0.0394744
13,15,47,1415.51,0.0273666
13,15,48,1381.38,0.0172908
13,15,49,1332.51,0.00996103
13,16,0,2642.3,0.470786
13,16,1,2813.27,0.550826
13,16,2,2910.64,0.599733
13,16,3,2942.23,0.611828
13,16,4,2921.88,0.589264
13,16,5,2866.57,0.540265
13,16,6,2793.72,0.475815
13,16,7,2718.02,0.406852
13,16,8,2648.89,0.342031
13,16,9,2589.92,0.286671
13,16,10,2540.32,0.242604
13,16,11,2496.63,0.208751
13,16,12,2455.88,0.182973
13,16,13,2413.85,0.162629
13,16,14,2367.38,0.145862
13,16,15,2314.79,0.132095
13,16,16,2256.33,0.121208
13,16,17,2194.8,0.113221
13,16,18,2135.02,0.107862
13,16,19,2081.67,0.104246
13,16,20,2037.78,0.101334
13,16,21,2003.11,0.0981229
13,16,22,1974.84,0.0936468
13,16,23,1949.3,0.0873771
13,16,24,1923.82,0.0791046
13,16,25,1896.77,0.0691742
13,16,26,1867.65,0.0586324
13,16,27,1836.66,0.0490162
13,16,28,1804.02,0.0416635
13,16,29,1770.45,0.0373265
13,16,30,1737.15,0.0357933
13,16,31,1705.51,0.0359456
13,16,32,1676.24,0.0362555
13,16,33,1649.17,0.035601
13,16,34,1623.65,0.0337524
13,16,35,1599.09,0.0316002
13,16,36,1575.86,0.030737
13,16,37,1554.95,0.032691
13,16,38,1537.34,0.0382809
13,16,39,1523.39,0.0469627
13,16,40,1512.43,0.0569043
13,16,41,1503.8,0.0654331
13,16,42,1497.22,0.0699122
13,16,43,1492.71,0.0687387
13,16,44,1489.87,0.0619086
13,16,45,1486.53,0.0509589
13,16,46,1478.34,0.0383099
13,16,47,1459.58,0.026285
13,16,48,1425.28,0.0164621
13,16,49,1373.8,0.00941382
13,17,0,2641.25,0.514252
13,17,1,2810.7,0.602742
13,17,2,2907.68,0.658262
13,17,3,2940.34,0.674464
13,17,4,2922.67,0.653075
13,17,5,2871.52,0.602215
13,17,6,2803.73,0.533165
13,17,7,2733.16,0.457617
13,17,8,2668.52,0.385253
13,17,9,2613.09,0.322374
13,17,10,2566.19,0.271442
13,17,11,2524.64,0.231512
13,17,12,2485.71,0.200225
13,17,13,2445.14,0.174472
13,17,14,2399.58,0.152017
13,17,15,2347.05,0.132106
13,17,16,2287.4,0.114822
13,17,17,2222.95,0.100722
13,17,18,2158.17,0.0901537
13,17,19,2097.78,0.0827276
13,17,20,2045.45,0.0776539
13,17,21,2002.24,0.0738577
13,17,22,1966.83,0.070078
13,17,23,1936.81,0.0654788
13,17,24,1910.04,0.0595358
13,17,25,1884.68,0.0523046
13,17,26,1859.5,0.0444601
13,17,27,1833.86,0.0371221
13,17,28,1807.35,0.0312279
13,17,29,1780.29,0.0273638
13,17,30,1753.65,0.0255041
13,17,31,1728.48,0.0250373
13,17,32,1705.19,0.0250822
13,17,33,1683.31,0.0250134
13,17,34,1662,0.0247681
13,17,35,1640.64,0.0250087
13,17,36,1619.54,0.026833
13,17,37,1599.6,0.0311902
13,17,38,1581.64,0.0383845
13,17,39,1566.05,0.0475928
13,17,40,1552.46,0.0569766
13,17,41,1540.93,0.0641575
13,17,42,1532.08,0.0670037
13,17,43,1526.71,0.0644556
13,17,44,1524.7,0.0569084
13,17,45,1523.49,0.0460235
13,17,46,1517.84,0.0340678
13,17,47,1501.01,0.0230634
13,17,48,1467.06,0.01428
13,17,49,1413.7,0.00808645
13,18,0,2639.05,0.538476
13,18,1,2806.79,0.632371
13,18,2,2903.2,0.69297
13,18,3,2936.72,0.713524
13,18,4,2921.43,0.695244
13,18,5,2873.99,0.645767
13,18,6,2810.7,0.576094
13,18,7,2744.7,0.498004
13,18,8,2684.16,0.421563
13,18,9,2632.2,0.353588
13,18,10,2588.34,0.29703
13,18,11,2549.66,0.251294
13,18,12,2513.57,0.214288
13,18,13,2475.72,0.183014
13,18,14,2432.54,0.155328
13,18,15,2381.66,0.130505
13,18,16,2322.46,0.108743
13,18,17,2256.64,0.090787
13,18,18,2188.09,0.0771508
13,18,19,2121.29,0.0675664
13,18,20,2060.33,0.0612786
13,18,21,2007.53,0.0571509
13,18,22,1963.31,0.0537954
13,18,23,1926.84,0.0502998
13,18,24,1896.96,0.0460554
13,18,25,1871.97,0.0409892
13,18,26,1850.02,0.0354871
13,18,27,1829.64,0.0302589
13,18,28,1809.61,0.025806
13,18,29,1789.6,0.0224563
13,18,30,1769.99,0.0202534
13,18,31,1751.31,0.0189835
13,18,32,1733.55,0.0183543
13,18,33,1716.03,0.0182465
13,18,34,1697.97,0.018837
13,18,35,1678.95,0.02065
13,18,36,1659.41,0.0243456
13,18,37,1640.2,0.0303021
13,18,38,1621.93,0.0382958
13,18,39,1604.95,0.0472266
13,18,40,1589.14,0.0553056
13,18,41,1575.2,0.060551
13,18,42,1564.58,0.0614326
13,18,43,1558.71,0.0574878
13,18,44,1557.65,0.0494822
13,18,45,1558.46,0.039107
13,18,46,1555.17,0.0283554
13,18,47,1540.16,0.0188463
13,18,48,1506.71,0.0114808
13,18,49,1451.9,0.00640788
13,19,0,2633.92,0.540173
13,19,1,2800.79,0.635841
13,19,2,2897.58,0.699496
13,19,3,2932.91,0.724287
13,19,4,2920.84,0.710886
13,19,5,2877.77,0.666139
13,19,6,2819.43,0.600272
13,19,7,2758.28,0.524482
13,19,8,2702.05,0.448502
13,19,9,2653.77,0.379043
13,19,10,2613.17,0.319191
13,19,11,2577.5,0.268756
13,19,12,2544.31,0.2263
13,19,13,2509.15,0.189552
13,19,14,2468.31,0.15703
13,19,15,2419.12,0.128384
13,19,16,2360.55,0.103945
13,19,17,2293.68,0.0843401
13,19,18,2221.7,0.0697644
13,19,19,2148.72,0.0596653
13,19,20,2079.1,0.0530824
13,19,21,2016.34,0.0488338
13,19,22,1962.61,0.0456061
13,19,23,1918.88,0.0426591
13,19,24,1885.15,0.0395241
13,19,25,1859.96,0.0361243
13,19,26,1840.87,0.0326001
13,19,27,1825.44,0.0292308
13,19,28,1811.45,0.0260517
13,19,29,1797.68,0.0230754
13,19,30,1783.85,0.0203513
13,19,31,1769.96,0.0180011
13,19,32,1755.81,0.0162799
13,19,33,1740.85,0.0155704
13,19,34,1724.68,0.0163322
13,19,35,1707.35,0.019024
13,19,36,1689.46,0.0239414
13,19,37,1671.73,0.0309423
13,19,38,1654.44,0.0393066
13,19,39,1637.77,0.0476652
13,19,40,1621.66,0.0542761
13,19,41,1607.28,0.0575377
13,19,42,1596.63,0.0564765
13,19,43,1591.52,0.0511738
13,19,44,1592.04,0.0427148
13,19,45,1594.88,0.0327942
13,19,46,1593.55,0.0231385
13,19,47,1579.85,0.0149913
13,19,48,1546.53,0.00891706
13,19,49,1490.14,0.00486564
13,20,0,2626.17,0.52175
13,20,1,2794.05,0.616069
13,20,2,2893.22,0.681002
13,20,3,2932.36,0.709834
13,20,4,2925.41,0.702699
13,20,5,2888.34,0.665475
13,20,6,2836.22,0.607301
13,20,7,2780.76,0.538311
13,20,8,2729.21,0.46731
13,20,9,2684.46,0.400295
13,20,10,2646.39,0.340039
13,20,11,2612.48,0.28662
13,20,12,2580.46,0.239458
13,20,13,2546.06,0.197484
13,20,14,2505.71,0.160424
13,20,15,2456.68,0.128718
13,20,16,2397.72,0.102949
13,20,17,2329.38,0.0834131
13,20,18,2254.14,0.0695781
13,20,19,2175.67,0.0602116
13,20,20,2098.44,0.0539046
13,20,21,2026.91,0.0494391
13,20,22,1964.82,0.0457887
13,20,23,1914.76,0.0426474
13,20,24,1877.75,0.0399132
13,20,25,1852.46,0.0376143
13,20,26,1835.8,0.0356576
13,20,27,1824.25,0.0338394
13,20,28,1814.53,0.0316786
13,20,29,1804.56,0.0288242
13,20,30,1793.53,0.0253006
13,20,31,1781.23,0.021543
13,20,32,1767.74,0.0183386
13,20,33,1753.07,0.0165761
13,20,34,1737.54,0.0170286
13,20,35,1721.76,0.0201519
13,20,36,1706.44,0.0259535
13,20,37,1691.98,0.0338389
13,20,38,1678.12,0.0426348
13,20,39,1664.65,0.0506881
13,20,40,1651.36,0.0562283
13,20,41,1639.62,0.0579054
13,20,42,1631.59,0.0551486
13,20,43,1629.15,0.0484698
13,20,44,1632.22,0.039239
13,20,45,1637.18,0.029216
13,20,46,1637.26,0.0199864
13,20,47,1624.01,0.0125508
13,20,48,1589.92,0.00723264
13,20,49,1531.14,0.00381974
13,21,0,2618.72,0.489814
13,21,1,2790,0.581021
13,21,2,2894.04,0.646349
13,21,3,2939.43,0.679294
13,21,4,2939.86,0.679446
13,21,5,2910.74,0.651663
13,21,6,2866.31,0.603902
13,21,7,2817.35,0.545031
13,21,8,2770.46,0.482579
13,21,9,2728.22,0.421375
13,21,10,2690.61,0.363435
13,21,11,2655.49,0.308852
13,21,12,2621.1,0.257903
13,21,13,2583.83,0.211021
13,21,14,2540.76,0.169561
13,21,15,2489.5,0.135157
13,21,16,2428.78,0.10882
13,21,17,2358.7,0.0904046
13,21,18,2281.02,0.0783293
13,21,19,2198.87,0.0703389
13,21,20,2116.6,0.0643526
13,21,21,2039.35,0.0591262
13,21,22,1971.93,0.0541347
13,21,23,1918.07,0.0497763
13,21,24,1879.34,0.0465383
13,21,25,1854.31,0.0446535
13,21,26,1839.2,0.0437862
13,21,27,1829.49,0.0431776
13,21,28,1821.08,0.0417631
13,21,29,1811.23,0.0387796
13,21,30,1798.98,0.0342048
13,21,31,1784.42,0.0287741
13,21,32,1768.38,0.023793
13,21,33,1751.89,0.0206546
13,21,34,1736.18,0.0204709
13,21,35,1722.44,0.0237554
13,21,36,1711.26,0.0303113
13,21,37,1702.48,0.0391747
13,21,38,1695.07,0.0487667
13,21,39,1688.25,0.0571166
13,21,40,1681.4,0.0622993
13,21,41,1675.74,0.0630201
13,21,42,1673.24,0.0589043
13,21,43,1675.49,0.0507636
13,21,44,1682.07,0.0402468
13,21,45,1689.17,0.0292981
13,21,46,1689.97,0.0195518
13,21,47,1676.07,0.0119444
13,21,48,1639.89,0.00667415
13,21,49,1577.38,0.00340354
13,22,0,2616.26,0.45296
13,22,1,2793.07,0.540884
13,22,2,2903.97,0.606734
13,22,3,2957.36,0.644153
13,22,4,2966.67,0.652159
13,22,5,2946.66,0.634667
13,22,6,2910.61,0.598571
13,22,7,2868.25,0.551539
13,22,8,2825.25,0.49975
13,22,9,2783.67,0.446627
13,22,10,2743.51,0.393077
13,22,11,2703.26,0.338894
13,22,12,2662.09,0.285049
13,22,13,2617.73,0.233566
13,22,14,2568.51,0.187684
13,22,15,2512.78,0.15055
13,22,16,2449.49,0.123795
13,22,17,2378.31,0.106824
13,22,18,2300.18,0.0968108
13,22,19,2217.51,0.0902193
13,22,20,2134.23,0.0841123
13,22,21,2055.65,0.0772185
13,22,22,1987.02,0.0696917
13,22,23,1932.48,0.0628729
13,22,24,1893.66,0.0580315
13,22,25,1868.8,0.0556969
13,22,26,1853.62,0.0552873
13,22,27,1842.96,0.0554451
13,22,28,1832.3,0.0544817
13,22,29,1818.7,0.0511933
13,22,30,1801.45,0.0454819
13,22,31,1781.34,0.0383381
13,22,32,1760.36,0.0315284
13,22,33,1740.78,0.0269138
13,22,34,1724.79,0.0259516
13,22,35,1713.99,0.0292677
13,22,36,1708.66,0.0365452
13,22,37,1707.8,0.0465358
13,22,38,1709.52,0.0573011
13,22,39,1712.28,0.0665205
13,22,40,1714.88,0.0719969
13,22,41,1718.1,0.0723109
13,22,42,1723.41,0.0671094
13,22,43,1731.85,0.0574016
13,22,44,1742.63,0.0451225
13,22,45,1751.83,0.0325163
13,22,46,1752.73,0.0214323
13,22,47,1737.14,0.0128938
13,22,48,1697.59,0.00706852
13,22,49,1629.88,0.00352023
13,23,0,2622.73,0.419355
13,23,1,2806.3,0.505047
13,23,2,2924.83,0.572185
13,23,3,2986.64,0.614415
13,23,4,3004.89,0.630217
13,23,5,2993.79,0.62277
13,23,6,2965.69,0.598206
13,23,7,2929.13,0.563265
13,23,8,2888.67,0.522898
13,23,9,2845.64,0.479036
13,23,10,2799.97,0.431223
13,23,11,2750.94,0.378625
13,23,12,2699.12,0.322645
13,23,13,2644.18,0.266805
13,23,14,2586.23,0.216315
13,23,15,2524.79,0.176032
13,23,16,2459.12,0.148395
13,23,17,2388.45,0.132449
13,23,18,2312.72,0.124093
13,23,19,2233.34,0.118381
13,23,20,2153.46,0.111407
13,23,21,2078,0.101852
13,23,22,2011.98,0.0906425
13,23,23,1959.33,0.0802005
13,23,24,1921.33,0.07269
13,23,25,1895.91,0.0690031
13,23,26,1878.65,0.0683332
13,23,27,1864.26,0.0687472
13,23,28,1848.32,0.0679579
13,23,29,1828.11,0.064331
13,23,30,1803.51,0.0576517
13,23,31,1776.26,0.0490635
13,23,32,1749.57,0.0406681
13,23,33,1726.89,0.0347007
13,23,34,1711.22,0.0329391
13,23,35,1704.34,0.0361654
13,23,36,1705.99,0.0440238
13,23,37,1714.31,0.0550674
13,23,38,1726.48,0.067053
13,23,39,1740.24,0.0773115
13,23,40,1753.7,0.0833235
13,23,41,1767.06,0.0834548
13,23,42,1781.11,0.0772914
13,23,43,1796.33,0.0659874
13,23,44,1811.52,0.0517569
13,23,45,1822.72,0.0371868
13,23,46,1823.36,0.0244099
13,23,47,1805.49,0.014601
13,23,48,1761.72,0.00794194
13,23,49,1687.75,0.0039145
13,24,0,2639.3,0.395557
13,24,1,2829.54,0.48057
13,24,2,2955.05,0.549716
13,24,3,3024.2,0.596582
13,24,4,3050.09,0.619299
13,24,5,3046.47,0.620703
13,24,6,3024.89,0.60659
13,24,7,2992.77,0.583105
13,24,8,2953.42,0.55412
13,24,9,2907.32,0.520017
13,24,10,2854.2,0.478748
13,24,11,2794.18,0.428533
13,24,12,2729.53,0.370922
13,24,13,2662.25,0.310741
13,24,14,2594.62,0.255136
13,24,15,2527.58,0.210779
13,24,16,2460.79,0.181094
13,24,17,2392.84,0.164978
13,24,18,2322.5,0.157207
13,24,19,2249.89,0.151464
13,24,20,2177.04,0.142849
13,24,21,2108,0.129941
13,24,22,2047.07,0.114388
13,24,23,1997.56,0.0996601
13,24,24,1960.29,0.0887936
13,24,25,1933.11,0.0830603
13,24,26,1911.85,0.0814812
13,24,27,1891.62,0.08166
13,24,28,1868.58,0.0808262
13,24,29,1840.63,0.0769785
13,24,30,1808.39,0.0697353
13,24,31,1774.5,0.0602397
13,24,32,1743.17,0.0507377
13,24,33,1718.64,0.043693
13,24,34,1704.31,0.0411477
13,24,35,1701.88,0.0440706
13,24,36,1710.52,0.0521416
13,24,37,1727.57,0.0637982
13,24,38,1749.51,0.0765561
13,24,39,1773.52,0.087445
13,24,40,1797.08,0.0936656
13,24,41,1819.87,0.0934038
13,24,42,1842.07,0.0862205
13,24,43,1863.66,0.0734175
13,24,44,1883.1,0.0574493
13,24,45,1896.36,0.0411826
13,24,46,1896.93,0.0269677
13,24,47,1876.9,0.0160866
13,24,48,1828.84,0.00872143
13,24,49,1748.3,0.00428191
13,25,0,2663.55,0.385499
13,25,1,2859.3,0.471302
13,25,2,2990.17,0.542712
13,25,3,3064.76,0.593331
13,25,4,3096.2,0.621327
13,25,5,3098,0.62974
13,25,6,3081.06,0.624514
13,25,7,3051.84,0.611503
13,25,8,3012.53,0.593558
13,25,9,2962.65,0.569388
13,25,10,2901.7,0.535115
13,25,11,2830.54,0.487728
13,25,12,2753.17,0.428668
13,25,13,2674.03,0.363853
13,25,14,2597.7,0.302263
13,25,15,2526.53,0.252415
13,25,16,2460.48,0.218895
13,25,17,2397.38,0.200755
13,25,18,2334.63,0.191978
13,25,19,2270.92,0.185096
13,25,20,2206.97,0.174283
13,25,21,2145.73,0.157917
13,25,22,2090.58,0.138152
13,25,23,2044.1,0.119266
13,25,24,2006.78,0.104999
13,25,25,1976.59,0.0969554
13,25,26,1949.95,0.0940641
13,25,27,1922.82,0.0936479
13,25,28,1892.28,0.0926367
13,25,29,1857.15,0.0887631
13,25,30,1818.82,0.0814354
13,25,31,1780.57,0.0716306
13,25,32,1747.09,0.0615381
13,25,33,1722.78,0.0536962
13,25,34,1710.93,0.0503449
13,25,35,1712.86,0.0526568
13,25,36,1727.2,0.060404
13,25,37,1750.85,0.071971
13,25,38,1779.92,0.0846871
13,25,39,1811.32,0.0953518
13,25,40,1842.24,0.100999
13,25,41,1872.03,0.0997741
13,25,42,1900.53,0.0913499
13,25,43,1927.36,0.0772295
13,25,44,1950.71,0.0600486
13,25,45,1966.36,0.0428064
13,25,46,1967.59,0.0278955
13,25,47,1946.26,0.0165705
13,25,48,1894.66,0.00895207
13,25,49,1808.1,0.00438175
13,26,0,2690.51,0.39043
13,26,1,2890.02,0.478086
13,26,2,3024.31,0.551419
13,26,3,3102.27,0.604254
13,26,4,3137.13,0.635323
13,26,5,3142.26,0.648495
13,26,6,3128.11,0.650344
13,26,7,3100.43,0.646655
13,26,8,3060.54,0.639216
13,26,9,3007.16,0.624872
13,26,10,2939.49,0.597695
13,26,11,2859.01,0.553224
13,26,12,2771.24,0.492615
13,26,13,2682.86,0.422691
13,26,14,2600.44,0.354119
13,26,15,2527.59,0.297211
13,26,16,2464.28,0.25785
13,26,17,2407.43,0.235575
13,26,18,2353.11,0.224036
13,26,19,2298.6,0.21498
13,26,20,2243.42,0.201825
13,26,21,2189.5,0.182616
13,26,22,2139.38,0.15967
13,26,23,2095.02,0.137661
13,26,24,2056.69,0.120727
13,26,25,2022.64,0.110712
13,26,26,1990.01,0.106539
13,26,27,1955.88,0.105465
13,26,28,1918.52,0.104326
13,26,29,1877.85,0.100698
13,26,30,1836.04,0.0937461
13,26,31,1796.67,0.0841375
13,26,32,1764.24,0.0738354
13,26,33,1742.62,0.0653252
13,26,34,1734.35,0.0609904
13,26,35,1740.11,0.0622273
13,26,36,1758.11,0.068954
13,26,37,1785.13,0.0795595
13,26,38,1817.38,0.0912357
13,26,39,1851.97,0.100625
13,26,40,1886.16,0.104725
13,26,41,1919.44,0.101811
13,26,42,1951.58,0.0918427
13,26,43,1982.11,0.0765968
13,26,44,2008.93,0.0588275
13,26,45,2027.42,0.0414878
13,26,46,2030.32,0.0267951
13,26,47,2008.95,0.0158073
13,26,48,1955.12,0.00850129
13,26,49,1863.76,0.00415211
13,27,0,2715.8,0.408581
13,27,1,2917.31,0.498773
13,27,2,3053.23,0.573398
13,27,3,3132.74,0.6267
13,27,4,3169.11,0.658464
13,27,5,3175.6,0.673945
13,27,6,3162.4,0.680759
13,27,7,3134.93,0.684807
13,27,8,3093.99,0.686788
13,27,9,3037.82,0.681569
13,27,10,2965.46,0.661056
13,27,11,2878.84,0.619254
13,27,12,2784.66,0.55694
13,27,13,2691.27,0.481659
13,27,14,2606.69,0.405555
13,27,15,2535.21,0.340561
13,27,16,2476.53,0.293872
13,27,17,2426.6,0.26579
13,27,18,2380.31,0.250113
13,27,19,2333.86,0.238262
13,27,20,2285.9,0.223141
13,27,21,2237.66,0.202352
13,27,22,2191.06,0.177985
13,27,23,2147.63,0.154599
13,27,24,2107.44,0.136363
13,27,25,2069.05,0.125216
13,27,26,2030.35,0.120165
13,27,27,1989.66,0.118611
13,27,28,1946.63,0.11749
13,27,29,1902.44,0.114334
13,27,30,1859.97,0.108059
13,27,31,1822.75,0.0989296
13,27,32,1794.52,0.0885653
13,27,33,1777.91,0.0793086
13,27,34,1774.21,0.073642
13,27,35,1783.16,0.0732077
13,27,36,1802.65,0.0781302
13,27,37,1829.67,0.0868754
13,27,38,1860.95,0.0965597
13,27,39,1894.23,0.103738
13,27,40,1927.38,0.105469
13,27,41,1960.38,0.100292
13,27,42,1993.35,0.0885688
13,27,43,2025.88,0.0723973
13,27,44,2055.58,0.0545905
13,27,45,2077.18,0.0379036
13,27,46,2082.64,0.0241959
13,27,47,2062.43,0.0141895
13,27,48,2007.72,0.00764894
13,27,49,1912.99,0.00378711
13,28,0,2737.31,0.434923
13,28,1,2939.24,0.527964
13,28,2,3075.28,0.60327
13,28,3,3154.72,0.655575
13,28,4,3190.81,0.685956
13,28,5,3196.68,0.701358
13,28,6,3182.46,0.710698
13,28,7,3153.59,0.720183
13,28,8,3110.87,0.729568
13,28,9,3052.54,0.731878
13,28,10,2977.71,0.717005
13,28,11,2888.69,0.677501
13,28,12,2792.91,0.613725
13,28,13,2699.62,0.53371
13,28,14,2617.41,0.45071
13,28,15,2550.57,0.377914
13,28,16,2498.19,0.323665
13,28,17,2455.35,0.289153
13,28,18,2416.08,0.268751
13,28,19,2375.95,0.254038
13,28,20,2333.21,0.237727
13,28,21,2288.74,0.216946
13,28,22,2244.09,0.19321
13,28,23,2200.47,0.170476
13,28,24,2157.78,0.152569
13,28,25,2114.82,0.141378
13,28,26,2070.24,0.136072
13,28,27,2023.65,0.134382
13,28,28,1976.2,0.133518
13,28,29,1930.38,0.131059
13,28,30,1889.72,0.125678
13,28,31,1857.41,0.117179
13,28,32,1835.92,0.10675
13,28,33,1826.16,0.0965131
13,28,34,1827.74,0.0889991
13,28,35,1839.33,0.0861244
13,28,36,1858.53,0.0883078
13,28,37,1882.75,0.0942182
13,28,38,1909.57,0.10102
13,28,39,1937.79,0.105275
13,28,40,1966.23,0.104164
13,28,41,1995.76,0.0965228
13,28,42,2027.1,0.0831128
13,28,43,2060.02,0.0663067
13,28,44,2091.81,0.0488996
13,28,45,2116.44,0.0333488
13,28,46,2124.83,0.0210586
13,28,47,2106.52,0.0123597
13,28,48,2051.92,0.00678462
13,28,49,1955.06,0.00350271
13,29,0,2756.09,0.462186
13,29,1,2957.13,0.558051
13,29,2,3091.88,0.633749
13,29,3,3169.67,0.684346
13,29,4,3203.55,0.712071
13,29,5,3206.54,0.725439
13,29,6,3188.84,0.734673
13,29,7,3156.32,0.746481
13,29,8,3110.34,0.760095
13,29,9,3049.75,0.767255
13,29,10,2974.13,0.756373
13,29,11,2886.18,0.718869
13,29,12,2793.59,0.654643
13,29,13,2705.57,0.571833
13,29,14,2630.29,0.484204
13,29,15,2571.31,0.405597
13,29,16,2526.83,0.345135
13,29,17,2491.2,0.304871
13,29,18,2458.05,0.280091
13,29,19,2422.81,0.263004
13,29,20,2383.74,0.246514
13,29,21,2341.65,0.227323
13,29,22,2297.9,0.206127
13,29,23,2253.37,0.185879
13,29,24,2207.81,0.169731
13,29,25,2160.25,0.159417
13,29,26,2110.13,0.154367
13,29,27,2058.41,0.152846
13,29,28,2007.78,0.152505
13,29,29,1962.03,0.151049
13,29,30,1925.13,0.146891
13,29,31,1899.65,0.139292
13,29,32,1886.46,0.128882
13,29,33,1884.47,0.117442
13,29,34,1891.48,0.107481
13,29,35,1905.03,0.101222
13,29,36,1922.53,0.0995087
13,29,37,1941.97,0.101424
13,29,38,1961.99,0.104403
13,29,39,1982.7,0.105175
13,29,40,2004.11,0.101098
13,29,41,2028.16,0.0912482
13,29,42,2056.28,0.0766449
13,29,43,2088.44,0.0597696
13,29,44,2121.58,0.0432688
13,29,45,2148.83,0.0292248
13,29,46,2160.06,0.0185589
13,29,47,2143.82,0.0112299
13,29,48,2089.78,0.00657364
13,29,49,1991.51,0.00376081
13,30,0,2775.28,0.483123
13,30,1,2974.4,0.581439
13,30,2,3106.56,0.657618
13,30,3,3181.06,0.706734
13,30,4,3210.64,0.731633
13,30,5,3208.17,0.741836
13,30,6,3184.04,0.748539
13,30,7,3144.93,0.759086
13,30,8,3093.35,0.772844
13,30,9,3029.42,0.781257
13,30,10,2953.73,0.7722
13,30,11,2869.43,0.736517
13,30,12,2783.98,0.673608
13,30,13,2705.64,0.591165
13,30,14,2641.16,0.502625
13,30,15,2592.7,0.421673
13,30,16,2557.43,0.35768
13,30,17,2529.22,0.313424
13,30,18,2501.77,0.285347
13,30,19,2470.74,0.266731
13,30,20,2434.7,0.251046
13,30,21,2394.53,0.234707
13,30,22,2351.38,0.217447
13,30,23,2305.81,0.200948
13,30,24,2257.4,0.187442
13,30,25,2205.48,0.178455
13,30,26,2150.42,0.17383
13,30,27,2094.61,0.172591
13,30,28,2042.21,0.17301
13,30,29,1998.11,0.172985
13,30,30,1966.4,0.170607
13,30,31,1948.73,0.164466
13,30,32,1944.19,0.154437
13,30,33,1949.66,0.141785
13,30,34,1961.26,0.128879
13,30,35,1975.63,0.118276
13,30,36,1990.17,0.111407
13,30,37,2003.63,0.108042
13,30,38,2015.82,0.10621
13,30,39,2028.18,0.103049
13,30,40,2041.96,0.0961771
13,30,41,2060.13,0.0848037
13,30,42,2084.72,0.0699525
13,30,43,2115.83,0.0539305
13,30,44,2149.94,0.0390301
13,30,45,2179.4,0.026874
13,30,46,2193.08,0.0179134
13,30,47,2178.63,0.0118156
13,30,48,2125.06,0.00780787
13,30,49,2025.51,0.00514285
13,31,0,2798.21,0.492387
13,31,1,2994.73,0.59235
13,31,2,3123.25,0.669282
13,31,3,3192.96,0.717937
13,31,4,3216.29,0.741026
13,31,5,3205.85,0.748153
13,31,6,3172.33,0.75082
13,31,7,3123.45,0.756957
13,31,8,3063.43,0.766773
13,31,9,2994.36,0.772639
13,31,10,2918.35,0.763116
13,31,11,2839.09,0.729207
13,31,12,2763.37,0.669783
13,31,13,2697.62,0.591461
13,31,14,2646.4,0.506376
13,31,15,2610.01,0.427174
13,31,16,2584.62,0.362885
13,31,17,2563.99,0.31683
13,31,18,2542.21,0.286777
13,31,19,2515.49,0.267432
13,31,20,2482.77,0.25318
13,31,21,2444.96,0.240324
13,31,22,2402.87,0.227609
13,31,23,2356.69,0.215317
13,31,24,2305.88,0.204634
13,31,25,2250.29,0.196902
13,31,26,2191.38,0.192549
13,31,27,2132.98,0.191588
13,31,28,2080.59,0.193074
13,31,29,2039.8,0.195117
13,31,30,2014.35,0.195369
13,31,31,2004.63,0.191555
13,31,32,2007.89,0.182561
13,31,33,2019.26,0.168942
13,31,34,2033.58,0.15281
13,31,35,2047.06,0.137078
13,31,36,2057.39,0.123921
13,31,37,2064.24,0.114077
13,31,38,2068.6,0.106515
13,31,39,2073.21,0.0990699
13,31,40,2080.38,0.0897355
13,31,41,2093.87,0.0777498
13,31,42,2116.05,0.063855
13,31,43,2146.9,0.0498529
13,31,44,2182.34,0.0374258
13,31,45,2213.94,0.0276241
13,31,46,2229.68,0.0204347
13,31,47,2216.48,0.0153227
13,31,48,2162.8,0.0115178
13,31,49,2061.42,0.00846555
13,32,0,2827.22,0.488929
13,32,1,3020.96,0.589494
13,32,2,3145.27,0.667502
13,32,3,3209.3,0.717201
13,32,4,3225.09,0.740431
13,32,5,3204.94,0.745829
13,32,6,3159.76,0.744286
13,32,7,3098.5,0.744016
13,32,8,3027.48,0.746616
13,32,9,2951.27,0.746579
13,32,10,2873.99,0.73444
13,32,11,2799.93,0.702183
13,32,12,2734.76,0.648191
13,32,13,2682.5,0.577425
13,32,14,2645.02,0.499795
13,32,15,2620.65,0.426087
13,32,16,2604.76,0.364448
13,32,17,2591.32,0.318544
13,32,18,2575.12,0.287543
13,32,19,2553.02,0.267818
13,32,20,2524.26,0.254936
13,32,21,2489.58,0.245312
13,32,22,2449.33,0.236796
13,32,23,2403.29,0.228327
13,32,24,2350.95,0.220045
13,32,25,2292.83,0.213178
13,32,26,2231.64,0.208871
13,32,27,2172.65,0.208262
13,32,28,2122.39,0.211257
13,32,29,2086.6,0.216129
13,32,30,2068.18,0.219937
13,32,31,2065.98,0.219375
13,32,32,2075.51,0.212168
13,32,33,2090.57,0.198039
13,32,34,2105.33,0.178764
13,32,35,2116.08,0.157615
13,32,36,2121.19,0.137584
13,32,37,2121.38,0.120552
13,32,38,2118.83,0.106687
13,32,39,2117.39,0.0947778
13,32,40,2120.18,0.083329
13,32,41,2131.4,0.0715561
13,32,42,2153.41,0.0596963
13,32,43,2185.75,0.0487589
13,32,44,2223.57,0.0395766
13,32,45,2257.6,0.0325059
13,32,46,2275.09,0.027063
13,32,47,2262.39,0.0225836
13,32,48,2207.57,0.0184066
13,32,49,2103.2,0.0142871
13,33,0,2862.14,0.476237
13,33,1,3053.47,0.576308
13,33,2,3173.77,0.655463
13,33,3,3232.25,0.707534
13,33,4,3240.51,0.73305
13,33,5,3210.44,0.738808
13,33,6,3153.09,0.734167
13,33,7,3078.51,0.727092
13,33,8,2995.23,0.720763
13,33,9,2910.6,0.71264
13,33,10,2830.9,0.696277
13,33,11,2761.02,0.665396
13,33,12,2705.29,0.618044
13,33,13,2665.07,0.557159
13,33,14,2639.51,0.489757
13,33,15,2625.23,0.424159
13,33,16,2617.08,0.367193
13,33,17,2609.54,0.322664
13,33,18,2598.2,0.291099
13,33,19,2580.52,0.270633
13,33,20,2555.88,0.258193
13,33,21,2524.7,0.250582
13,33,22,2486.78,0.245017
13,33,23,2441.54,0.239342
13,33,24,2388.62,0.232789
13,33,25,2329.4,0.22654
13,33,26,2267.89,0.222439
13,33,27,2210.61,0.222681
13,33,28,2164.7,0.227912
13,33,29,2135.6,0.236417
13,33,30,2124.87,0.244537
13,33,31,2129.71,0.247884
13,33,32,2144.12,0.243017
13,33,33,2161.03,0.228873
13,33,34,2174.49,0.206895
13,33,35,2181.35,0.180669
13,33,36,2180.94,0.15396
13,33,37,2175.16,0.129775
13,33,38,2167.3,0.109562
13,33,39,2162.16,0.09322
13,33,40,2163.39,0.0798886
13,33,41,2175.31,0.0687899
13,33,42,2199.9,0.0595639
13,33,43,2235.88,0.0522697
13,33,44,2277.41,0.0467333
13,33,45,2314.32,0.0425159
13,33,46,2333.18,0.0386355
13,33,47,2319.98,0.0343248
13,33,48,2262.59,0.0290988
13,33,49,2153.52,0.023118
13,34,0,2900.99,0.460885
13,34,1,3090.88,0.559654
13,34,2,3208.28,0.639729
13,34,3,3262.52,0.694856
13,34,4,3264.87,0.724237
13,34,5,3226.7,0.732399
13,34,6,3158.97,0.726472
13,34,7,3072.55,0.713557
13,34,8,2977.87,0.698209
13,34,9,2884.82,0.68116
13,34,10,2801.72,0.659581
13,34,11,2733.93,0.629503
13,34,12,2684.56,0.588912
13,34,13,2652.6,0.538677
13,34,14,2634.97,0.48263
13,34,15,2627.05,0.426308
13,34,16,2623.53,0.37492
13,34,17,2619.46,0.332172
13,34,18,2611.18,0.299774
13,34,19,2596.58,0.277564
13,34,20,2575.06,0.263934
13,34,21,2546.66,0.256403
13,34,22,2510.71,0.25199
13,34,23,2466.42,0.247871
13,34,24,2413.74,0.242627
13,34,25,2354.93,0.237393
13,34,26,2295.17,0.23448
13,34,27,2241.9,0.236776
13,34,28,2202.5,0.24533
13,34,29,2181.63,0.258216
13,34,30,2179.36,0.271007
13,34,31,2191.27,0.278381
13,34,32,2210.11,0.275981
13,34,33,2228.35,0.262188
13,34,34,2240.28,0.238216
13,34,35,2243.58,0.207875
13,34,36,2238.68,0.175502
13,34,37,2228.66,0.145004
13,34,38,2217.82,0.118965
13,34,39,2211.72,0.0983916
13,34,40,2214.32,0.0831498
13,34,41,2229.79,0.072576
13,34,42,2259.42,0.0657863
13,34,43,2300.88,0.0619142
13,34,44,2347.12,0.0597625
13,34,45,2386.99,0.058055
13,34,46,2406.49,0.0552799
13,34,47,2391.43,0.050545
13,34,48,2329.67,0.0435506
13,34,49,2213.79,0.0349106
13,35,0,2940.79,0.44939
13,35,1,3130.72,0.546486
13,35,2,3247.02,0.626941
13,35,3,3299.31,0.684864
13,35,4,3298.63,0.718515
13,35,5,3255.83,0.730242
13,35,6,3181.58,0.724683
13,35,7,3087.07,0.707572
13,35,8,2983.94,0.684348
13,35,9,2883.84,0.658765
13,35,10,2796.56,0.631678
13,35,11,2727.94,0.601716
13,35,12,2680.26,0.567146
13,35,13,2651.08,0.527023
13,35,14,2635.98,0.482093
13,35,15,2629.72,0.435059
13,35,16,2626.97,0.389325
13,35,17,2623.19,0.348222
13,35,18,2615.22,0.31434
13,35,19,2601.17,0.289052
13,35,20,2580.41,0.272256
13,35,21,2552.76,0.262566
13,35,22,2517.39,0.257372
13,35,23,2473.58,0.253746
13,35,24,2421.66,0.249929
13,35,25,2364.68,0.246915
13,35,26,2308.68,0.24702
13,35,27,2261.6,0.253199
13,35,28,2230.65,0.266385
13,35,29,2219.54,0.284201
13,35,30,2226.85,0.301555
13,35,31,2246.73,0.312548
13,35,32,2270.99,0.312365
13,35,33,2291.83,0.299208
13,35,34,2303.93,0.274196
13,35,35,2305.82,0.24121
13,35,36,2298.98,0.204832
13,35,37,2287.54,0.169477
13,35,38,2276.64,0.138528
13,35,39,2272.35,0.113964
13,35,40,2278.81,0.0964134
13,35,41,2299.86,0.0855059
13,35,42,2335.99,0.0800693
13,35,43,2383.74,0.0785257
13,35,44,2434.79,0.0787957
13,35,45,2477.04,0.0787956
13,35,46,2496.04,0.0764479
13,35,47,2477.53,0.070655
13,35,48,2409.49,0.0612403
13,35,49,2284.63,0.0492558
13,36,0,2978.75,0.445733
13,36,1,3170.47,0.541244
13,36,2,3287.81,0.621424
13,36,3,3340.81,0.681135
13,36,4,3340.45,0.71828
13,36,5,3297.16,0.733535
13,36,6,3221.13,0.729229
13,36,7,3123.32,0.709471
13,36,8,3015.64,0.680007
13,36,9,2910.41,0.646975
13,36,10,2818.17,0.61454
13,36,11,2745.17,0.583937
13,36,12,2693.78,0.554056
13,36,13,2661.33,0.5226
13,36,14,2643.15,0.48762
13,36,15,2633.94,0.449141
13,36,16,2628.31,0.408692
13,36,17,2621.71,0.368952
13,36,18,2611.03,0.333033
13,36,19,2594.39,0.303592
13,36,20,2571.26,0.282028
13,36,21,2541.61,0.268384
13,36,22,2504.88,0.261012
13,36,23,2460.77,0.257452
13,36,24,2410.08,0.255902
13,36,25,2356.38,0.257027
13,36,26,2306.07,0.262549
13,36,27,2267.16,0.274728
13,36,28,2246.38,0.293802
13,36,29,2246.45,0.316775
13,36,30,2264.71,0.338156
13,36,31,2294.17,0.351988
13,36,32,2325.88,0.353563
13,36,33,2351.9,0.341295
13,36,34,2367.25,0.316327
13,36,35,2371.17,0.282401
13,36,36,2366.05,0.243959
13,36,37,2356.77,0.20546
13,36,38,2349.06,0.170648
13,36,39,2349.23,0.14223
13,36,40,2361.4,0.121574
13,36,41,2389.06,0.108822
13,36,42,2431.99,0.102877
13,36,43,2485.74,0.101834
13,36,44,2540.86,0.10302
13,36,45,2584.45,0.103643
13,36,46,2601.68,0.101006
13,36,47,2578.34,0.093653
13,36,48,2502.49,0.0813827
13,36,49,2366.85,0.0655971
13,37,0,3012.99,0.449668
13,37,1,3208.29,0.544033
13,37,2,3328.75,0.623438
13,37,3,3384.84,0.683656
13,37,4,3387.66,0.722759
13,37,5,3347.38,0.740444
13,37,6,3273.62,0.737256
13,37,7,3176.61,0.715764
13,37,8,3067.66,0.681558
13,37,9,2958.74,0.642395
13,37,10,2860.43,0.605093
13,37,11,2779.57,0.573245
13,37,12,2719.47,0.54661
13,37,13,2678.47,0.522056
13,37,14,2652.66,0.495495
13,37,15,2637.05,0.464604
13,37,16,2625.93,0.429092
13,37,17,2614.27,0.39078
13,37,18,2598.45,0.35294
13,37,19,2576.43,0.319205
13,37,20,2547.96,0.292364
13,37,21,2513.63,0.274076
13,37,22,2473.76,0.264111
13,37,23,2428.81,0.260942
13,37,24,2380.02,0.262971
13,37,25,2331.18,0.270324
13,37,26,2288.51,0.28356
13,37,27,2259.6,0.303529
13,37,28,2250.47,0.329295
13,37,29,2262.99,0.357191
13,37,30,2293.56,0.381709
13,37,31,2334.37,0.397403
13,37,32,2375.89,0.400215
13,37,33,2410.04,0.389073
13,37,34,2432.13,0.365178
13,37,35,2441.95,0.331906
13,37,36,2442.47,0.293195
13,37,37,2439.09,0.253127
13,37,38,2437.68,0.215376
13,37,39,2444.47,0.183087
13,37,40,2463.46,0.158305
13,37,41,2497.82,0.141904
13,37,42,2546.94,0.133293
13,37,43,2605.64,0.130717
13,37,44,2663.71,0.131262
13,37,45,2707.62,0.131545
13,37,46,2722.26,0.128146
13,37,47,2693.41,0.119011
13,37,48,2609.04,0.103705
13,37,49,2461.67,0.0838485
13,38,0,3043.08,0.457773
13,38,1,3243.41,0.551543
13,38,2,3368.54,0.629939
13,38,3,3429.35,0.689523
13,38,4,3437.13,0.728846
13,38,5,3401.89,0.747264
13,38,6,3332.64,0.744252
13,38,7,3238.64,0.721206
13,38,8,3130.01,0.683346
13,38,9,3017.69,0.63934
13,38,10,2911.95,0.597894
13,38,11,2820.3,0.564518
13,38,12,2747.73,0.539917
13,38,13,2694.49,0.520583
13,38,14,2658.16,0.500914
13,38,15,2634.25,0.476705
13,38,16,2616.55,0.446065
13,38,17,2598.96,0.409872
13,38,18,2576.94,0.37123
13,38,19,2548.08,0.334392
13,38,20,2512.58,0.303277
13,38,21,2472.08,0.281111
13,38,22,2428.3,0.269285
13,38,23,2382.73,0.267487
13,38,24,2337.06,0.274481
13,38,25,2294.88,0.289708
13,38,26,2261.77,0.312194
13,38,27,2244.45,0.340904
13,38,28,2248.13,0.373453
13,38,29,2273.95,0.405599
13,38,30,2317.71,0.432215
13,38,31,2371.03,0.448848
13,38,32,2424.01,0.452465
13,38,33,2468.49,0.442636
13,38,34,2500.03,0.420579
13,38,35,2518.83,0.38911
13,38,36,2528.27,0.351417
13,38,37,2533.88,0.310933
13,38,38,2541.33,0.270919
13,38,39,2556.44,0.234684
13,38,40,2582.93,0.204837
13,38,41,2623.81,0.18316
13,38,42,2678.36,0.169973
13,38,43,2741.09,0.164151
13,38,44,2801.33,0.162897
13,38,45,2845.12,0.162338
13,38,46,2857.15,0.158162
13,38,47,2823.08,0.147408
13,38,48,2730.58,0.129136
13,38,49,2571.51,0.105029
13,39,0,3071.38,0.466044
13,39,1,3277.32,0.559679
13,39,2,3407.71,0.637029
13,39,3,3473.7,0.695107
13,39,4,3486.79,0.732998
13,39,5,3456.85,0.750223
13,39,6,3392.32,0.745929
13,39,7,3301.38,0.720906
13,39,8,3192.84,0.680026
13,39,9,3076.38,0.632328
13,39,10,2961.86,0.587648
13,39,11,2857.59,0.552851
13,39,12,2770.52,0.529505
13,39,13,2703.27,0.514077
13,39,14,2655.24,0.500078
13,39,15,2622.55,0.481993
13,39,16,2598.35,0.456677
13,39,17,2575.22,0.424084
13,39,18,2547.38,0.386861
13,39,19,2511.91,0.349464
13,39,20,2469.55,0.31654
13,39,21,2423.17,0.2926
13,39,22,2376.14,0.280601
13,39,23,2331.17,0.281548
13,39,24,2290.29,0.294683
13,39,25,2256.65,0.318772
13,39,26,2234.86,0.351233
13,39,27,2230.53,0.388973
13,39,28,2247.88,0.428076
13,39,29,2287.45,0.463814
13,39,30,2344.6,0.491678
13,39,31,2410.6,0.508443
13,39,32,2475.38,0.512248
13,39,33,2530.87,0.503315
13,39,34,2572.95,0.482863
13,39,35,2602.23,0.453133
13,39,36,2622.31,0.416562
13,39,37,2638.64,0.375908
13,39,38,2656.42,0.333877
13,39,39,2680.85,0.293713
13,39,40,2715.31,0.258405
13,39,41,2762.77,0.230661
13,39,42,2822.61,0.211929
13,39,43,2889.24,0.202048
13,39,44,2951.73,0.198594
13,39,45,2995.85,0.197283
13,39,46,3006.13,0.192739
13,39,47,2968.08,0.180784
13,39,48,2868.82,0.159705
13,39,49,2699.13,0.131083
13,40,0,3100.88,0.471621
13,40,1,3311.88,0.565207
13,40,2,3446.92,0.641322
13,40,3,3517.39,0.697059
13,40,4,3534.88,0.731979
13,40,5,3509.09,0.746133
13,40,6,3447.91,0.739012
13,40,7,3358.58,0.711398
13,40,8,3248.7,0.667971
13,40,9,3126.9,0.617748
13,40,10,3002.72,0.570997
13,40,11,2885.29,0.53533
13,40,12,2783.55,0.51298
13,40,13,2702.39,0.500635
13,40,14,2643.02,0.491514
13,40,15,2602.17,0.479405
13,40,16,2572.35,0.460322
13,40,17,2544.84,0.433382
13,40,18,2512.61,0.400497
13,40,19,2472.24,0.365878
13,40,20,2424.89,0.334393
13,40,21,2374.56,0.311422
13,40,22,2326.21,0.301259
13,40,23,2283.68,0.306224
13,40,24,2249.35,0.326177
13,40,25,2225.84,0.359417
13,40,26,2216.7,0.401991
13,40,27,2226.33,0.448865
13,40,28,2257.84,0.494616
13,40,29,2311.1,0.533996
13,40,30,2381.07,0.563012
13,40,31,2458.8,0.579546
13,40,32,2534.31,0.582784
13,40,33,2599.81,0.573522
13,40,34,2651.68,0.553079
13,40,35,2691,0.523359
13,40,36,2721.51,0.486372
13,40,37,2748.5,0.444487
13,40,38,2776.62,0.399973
13,40,39,2810.49,0.355888
13,40,40,2853.19,0.315369
13,40,41,2907.7,0.281859
13,40,42,2973.48,0.257875
13,40,43,3044.8,0.244294
13,40,44,3110.47,0.239159
13,40,45,3156.06,0.237813
13,40,46,3166.09,0.23369
13,40,47,3125.98,0.221147
13,40,48,3022.19,0.197464
13,40,49,2844.03,0.163966
13,41,0,3135.76,0.475186
13,41,1,3349.95,0.568584
13,41,2,3487.85,0.643013
13,41,3,3561.04,0.69536
13,41,4,3581.13,0.725633
13,41,5,3557.58,0.734747
13,41,6,3497.75,0.723135
13,41,7,3408.1,0.692127
13,41,8,3295.35,0.6464
13,41,9,3167.42,0.594665
13,41,10,3033.76,0.54702
13,41,11,2904.29,0.511262
13,41,12,2789.62,0.49008
13,41,13,2696.51,0.480569
13,41,14,2627.61,0.476163
13,41,15,2580.05,0.470488
13,41,16,2545.93,0.459042
13,41,17,2515.53,0.440108
13,41,18,2480.81,0.414583
13,41,19,2437.93,0.386013
13,41,20,2388.28,0.359048
13,41,21,2336.66,0.339573
13,41,22,2289.29,0.332986
13,41,23,2250.96,0.342918
13,41,24,2224.41,0.370022
13,41,25,2211.96,0.412489
13,41,26,2216.23,0.465436
13,41,27,2240.4,0.522181
13,41,28,2286.36,0.575819
13,41,29,2353.01,0.620292
13,41,30,2434.78,0.651626
13,41,31,2522.56,0.668274
13,41,32,2606.68,0.670074
13,41,33,2679.91,0.658308
13,41,34,2739.33,0.634667
13,41,35,2786.52,0.601284
13,41,36,2825.46,0.560435
13,41,37,2861.3,0.514718
13,41,38,2898.36,0.466351
13,41,39,2940.93,0.418223
13,41,40,2991.9,0.373337
13,41,41,3054.18,0.335457
13,41,42,3127.02,0.307771
13,41,43,3204.24,0.291956
13,41,44,3274.26,0.286422
13,41,45,3322.53,0.286155
13,41,46,3333.83,0.283363
13,41,47,3293.73,0.270806
13,41,48,3188.12,0.244594
13,41,49,3004.45,0.20566
13,42,0,3177.62,0.479301
13,42,1,3392.22,0.572221
13,42,2,3530.36,0.644164
13,42,3,3603.89,0.691679
13,42,4,3624.34,0.715312
13,42,5,3600.88,0.717214
13,42,6,3540.37,0.699288
13,42,7,3448.76,0.663888
13,42,8,3332.24,0.615867
13,42,9,3198.41,0.563408
13,42,10,3056.9,0.515959
13,42,11,2918.32,0.481038
13,42,12,2794.45,0.461605
13,42,13,2693.19,0.455297
13,42,14,2617.91,0.456134
13,42,15,2565.93,0.457909
13,42,16,2529.11,0.45573
13,42,17,2497.22,0.446922
13,42,18,2461.71,0.431107
13,42,19,2418.47,0.410861
13,42,20,2368.9,0.390395
13,42,21,2318.22,0.375943
13,42,22,2273.44,0.373905
13,42,23,2240.13,0.389262
13,42,24,2221.57,0.423643
13,42,25,2220.11,0.475532
13,42,26,2237.76,0.539601
13,42,27,2276.51,0.607864
13,42,28,2336.81,0.671902
13,42,29,2416.27,0.724366
13,42,30,2508.57,0.760487
13,42,31,2604.42,0.778438
13,42,32,2694.63,0.77813
13,42,33,2772.74,0.761225
13,42,34,2836.65,0.730201
13,42,35,2888.55,0.68822
13,42,36,2932.71,0.638766
13,42,37,2974.37,0.585519
13,42,38,3017.94,0.531226
13,42,39,3067.67,0.478741
13,42,40,3126.39,0.430645
13,42,41,3196.79,0.39046
13,42,42,3277.42,0.361419
13,42,43,3361.24,0.345514
13,42,44,3436.12,0.34127
13,42,45,3487.63,0.343316
13,42,46,3501.19,0.342681
13,42,47,3462.9,0.330529
13,42,48,3358.25,0.301708
13,42,49,3172.7,0.256663
13,43,0,3223.43,0.485757
13,43,1,3435.51,0.577891
13,43,2,3571.21,0.646447
13,43,3,3642.73,0.687617
13,43,4,3661.45,0.702642
13,43,5,3636.2,0.695259
13,43,6,3573.48,0.66928
13,43,7,3478.97,0.628452
13,43,8,3358.75,0.577956
13,43,9,3220.52,0.525302
13,43,10,3074.27,0.478949
13,43,11,2931.09,0.445799
13,43,12,2803.31,0.428957
13,43,13,2699.01,0.426686
13,43,14,2621.55,0.433771
13,43,15,2568.04,0.444246
13,43,16,2530.29,0.452722
13,43,17,2498.08,0.455328
13,43,18,2462.81,0.45022
13,43,19,2420.34,0.43892
13,43,20,2371.98,0.425282
13,43,21,2323.08,0.416013
13,43,22,2281.13,0.418572
13,43,23,2252.42,0.439349
13,43,24,2240.98,0.481048
13,43,25,2249.53,0.542719
13,43,26,2279.72,0.618958
13,43,27,2332.35,0.700795
13,43,28,2406.25,0.778254
13,43,29,2497.44,0.842194
13,43,30,2598.65,0.886188
13,43,31,2700.44,0.907211
13,43,32,2794.22,0.904602
13,43,33,2874.38,0.880285
13,43,34,2939.69,0.837931
13,43,35,2992.94,0.782548
13,43,36,3038.85,0.719787
13,43,37,3083.03,0.655275
13,43,38,3130.31,0.592905
13,43,39,3185.26,0.535703
13,43,40,3250.67,0.48561
13,43,41,3328.69,0.445346
13,43,42,3416.78,0.417513
13,43,43,3506.72,0.403829
13,43,44,3585.88,0.402611
13,43,45,3640.22,0.408093
13,43,46,3656.22,0.410222
13,43,47,3620.85,0.398674
13,43,48,3519.52,0.367039
13,43,49,3335.74,0.315242
13,44,0,3264.81,0.492883
13,44,1,3472.19,0.583877
13,44,2,3603.57,0.648405
13,44,3,3671.43,0.682299
13,44,4,3686.94,0.687562
13,44,5,3658.62,0.669672
13,44,6,3592.78,0.634573
13,44,7,3495.17,0.587618
13,44,8,3372.17,0.534459
13,44,9,3231.93,0.481911
13,44,10,3084.87,0.437296
13,44,11,2942.23,0.406736
13,44,12,2816.2,0.393387
13,44,13,2714.22,0.396128
13,44,14,2638.92,0.410482
13,44,15,2586.91,0.430555
13,44,16,2550.04,0.45021
13,44,17,2518.39,0.464143
13,44,18,2483.69,0.469037
13,44,19,2441.99,0.465531
13,44,20,2394.57,0.45749
13,44,21,2346.85,0.452395
13,44,22,2306.72,0.458886
13,44,23,2281.23,0.484701
13,44,24,2275.33,0.533525
13,44,25,2292.29,0.605014
13,44,26,2333.44,0.693864
13,44,27,2398.35,0.790405
13,44,28,2484.13,0.8832
13,44,29,2585.14,0.961065
13,44,30,2693.15,1.01535
13,44,31,2798.65,1.04111
13,44,32,2893.65,1.03662
13,44,33,2973.41,1.00388
13,44,34,3037.53,0.948017
13,44,35,3089.38,0.876414
13,44,36,3134.26,0.797538
13,44,37,3178.3,0.719543
13,44,38,3227,0.6479
13,44,39,3285.34,0.586022
13,44,40,3356.02,0.535115
13,44,41,3440.4,0.496733
13,44,42,3534.62,0.472342
13,44,43,3629.25,0.462873
13,44,44,3711.33,0.466114
13,44,45,3767.5,0.475834
13,44,46,3785.48,0.481017
13,44,47,3753.31,0.470053
13,44,48,3656.54,0.435405
13,44,49,3477.12,0.376554
13,45,0,3289.38,0.494843
13,45,1,3491.23,0.584153
13,45,2,3617.7,0.644548
13,45,3,3681.33,0.671443
13,45,4,3693,0.667395
13,45,5,3660.99,0.639406
13,45,6,3591.7,0.595427
13,45,7,3491.29,0.542432
13,45,8,3366.84,0.486677
13,45,9,3227.18,0.434435
13,45,10,3083.07,0.391983
13,45,11,2945.49,0.364654
13,45,12,2825.87,0.35557
13,45,13,2730.44,0.364094
13,45,14,2660.74,0.386257
13,45,15,2612.72,0.415936
13,45,16,2578.23,0.445994
13,45,17,2547.71,0.469626
13,45,18,2513.42,0.482288
13,45,19,2471.71,0.484124
13,45,20,2424.05,0.47951
13,45,21,2376.13,0.476985
13,45,22,2336.3,0.486373
13,45,23,2312.43,0.516475
13,45,24,2310.39,0.571605
13,45,25,2333.9,0.651815
13,45,26,2383.9,0.751915
13,45,27,2458.64,0.861841
13,45,28,2553.59,0.969058
13,45,29,2661.64,1.06055
13,45,30,2773.8,1.12541
13,45,31,2880.62,1.15659
13,45,32,2974.73,1.15101
13,45,33,3052.23,1.11064
13,45,34,3113.43,1.04194
13,45,35,3162.28,0.954739
13,45,36,3204.63,0.860362
13,45,37,3247.17,0.769528
13,45,38,3296.04,0.689357
13,45,39,3356.57,0.62377
13,45,40,3431.24,0.573322
13,45,41,3520.53,0.53834
13,45,42,3619.29,0.51896
13,45,43,3717.11,0.515014
13,45,44,3800.89,0.52353
13,45,45,3858.02,0.537741
13,45,46,3877.34,0.545843
13,45,47,3847.82,0.535283
13,45,48,3755.28,0.497688
13,45,49,3580.65,0.432287
13,46,0,3282.85,0.483911
13,46,1,3479.75,0.570487
13,46,2,3602.02,0.627013
13,46,3,3661.85,0.648386
13,46,4,3669.8,0.63725
13,46,5,3634.06,0.601514
13,46,6,3561.45,0.550609
13,46,7,3458.88,0.492876
13,46,8,3334.4,0.435247
13,46,9,3197.56,0.383716
13,46,10,3059.19,0.343776
13,46,11,2929.62,0.320097
13,46,12,2819.1,0.315656
13,46,13,2732.46,0.330067
13,46,14,2670.15,0.359553
13,46,15,2627.48,0.397488
13,46,16,2596.21,0.435687
13,46,17,2567.1,0.466065
13,46,18,2532.86,0.483329
13,46,19,2490.3,0.487622
13,46,20,2441.27,0.484225
13,46,21,2391.9,0.482771
13,46,22,2351.16,0.493995
13,46,23,2327.69,0.527204
13,46,24,2328.09,0.586799
13,46,25,2356.28,0.672857
13,46,26,2412.62,0.780253
13,46,27,2494.1,0.898931
13,46,28,2594.81,1.01592
13,46,29,2706.5,1.1171
13,46,30,2819.79,1.18992
13,46,31,2925.51,1.22556
13,46,32,3016.91,1.21972
13,46,33,3090.86,1.17418
13,46,34,3148.32,1.09638
13,46,35,3193.7,0.998047
13,46,36,3233.31,0.8927
13,46,37,3274.31,0.793035
13,46,38,3323.23,0.707468
13,46,39,3385.59,0.640403
13,46,40,3463.54,0.591957
13,46,41,3556.75,0.561459
13,46,42,3659.09,0.547852
13,46,43,3759.45,0.549807
13,46,44,3844.68,0.563519
13,46,45,3902.65,0.581702
13,46,46,3922.87,0.592087
13,46,47,3894.85,0.581699
13,46,48,3804.61,0.541804
13,46,49,3632.61,0.471642
13,47,0,3230.79,0.45381
13,47,1,3424.22,0.535887
13,47,2,3543.76,0.588738
13,47,3,3600.85,0.606702
13,47,4,3605.67,0.591931
13,47,5,3566.6,0.552354
13,47,6,3491.15,0.498053
13,47,7,3387.34,0.438216
13,47,8,3264.24,0.380367
13,47,9,3131.97,0.330459
13,47,10,3001.07,0.293508
13,47,11,2880.82,0.273666
13,47,12,2780.15,0.27364
13,47,13,2702.64,0.293041
13,47,14,2647.86,0.328019
13,47,15,2610.64,0.371402
13,47,16,2582.69,0.414215
13,47,17,2554.94,0.447626
13,47,18,2520.53,0.466213
13,47,19,2476.69,0.470525
13,47,20,2425.82,0.466826
13,47,21,2374.57,0.465506
13,47,22,2332.47,0.477619
13,47,23,2308.78,0.51223
13,47,24,2310.49,0.573242
13,47,25,2341.47,0.660406
13,47,26,2401.39,0.768674
13,47,27,2486.11,0.888487
13,47,28,2588.74,1.00731
13,47,29,2700.4,1.11102
13,47,30,2811.69,1.1865
13,47,31,2913.95,1.224
13,47,32,3001.08,1.21843
13,47,33,3070.65,1.1713
13,47,34,3124.14,1.09044
13,47,35,3166.34,0.988431
13,47,36,3203.89,0.879822
13,47,37,3244.13,0.778155
13,47,38,3293.75,0.692427
13,47,39,3358.22,0.627311
13,47,40,3439.35,0.582746
13,47,41,3536.22,0.557458
13,47,42,3642.13,0.549569
13,47,43,3745.54,0.556766
13,47,44,3833.1,0.574548
13,47,45,3892.65,0.595319
13,47,46,3913.68,0.60687
13,47,47,3885.68,0.596516
13,47,48,3794.66,0.555768
13,47,49,3621.19,0.484108
13,48,0,3119.32,0.402917
13,48,1,3310.38,0.477982
13,48,2,3428.57,0.526697
13,48,3,3484,0.542999
13,48,4,3486.47,0.528114
13,48,5,3444.77,0.489133
13,48,6,3367.5,0.435836
13,48,7,3263.91,0.377546
13,48,8,3144.01,0.322059
13,48,9,3018.07,0.275344
13,48,10,2895.88,0.242117
13,48,11,2785.43,0.226107
13,48,12,2694.34,0.229631
13,48,13,2625.17,0.252117
13,48,14,2577,0.28957
13,48,15,2544.42,0.334525
13,48,16,2519.22,0.377784
13,48,17,2492.55,0.410514
13,48,18,2457.95,0.427751
13,48,19,2413.08,0.430637
13,48,20,2360.83,0.426106
13,48,21,2308.3,0.424622
13,48,22,2265.33,0.436766
13,48,23,2241.42,0.470623
13,48,24,2243.59,0.529164
13,48,25,2275.41,0.611629
13,48,26,2335.9,0.713182
13,48,27,2420.13,0.825267
13,48,28,2520.66,0.936671
13,48,29,2628.49,1.03441
13,48,30,2734.59,1.10605
13,48,31,2830.98,1.14191
13,48,32,2912.27,1.13679
13,48,33,2976.66,1.0919
13,48,34,3026.1,1.01476
13,48,35,3065.59,0.917649
13,48,36,3101.89,0.814695
13,48,37,3142.29,0.718982
13,48,38,3193.3,0.639212
13,48,39,3260.18,0.579981
13,48,40,3344.44,0.541238
13,48,41,3444.95,0.521514
13,48,42,3554.81,0.518548
13,48,43,3662.29,0.529406
13,48,44,3753.64,0.549234
13,48,45,3815.98,0.570539
13,48,46,3837.96,0.581873
13,48,47,3808.4,0.571632
13,48,48,3713.14,0.532188
13,48,49,3533.65,0.463388
13,49,0,2937.02,0.335509
13,49,1,3124.72,0.400804
13,49,2,3241.62,0.44418
13,49,3,3295.83,0.459547
13,49,4,3296.65,0.447088
13,49,5,3253.53,0.412479
13,49,6,3176.31,0.364375
13,49,7,3075.47,0.311471
13,49,8,2961.53,0.261329
13,49,9,2844.33,0.219736
13,49,10,2732.46,0.191097
13,49,11,2632.45,0.178705
13,49,12,2550.65,0.184408
13,49,13,2488.94,0.207411
13,49,14,2446.21,0.243727
13,49,15,2417.21,0.286107
13,49,16,2394.05,0.325863
13,49,17,2368.32,0.354921
13,49,18,2334.02,0.369194
13,49,19,2289.24,0.370327
13,49,20,2237.21,0.365305
13,49,21,2185.15,0.363829
13,49,22,2142.75,0.375226
13,49,23,2119.21,0.406068
13,49,24,2121.21,0.458234
13,49,25,2151.82,0.530493
13,49,26,2209.63,0.618459
13,49,27,2289.34,0.714997
13,49,28,2383.5,0.81087
13,49,29,2483.46,0.89516
13,49,30,2580.89,0.95712
13,49,31,2668.67,0.988148
13,49,32,2742.21,0.983477
13,49,33,2800.28,0.944062
13,49,34,2845.16,0.876532
13,49,35,2881.93,0.791801
13,49,36,2917.21,0.702321
13,49,37,2957.94,0.619558
13,49,38,3010.17,0.551144
13,49,39,3078.8,0.501212
13,49,40,3165.16,0.469794
13,49,41,3268.19,0.45552
13,49,42,3381.33,0.456151
13,49,43,3492.94,0.468567
13,49,44,3588.75,0.488036
13,49,45,3654.6,0.507694
13,49,46,3677.53,0.51756
13,49,47,3645.1,0.507801
13,49,48,3543.09,0.472104
13,49,49,3355.19,0.410671
14,0,0,2547.74,0.195242
14,0,1,2710.63,0.222586
14,0,2,2807.48,0.237938
14,0,3,2849.42,0.241856
14,0,4,2853.74,0.237663
14,0,5,2838.46,0.229574
14,0,6,2817.57,0.220892
14,0,7,2797.7,0.212868
14,0,8,2777.84,0.204829
14,0,9,2752.57,0.195288
14,0,10,2716.8,0.183265
14,0,11,2668.86,0.169022
14,0,12,2613.31,0.154238
14,0,13,2557.13,0.140471
14,0,14,2507.72,0.128483
14,0,15,2468.95,0.117785
14,0,16,2438.92,0.107112
14,0,17,2411.23,0.0953186
14,0,18,2377.69,0.0820763
14,0,19,2332.1,0.0680547
14,0,20,2272.12,0.0545423
14,0,21,2199.92,0.0429755
14,0,22,2119.79,0.034114
14,0,23,2036.57,0.0281526
14,0,24,1953.68,0.0245295
14,0,25,1872.58,0.0224487
14,0,26,1794.27,0.0211926
14,0,27,1720.38,0.0202053
14,0,28,1653.05,0.0191859
14,0,29,1594.61,0.0179604
14,0,30,1546.14,0.016399
14,0,31,1506.94,0.014442
14,0,32,1474.16,0.0121162
14,0,33,1443.72,0.00956836
14,0,34,1411.83,0.00704992
14,0,35,1376.03,0.00481421
14,0,36,1335.88,0.00304381
14,0,37,1293.22,0.0018416
14,0,38,1251.04,0.00116691
14,0,39,1212.48,0.00103051
14,0,40,1179.6,0.00147488
14,0,41,1153.14,0.00267823
14,0,42,1132.53,0.00487331
14,0,43,1116.78,0.00823725
14,0,44,1104.66,0.0126684
14,0,45,1094.96,0.017641
14,0,46,1086.42,0.022208
14,0,47,1077.89,0.0252639
14,0,48,1068.5,0.025969
14,0,49,1057.99,0.0241204
14,1,0,2734.22,0.219067
14,1,1,2901.81,0.250089
14,1,2,2999.02,0.267778
14,1,3,3039.3,0.272547
14,1,4,3040.83,0.267865
14,1,5,3021.9,0.258279
14,1,6,2996.89,0.247537
14,1,7,2973.13,0.237366
14,1,8,2950.27,0.227534
14,1,9,2923.21,0.216928
14,1,10,2886.63,0.204848
14,1,11,2838.23,0.191664
14,1,12,2781.96,0.178971
14,1,13,2724.44,0.167879
14,1,14,2673.3,0.15845
14,1,15,2632.99,0.149397
14,1,16,2601.98,0.138873
14,1,17,2573.77,0.125562
14,1,18,2539.57,0.109384
14,1,19,2492.33,0.0915818
14,1,20,2429.09,0.0741128
14,1,21,2351.85,0.0590112
14,1,22,2265.22,0.0473953
14,1,23,2174.79,0.0395704
14,1,24,2084.68,0.0348803
14,1,25,1996.67,0.0322831
14,1,26,1911.61,0.0308033
14,1,27,1830.73,0.0296632
14,1,28,1755.83,0.0284132
14,1,29,1689.33,0.026787
14,1,30,1632.8,0.0245876
14,1,31,1586.18,0.0217257
14,1,32,1547.12,0.0182544
14,1,33,1511.67,0.0144053
14,1,34,1475.75,0.0105776
14,1,35,1436.43,0.00717903
14,1,36,1392.79,0.00449785
14,1,37,1346.35,0.00266716
14,1,38,1300.02,0.00161971
14,1,39,1257.08,0.0013009
14,1,40,1219.84,0.00168798
14,1,41,1189.21,0.00291066
14,1,42,1164.79,0.00517912
14,1,43,1145.6,0.00867905
14,1,44,1130.38,0.0133181
14,1,45,1117.82,0.0185733
14,1,46,1106.49,0.0234724
14,1,47,1095.15,0.0268453
14,1,48,1082.86,0.0277656
14,1,49,1069.42,0.025959
14,2,0,2854.9,0.230164
14,2,1,3023.53,0.262739
14,2,2,3119.78,0.281353
14,2,3,3158.3,0.286286
14,2,4,3157.33,0.280975
14,2,5,3134.78,0.270053
14,2,6,3105.07,0.257527
14,2,7,3076.28,0.245571
14,2,8,3049.2,0.234515
14,2,9,3019.53,0.223811
14,2,10,2982.03,0.213147
14,2,11,2933.82,0.202942
14,2,12,2878.05,0.194478
14,2,13,2820.63,0.188125
14,2,14,2769.14,0.183038
14,2,15,2728.44,0.177065
14,2,16,2697.51,0.167854
14,2,17,2670.09,0.154051
14,2,18,2637.18,0.135918
14,2,19,2591.13,0.115278
14,2,20,2528.4,0.0946958
14,2,21,2450.59,0.0767137
14,2,22,2362.28,0.0627669
14,2,23,2269.38,0.0532753
14,2,24,2176.5,0.0475592
14,2,25,2085.69,0.0444181
14,2,26,1997.77,0.0426948
14,2,27,1913.6,0.0414453
14,2,28,1834.57,0.0400759
14,2,29,1762.95,0.0381857
14,2,30,1700.6,0.0354334
14,2,31,1648.05,0.0316193
14,2,32,1603.6,0.0267812
14,2,33,1563.73,0.0212484
14,2,34,1524.47,0.0156372
14,2,35,1482.69,0.0106047
14,2,36,1437.14,0.00661787
14,2,37,1388.96,0.00387225
14,2,38,1340.81,0.00227138
14,2,39,1295.78,0.00165909
14,2,40,1256.16,0.00190205
14,2,41,1222.96,0.00302702
14,2,42,1195.89,0.00517172
14,2,43,1174.08,0.00850159
14,2,44,1156.29,0.0129305
14,2,45,1141.16,0.0179832
14,2,46,1127.15,0.022753
14,2,47,1112.95,0.026115
14,2,48,1097.64,0.0271431
14,2,49,1081.13,0.0255189
14,3,0,2917.14,0.23041
14,3,1,3085.78,0.262382
14,3,2,3181.39,0.280259
14,3,3,3218.84,0.284292
14,3,4,3215.78,0.27785
14,3,5,3189.37,0.265533
14,3,6,3153.88,0.251456
14,3,7,3118.31,0.238152
14,3,8,3084.99,0.226511
14,3,9,3050.92,0.216589
14,3,10,3011.31,0.208473
14,3,11,2962.8,0.202537
14,3,12,2907.61,0.199585
14,3,13,2850.79,0.199098
14,3,14,2799.54,0.199298
14,3,15,2758.98,0.197293
14,3,16,2728.67,0.190414
14,3,17,2702.89,0.177406
14,3,18,2672.8,0.158878
14,3,19,2630.44,0.137087
14,3,20,2571.8,0.114972
14,3,21,2497.83,0.095356
14,3,22,2412.68,0.0798633
14,3,23,2322.06,0.0690229
14,3,24,2230.66,0.0622523
14,3,25,2140.75,0.0583833
14,3,26,2053.29,0.0562662
14,3,27,1969.04,0.0549349
14,3,28,1889.08,0.053688
14,3,29,1815.43,0.0519171
14,3,30,1749.97,0.0489894
14,3,31,1693.57,0.0444307
14,3,32,1645.06,0.0381628
14,3,33,1601.51,0.030609
14,3,34,1559.31,0.0226923
14,3,35,1515.52,0.0154558
14,3,36,1468.85,0.00965746
14,3,37,1420.2,0.00561683
14,3,38,1371.86,0.0032158
14,3,39,1326.57,0.00216264
14,3,40,1286.4,0.00216477
14,3,41,1252.27,0.00308947
14,3,42,1223.94,0.00494932
14,3,43,1200.66,0.00785803
14,3,44,1181.21,0.0117218
14,3,45,1164.2,0.016141
14,3,46,1147.98,0.0203479
14,3,47,1131.19,0.0233615
14,3,48,1112.96,0.0243447
14,3,49,1093.36,0.0229761
14,4,0,2934.21,0.224432
14,4,1,3102.96,0.254208
14,4,2,3198.69,0.269915
14,4,3,3235.76,0.271939
14,4,4,3230.77,0.263685
14,4,5,3199.87,0.249736
14,4,6,3157.14,0.234239
14,4,7,3112.57,0.219945
14,4,8,3070.4,0.208177
14,4,9,3029.43,0.199489
14,4,10,2985.71,0.194294
14,4,11,2935.62,0.192859
14,4,12,2880.49,0.195464
14,4,13,2824.29,0.200749
14,4,14,2773.63,0.206176
14,4,15,2733.64,0.208376
14,4,16,2704.4,0.2046
14,4,17,2680.92,0.19378
14,4,18,2654.88,0.176761
14,4,19,2618.41,0.155959
14,4,20,2567.1,0.134322
14,4,21,2501.1,0.114629
14,4,22,2423.59,0.0985032
14,4,23,2339.5,0.0865675
14,4,24,2253.15,0.0784965
14,4,25,2166.96,0.0734388
14,4,26,2082.32,0.0705495
14,4,27,2000.28,0.0690698
14,4,28,1921.93,0.0682605
14,4,29,1849.07,0.0672065
14,4,30,1783.33,0.0647699
14,4,31,1725.55,0.05996
14,4,32,1674.76,0.0524205
14,4,33,1628.53,0.042642
14,4,34,1583.76,0.0319471
14,4,35,1537.97,0.0219282
14,4,36,1490.21,0.0137727
14,4,37,1441.37,0.00801211
14,4,38,1393.54,0.00452812
14,4,39,1349.04,0.00286899
14,4,40,1309.56,0.00253873
14,4,41,1275.83,0.00319613
14,4,42,1247.56,0.00468099
14,4,43,1224.06,0.00702676
14,4,44,1204.1,0.0101098
14,4,45,1186.18,0.0136131
14,4,46,1168.54,0.0169495
14,4,47,1149.72,0.0193475
14,4,48,1128.93,0.0201287
14,4,49,1106.39,0.0190121
14,5,0,2921.64,0.217105
14,5,1,3090.51,0.244014
14,5,2,3186.67,0.256791
14,5,3,3223.42,0.25611
14,5,4,3216.06,0.245562
14,5,5,3179.65,0.229817
14,5,6,3127.99,0.213008
14,5,7,3072.15,0.197945
14,5,8,3018.47,0.186169
14,5,9,2967.92,0.17855
14,5,10,2917.87,0.175734
14,5,11,2864.74,0.177899
14,5,12,2809.1,0.184923
14,5,13,2753.76,0.194848
14,5,14,2704.4,0.204681
14,5,15,2665.76,0.210888
14,5,16,2638.24,0.210828
14,5,17,2617.66,0.203592
14,5,18,2596.65,0.190042
14,5,19,2567.8,0.172401
14,5,20,2526.47,0.153224
14,5,21,2471.8,0.134919
14,5,22,2405.5,0.118906
14,5,23,2331.1,0.105893
14,5,24,2252.14,0.0959857
14,5,25,2171.21,0.0889697
14,5,26,2090.43,0.0846534
14,5,27,2011.66,0.0827582
14,5,28,1936.44,0.0826066
14,5,29,1866.44,0.0828808
14,5,30,1802.92,0.0817091
14,5,31,1746.23,0.077315
14,5,32,1695.23,0.068867
14,5,33,1647.64,0.0568665
14,5,34,1600.84,0.0431011
14,5,35,1553.02,0.0298592
14,5,36,1503.85,0.018892
14,5,37,1454.54,0.0110392
14,5,38,1407.17,0.0062184
14,5,39,1363.78,0.00380966
14,5,40,1325.65,0.00308344
14,5,41,1293.24,0.00345615
14,5,42,1266.13,0.00455873
14,5,43,1243.56,0.00632218
14,5,44,1224.21,0.00856882
14,5,45,1206.44,0.0110544
14,5,46,1188.31,0.0133806
14,5,47,1168.23,0.0150127
14,5,48,1145.41,0.0154683
14,5,49,1120.24,0.0145391
14,6,0,2894.31,0.211689
14,6,1,3062.76,0.236022
14,6,2,3158.79,0.246018
14,6,3,3194.41,0.242699
14,6,4,3183.55,0.229942
14,6,5,3140.28,0.212571
14,6,6,3078.19,0.194669
14,6,7,3009.39,0.178941
14,6,8,2942.31,0.166926
14,6,9,2880.26,0.159629
14,6,10,2822.17,0.157877
14,6,11,2764.94,0.161883
14,6,12,2708.58,0.171388
14,6,13,2654.73,0.184219
14,6,14,2607.82,0.197284
14,6,15,2571.71,0.207162
14,6,16,2546.76,0.211377
14,6,17,2529.63,0.209027
14,6,18,2514.2,0.200688
14,6,19,2493.95,0.188028
14,6,20,2464.21,0.172866
14,6,21,2422.9,0.156993
14,6,22,2369.82,0.141489
14,6,23,2306.66,0.127158
14,6,24,2235.89,0.114682
14,6,25,2160.33,0.104757
14,6,26,2083.17,0.0981451
14,6,27,2007.53,0.0952942
14,6,28,1935.78,0.095708
14,6,29,1869.7,0.0976273
14,6,30,1810.03,0.0982917
14,6,31,1756.4,0.0949318
14,6,32,1707.06,0.0860594
14,6,33,1659.61,0.0720956
14,6,34,1611.68,0.0552883
14,6,35,1562.14,0.0386904
14,6,36,1511.44,0.0247013
14,6,37,1461.34,0.0145492
14,6,38,1414.21,0.00823555
14,6,39,1371.94,0.00498804
14,6,40,1335.49,0.00383766
14,6,41,1304.98,0.00394667
14,6,42,1279.8,0.0047185
14,6,43,1259.02,0.00596819
14,6,44,1241.14,0.00744622
14,6,45,1224.38,0.00896354
14,6,46,1206.57,0.010295
14,6,47,1185.97,0.0111344
14,6,48,1161.73,0.0111991
14,6,49,1134.34,0.0103688
14,7,0,2863.9,0.209443
14,7,1,3031.06,0.232254
14,7,2,3125.74,0.240462
14,7,3,3158.72,0.235365
14,7,4,3142.8,0.221106
14,7,5,3091.29,0.202649
14,7,6,3017.84,0.183988
14,7,7,2935.56,0.167603
14,7,8,2854.77,0.154875
14,7,9,2780.86,0.146818
14,7,10,2714.41,0.144442
14,7,11,2652.97,0.148182
14,7,12,2596.32,0.157977
14,7,13,2544.96,0.171866
14,7,14,2501.81,0.186995
14,7,15,2469.45,0.200232
14,7,16,2447.81,0.20921
14,7,17,2434.29,0.21278
14,7,18,2424.25,0.210896
14,7,19,2412.43,0.204373
14,7,20,2394.29,0.194088
14,7,21,2366.48,0.181112
14,7,22,2326.7,0.166161
14,7,23,2274.57,0.150175
14,7,24,2211.42,0.13449
14,7,25,2140.33,0.120828
14,7,26,2065.73,0.111054
14,7,27,1992.26,0.106479
14,7,28,1923.41,0.106915
14,7,29,1861.17,0.110233
14,7,30,1805.87,0.1128
14,7,31,1756.28,0.1108
14,7,32,1709.86,0.101983
14,7,33,1663.8,0.0865706
14,7,34,1615.83,0.0671619
14,7,35,1565.32,0.0475148
14,7,36,1513.5,0.0306748
14,7,37,1462.81,0.0182985
14,7,38,1416.01,0.0105302
14,7,39,1375.03,0.00648861
14,7,40,1340.57,0.00498869
14,7,41,1312.42,0.00494457
14,7,42,1289.67,0.00552191
14,7,43,1271.18,0.0064008
14,7,44,1255.26,0.00724541
14,7,45,1239.99,0.00790414
14,7,46,1223.01,0.00830589
14,7,47,1202.41,0.00835502
14,7,48,1177.27,0.00796042
14,7,49,1148.1,0.00709536
14,8,0,2837.2,0.210894
14,8,1,3002.44,0.233707
14,8,2,3094.6,0.241638
14,8,3,3123.48,0.236069
14,8,4,3101.1,0.221278
14,8,5,3040.56,0.202311
14,8,6,2955.9,0.183075
14,8,7,2861.3,0.165812
14,8,8,2768.53,0.1517
14,8,9,2684.58,0.141711
14,8,10,2611.23,0.137054
14,8,11,2546.7,0.138554
14,8,12,2490.65,0.146639
14,8,13,2442.57,0.159929
14,8,14,2403.86,0.176075
14,8,15,2375.59,0.192335
14,8,16,2357.1,0.206316
14,8,17,2346.43,0.216343
14,8,18,2340.48,0.221461
14,8,19,2335.44,0.221428
14,8,20,2327.07,0.216137
14,8,21,2310.89,0.206002
14,8,22,2282.63,0.191482
14,8,23,2239.9,0.173706
14,8,24,2182.99,0.154632
14,8,25,2115.21,0.136911
14,8,26,2042.14,0.123423
14,8,27,1969.86,0.116323
14,8,28,1902.96,0.115842
14,8,29,1843.78,0.119693
14,8,30,1792.35,0.1236
14,8,31,1746.69,0.122865
14,8,32,1703.56,0.114485
14,8,33,1659.65,0.09835
14,8,34,1612.63,0.077199
14,8,35,1562.22,0.0552887
14,8,36,1510.26,0.0362063
14,8,37,1459.79,0.0220262
14,8,38,1413.98,0.0130979
14,8,39,1374.85,0.00850185
14,8,40,1342.88,0.00688609
14,8,41,1317.52,0.00693091
14,8,42,1297.54,0.00755026
14,8,43,1281.52,0.00825215
14,8,44,1267.64,0.00859961
14,8,45,1253.89,0.00846888
14,8,46,1237.86,0.00793969
14,8,47,1217.5,0.00712637
14,8,48,1191.75,0.00613099
14,8,49,1161.1,0.00502893
14,9,0,2815.82,0.216478
14,9,1,2979.31,0.240934
14,9,2,3068.56,0.250147
14,9,3,3092.71,0.245322
14,9,4,3063.53,0.230712
14,9,5,2994.39,0.211419
14,9,6,2900.2,0.191375
14,9,7,2796.17,0.172722
14,9,8,2695.12,0.156519
14,9,9,2604.78,0.143695
14,9,10,2527.51,0.135618
14,9,11,2461.84,0.133538
14,9,12,2407.28,0.138493
14,9,13,2362.49,0.149895
14,9,14,2327.51,0.166061
14,9,15,2302.12,0.18469
14,9,16,2285.15,0.203262
14,9,17,2275.25,0.219392
14,9,18,2270.85,0.231066
14,9,19,2269.53,0.236943
14,9,20,2267.55,0.23605
14,9,21,2259.61,0.228341
14,9,22,2239.84,0.2142
14,9,23,2204.23,0.19498
14,9,24,2152.2,0.173091
14,9,25,2087.14,0.15179
14,9,26,2015.4,0.134647
14,9,27,1944.05,0.124482
14,9,28,1878.52,0.122024
14,9,29,1821.48,0.125142
14,9,30,1772.85,0.129345
14,9,31,1730.23,0.129412
14,9,32,1689.92,0.121722
14,9,33,1648.28,0.105726
14,9,34,1602.9,0.0840185
14,9,35,1553.68,0.0610372
14,9,36,1502.86,0.0407202
14,9,37,1453.84,0.0255009
14,9,38,1410.12,0.0159929
14,9,39,1373.73,0.011325
14,9,40,1344.93,0.0100402
14,9,41,1322.82,0.010592
14,9,42,1305.81,0.0116096
14,9,43,1292.23,0.0123641
14,9,44,1280.18,0.012298
14,9,45,1267.7,0.0113212
14,9,46,1252.39,0.00969458
14,9,47,1232.14,0.00777969
14,9,48,1205.78,0.00590312
14,9,49,1173.72,0.00426422
14,10,0,2798.09,0.22766
14,10,1,2960.86,0.255448
14,10,2,3047.95,0.267341
14,10,3,3068.1,0.264077
14,10,4,3033.27,0.24975
14,10,5,2957.6,0.229586
14,10,6,2857.09,0.207794
14,10,7,2747.94,0.186739
14,10,8,2643.4,0.167584
14,10,9,2551.2,0.151278
14,10,10,2473.55,0.13925
14,10,11,2408.81,0.133018
14,10,12,2356.19,0.134115
14,10,13,2313.65,0.14271
14,10,14,2280.27,0.157801
14,10,15,2254.97,0.177549
14,10,16,2236.4,0.199313
14,10,17,2223.98,0.220014
14,10,18,2217.5,0.236659
14,10,19,2215.9,0.246953
14,10,20,2216.02,0.249307
14,10,21,2212.15,0.243457
14,10,22,2197.41,0.229889
14,10,23,2166.71,0.210135
14,10,24,2118.75,0.186769
14,10,25,2056.74,0.163177
14,10,26,1987.22,0.143155
14,10,27,1917.61,0.129897
14,10,28,1853.68,0.124656
14,10,29,1798.29,0.125797
14,10,30,1751.43,0.12912
14,10,31,1710.69,0.129358
14,10,32,1672.33,0.122517
14,10,33,1632.65,0.10755
14,10,34,1589.28,0.0866347
14,10,35,1542.17,0.0640274
14,10,36,1493.7,0.0437789
14,10,37,1447.44,0.0285829
14,10,38,1406.94,0.0193536
14,10,39,1374.19,0.0153481
14,10,40,1349.21,0.0150562
14,10,41,1330.71,0.0166926
14,10,42,1316.8,0.0185481
14,10,43,1305.58,0.0195741
14,10,44,1295.13,0.0190752
14,10,45,1283.61,0.017025
14,10,46,1268.73,0.0139341
14,10,47,1248.32,0.0104902
14,10,48,1221.1,0.00730637
14,10,49,1187.4,0.00474114
14,11,0,2781.12,0.24655
14,11,1,2944.7,0.279352
14,11,2,3031.25,0.29505
14,11,3,3049.37,0.293646
14,11,4,3011.49,0.279009
14,11,5,2932.73,0.256664
14,11,6,2830.22,0.231474
14,11,7,2720.77,0.206485
14,11,8,2617.54,0.183319
14,11,9,2527.64,0.163066
14,11,10,2452.57,0.147075
14,11,11,2390.22,0.136822
14,11,12,2339.28,0.133984
14,11,13,2297.21,0.139186
14,11,14,2262.47,0.151963
14,11,15,2233.64,0.170927
14,11,16,2209.67,0.193455
14,11,17,2190.88,0.216033
14,11,18,2178.35,0.235028
14,11,19,2172.24,0.247523
14,11,20,2170.11,0.251633
14,11,21,2166.29,0.24708
14,11,22,2153.49,0.234512
14,11,23,2125.97,0.215496
14,11,24,2081.92,0.192422
14,11,25,2024.04,0.168322
14,11,26,1958.46,0.146747
14,11,27,1892.22,0.130958
14,11,28,1830.91,0.122689
14,11,29,1777.37,0.121053
14,11,30,1731.79,0.12259
14,11,31,1692.11,0.122449
14,11,32,1654.95,0.116565
14,11,33,1616.88,0.103429
14,11,34,1575.72,0.0846022
14,11,35,1531.39,0.0638516
14,11,36,1486.23,0.0450984
14,11,37,1443.71,0.0311691
14,11,38,1407.29,0.023269
14,11,39,1378.8,0.0208294
14,11,40,1357.99,0.0223102
14,11,41,1343.28,0.0256584
14,11,42,1332.5,0.0287679
14,11,43,1323.56,0.030201
14,11,44,1314.64,0.0291249
14,11,45,1303.96,0.025635
14,11,46,1289.35,0.0205874
14,11,47,1268.54,0.015094
14,11,48,1240.1,0.010126
14,11,49,1204.25,0.00623524
14,12,0,2764.54,0.275675
14,12,1,2930.32,0.315298
14,12,2,3018.23,0.335828
14,12,3,3036.84,0.336304
14,12,4,2999.21,0.320362
14,12,5,2921.39,0.294062
14,12,6,2821.3,0.263348
14,12,7,2715.9,0.232464
14,12,8,2617.76,0.203918
14,12,9,2532.98,0.179142
14,12,10,2462.15,0.159302
14,12,11,2402.59,0.145457
14,12,12,2352.45,0.138933
14,12,13,2308.84,0.140329
14,12,14,2269.88,0.149425
14,12,15,2234.28,0.165239
14,12,16,2201.57,0.185397
14,12,17,2173.05,0.206409
14,12,18,2151.04,0.224533
14,12,19,2136.83,0.236686
14,12,20,2128.81,0.240988
14,12,21,2121.73,0.23723
14,12,22,2108.39,0.226134
14,12,23,2082.83,0.209076
14,12,24,2042.8,0.18795
14,12,25,1990.27,0.16509
14,12,26,1930.41,0.143475
14,12,27,1869.35,0.126184
14,12,28,1812.04,0.115314
14,12,29,1761.08,0.110807
14,12,30,1716.95,0.11019
14,12,31,1678.17,0.10938
14,12,32,1641.99,0.104532
14,12,33,1605.49,0.0938089
14,12,34,1566.75,0.0781001
14,12,35,1525.65,0.0604871
14,12,36,1484.32,0.0445591
14,12,37,1446.01,0.0331306
14,12,38,1413.93,0.0276257
14,12,39,1389.72,0.0276384
14,12,40,1372.92,0.0315865
14,12,41,1361.73,0.0371215
14,12,42,1353.85,0.0417158
14,12,43,1347.14,0.0435314
14,12,44,1339.84,0.041639
14,12,45,1330.22,0.0363346
14,12,46,1316.04,0.0289062
14,12,47,1294.83,0.02096
14,12,48,1264.85,0.0138644
14,12,49,1226.25,0.00837553
14,13,0,2749.24,0.316247
14,13,1,2917.93,0.3645
14,13,2,3008.58,0.390852
14,13,3,3029.84,0.393208
14,13,4,2995.36,0.374982
14,13,5,2921.9,0.342976
14,13,6,2827.7,0.304563
14,13,7,2729.34,0.265649
14,13,8,2638.42,0.230063
14,13,9,2559.91,0.199854
14,13,10,2493.59,0.176005
14,13,11,2436.27,0.158872
14,13,12,2385.76,0.148951
14,13,13,2338.96,0.146277
14,13,14,2293.91,0.150493
14,13,15,2249.63,0.16091
14,13,16,2206.33,0.175639
14,13,17,2166.26,0.191722
14,13,18,2132.81,0.205895
14,13,19,2108.29,0.215369
14,13,20,2092.04,0.218497
14,13,21,2079.51,0.215097
14,13,22,2063.96,0.205753
14,13,23,2039.49,0.191422
14,13,24,2003.51,0.173323
14,13,25,1957.08,0.152968
14,13,26,1904.15,0.132647
14,13,27,1849.61,0.11511
14,13,28,1797.49,0.102631
14,13,29,1750.11,0.0958562
14,13,30,1708.19,0.0933148
14,13,31,1670.92,0.0918439
14,13,32,1636.27,0.0880623
14,13,33,1601.87,0.0800145
14,13,34,1566.03,0.0680074
14,13,35,1528.55,0.0543913
14,13,36,1491.25,0.0422856
14,13,37,1457.08,0.0343409
14,13,38,1428.96,0.0320611
14,13,39,1408.38,0.0351281
14,13,40,1394.75,0.0418771
14,13,41,1386.25,0.0496687
14,13,42,1380.62,0.0556073
14,13,43,1375.86,0.057544
14,13,44,1370.29,0.0545511
14,13,45,1362.12,0.0472087
14,13,46,1348.85,0.0372729
14,13,47,1327.52,0.0268357
14,13,48,1295.97,0.0176262
14,13,49,1254.15,0.0105667
14,14,0,2737.45,0.367325
14,14,1,2908.79,0.425801
14,14,2,3002.54,0.458935
14,14,3,3027.49,0.463405
14,14,4,2997.76,0.442404
14,14,5,2930.52,0.403565
14,14,6,2843.91,0.355862
14,14,7,2753.74,0.307138
14,14,8,2670.43,0.26287
14,14,9,2597.93,0.226008
14,14,10,2535.37,0.197492
14,14,11,2479.34,0.176874
14,14,12,2427.49,0.163527
14,14,13,2376.74,0.156508
14,14,14,2325.17,0.154966
14,14,15,2272.14,0.158347
14,14,16,2218.43,0.165381
14,14,17,2167,0.174039
14,14,18,2122.07,0.181995
14,14,19,2086.81,0.187105
14,14,20,2061.47,0.188061
14,14,21,2042.38,0.184595
14,14,22,2023.52,0.176927
14,14,23,1999.31,0.165449
14,14,24,1966.9,0.150688
14,14,25,1926.49,0.13343
14,14,26,1880.73,0.115334
14,14,27,1833.22,0.098761
14,14,28,1787.06,0.0859377
14,14,29,1744.24,0.0779512
14,14,30,1705.7,0.074135
14,14,31,1671.19,0.0722274
14,14,32,1639.29,0.0694641
14,14,33,1608.01,0.064002
14,14,34,1575.78,0.055763
14,14,35,1542.22,0.0464468
14,14,36,1508.84,0.0386374
14,14,37,1478.29,0.0346782
14,14,38,1453.23,0.0359716
14,14,39,1435.02,0.0421697
14,14,40,1423.1,0.0514843
14,14,41,1415.85,0.0610522
14,14,42,1411.33,0.0677646
14,14,43,1407.85,0.0693579
14,14,44,1403.94,0.0650517
14,14,45,1397.6,0.0557658
14,14,46,1385.81,0.0436718
14,14,47,1364.93,0.0312281
14,14,48,1332.1,0.0203935
14,14,49,1287,0.0121657
14,15,0,2730.57,0.424106
14,15,1,2903.47,0.49364
14,15,2,2999.6,0.534228
14,15,3,3027.94,0.541337
14,15,4,3002.98,0.517901
14,15,5,2942.04,0.472294
14,15,6,2862.88,0.414985
14,15,7,2780.4,0.35574
14,15,8,2703.84,0.301776
14,15,9,2636.28,0.257145
14,15,10,2576.46,0.222963
14,15,11,2520.97,0.198116
14,15,12,2467.54,0.180864
14,15,13,2413.24,0.169136
14,15,14,2356.26,0.161391
14,15,15,2296.21,0.157041
14,15,16,2234.19,0.155428
14,15,17,2173.5,0.155605
14,15,18,2118.83,0.156384
14,15,19,2073.87,0.156413
14,15,20,2039.68,0.154717
14,15,21,2013.52,0.150833
14,15,22,1990.34,0.144472
14,15,23,1965.09,0.135448
14,15,24,1934.99,0.123723
14,15,25,1899.53,0.109575
14,15,26,1860.24,0.0941838
14,15,27,1819.58,0.079514
14,15,28,1779.76,0.067539
14,15,29,1742.47,0.0594723
14,15,30,1708.74,0.0551662
14,15,31,1678.66,0.0531154
14,15,32,1651.09,0.0512288
14,15,33,1624.18,0.0479698
14,15,34,1596.3,0.043104
14,15,35,1566.87,0.0378338
14,15,36,1537.09,0.0342042
14,15,37,1509.37,0.0341373
14,15,38,1486.15,0.0387545
14,15,39,1468.74,0.0475556
14,15,40,1456.71,0.0586168
14,15,41,1448.87,0.0689858
14,15,42,1443.89,0.0755792
14,15,43,1440.64,0.0762814
14,15,44,1437.92,0.0706149
14,15,45,1433.49,0.0598422
14,15,46,1423.64,0.046406
14,15,47,1403.8,0.0329148
14,15,48,1370.27,0.0213551
14,15,49,1322.29,0.0126748
14,16,0,2728.05,0.478369
14,16,1,2901.06,0.558443
14,16,2,2998.23,0.60646
14,16,3,3028.8,0.616833
14,16,4,3007.51,0.592163
14,16,5,2951.71,0.541294
14,16,6,2878.7,0.4758
14,16,7,2802.46,0.407001
14,16,8,2731.25,0.343648
14,16,9,2667.48,0.290894
14,16,10,2609.71,0.250247
14,16,11,2554.67,0.220235
14,16,12,2500.34,0.198325
14,16,13,2443.96,0.181491
14,16,14,2383.82,0.167537
14,16,15,2319.59,0.155731
14,16,16,2252.42,0.145887
14,16,17,2185.55,0.138027
14,16,18,2123.68,0.132001
14,16,19,2070.66,0.127185
14,16,20,2028.13,0.122865
14,16,21,1994.38,0.118341
14,16,22,1965.5,0.112819
14,16,23,1937.42,0.105646
14,16,24,1907.71,0.0964105
14,16,25,1875.55,0.0851112
14,16,26,1841.57,0.0725929
14,16,27,1807.3,0.0604276
14,16,28,1774.13,0.0501831
14,16,29,1743.37,0.0429382
14,16,30,1715.9,0.0387908
14,16,31,1691.84,0.0368063
14,16,32,1670.02,0.0355462
14,16,33,1648.46,0.0339
14,16,34,1625.38,0.0316708
14,16,35,1600.01,0.029727
14,16,36,1573.38,0.0296127
14,16,37,1547.7,0.0327593
14,16,38,1525.21,0.039878
14,16,39,1507.19,0.0502392
14,16,40,1493.42,0.0618268
14,16,41,1483.3,0.0717851
14,16,42,1476.34,0.0773211
14,16,43,1472.17,0.0767166
14,16,44,1469.97,0.069903
14,16,45,1467.24,0.0584152
14,16,46,1459.5,0.0447562
14,16,47,1441.17,0.0314264
14,16,48,1407.62,0.0202236
14,16,49,1357.51,0.0119267
14,17,0,2727.8,0.520449
14,17,1,2899.7,0.608888
14,17,2,2996.65,0.663318
14,17,3,3028.16,0.677401
14,17,4,3009.15,0.653343
14,17,5,2956.97,0.600052
14,17,6,2888.48,0.529587
14,17,7,2816.9,0.454147
14,17,8,2749.75,0.383484
14,17,9,2689,0.323594
14,17,10,2633.19,0.276457
14,17,11,2579.22,0.240621
14,17,12,2525.37,0.21328
14,17,13,2468.97,0.190938
14,17,14,2408.31,0.171041
14,17,15,2342.94,0.152738
14,17,16,2273.76,0.136139
14,17,17,2203.64,0.121911
14,17,18,2136.86,0.110593
14,17,19,2077.12,0.102037
14,17,20,2026.47,0.0956576
14,17,21,1984.25,0.0905485
14,17,22,1948.03,0.0855339
14,17,23,1915.06,0.0796923
14,17,24,1883.72,0.0724428
14,17,25,1853.2,0.0636736
14,17,26,1823.51,0.0539816
14,17,27,1795.29,0.0445486
14,17,28,1769.1,0.0364593
14,17,29,1745.64,0.0305006
14,17,30,1725.44,0.0268278
14,17,31,1708.29,0.0249166
14,17,32,1692.79,0.0239173
14,17,33,1676.75,0.0231893
14,17,34,1658.27,0.0226986
14,17,35,1636.59,0.023114
14,17,36,1612.66,0.0255402
14,17,37,1588.53,0.0309033
14,17,38,1566.17,0.0394503
14,17,39,1546.8,0.0502036
14,17,40,1530.4,0.0611308
14,17,41,1517.06,0.0696442
14,17,42,1507.21,0.0734425
14,17,43,1501.34,0.0713635
14,17,44,1499.08,0.0637722
14,17,45,1497.7,0.0523651
14,17,46,1491.99,0.0395054
14,17,47,1475.43,0.0273742
14,17,48,1442.41,0.0174219
14,17,49,1390.94,0.0101822
14,18,0,2726.94,0.542677
14,18,1,2897.3,0.63592
14,18,2,2993.53,0.694798
14,18,3,3025.41,0.712651
14,18,4,3007.97,0.691269
14,18,5,2958.52,0.639181
14,18,6,2893.54,0.568214
14,18,7,2825.66,0.49061
14,18,8,2761.88,0.41637
14,18,9,2703.94,0.351848
14,18,10,2650.43,0.299391
14,18,11,2598.47,0.25786
14,18,12,2546.54,0.224737
14,18,13,2491.93,0.19668
14,18,14,2432.82,0.171272
14,18,15,2368.47,0.147732
14,18,16,2299.38,0.126334
14,18,17,2227.83,0.108006
14,18,18,2157.42,0.0934873
14,18,19,2091.53,0.0827443
14,18,20,2032.48,0.0751534
14,18,21,1980.82,0.0696634
14,18,22,1935.76,0.0649265
14,18,23,1896.28,0.0599882
14,18,24,1861.85,0.054284
14,18,25,1831.92,0.0476996
14,18,26,1805.92,0.0406195
14,18,27,1783.55,0.033824
14,18,28,1764.38,0.0278941
14,18,29,1748.3,0.023259
14,18,30,1735.23,0.020035
14,18,31,1724.53,0.0180024
14,18,32,1714.57,0.0168306
14,18,33,1703.11,0.0163425
14,18,34,1688.4,0.0167279
14,18,35,1669.86,0.0185479
14,18,36,1648.47,0.0225393
14,18,37,1626.08,0.0291547
14,18,38,1604.26,0.0381945
14,18,39,1584.01,0.0484596
14,18,40,1565.43,0.0579697
14,18,41,1549.24,0.0645014
14,18,42,1536.72,0.0663205
14,18,43,1529.18,0.0628472
14,18,44,1526.66,0.0548313
14,18,45,1526.29,0.0440274
14,18,46,1522.29,0.0325412
14,18,47,1507.33,0.0221379
14,18,48,1475,0.013864
14,18,49,1422.64,0.00799081
14,19,0,2723.24,0.542114
14,19,1,2892.69,0.636104
14,19,2,2988.87,0.697059
14,19,3,3021.73,0.718436
14,19,4,3006.38,0.70163
14,19,5,2959.99,0.654411
14,19,6,2898.67,0.587733
14,19,7,2834.5,0.51307
14,19,8,2774.1,0.439895
14,19,9,2719.07,0.374314
14,19,10,2668.15,0.318764
14,19,11,2618.61,0.272527
14,19,12,2569.08,0.233812
14,19,13,2516.76,0.200053
14,19,14,2459.75,0.16955
14,19,15,2396.96,0.141919
14,19,16,2328.52,0.117592
14,19,17,2256.01,0.0974162
14,19,18,2182.33,0.081838
14,19,19,2110.45,0.0705312
14,19,20,2042.96,0.0626313
14,19,21,1981.6,0.0569978
14,19,22,1927.37,0.0523343
14,19,23,1881.03,0.0478909
14,19,24,1843.24,0.0432952
14,19,25,1813.71,0.0385051
14,19,26,1791.19,0.0337035
14,19,27,1774.27,0.0292486
14,19,28,1761.34,0.0252197
14,19,29,1751.34,0.0216689
14,19,30,1743.58,0.0186338
14,19,31,1737.11,0.0161397
14,19,32,1730.38,0.0143204
14,19,33,1721.52,0.0134432
14,19,34,1709.23,0.0139543
14,19,35,1693.35,0.0163819
14,19,36,1674.88,0.0211787
14,19,37,1655.27,0.0283928
14,19,38,1635.54,0.0374342
14,19,39,1616.26,0.0469098
14,19,40,1597.47,0.0548985
14,19,41,1580.3,0.0595154
14,19,42,1566.7,0.0595227
14,19,43,1558.54,0.0548368
14,19,44,1556.17,0.0465129
14,19,45,1556.65,0.0363242
14,19,46,1553.85,0.0261299
14,19,47,1539.93,0.0173201
14,19,48,1507.88,0.0105842
14,19,49,1454.44,0.00596281
14,20,0,2716.38,0.521473
14,20,1,2886.51,0.61284
14,20,2,2984.35,0.67389
14,20,3,3019.92,0.698511
14,20,4,3008.27,0.687719
14,20,5,2966.36,0.64828
14,20,6,2909.79,0.589861
14,20,7,2850.06,0.522626
14,20,8,2793.37,0.45493
14,20,9,2741.18,0.392095
14,20,10,2692.37,0.33626
14,20,11,2644.4,0.287032
14,20,12,2596.06,0.243532
14,20,13,2544.68,0.204418
14,20,14,2488.43,0.169225
14,20,15,2426.12,0.138372
14,20,16,2357.57,0.112562
14,20,17,2283.82,0.092345
14,20,18,2207.03,0.0774636
14,20,19,2129.8,0.0669111
14,20,20,2054.93,0.0593586
14,20,21,1985.25,0.0535978
14,20,22,1923.34,0.0485916
14,20,23,1871.54,0.0440295
14,20,24,1831.44,0.0399141
14,20,25,1802.75,0.0363531
14,20,26,1783.4,0.0333362
14,20,27,1770.73,0.0307701
14,20,28,1761.98,0.028227
14,20,29,1755.18,0.025368
14,20,30,1749.26,0.0221361
14,20,31,1743.38,0.0187744
14,20,32,1736.56,0.0158495
14,20,33,1727.79,0.0140644
14,20,34,1716.57,0.0141521
14,20,35,1703.24,0.0166761
14,20,36,1688.72,0.0218921
14,20,37,1673.83,0.0295225
14,20,38,1658.73,0.0386409
14,20,39,1643.36,0.0476511
14,20,40,1627.5,0.0546159
14,20,41,1612.4,0.0578481
14,20,42,1600.29,0.0564296
14,20,43,1593.32,0.050632
14,20,44,1591.98,0.0417591
14,20,45,1593.3,0.0316546
14,20,46,1591.07,0.022062
14,20,47,1577.24,0.0141455
14,20,48,1544.47,0.0083512
14,20,49,1489.05,0.00454151
14,21,0,2708.56,0.487401
14,21,1,2881.49,0.574362
14,21,2,2983.22,0.634624
14,21,3,3023.69,0.662579
14,21,4,3017.86,0.65882
14,21,5,2982.28,0.629006
14,21,6,2931.92,0.581391
14,21,7,2877.52,0.524642
14,21,8,2824.69,0.465726
14,21,9,2774.63,0.40882
14,21,10,2726.3,0.355385
14,21,11,2677.47,0.305088
14,21,12,2627.35,0.257912
14,21,13,2573.82,0.213971
14,21,14,2515.61,0.174417
14,21,15,2451.72,0.140859
14,21,16,2381.94,0.114455
14,21,17,2306.79,0.0953573
14,21,18,2227.78,0.0823021
14,21,19,2147.06,0.073273
14,21,20,2067.48,0.0662663
14,21,21,1992.67,0.0600089
14,21,22,1926.35,0.0539122
14,21,23,1871.92,0.048335
14,21,24,1831.34,0.043841
14,21,25,1804,0.0407733
14,21,26,1786.93,0.0389378
14,21,27,1776.33,0.0377552
14,21,28,1768.51,0.0362655
14,21,29,1760.92,0.0337141
14,21,30,1752.53,0.0299289
14,21,31,1743.04,0.0253446
14,21,32,1732.64,0.0209341
14,21,33,1721.56,0.0178337
14,21,34,1710.39,0.0171006
14,21,35,1699.97,0.0194099
14,21,36,1690.89,0.0249158
14,21,37,1683.07,0.0330974
14,21,38,1675.6,0.042732
14,21,39,1667.57,0.0519721
14,21,40,1658.21,0.0587243
14,21,41,1648.61,0.061289
14,21,42,1640.91,0.0588503
14,21,43,1637.17,0.0518946
14,21,44,1637.84,0.0419613
14,21,45,1640.03,0.0310841
14,21,46,1637.64,0.021087
14,21,47,1622.68,0.0130999
14,21,48,1587.76,0.00745641
14,21,49,1528.9,0.00388922
14,22,0,2703.89,0.448226
14,22,1,2881.56,0.530823
14,22,2,2989.02,0.590677
14,22,3,3036.14,0.622531
14,22,4,3037.69,0.626449
14,22,5,3009.75,0.607006
14,22,6,2966.51,0.57118
14,22,7,2917.78,0.526284
14,22,8,2868.37,0.477936
14,22,9,2819,0.429014
14,22,10,2768.6,0.379992
14,22,11,2715.48,0.330272
14,22,12,2659.67,0.280481
14,22,13,2600.2,0.232222
14,22,14,2536.94,0.188481
14,22,15,2469.55,0.152356
14,22,16,2397.96,0.125651
14,22,17,2322.28,0.108122
14,22,18,2243.23,0.0973231
14,22,19,2162.35,0.0899885
14,22,20,2082.24,0.0832678
14,22,21,2006.82,0.0758114
14,22,22,1940.29,0.0676251
14,22,23,1886.36,0.0599324
14,22,24,1846.86,0.0540204
14,22,25,1820.64,0.0505533
14,22,26,1804.03,0.0491733
14,22,27,1792.48,0.0488063
14,22,28,1781.87,0.0479492
14,22,29,1769.48,0.0454118
14,22,30,1754.69,0.0408709
14,22,31,1738.2,0.0348966
14,22,32,1721.6,0.0288108
14,22,33,1706.7,0.0241641
14,22,34,1695.18,0.0223734
14,22,35,1688.3,0.0243047
14,22,36,1686.1,0.0301033
14,22,37,1687.41,0.0390754
14,22,38,1690.07,0.0497169
14,22,39,1692.19,0.0598609
14,22,40,1692.28,0.067114
14,22,41,1691,0.0695755
14,22,42,1690.06,0.0663619
14,22,43,1691.2,0.0580868
14,22,44,1694.72,0.046544
14,22,45,1697.8,0.0340809
14,22,46,1694.61,0.0227735
14,22,47,1677.42,0.0138736
14,22,48,1638.92,0.00770154
14,22,49,1575.02,0.00389227
14,23,0,2705.85,0.411632
14,23,1,2889.45,0.491296
14,23,2,3003.6,0.551978
14,23,3,3058.06,0.588488
14,23,4,3067.48,0.600276
14,23,5,3047.44,0.59099
14,23,6,3011.34,0.566662
14,23,7,2967.92,0.53361
14,23,8,2920.98,0.496312
14,23,9,2870.55,0.456334
14,23,10,2815.47,0.412931
14,23,11,2754.74,0.36492
14,23,12,2689.63,0.313296
14,23,13,2620.98,0.261055
14,23,14,2550.33,0.213077
14,23,15,2478.44,0.174126
14,23,16,2405.52,0.14681
14,23,17,2331.2,0.130565
14,23,18,2255.24,0.121736
14,23,19,2178.26,0.115702
14,23,20,2102.17,0.108674
14,23,21,2030.6,0.0992121
14,23,22,1967.55,0.0879935
14,23,23,1916.43,0.0772134
14,23,24,1878.58,0.068968
14,23,25,1852.38,0.064291
14,23,26,1833.9,0.062685
14,23,27,1818.4,0.0626118
14,23,28,1801.84,0.0620553
14,23,29,1781.82,0.0593967
14,23,30,1758.38,0.0541171
14,23,31,1733.28,0.0468265
14,23,32,1709.62,0.0390917
14,23,33,1690.63,0.0328227
14,23,34,1679.01,0.0298121
14,23,35,1676.23,0.0311868
14,23,36,1681.67,0.0371648
14,23,37,1693,0.0469373
14,23,38,1706.86,0.0587264
14,23,39,1720.38,0.0699995
14,23,40,1731.28,0.0779839
14,23,41,1739.62,0.080489
14,23,42,1746.55,0.0765031
14,23,43,1753.37,0.0667473
14,23,44,1760.16,0.053287
14,23,45,1764.2,0.038836
14,23,46,1759.91,0.0257887
14,23,47,1739.83,0.0155772
14,23,48,1696.77,0.00854851
14,23,49,1626.6,0.00425488
14,24,0,2715.37,0.383754
14,24,1,2905,0.462466
14,24,2,3025.6,0.52526
14,24,3,3086.96,0.566807
14,24,4,3103.61,0.586005
14,24,5,3090.77,0.585913
14,24,6,3061.04,0.572061
14,24,7,3022.12,0.550152
14,24,8,2976.65,0.523716
14,24,9,2923.81,0.492971
14,24,10,2862.28,0.455751
14,24,11,2791.81,0.410019
14,24,12,2715.26,0.356904
14,24,13,2635.72,0.300652
14,24,14,2556.85,0.248003
14,24,15,2480.79,0.205454
14,24,16,2408.08,0.176534
14,24,17,2337.65,0.160519
14,24,18,2268.05,0.152678
14,24,19,2198.62,0.147102
14,24,20,2130.24,0.139076
14,24,21,2065.69,0.127055
14,24,22,2008.31,0.112352
14,24,23,1960.85,0.0980862
14,24,24,1924.14,0.08711
14,24,25,1896.35,0.0807969
14,24,26,1873.76,0.0785225
14,24,27,1852.03,0.078363
14,24,28,1827.72,0.0778855
14,24,29,1799.05,0.0751014
14,24,30,1766.8,0.0692654
14,24,31,1733.71,0.0609093
14,24,32,1704,0.0517038
14,24,33,1681.93,0.0438249
14,24,34,1670.84,0.0394253
14,24,35,1672.22,0.0399407
14,24,36,1684.81,0.045724
14,24,37,1705.29,0.0558959
14,24,38,1729.35,0.068416
14,24,39,1753.32,0.0803875
14,24,40,1774.23,0.0886809
14,24,41,1791.59,0.0908641
14,24,42,1805.99,0.0858685
14,24,43,1818.36,0.074567
14,24,44,1828.52,0.059283
14,24,45,1833.8,0.0430383
14,24,46,1828.69,0.0284679
14,24,47,1805.83,0.0171235
14,24,48,1758.05,0.00935247
14,24,49,1681.15,0.00462877
14,25,0,2730.1,0.368327
14,25,1,2924.95,0.447871
14,25,2,3050.95,0.513504
14,25,3,3118,0.559717
14,25,4,3140.64,0.585152
14,25,5,3133.74,0.592772
14,25,6,3109.23,0.588079
14,25,7,3073.87,0.57646
14,25,8,3029.18,0.560541
14,25,9,2973.46,0.539056
14,25,10,2905.14,0.508207
14,25,11,2824.71,0.464901
14,25,12,2736.72,0.410242
14,25,13,2646.72,0.349605
14,25,14,2560.65,0.291493
14,25,15,2482.07,0.244115
14,25,16,2411.69,0.212012
14,25,17,2347.54,0.194523
14,25,18,2286.7,0.186142
14,25,19,2226.99,0.179913
14,25,20,2168.04,0.170322
14,25,21,2111.62,0.155689
14,25,22,2060.23,0.137799
14,25,23,2015.95,0.120467
14,25,24,1979.24,0.107094
14,25,25,1948.36,0.099277
14,25,26,1920.12,0.0962584
14,25,27,1891.04,0.0958382
14,25,28,1858.62,0.0953106
14,25,29,1821.97,0.0924251
14,25,30,1782.62,0.0862157
14,25,31,1743.92,0.0770418
14,25,32,1710.64,0.0665486
14,25,33,1687.39,0.0570773
14,25,34,1677.61,0.0510979
14,25,35,1682.59,0.0503642
14,25,36,1700.54,0.0553885
14,25,37,1727.56,0.0652394
14,25,38,1758.8,0.077625
14,25,39,1790.18,0.089329
14,25,40,1818.29,0.096978
14,25,41,1842.34,0.0980663
14,25,42,1862.58,0.0916452
14,25,43,1879.64,0.0788317
14,25,44,1893.14,0.0621638
14,25,45,1900.2,0.0448179
14,25,46,1895.15,0.0294738
14,25,47,1870.41,0.0176458
14,25,48,1818.62,0.00960383
14,25,49,1735.44,0.00474184
14,26,0,2745.27,0.366665
14,26,1,2943.95,0.448177
14,26,2,3073.93,0.516495
14,26,3,3145.25,0.566098
14,26,4,3172.43,0.595864
14,26,5,3170.1,0.609263
14,26,6,3149.64,0.612224
14,26,7,3117.04,0.609987
14,26,8,3072.9,0.604179
14,26,9,3014.75,0.591826
14,26,10,2940.78,0.567304
14,26,11,2852.12,0.526332
14,26,12,2754.89,0.469923
14,26,13,2656.95,0.404457
14,26,14,2566.34,0.340054
14,26,15,2487.81,0.286521
14,26,16,2421.95,0.249452
14,26,17,2365.66,0.228512
14,26,18,2314.42,0.217855
14,26,19,2264.6,0.209873
14,26,20,2214.67,0.198486
14,26,21,2165.54,0.181834
14,26,22,2119.05,0.161901
14,26,23,2076.8,0.142809
14,26,24,2039.02,0.128177
14,26,25,2004.16,0.119634
14,26,26,1969.75,0.116269
14,26,27,1933.31,0.115722
14,26,28,1893.55,0.115174
14,26,29,1850.68,0.112246
14,26,30,1806.92,0.105793
14,26,31,1765.9,0.0959538
14,26,32,1732.24,0.0842588
14,26,33,1710.14,0.0731261
14,26,34,1702.52,0.065283
14,26,35,1710.16,0.0627859
14,26,36,1730.94,0.066312
14,26,37,1760.8,0.0748954
14,26,38,1794.87,0.0860195
14,26,39,1829.18,0.0962227
14,26,40,1860.34,0.102039
14,26,41,1887.63,0.101101
14,26,42,1911.25,0.0927839
14,26,43,1931.74,0.0785457
14,26,44,1948.41,0.0610792
14,26,45,1958,0.0435213
14,26,46,1954.25,0.0283546
14,26,47,1929.07,0.0168655
14,26,48,1874.63,0.00915061
14,26,49,1786.38,0.00452187
14,27,0,2756.69,0.377363
14,27,1,2957.67,0.461309
14,27,2,3090.18,0.531494
14,27,3,3164.35,0.582623
14,27,4,3194.62,0.614337
14,27,5,3195.4,0.631185
14,27,6,3177.67,0.639911
14,27,7,3146.94,0.645738
14,27,8,3103.22,0.649193
14,27,9,3043.58,0.645438
14,27,10,2966.06,0.626926
14,27,11,2872.35,0.588153
14,27,12,2769.83,0.530002
14,27,13,2668.21,0.459698
14,27,14,2577.06,0.388734
14,27,15,2501.77,0.328279
14,27,16,2442.44,0.284947
14,27,17,2394.7,0.258963
14,27,18,2352.58,0.244619
14,27,19,2311.28,0.234149
14,27,20,2268.48,0.221202
14,27,21,2224.64,0.203705
14,27,22,2181.28,0.183517
14,27,23,2139.71,0.164593
14,27,24,2100.03,0.150375
14,27,25,2060.89,0.142307
14,27,26,2020.43,0.139298
14,27,27,1977.3,0.138943
14,27,28,1931.53,0.138468
14,27,29,1884.54,0.135501
14,27,30,1839.24,0.128802
14,27,31,1799.18,0.118296
14,27,32,1768.28,0.105355
14,27,33,1749.6,0.0924011
14,27,34,1744.95,0.082342
14,27,35,1754.34,0.0774988
14,27,36,1775.38,0.0787163
14,27,37,1804.24,0.0850346
14,27,38,1836.57,0.0937772
14,27,39,1869.03,0.101334
14,27,40,1898.77,0.104286
14,27,41,1925.58,0.100571
14,27,42,1949.94,0.0900346
14,27,43,1972.43,0.0745237
14,27,44,1992.01,0.0568173
14,27,45,2004.74,0.0398403
14,27,46,2003.49,0.025672
14,27,47,1979.32,0.0152139
14,27,48,1923.79,0.00831207
14,27,49,1831.95,0.00419903
14,28,0,2762.36,0.396034
14,28,1,2964.14,0.482306
14,28,2,3097.75,0.553248
14,28,3,3173.32,0.60396
14,28,4,3205.11,0.635193
14,28,5,3207.29,0.652948
14,28,6,3190.61,0.665057
14,28,7,3160.45,0.67687
14,28,8,3116.69,0.687902
14,28,9,3056.36,0.69154
14,28,10,2977.65,0.678438
14,28,11,2882.72,0.641939
14,28,12,2779.84,0.582734
14,28,13,2679.76,0.508612
14,28,14,2592.72,0.432029
14,28,15,2524.07,0.365126
14,28,16,2473.03,0.315371
14,28,17,2433.97,0.283693
14,28,18,2399.85,0.264979
14,28,19,2365.13,0.251811
14,28,20,2327.22,0.237923
14,28,21,2286.51,0.22103
14,28,22,2244.5,0.202565
14,28,23,2202.4,0.185856
14,28,24,2160.2,0.173792
14,28,25,2116.7,0.167441
14,28,26,2070.63,0.165543
14,28,27,2021.73,0.165764
14,28,28,1971.4,0.165518
14,28,29,1922.3,0.16256
14,28,30,1877.96,0.155628
14,28,31,1841.62,0.144455
14,28,32,1816.01,0.130215
14,28,33,1802.58,0.115256
14,28,34,1801.61,0.102569
14,28,35,1812.04,0.094698
14,28,36,1831.27,0.0926889
14,28,37,1855.98,0.0956927
14,28,38,1882.73,0.101015
14,28,39,1909.28,0.105033
14,28,40,1933.82,0.104483
14,28,41,1956.97,0.0976749
14,28,42,1979.78,0.0849309
14,28,43,2002.95,0.0684354
14,28,44,2025.01,0.0509607
14,28,45,2041.16,0.0350995
14,28,46,2043.16,0.0224142
14,28,47,2021.07,0.0133545
14,28,48,1965.68,0.00749206
14,28,49,1871.64,0.00399861
14,29,0,2763.6,0.416368
14,29,1,2964.75,0.504503
14,29,2,3098.02,0.575284
14,29,3,3173.35,0.624171
14,29,4,3204.73,0.653028
14,29,5,3206.08,0.669322
14,29,6,3188.08,0.682039
14,29,7,3156.34,0.696864
14,29,8,3111.2,0.71268
14,29,9,3050.23,0.721595
14,29,10,2972.16,0.712921
14,29,11,2879.66,0.679066
14,29,12,2781.38,0.620396
14,29,13,2688.22,0.544801
14,29,14,2610.02,0.465068
14,29,15,2551.29,0.393732
14,29,16,2510.11,0.338806
14,29,17,2479.81,0.301968
14,29,18,2452.72,0.279078
14,29,19,2423.07,0.263553
14,29,20,2388.43,0.249567
14,29,21,2349.39,0.234669
14,29,22,2307.56,0.219624
14,29,23,2264.1,0.206758
14,29,24,2218.95,0.198105
14,29,25,2171.08,0.194265
14,29,26,2119.84,0.193897
14,29,27,2066.13,0.194928
14,29,28,2012.66,0.195104
14,29,29,1963.27,0.192392
14,29,30,1921.89,0.185512
14,29,31,1891.21,0.173954
14,29,32,1872.5,0.158592
14,29,33,1865.33,0.141563
14,29,34,1868.2,0.12583
14,29,35,1878.98,0.114141
14,29,36,1894.9,0.10783
14,29,37,1913.3,0.106354
14,29,38,1931.93,0.107248
14,29,39,1949.99,0.107075
14,29,40,1966.93,0.102823
14,29,41,1984.48,0.0931445
14,29,42,2004.36,0.0786975
14,29,43,2027.36,0.061823
14,29,44,2051.52,0.0451403
14,29,45,2071.06,0.0308186
14,29,46,2076.58,0.0198653
14,29,47,2057.05,0.0122935
14,29,48,2002.49,0.0074349
14,29,49,1907.13,0.00444654
14,30,0,2764.02,0.432143
14,30,1,2963.35,0.52151
14,30,2,3094.82,0.591688
14,30,3,3168.13,0.638279
14,30,4,3196.87,0.663882
14,30,5,3194.68,0.677025
14,30,6,3172.3,0.687645
14,30,7,3135.96,0.701955
14,30,8,3087.06,0.718848
14,30,9,3024.43,0.730057
14,30,10,2947.82,0.724356
14,30,11,2860.48,0.693617
14,30,12,2770.97,0.637708
14,30,13,2689.29,0.564004
14,30,14,2623.89,0.4848
14,30,15,2577.71,0.412304
14,30,16,2547.58,0.354652
14,30,17,2526.16,0.314212
14,30,18,2505.63,0.288085
14,30,19,2480.49,0.270925
14,30,20,2448.64,0.257674
14,30,21,2410.97,0.245786
14,30,22,2369.08,0.235195
14,30,23,2324.06,0.226971
14,30,24,2275.8,0.222114
14,30,25,2223.64,0.220785
14,30,26,2167.75,0.221777
14,30,27,2110.25,0.223537
14,30,28,2055.14,0.22433
14,30,29,2007.13,0.222365
14,30,30,1970.25,0.216253
14,30,31,1946.32,0.205081
14,30,32,1934.97,0.189204
14,30,33,1933.91,0.17036
14,30,34,1939.99,0.15134
14,30,35,1950.14,0.135095
14,30,36,1961.6,0.123379
14,30,37,1972.54,0.116221
14,30,38,1982,0.111722
14,30,39,1990.74,0.106904
14,30,40,1999.53,0.099117
14,30,41,2011.2,0.0872718
14,30,42,2028.03,0.0721151
14,30,43,2050.81,0.0558519
14,30,44,2076.99,0.0407316
14,30,45,2099.82,0.0284034
14,30,46,2108.73,0.0193221
14,30,47,2091.72,0.0131374
14,30,48,2038.07,0.00902571
14,30,49,1941.58,0.00621014
14,31,0,2767.79,0.438897
14,31,1,2964.55,0.52876
14,31,2,3093.06,0.598382
14,31,3,3162.73,0.643231
14,31,4,3186.68,0.666006
14,31,5,3178.21,0.675547
14,31,6,3148.19,0.682223
14,31,7,3103.82,0.69282
14,31,8,3048.13,0.706953
14,31,9,2981.9,0.717112
14,31,10,2906.47,0.712595
14,31,11,2825.74,0.685298
14,31,12,2747.63,0.634455
14,31,13,2680.39,0.56627
14,31,14,2630.16,0.491655
14,31,15,2597.87,0.421728
14,31,16,2579.22,0.364275
14,31,17,2566.63,0.322227
14,31,18,2552.66,0.29408
14,31,19,2532.33,0.276009
14,31,20,2503.94,0.263971
14,31,21,2468.45,0.255421
14,31,22,2427.24,0.249389
14,31,23,2381.15,0.245587
14,31,24,2330.12,0.243939
14,31,25,2274.08,0.244326
14,31,26,2214.31,0.245969
14,31,27,2154.3,0.248154
14,31,28,2099.18,0.249835
14,31,29,2054.21,0.249446
14,31,30,2022.96,0.24528
14,31,31,2006.11,0.235756
14,31,32,2001.56,0.220425
14,31,33,2005.37,0.200397
14,31,34,2013.15,0.178165
14,31,35,2021.33,0.15689
14,31,36,2027.42,0.13889
14,31,37,2030.54,0.125034
14,31,38,2031.09,0.114337
14,31,39,2031.27,0.104586
14,31,40,2033.06,0.0936357
14,31,41,2040.17,0.0805727
14,31,42,2055.21,0.0659663
14,31,43,2078.74,0.0515593
14,31,44,2107.48,0.0389719
14,31,45,2133.68,0.0292082
14,31,46,2145.74,0.0221586
14,31,47,2130.79,0.0171819
14,31,48,2077.5,0.013399
14,31,49,1979.29,0.0102083
14,32,0,2778.38,0.435731
14,32,1,2972.47,0.525432
14,32,2,3097.47,0.594991
14,32,3,3162.54,0.639541
14,32,4,3180.25,0.661198
14,32,5,3163.48,0.668162
14,32,6,3123.23,0.670443
14,32,7,3067.83,0.675195
14,32,8,3002.41,0.683321
14,32,9,2930.28,0.689196
14,32,10,2854.85,0.683798
14,32,11,2780.68,0.659742
14,32,12,2714.67,0.615611
14,32,13,2662.57,0.555905
14,32,14,2627.7,0.489343
14,32,15,2608.89,0.425265
14,32,16,2600.96,0.37065
14,32,17,2596.57,0.32881
14,32,18,2589.03,0.29965
14,32,19,2574.06,0.281005
14,32,20,2550.21,0.27001
14,32,21,2518.24,0.264248
14,32,22,2478.99,0.261891
14,32,23,2432.87,0.261366
14,32,24,2379.91,0.261622
14,32,25,2320.88,0.262479
14,32,26,2258.4,0.263874
14,32,27,2197.43,0.266179
14,32,28,2144.06,0.269145
14,32,29,2103.63,0.271329
14,32,30,2078.82,0.270469
14,32,31,2068.84,0.26405
14,32,32,2069.95,0.250571
14,32,33,2076.95,0.23035
14,32,34,2084.7,0.205482
14,32,35,2089.65,0.179316
14,32,36,2089.89,0.154793
14,32,37,2085.62,0.133779
14,32,38,2078.54,0.116464
14,32,39,2072.12,0.101671
14,32,40,2069.31,0.0879247
14,32,41,2074.37,0.0744745
14,32,42,2089.9,0.0615239
14,32,43,2115.96,0.0500878
14,32,44,2148.31,0.04092
14,32,45,2178.19,0.0342421
14,32,46,2193.06,0.0293423
14,32,47,2179.36,0.02533
14,32,48,2125.31,0.0213538
14,32,49,2024.11,0.0171
14,33,0,2796.79,0.425507
14,33,1,2988.85,0.514552
14,33,2,3110.69,0.584672
14,33,3,3171.31,0.630673
14,33,4,3182.72,0.653594
14,33,5,3157.24,0.660121
14,33,6,3105.92,0.659015
14,33,7,3038.16,0.657321
14,33,8,2961.29,0.65746
14,33,9,2881.47,0.656527
14,33,10,2804.38,0.648183
14,33,11,2735.32,0.626485
14,33,12,2679.86,0.58954
14,33,13,2641.03,0.539868
14,33,14,2619.26,0.483449
14,33,15,2611.51,0.427343
14,33,16,2612.11,0.377326
14,33,17,2614.3,0.336853
14,33,18,2612.36,0.307114
14,33,19,2602.7,0.287598
14,33,20,2583.99,0.276696
14,33,21,2556.49,0.272305
14,33,22,2520.3,0.271954
14,33,23,2475.28,0.273043
14,33,24,2421.59,0.273763
14,33,25,2360.91,0.274074
14,33,26,2297.31,0.274756
14,33,27,2237.17,0.277311
14,33,28,2187.28,0.282222
14,33,29,2152.73,0.288015
14,33,30,2134.97,0.291675
14,33,31,2131.62,0.289629
14,33,32,2137.5,0.279246
14,33,33,2146.47,0.260023
14,33,34,2153.17,0.233601
14,33,35,2154.43,0.20343
14,33,36,2149.19,0.172987
14,33,37,2138.77,0.145107
14,33,38,2126.08,0.121243
14,33,39,2115.66,0.101438
14,33,40,2111.18,0.0850591
14,33,41,2117.15,0.0716007
14,33,42,2135.83,0.0608622
14,33,43,2166.44,0.053007
14,33,44,2203.61,0.0477723
14,33,45,2237.46,0.0444716
14,33,46,2254.62,0.0417187
14,33,47,2241.03,0.0383523
14,33,48,2184.63,0.0335813
14,33,49,2078.54,0.027468
14,34,0,2822.04,0.413663
14,34,1,3013.35,0.501924
14,34,2,3133.35,0.573204
14,34,3,3190.93,0.622201
14,34,4,3197.64,0.648709
14,34,5,3165.17,0.657322
14,34,6,3104.37,0.654767
14,34,7,3025.42,0.647357
14,34,8,2937.52,0.638869
14,34,9,2849.46,0.629494
14,34,10,2769.07,0.616251
14,34,11,2702.36,0.595285
14,34,12,2653.71,0.564597
14,34,13,2623.76,0.524781
14,34,14,2610.52,0.478888
14,34,15,2609.6,0.431425
14,34,16,2615.12,0.386661
14,34,17,2621.09,0.347914
14,34,18,2622.73,0.317402
14,34,19,2617.05,0.296133
14,34,20,2602.71,0.283779
14,34,21,2579.43,0.278815
14,34,22,2546.5,0.278514
14,34,23,2503.31,0.279669
14,34,24,2450.09,0.280005
14,34,25,2389.42,0.279707
14,34,26,2326.63,0.280257
14,34,27,2269.24,0.284015
14,34,28,2224.54,0.291915
14,34,29,2197.07,0.302246
14,34,30,2187.03,0.311194
14,34,31,2190.56,0.314245
14,34,32,2201.23,0.307824
14,34,33,2212.34,0.290755
14,34,34,2218.51,0.264232
14,34,35,2217.16,0.231624
14,34,36,2208.12,0.196686
14,34,37,2193.81,0.162981
14,34,38,2178.19,0.133097
14,34,39,2166.69,0.10835
14,34,40,2163.48,0.0891053
14,34,41,2173.08,0.0752758
14,34,42,2197.17,0.066395
14,34,43,2233.94,0.0618393
14,34,44,2276.68,0.0603217
14,34,45,2314.36,0.06018
14,34,46,2332.86,0.0592743
14,34,47,2317.8,0.0560999
14,34,48,2257.05,0.0498972
14,34,49,2143.79,0.0411423
14,35,0,2851.77,0.405701
14,35,1,3044.04,0.49346
14,35,2,3164.13,0.566317
14,35,3,3221.05,0.619186
14,35,4,3225.96,0.650774
14,35,5,3189.95,0.66343
14,35,6,3123.46,0.661394
14,35,7,3036.88,0.649675
14,35,8,2940.59,0.632972
14,35,9,2845.17,0.614461
14,35,10,2760.13,0.594759
14,35,11,2692.12,0.572546
14,35,12,2644.92,0.546181
14,35,13,2617.71,0.514672
14,35,14,2607.02,0.478286
14,35,15,2607.68,0.438939
14,35,16,2613.78,0.399194
14,35,17,2619.9,0.361923
14,35,18,2621.99,0.330028
14,35,19,2617.5,0.305816
14,35,20,2605.15,0.290243
14,35,21,2584.25,0.282682
14,35,22,2553.6,0.28068
14,35,23,2512.24,0.28095
14,35,24,2460.52,0.281057
14,35,25,2401.62,0.281331
14,35,26,2341.79,0.283534
14,35,27,2289.27,0.290302
14,35,28,2251.48,0.302548
14,35,29,2232.42,0.318139
14,35,30,2231.15,0.332614
14,35,31,2242.63,0.340887
14,35,32,2259.48,0.338868
14,35,33,2274.54,0.324992
14,35,34,2282.51,0.300024
14,35,35,2281.31,0.266991
14,35,36,2271.57,0.229534
14,35,37,2256.62,0.191536
14,35,38,2241.23,0.156423
14,35,39,2231.52,0.126714
14,35,40,2232.02,0.103878
14,35,41,2247.14,0.0884984
14,35,42,2277.91,0.0801342
14,35,43,2321.4,0.0776225
14,35,44,2369.54,0.0787991
14,35,45,2410.19,0.0810361
14,35,46,2428.59,0.0813674
14,35,47,2410.21,0.0778259
14,35,48,2342.98,0.0695921
14,35,49,2220.19,0.0575289
14,36,0,2883.47,0.405178
14,36,1,3078.47,0.493071
14,36,2,3200.78,0.567736
14,36,3,3259.64,0.624583
14,36,4,3266.05,0.661593
14,36,5,3230.59,0.679108
14,36,6,3163.1,0.678842
14,36,7,3073.6,0.664157
14,36,8,2972.69,0.640149
14,36,9,2871.64,0.612511
14,36,10,2780.8,0.585284
14,36,11,2707.51,0.559862
14,36,12,2655.8,0.535412
14,36,13,2624.69,0.50985
14,36,14,2610.4,0.481061
14,36,15,2607.54,0.448522
14,36,16,2610.07,0.413024
14,36,17,2612.7,0.376725
14,36,18,2611.72,0.342856
14,36,19,2604.84,0.314764
14,36,20,2591.01,0.294659
14,36,21,2569.61,0.283115
14,36,22,2539.39,0.278503
14,36,23,2499.39,0.27798
14,36,24,2450.03,0.2792
14,36,25,2394.81,0.282405
14,36,26,2340.3,0.289013
14,36,27,2294.9,0.301168
14,36,28,2265.89,0.319216
14,36,29,2256.72,0.340492
14,36,30,2265.65,0.360221
14,36,31,2286.8,0.373305
14,36,32,2312.07,0.375701
14,36,33,2333.96,0.365784
14,36,34,2347.16,0.343909
14,36,35,2349.95,0.312462
14,36,36,2343.49,0.274536
14,36,37,2331.74,0.23387
14,36,38,2320.02,0.194324
14,36,39,2314.83,0.159437
14,36,40,2320.92,0.131826
14,36,41,2342.54,0.113012
14,36,42,2380.2,0.102979
14,36,43,2429.94,0.100427
14,36,44,2482.52,0.102601
14,36,45,2524.81,0.106002
14,36,46,2541.56,0.106774
14,36,47,2518.18,0.102322
14,36,48,2442.66,0.0916134
14,36,49,2308.35,0.0757981
14,37,0,2915.24,0.412158
14,37,1,3114.52,0.501044
14,37,2,3240.86,0.577672
14,37,3,3303.81,0.638025
14,37,4,3314.39,0.679732
14,37,5,3282.79,0.701616
14,37,6,3218.18,0.70324
14,37,7,3129.79,0.686331
14,37,8,3027.54,0.65598
14,37,9,2922.33,0.619753
14,37,10,2824.65,0.584619
14,37,11,2742.54,0.554557
14,37,12,2681.13,0.529833
14,37,13,2640.52,0.507781
14,37,14,2617.67,0.484445
14,37,15,2607.38,0.457193
14,37,16,2603.3,0.425138
14,37,17,2599.71,0.389568
14,37,18,2592.68,0.353716
14,37,19,2580.03,0.321685
14,37,20,2561.2,0.296821
14,37,21,2536.19,0.281073
14,37,22,2504.36,0.274065
14,37,23,2465.15,0.273825
14,37,24,2419.08,0.278269
14,37,25,2369.56,0.287265
14,37,26,2322.88,0.301248
14,37,27,2287.02,0.321117
14,37,28,2268.78,0.346154
14,37,29,2271.13,0.373151
14,37,30,2291.83,0.397448
14,37,31,2324.51,0.41454
14,37,32,2360.61,0.420979
14,37,33,2392.31,0.415363
14,37,34,2414.26,0.397636
14,37,35,2424.9,0.369291
14,37,36,2425.72,0.332514
14,37,37,2420.98,0.290501
14,37,38,2416.16,0.247145
14,37,39,2417.82,0.206753
14,37,40,2430.78,0.173048
14,37,41,2459.18,0.148718
14,37,42,2503.21,0.134592
14,37,43,2558.2,0.12969
14,37,44,2614,0.131023
14,37,45,2656.72,0.134345
14,37,46,2670.74,0.134836
14,37,47,2641.4,0.129069
14,37,48,2556.64,0.115603
14,37,49,2409.59,0.0957424
14,38,0,2946.64,0.424194
14,38,1,3151.18,0.514886
14,38,2,3282.6,0.593518
14,38,3,3350.8,0.656494
14,38,4,3366.88,0.701354
14,38,5,3340.77,0.726012
14,38,6,3280.99,0.728559
14,38,7,3195.73,0.709458
14,38,8,3093.74,0.673602
14,38,9,2984.87,0.629777
14,38,10,2879.32,0.587162
14,38,11,2785.77,0.5519
14,38,12,2711.06,0.525418
14,38,13,2657.23,0.504884
14,38,14,2622.72,0.485101
14,38,15,2602.84,0.461812
14,38,16,2590.69,0.432727
14,38,17,2579.65,0.398255
14,38,18,2565.07,0.361366
14,38,19,2544.64,0.326592
14,38,20,2518.55,0.298177
14,38,21,2487.85,0.279411
14,38,22,2453.16,0.271368
14,38,23,2414.71,0.273202
14,38,24,2373.15,0.283185
14,38,25,2331.46,0.300575
14,38,26,2295.09,0.324361
14,38,27,2271.11,0.353637
14,38,28,2265.51,0.386311
14,38,29,2280.81,0.41871
14,38,30,2314.5,0.446692
14,38,31,2359.98,0.466827
14,38,32,2408.45,0.476644
14,38,33,2451.89,0.475121
14,38,34,2484.96,0.461799
14,38,35,2506.22,0.437157
14,38,36,2517.32,0.402302
14,38,37,2522.58,0.359669
14,38,38,2527.28,0.312876
14,38,39,2537.7,0.266708
14,38,40,2558.55,0.225854
14,38,41,2593.92,0.194291
14,38,42,2643.92,0.174042
14,38,43,2703.48,0.16489
14,38,44,2761.82,0.163944
14,38,45,2804.54,0.16635
14,38,46,2815.72,0.166212
14,38,47,2780.59,0.15902
14,38,48,2686.77,0.142694
14,38,49,2526.8,0.118533
14,39,0,2979.9,0.438043
14,39,1,3189.69,0.531053
14,39,2,3326.16,0.61148
14,39,3,3399.44,0.675839
14,39,4,3420.76,0.721736
14,39,5,3399.82,0.746799
14,39,6,3344.56,0.748509
14,39,7,3262.14,0.726691
14,39,8,3160.06,0.686058
14,39,9,3046.98,0.636019
14,39,10,2932.6,0.58713
14,39,11,2826.27,0.547064
14,39,12,2736.66,0.51826
14,39,13,2668.09,0.498022
14,39,14,2620.81,0.480518
14,39,15,2590.8,0.460457
14,39,16,2570.58,0.434552
14,39,17,2552.36,0.402428
14,39,18,2530.43,0.366568
14,39,19,2502.22,0.331567
14,39,20,2468.6,0.302199
14,39,21,2431.96,0.282843
14,39,22,2394.54,0.275991
14,39,23,2357.62,0.282017
14,39,24,2322.05,0.29962
14,39,25,2290.16,0.327365
14,39,26,2266.25,0.362612
14,39,27,2256.12,0.402382
14,39,28,2264.72,0.443046
14,39,29,2294.02,0.4805
14,39,30,2341.33,0.511309
14,39,31,2399.89,0.533335
14,39,32,2460.89,0.545245
14,39,33,2516.32,0.546485
14,39,34,2561.01,0.53631
14,39,35,2593.78,0.514339
14,39,36,2616.41,0.480748
14,39,37,2633.11,0.43727
14,39,38,2648.77,0.387107
14,39,39,2669.16,0.335234
14,39,40,2698.77,0.287023
14,39,41,2741.65,0.247645
14,39,42,2797.94,0.220439
14,39,43,2862.31,0.206215
14,39,44,2923.58,0.202432
14,39,45,2966.93,0.203737
14,39,46,2976.25,0.203066
14,39,47,2936.63,0.194585
14,39,48,2835.14,0.17535
14,39,49,2663.26,0.146499
14,40,0,3017.54,0.451172
14,40,1,3231.56,0.546412
14,40,2,3371.88,0.627885
14,40,3,3448.89,0.691923
14,40,4,3473.85,0.736333
14,40,5,3456.27,0.759081
14,40,6,3403.54,0.757922
14,40,7,3322.02,0.732725
14,40,8,3218.16,0.688139
14,40,9,3099.66,0.633665
14,40,10,2975.86,0.580376
14,40,11,2856.7,0.53674
14,40,12,2752.52,0.505934
14,40,13,2669.75,0.485598
14,40,14,2610.37,0.469838
14,40,15,2571.05,0.452954
14,40,16,2543.85,0.431112
14,40,17,2519.85,0.403295
14,40,18,2492.22,0.371287
14,40,19,2458.01,0.339358
14,40,20,2418.64,0.312363
14,40,21,2377.71,0.295397
14,40,22,2339.07,0.292168
14,40,23,2305.13,0.304277
14,40,24,2276.96,0.330953
14,40,25,2256.32,0.370194
14,40,26,2246.25,0.417868
14,40,27,2251.2,0.468935
14,40,28,2274.91,0.518161
14,40,29,2318.62,0.560888
14,40,30,2379.32,0.594226
14,40,31,2450.13,0.617159
14,40,32,2522.36,0.629387
14,40,33,2588.27,0.630865
14,40,34,2643.13,0.620858
14,40,35,2686.21,0.598597
14,40,36,2719.51,0.56385
14,40,37,2747.15,0.518039
14,40,38,2773.62,0.464048
14,40,39,2804.21,0.406816
14,40,40,2843.12,0.352009
14,40,41,2894.37,0.305647
14,40,42,2958.03,0.272196
14,40,43,3028.39,0.2535
14,40,44,3093.85,0.247442
14,40,45,3139.27,0.248254
14,40,46,3148.53,0.247651
14,40,47,3106.62,0.238285
14,40,48,2999.99,0.216156
14,40,49,2818.53,0.182092
14,41,0,3063.15,0.463814
14,41,1,3279.35,0.560785
14,41,2,3421.38,0.642083
14,41,3,3499.88,0.703675
14,41,4,3526.11,0.743777
14,41,5,3509.34,0.761317
14,41,6,3456.52,0.755143
14,41,7,3373.43,0.725812
14,41,8,3265.85,0.678018
14,41,9,3140.92,0.620902
14,41,10,3007.86,0.565273
14,41,11,2877.18,0.519704
14,41,12,2760.57,0.487829
14,41,13,2666,0.46778
14,41,14,2596.78,0.454085
14,41,15,2550.1,0.441163
14,41,16,2517.75,0.424961
14,41,17,2489.97,0.403866
14,41,18,2459.06,0.37875
14,41,19,2421.68,0.353193
14,41,20,2379.52,0.331756
14,41,21,2337.03,0.319929
14,41,22,2299.36,0.322421
14,41,23,2269.9,0.342054
14,41,24,2250.07,0.378731
14,41,25,2241.24,0.430175
14,41,26,2245.48,0.491113
14,41,27,2265.93,0.554642
14,41,28,2305.01,0.61386
14,41,29,2362.97,0.663189
14,41,30,2436.21,0.699718
14,41,31,2517.61,0.722991
14,41,32,2598.72,0.733388
14,41,33,2672.32,0.731422
14,41,34,2734.41,0.716868
14,41,35,2784.89,0.689395
14,41,36,2826.18,0.64925
14,41,37,2862.47,0.598249
14,41,38,2898.11,0.539306
14,41,39,2938.11,0.477196
14,41,40,2986.45,0.417407
14,41,41,3046.97,0.366218
14,41,42,3119.31,0.328703
14,41,43,3197.07,0.307435
14,41,44,3268.05,0.300612
14,41,45,3316.94,0.302109
14,41,46,3327.91,0.302436
14,41,47,3286.15,0.292651
14,41,48,3177.51,0.267558
14,41,49,2989.89,0.22755
14,42,0,3117.33,0.477473
14,42,1,3333.14,0.57543
14,42,2,3474.24,0.654998
14,42,3,3551.68,0.711753
14,42,4,3576.64,0.744616
14,42,5,3558.15,0.75407
14,42,6,3502.79,0.740756
14,42,7,3416.02,0.706431
14,42,8,3303.36,0.655943
14,42,9,3171.83,0.597708
14,42,10,3030.86,0.541652
14,42,11,2891.45,0.495896
14,42,12,2766.2,0.464307
14,42,13,2663.9,0.445614
14,42,14,2588.46,0.435111
14,42,15,2537.29,0.427636
14,42,16,2502.05,0.419038
14,42,17,2472.62,0.407003
14,42,18,2440.82,0.391279
14,42,19,2403.03,0.374517
14,42,20,2360.97,0.3608
14,42,21,2319.51,0.355881
14,42,22,2284.62,0.365366
14,42,23,2260.47,0.39332
14,42,24,2248.98,0.440468
14,42,25,2251.5,0.5046
14,42,26,2269.49,0.579729
14,42,27,2304.94,0.657374
14,42,28,2358.88,0.728879
14,42,29,2430.28,0.787218
14,42,30,2514.66,0.828604
14,42,31,2604.55,0.852298
14,42,32,2691.78,0.858839
14,42,33,2769.84,0.849352
14,42,34,2835.57,0.824748
14,42,35,2889.72,0.786143
14,42,36,2935.27,0.735362
14,42,37,2976.8,0.675502
14,42,38,3018.87,0.610012
14,42,39,3066.57,0.543477
14,42,40,3123.73,0.480747
14,42,41,3193.75,0.427639
14,42,42,3275.36,0.389105
14,42,43,3361.07,0.367915
14,42,44,3437.96,0.362337
14,42,45,3490.83,0.365914
14,42,46,3504.56,0.368038
14,42,47,3464.96,0.358208
14,42,48,3357.5,0.329965
14,42,49,3167.9,0.283186
14,43,0,3175.8,0.492603
14,43,1,3388.75,0.590795
14,43,2,3526.58,0.667185
14,43,3,3600.78,0.717013
14,43,4,3622.47,0.740173
14,43,5,3600.38,0.739158
14,43,6,3540.86,0.716905
14,43,7,3449.28,0.67674
14,43,8,3331.31,0.623765
14,43,9,3194.25,0.565464
14,43,10,3047.99,0.510486
14,43,11,2903.95,0.466134
14,43,12,2775.09,0.436352
14,43,13,2670.18,0.420529
14,43,14,2592.95,0.414864
14,43,15,2540.6,0.414657
14,43,16,2504.81,0.41552
14,43,17,2475.48,0.414206
14,43,18,2444.42,0.409183
14,43,19,2407.94,0.402114
14,43,20,2367.64,0.396709
14,43,21,2328.55,0.399104
14,43,22,2297.08,0.415835
14,43,23,2278.08,0.452229
14,43,24,2274.06,0.509893
14,43,25,2286.67,0.586932
14,43,26,2317.02,0.676992
14,43,27,2366.09,0.770323
14,43,28,2433.51,0.856481
14,43,29,2516.76,0.926481
14,43,30,2610.32,0.974814
14,43,31,2706.31,0.999569
14,43,32,2796.89,1.00089
14,43,33,2876.31,0.980519
14,43,34,2942.34,0.941076
14,43,35,2996.56,0.886065
14,43,36,3042.69,0.819892
14,43,37,3085.95,0.747775
14,43,38,3131.48,0.674206
14,43,39,3184.71,0.60366
14,43,40,3249.34,0.539994
14,43,41,3328.03,0.487914
14,43,42,3418.18,0.451509
14,43,43,3510.93,0.433143
14,43,44,3592.74,0.430833
14,43,45,3648.88,0.437769
14,43,46,3665.39,0.442343
14,43,47,3629.08,0.432631
14,43,48,3525.33,0.400946
14,43,49,3337.78,0.346644
14,44,0,3229.13,0.50642
14,44,1,3437.52,0.604142
14,44,2,3570.64,0.676447
14,44,3,3640.38,0.718266
14,44,4,3657.72,0.730532
14,44,5,3631.12,0.717884
14,44,6,3566.82,0.685743
14,44,7,3470.39,0.639193
14,44,8,3347.97,0.583727
14,44,9,3207.48,0.525906
14,44,10,3059.41,0.472986
14,44,11,2915.34,0.431306
14,44,12,2788.05,0.404786
14,44,13,2685.55,0.393435
14,44,14,2610.77,0.394288
14,44,15,2560.34,0.402898
14,44,16,2525.99,0.414358
14,44,17,2497.91,0.424228
14,44,18,2468.21,0.429684
14,44,19,2433.37,0.431552
14,44,20,2394.95,0.433515
14,44,21,2358.06,0.442369
14,44,22,2329.46,0.465665
14,44,23,2314.58,0.509901
14,44,24,2316.62,0.577446
14,44,25,2337.59,0.666768
14,44,26,2378.36,0.771365
14,44,27,2438.93,0.880561
14,44,28,2517.53,0.982281
14,44,29,2610.19,1.06538
14,44,30,2710.36,1.12209
14,44,31,2809.87,1.14868
14,44,32,2901.24,1.14445
14,44,33,2979.5,1.11171
14,44,34,3043.28,1.05508
14,44,35,3094.96,0.980986
14,44,36,3139.01,0.897021
14,44,37,3181.39,0.811002
14,44,38,3228.03,0.728792
14,44,39,3284.77,0.654883
14,44,40,3355.12,0.592004
14,44,41,3440.77,0.54336
14,44,42,3537.61,0.511668
14,44,43,3635.41,0.498381
14,44,44,3720.32,0.500945
14,44,45,3778.35,0.512129
14,44,46,3796.92,0.519448
14,44,47,3764.01,0.509782
14,44,48,3665.15,0.474379
14,44,49,3482.31,0.412202
14,45,0,3264.22,0.512493
14,45,1,3467.55,0.608942
14,45,2,3595.77,0.677011
14,45,3,3660.94,0.711237
14,45,4,3673.82,0.713309
14,45,5,3642.67,0.689687
14,45,6,3573.82,0.648058
14,45,7,3473.29,0.595249
14,45,8,3347.96,0.53733
14,45,9,3206.61,0.480188
14,45,10,3060.17,0.429872
14,45,11,2920.12,0.391807
14,45,12,2798.53,0.369791
14,45,13,2702.18,0.364281
14,45,14,2632.88,0.372875
14,45,15,2586.56,0.391032
14,45,16,2554.93,0.413035
14,45,17,2528.53,0.433136
14,45,18,2499.95,0.447401
14,45,19,2466,0.456152
14,45,20,2428.41,0.463483
14,45,21,2392.54,0.477103
14,45,22,2365.53,0.505562
14,45,23,2353.44,0.556234
14,45,24,2360.07,0.631926
14,45,25,2387.65,0.731316
14,45,26,2436.66,0.847861
14,45,27,2506.08,0.970382
14,45,28,2592.83,1.08564
14,45,29,2691.73,1.1806
14,45,30,2795.48,1.24528
14,45,31,2895.84,1.27397
14,45,32,2985.77,1.26489
14,45,33,3061.07,1.22078
14,45,34,3121.15,1.14813
14,45,35,3169.02,1.05626
14,45,36,3209.84,0.955837
14,45,37,3250.24,0.857193
14,45,38,3296.82,0.767568
14,45,39,3355.76,0.691586
14,45,40,3430.26,0.630962
14,45,41,3520.99,0.587388
14,45,42,3622.42,0.56206
14,45,43,3723.32,0.555222
14,45,44,3809.74,0.563523
14,45,45,3868.52,0.579222
14,45,46,3888.3,0.589124
14,45,47,3858.03,0.579267
14,45,48,3763.52,0.540177
14,45,49,3585.66,0.470665
14,46,0,3266.5,0.503157
14,46,1,3465.44,0.597072
14,46,2,3589.7,0.661179
14,46,3,3651.12,0.689483
14,46,4,3660.17,0.683861
14,46,5,3625.02,0.651841
14,46,6,3552.34,0.602755
14,46,7,3448.85,0.544907
14,46,8,3322.38,0.485082
14,46,9,3182.5,0.428891
14,46,10,3040.4,0.381549
14,46,11,2907.02,0.34775
14,46,12,2793.42,0.331047
14,46,13,2705.02,0.332074
14,46,14,2642.51,0.348616
14,46,15,2601.19,0.375717
14,46,16,2572.69,0.406734
14,46,17,2547.86,0.434752
14,46,18,2519.76,0.455119
14,46,19,2485.6,0.468059
14,46,20,2447.51,0.478416
14,46,21,2411.29,0.49483
14,46,22,2384.63,0.526602
14,46,23,2374.13,0.581464
14,46,24,2384.04,0.662186
14,46,25,2416.56,0.767396
14,46,26,2471.55,0.890589
14,46,27,2546.87,1.02061
14,46,28,2638.41,1.14384
14,46,29,2740.07,1.24618
14,46,30,2844.23,1.31603
14,46,31,2942.89,1.34606
14,46,32,3029.56,1.33353
14,46,33,3100.77,1.28135
14,46,34,3156.62,1.19739
14,46,35,3200.61,1.09316
14,46,36,3238.41,0.981577
14,46,37,3277.08,0.874832
14,46,38,3323.63,0.781165
14,46,39,3384.35,0.705361
14,46,40,3462.06,0.648436
14,46,41,3556.55,0.610874
14,46,42,3661.28,0.592541
14,46,43,3764.34,0.592439
14,46,44,3851.81,0.606346
14,46,45,3911.08,0.62601
14,46,46,3931.51,0.637829
14,46,47,3902.58,0.627543
14,46,48,3810.27,0.585464
14,46,49,3635.01,0.510559
14,47,0,3221.48,0.472631
14,47,1,3417.44,0.562002
14,47,2,3539.35,0.622264
14,47,3,3598.35,0.646831
14,47,4,3604.55,0.637104
14,47,5,3566.25,0.600695
14,47,6,3490.69,0.547672
14,47,7,3385.55,0.487291
14,47,8,3259.64,0.42704
14,47,9,3123.14,0.372598
14,47,10,2987.09,0.328745
14,47,11,2861.63,0.299635
14,47,12,2756.62,0.28844
14,47,13,2676.25,0.295676
14,47,14,2620.38,0.318988
14,47,15,2583.83,0.35288
14,47,16,2558.18,0.389962
14,47,17,2534.5,0.422587
14,47,18,2506.27,0.445909
14,47,19,2471.1,0.460391
14,47,20,2431.63,0.471677
14,47,21,2394.19,0.489025
14,47,22,2367.01,0.521964
14,47,23,2357.19,0.577938
14,47,24,2369.19,0.659209
14,47,25,2404.92,0.764128
14,47,26,2463.45,0.886374
14,47,27,2541.62,1.01543
14,47,28,2634.46,1.13823
14,47,29,2735.42,1.24075
14,47,30,2836.95,1.31089
14,47,31,2931.58,1.34044
14,47,32,3013.5,1.32607
14,47,33,3079.97,1.27061
14,47,34,3131.63,1.18256
14,47,35,3172.38,1.07439
14,47,36,3208.15,0.960011
14,47,37,3246.13,0.852294
14,47,38,3293.41,0.759837
14,47,39,3356.19,0.687472
14,47,40,3436.87,0.635872
14,47,41,3534.65,0.604786
14,47,42,3642.45,0.593161
14,47,43,3748.01,0.59896
14,47,44,3837.34,0.617234
14,47,45,3897.82,0.639425
14,47,46,3918.76,0.652051
14,47,47,3889.58,0.64127
14,47,48,3796.25,0.597819
14,47,49,3619.33,0.521072
14,48,0,3115.43,0.419965
14,48,1,3309.39,0.501971
14,48,2,3430.35,0.557701
14,48,3,3488.18,0.58015
14,48,4,3492.55,0.569785
14,48,5,3452.08,0.533396
14,48,6,3374.91,0.480793
14,48,7,3269.79,0.421465
14,48,8,3146.38,0.363312
14,48,9,3015.1,0.312192
14,48,10,2886.46,0.272682
14,48,11,2769.49,0.248514
14,48,12,2672.87,0.24235
14,48,13,2599.8,0.254378
14,48,14,2549.62,0.281956
14,48,15,2516.95,0.319215
14,48,16,2493.44,0.358474
14,48,17,2470.41,0.392003
14,48,18,2441.71,0.415284
14,48,19,2405.34,0.429184
14,48,20,2364.42,0.439865
14,48,21,2325.69,0.456592
14,48,22,2297.79,0.48844
14,48,23,2288.07,0.541951
14,48,24,2300.99,0.618581
14,48,25,2338.01,0.716331
14,48,26,2397.47,0.829293
14,48,27,2475.28,0.948154
14,48,28,2565.95,1.06134
14,48,29,2662.84,1.15606
14,48,30,2758.84,1.22086
14,48,31,2847.22,1.24764
14,48,32,2922.98,1.23292
14,48,33,2984.08,1.17932
14,48,34,3031.67,1.09503
14,48,35,3069.85,0.992244
14,48,36,3104.6,0.884381
14,48,37,3142.95,0.783739
14,48,38,3191.73,0.698495
14,48,39,3256.84,0.633288
14,48,40,3340.36,0.588705
14,48,41,3441.26,0.564198
14,48,42,3552.37,0.558257
14,48,43,3661.36,0.56818
14,48,44,3753.93,0.588656
14,48,45,3816.78,0.611256
14,48,46,3838.34,0.623344
14,48,47,3807.3,0.612303
14,48,48,3709.44,0.569915
14,48,49,3526.34,0.496073
14,49,0,2937.14,0.350039
14,49,1,3127.94,0.42157
14,49,2,3247.98,0.471234
14,49,3,3305.13,0.492029
14,49,4,3308.5,0.483409
14,49,5,3267.17,0.450756
14,49,6,3190.32,0.402783
14,49,7,3087.75,0.348425
14,49,8,2969.61,0.29547
14,49,9,2846.07,0.249754
14,49,10,2726.64,0.215639
14,49,11,2619.09,0.19643
14,49,12,2530.9,0.194208
14,49,13,2464.56,0.208774
14,49,14,2419.18,0.237289
14,49,15,2389.48,0.273923
14,49,16,2367.46,0.311338
14,49,17,2344.85,0.342403
14,49,18,2315.95,0.363318
14,49,19,2279.1,0.375307
14,49,20,2237.71,0.384512
14,49,21,2198.69,0.399471
14,49,22,2170.65,0.428146
14,49,23,2160.82,0.475767
14,49,24,2173.47,0.542928
14,49,25,2209.6,0.627401
14,49,26,2266.95,0.723975
14,49,27,2340.91,0.82497
14,49,28,2425.77,0.920939
14,49,29,2515.14,1.00119
14,49,30,2602.57,1.05593
14,49,31,2682.29,1.07798
14,49,32,2750.19,1.06416
14,49,33,2804.94,1.01671
14,49,34,2848.09,0.94288
14,49,35,2883.8,0.853414
14,49,36,2917.86,0.760043
14,49,37,2956.83,0.673428
14,49,38,3006.98,0.600656
14,49,39,3073.74,0.545861
14,49,40,3158.99,0.509648
14,49,41,3261.8,0.491455
14,49,42,3375.44,0.489707
14,49,43,3487.79,0.501484
14,49,44,3584.15,0.521618
14,49,45,3650,0.542386
14,49,46,3672.11,0.552748
14,49,47,3637.9,0.542014
14,49,48,3533.13,0.503456
14,49,49,3341.76,0.437432
15,0,0,2604.86,0.167952
15,0,1,2765.9,0.192509
15,0,2,2859.41,0.208408
15,0,3,2898.03,0.216692
15,0,4,2900.1,0.220245
15,0,5,2884.1,0.221918
15,0,6,2863.92,0.223172
15,0,7,2845.69,0.22353
15,0,8,2827.83,0.221323
15,0,9,2804.65,0.215054
15,0,10,2770.99,0.204498
15,0,11,2725.18,0.190838
15,0,12,2671.62,0.17623
15,0,13,2616.7,0.162083
15,0,14,2566.96,0.148634
15,0,15,2525.55,0.134991
15,0,16,2490.22,0.120074
15,0,17,2454.91,0.103466
15,0,18,2412.22,0.0857812
15,0,19,2356.84,0.0684326
15,0,20,2287.28,0.052989
15,0,21,2206.45,0.0407319
15,0,22,2119.33,0.0320969
15,0,23,2031.38,0.0269735
15,0,24,1946.46,0.0246247
15,0,25,1866,0.0241445
15,0,26,1790.43,0.0247087
15,0,27,1720.37,0.0255568
15,0,28,1656.62,0.0261424
15,0,29,1600.38,0.0260341
15,0,30,1552.11,0.0249301
15,0,31,1511.2,0.0227234
15,0,32,1475.5,0.0195447
15,0,33,1441.84,0.0157417
15,0,34,1407.19,0.0118145
15,0,35,1369.6,0.00823987
15,0,36,1328.77,0.00534872
15,0,37,1286.38,0.00333986
15,0,38,1245.13,0.00215344
15,0,39,1207.77,0.00179629
15,0,40,1176.05,0.00231079
15,0,41,1150.45,0.00387799
15,0,42,1130.38,0.0067178
15,0,43,1114.86,0.0109307
15,0,44,1102.73,0.0162274
15,0,45,1092.84,0.021807
15,0,46,1084.01,0.0264514
15,0,47,1075.2,0.0289365
15,0,48,1065.64,0.0285438
15,0,49,1055.19,0.0253941
15,1,0,2794.99,0.187997
15,1,1,2959.77,0.215763
15,1,2,3052.92,0.233904
15,1,3,3089.33,0.243409
15,1,4,3088.19,0.24734
15,1,5,3068.18,0.248829
15,1,6,3043.62,0.249659
15,1,7,3021.43,0.249641
15,1,8,3000.84,0.247344
15,1,9,2976.52,0.241472
15,1,10,2943.04,0.231973
15,1,11,2897.99,0.220098
15,1,12,2844.97,0.207902
15,1,13,2789.78,0.196336
15,1,14,2738.97,0.184938
15,1,15,2696.13,0.172072
15,1,16,2659.45,0.156209
15,1,17,2622.89,0.136957
15,1,18,2578.6,0.115377
15,1,19,2520.51,0.0935855
15,1,20,2446.54,0.0738654
15,1,21,2359.47,0.0580617
15,1,22,2264.74,0.0468872
15,1,23,2168.72,0.0402521
15,1,24,2076.13,0.0372402
15,1,25,1988.75,0.0366242
15,1,26,1906.81,0.0372699
15,1,27,1830.37,0.0381487
15,1,28,1759.74,0.03854
15,1,29,1696.08,0.0379092
15,1,30,1640.19,0.0358976
15,1,31,1592.1,0.0323971
15,1,32,1550.11,0.0276122
15,1,33,1511.21,0.0220318
15,1,34,1472.14,0.0163585
15,1,35,1430.49,0.0112641
15,1,36,1385.56,0.00720491
15,1,37,1338.82,0.0044055
15,1,38,1293,0.00276192
15,1,39,1251.08,0.00218819
15,1,40,1215,0.00262976
15,1,41,1185.4,0.00418136
15,1,42,1161.69,0.00700458
15,1,43,1142.89,0.0111817
15,1,44,1127.75,0.0164266
15,1,45,1115.06,0.0219698
15,1,46,1103.51,0.0266276
15,1,47,1091.98,0.029187
15,1,48,1079.64,0.0289049
15,1,49,1066.37,0.025854
15,2,0,2917.14,0.197521
15,2,1,3082.56,0.226547
15,2,2,3174.52,0.245426
15,2,3,3209.08,0.255077
15,2,4,3205.32,0.258616
15,2,5,3181.53,0.259325
15,2,6,3152.07,0.259287
15,2,7,3124.8,0.258725
15,2,8,3100.18,0.256649
15,2,9,3073.76,0.252139
15,2,10,3040.17,0.24533
15,2,11,2996.32,0.237354
15,2,12,2944.82,0.229853
15,2,13,2890.59,0.223028
15,2,14,2839.93,0.215561
15,2,15,2796.77,0.205082
15,2,16,2759.85,0.189717
15,2,17,2723.5,0.169191
15,2,18,2679.78,0.145022
15,2,19,2622.07,0.119971
15,2,20,2547.75,0.096937
15,2,21,2459.24,0.0782605
15,2,22,2362.06,0.064931
15,2,23,2263.05,0.0569177
15,2,24,2167.5,0.0532049
15,2,25,2077.45,0.0523212
15,2,26,1993,0.0528868
15,2,27,1913.7,0.05366
15,2,28,1839.36,0.0537673
15,2,29,1770.94,0.052555
15,2,30,1709.53,0.0495566
15,2,31,1655.74,0.0445993
15,2,32,1608.46,0.037923
15,2,33,1565.06,0.0301637
15,2,34,1522.35,0.0222834
15,2,35,1477.72,0.0152297
15,2,36,1430.22,0.00964652
15,2,37,1381.09,0.00580732
15,2,38,1332.92,0.00356012
15,2,39,1288.61,0.00268503
15,2,40,1250.12,0.0029783
15,2,41,1218.08,0.00438473
15,2,42,1191.91,0.00695106
15,2,43,1170.63,0.0107133
15,2,44,1153,0.015401
15,2,45,1137.79,0.0203483
15,2,46,1123.64,0.0245283
15,2,47,1109.38,0.0268648
15,2,48,1094.21,0.0266698
15,2,49,1078.05,0.023965
15,3,0,2979.57,0.198535
15,3,1,3145.19,0.226871
15,3,2,3236.78,0.244767
15,3,3,3270.53,0.253141
15,3,4,3264.81,0.255146
15,3,5,3237.1,0.254189
15,3,6,3201.7,0.252646
15,3,7,3167.52,0.251217
15,3,8,3136.73,0.249478
15,3,9,3106.27,0.246959
15,3,10,3071.2,0.24394
15,3,11,3027.84,0.241243
15,3,12,2977.72,0.239849
15,3,13,2924.72,0.23904
15,3,14,2874.65,0.236657
15,3,15,2831.67,0.229774
15,3,16,2795.12,0.216363
15,3,17,2759.94,0.196344
15,3,18,2718.43,0.171593
15,3,19,2663.75,0.145276
15,3,20,2592.84,0.120647
15,3,21,2507.57,0.100337
15,3,22,2413.08,0.0855443
15,3,23,2316.14,0.076339
15,3,24,2222.12,0.0717515
15,3,25,2133.21,0.0702627
15,3,26,2049.5,0.0704341
15,3,27,1970.3,0.0709607
15,3,28,1895.1,0.0708702
15,3,29,1824.71,0.0693369
15,3,30,1760.3,0.0656546
15,3,31,1702.86,0.0594273
15,3,32,1651.72,0.0508207
15,3,33,1604.72,0.0405986
15,3,34,1558.94,0.0300526
15,3,35,1511.93,0.0205295
15,3,36,1462.72,0.0129657
15,3,37,1412.47,0.00774368
15,3,38,1363.58,0.00467613
15,3,39,1318.71,0.00337733
15,3,40,1279.61,0.00344483
15,3,41,1246.75,0.00461487
15,3,42,1219.47,0.00676589
15,3,43,1196.81,0.00985934
15,3,44,1177.54,0.0136375
15,3,45,1160.44,0.0175799
15,3,46,1144.13,0.0208976
15,3,47,1127.43,0.022745
15,3,48,1109.54,0.0225576
15,3,49,1090.5,0.0203218
15,4,0,2996.31,0.195299
15,4,1,3162.69,0.221535
15,4,2,3255.03,0.23699
15,4,3,3288.86,0.242711
15,4,4,3281.44,0.241976
15,4,5,3249.2,0.238382
15,4,6,3206.31,0.234618
15,4,7,3162.87,0.231858
15,4,8,3123.14,0.230236
15,4,9,3085.98,0.229713
15,4,10,3047.28,0.230642
15,4,11,3002.99,0.233418
15,4,12,2953.55,0.238263
15,4,13,2901.66,0.243557
15,4,14,2852.45,0.246477
15,4,15,2810.07,0.243822
15,4,16,2774.42,0.233623
15,4,17,2741.19,0.216003
15,4,18,2703.26,0.192998
15,4,19,2653.92,0.167827
15,4,20,2589.8,0.143721
15,4,21,2512.07,0.12331
15,4,22,2425.02,0.107858
15,4,23,2334.63,0.0975662
15,4,24,2245.84,0.091697
15,4,25,2160.85,0.0889843
15,4,26,2080.02,0.0882387
15,4,27,2002.9,0.0883373
15,4,28,1929.06,0.0882982
15,4,29,1859.23,0.0870355
15,4,30,1794.52,0.0833902
15,4,31,1735.91,0.0764903
15,4,32,1682.86,0.0662425
15,4,33,1633.51,0.0534861
15,4,34,1585.27,0.0399133
15,4,35,1536.09,0.0274232
15,4,36,1485.41,0.017382
15,4,37,1434.48,0.0103782
15,4,38,1385.67,0.00622274
15,4,39,1341.34,0.00434886
15,4,40,1302.87,0.00411672
15,4,41,1270.48,0.00500941
15,4,42,1243.35,0.00669415
15,4,43,1220.46,0.00903385
15,4,44,1200.58,0.011766
15,4,45,1182.48,0.0145197
15,4,46,1164.72,0.0167724
15,4,47,1146.1,0.017952
15,4,48,1125.82,0.0176615
15,4,49,1104.02,0.0158779
15,5,0,2983.54,0.192223
15,5,1,3150.88,0.215818
15,5,2,3244.39,0.228061
15,5,3,3278.41,0.230243
15,5,4,3268.81,0.225908
15,5,5,3230.9,0.218952
15,5,6,3178.68,0.212384
15,5,7,3123.5,0.207774
15,5,8,3071.97,0.205705
15,5,9,3025.28,0.206474
15,5,10,2980.59,0.210462
15,5,11,2933.78,0.217662
15,5,12,2884.33,0.227633
15,5,13,2833.68,0.238074
15,5,14,2786,0.245772
15,5,15,2745.07,0.247528
15,5,16,2711.13,0.241559
15,5,17,2680.68,0.228097
15,5,18,2647.49,0.20906
15,5,19,2605.37,0.187348
15,5,20,2550.86,0.165782
15,5,21,2484.23,0.146701
15,5,22,2408.36,0.131264
15,5,23,2327.81,0.119812
15,5,24,2246.57,0.11202
15,5,25,2166.83,0.107208
15,5,26,2089.58,0.104803
15,5,27,2015.23,0.104161
15,5,28,1943.96,0.104413
15,5,29,1876.62,0.104126
15,5,30,1814.12,0.10145
15,5,31,1756.98,0.0947464
15,5,32,1704.32,0.0834351
15,5,33,1654.23,0.0683417
15,5,34,1604.41,0.0515997
15,5,35,1553.36,0.0357984
15,5,36,1501.14,0.0228714
15,5,37,1449.46,0.0137249
15,5,38,1400.83,0.008222
15,5,39,1357.4,0.00562138
15,5,40,1320.21,0.00502704
15,5,41,1289.11,0.00564609
15,5,42,1263.1,0.00690777
15,5,43,1241.01,0.00855964
15,5,44,1221.54,0.0103087
15,5,45,1203.4,0.0119081
15,5,46,1185.04,0.0130821
15,5,47,1165.16,0.0135264
15,5,48,1142.96,0.0130253
15,5,49,1118.61,0.0115753
15,6,0,2956.67,0.192235
15,6,1,3124.33,0.213548
15,6,2,3218.29,0.222688
15,6,3,3251.51,0.221252
15,6,4,3238.41,0.21315
15,6,5,3193.28,0.202649
15,6,6,3130.03,0.193048
15,6,7,3061.22,0.186173
15,6,8,2995.82,0.182888
15,6,9,2937.46,0.183704
15,6,10,2884.92,0.18905
15,6,11,2834.33,0.198687
15,6,12,2784.5,0.211807
15,6,13,2735.61,0.225794
15,6,14,2690.59,0.237352
15,6,15,2652.45,0.243475
15,6,16,2621.35,0.242544
15,6,17,2594.55,0.234685
15,6,18,2566.98,0.221385
15,6,19,2533.36,0.204903
15,6,20,2490.33,0.187371
15,6,21,2437.07,0.170627
15,6,22,2374.61,0.155597
15,6,23,2305.48,0.142755
15,6,24,2232.44,0.132309
15,6,25,2157.71,0.124431
15,6,26,2083.38,0.119475
15,6,27,2011.26,0.117551
15,6,28,1942.67,0.118049
15,6,29,1878.82,0.119162
15,6,30,1820.28,0.118198
15,6,31,1766.81,0.112524
15,6,32,1716.75,0.100863
15,6,33,1667.78,0.0839035
15,6,34,1617.61,0.0641885
15,6,35,1565.31,0.0450552
15,6,36,1511.74,0.0290894
15,6,37,1459.23,0.0176088
15,6,38,1410.68,0.0105934
15,6,39,1368.18,0.00715841
15,6,40,1332.48,0.00616005
15,6,41,1303.11,0.00653211
15,6,42,1278.81,0.00745918
15,6,43,1258.25,0.00856642
15,6,44,1239.97,0.00950841
15,6,45,1222.58,0.0101251
15,6,46,1204.38,0.0103414
15,6,47,1183.92,0.0100824
15,6,48,1160.29,0.00930167
15,6,49,1133.72,0.00803399
15,7,0,2927.68,0.196403
15,7,1,3094.41,0.216488
15,7,2,3187.26,0.223446
15,7,3,3217.88,0.219141
15,7,4,3199.47,0.207852
15,7,5,3145.58,0.194212
15,7,6,3070.22,0.181748
15,7,7,2987.13,0.172387
15,7,8,2907.35,0.167102
15,7,9,2836.75,0.166519
15,7,10,2775.7,0.171174
15,7,11,2720.9,0.180874
15,7,12,2670.8,0.194839
15,7,13,2624.45,0.210579
15,7,14,2583.38,0.224995
15,7,15,2549.4,0.235349
15,7,16,2522.24,0.240028
15,7,17,2499.72,0.238747
15,7,18,2478.07,0.232259
15,7,19,2453.28,0.221965
15,7,20,2422.19,0.209186
15,7,21,2382.81,0.195204
15,7,22,2334.03,0.180686
15,7,23,2276.14,0.166226
15,7,24,2210.5,0.152593
15,7,25,2139.52,0.140893
15,7,26,2066.62,0.132544
15,7,27,1995.43,0.128566
15,7,28,1928.73,0.128764
15,7,29,1868.29,0.131061
15,7,30,1814.38,0.13195
15,7,31,1765.8,0.127759
15,7,32,1719.89,0.11639
15,7,33,1673.59,0.0982548
15,7,34,1624.46,0.0761688
15,7,35,1571.96,0.0541389
15,7,36,1517.71,0.0353906
15,7,37,1464.74,0.021696
15,7,38,1416.42,0.0132196
15,7,39,1374.97,0.00898933
15,7,40,1340.93,0.00765176
15,7,41,1313.52,0.00788929
15,7,42,1291.25,0.00864383
15,7,43,1272.6,0.00940489
15,7,44,1255.95,0.00975376
15,7,45,1239.81,0.00958031
15,7,46,1222.28,0.0089658
15,7,47,1201.73,0.00802701
15,7,48,1177.12,0.00687336
15,7,49,1148.66,0.00559616
15,8,0,2903.29,0.204943
15,8,1,3068.04,0.225283
15,8,2,3158.24,0.231496
15,8,3,3184.5,0.225581
15,8,4,3159.24,0.212104
15,8,5,3095.75,0.196011
15,8,6,3008.49,0.181004
15,8,7,2912.31,0.169016
15,8,8,2819.83,0.161008
15,8,9,2738.5,0.157653
15,8,10,2669.95,0.159668
15,8,11,2611.45,0.167168
15,8,12,2561.38,0.17979
15,8,13,2517.93,0.195578
15,8,14,2481.31,0.211858
15,8,15,2451.93,0.22616
15,8,16,2428.87,0.236656
15,8,17,2410.37,0.242333
15,8,18,2393.97,0.242959
15,8,19,2376.99,0.238962
15,8,20,2356.6,0.23089
15,8,21,2329.7,0.219578
15,8,22,2293.11,0.20553
15,8,23,2244.89,0.189468
15,8,24,2185.14,0.172628
15,8,25,2116.48,0.156896
15,8,26,2043.66,0.144637
15,8,27,1972.13,0.137762
15,8,28,1906.22,0.136627
15,8,29,1848.36,0.139131
15,8,30,1798.65,0.141231
15,8,31,1755.02,0.138399
15,8,32,1713.79,0.127744
15,8,33,1671.09,0.109254
15,8,34,1624.19,0.0857859
15,8,35,1572.75,0.0617844
15,8,36,1518.96,0.0409869
15,8,37,1466.44,0.0255945
15,8,38,1419.03,0.0160158
15,8,39,1379.09,0.0112662
15,8,40,1347.02,0.00984445
15,8,41,1321.81,0.0102102
15,8,42,1301.74,0.0110584
15,8,43,1285.11,0.011709
15,8,44,1270.2,0.0116469
15,8,45,1255.42,0.0107873
15,8,46,1238.75,0.00934984
15,8,47,1218.34,0.00763637
15,8,48,1193.01,0.00592106
15,8,49,1162.9,0.00437712
15,9,0,2884.65,0.217699
15,9,1,3047.35,0.239906
15,9,2,3134.3,0.246949
15,9,3,3155.5,0.24075
15,9,4,3123.11,0.226039
15,9,5,3050.7,0.208032
15,9,6,2953.53,0.190632
15,9,7,2847.44,0.175811
15,9,8,2745.97,0.164502
15,9,9,2657.3,0.157394
15,9,10,2583.57,0.155391
15,9,11,2522.46,0.15905
15,9,12,2472.47,0.168652
15,9,13,2431.24,0.183033
15,9,14,2397.95,0.200109
15,9,15,2371.84,0.217655
15,9,16,2351.39,0.233477
15,9,17,2335.22,0.245623
15,9,18,2322.08,0.25275
15,9,19,2310.51,0.25432
15,9,20,2298.08,0.250269
15,9,21,2280.77,0.241199
15,9,22,2253.66,0.22763
15,9,23,2212.98,0.210416
15,9,24,2157.78,0.191056
15,9,25,2090.76,0.171848
15,9,26,2017.68,0.15574
15,9,27,1945.41,0.145341
15,9,28,1879.61,0.141642
15,9,29,1823.36,0.142873
15,9,30,1776.78,0.144925
15,9,31,1737.19,0.142821
15,9,32,1700.19,0.133041
15,9,33,1661.24,0.115054
15,9,34,1617.28,0.0914674
15,9,35,1568.03,0.0668163
15,9,36,1516,0.0451298
15,9,37,1465.18,0.0289495
15,9,38,1419.73,0.0189705
15,9,39,1382.08,0.0142781
15,9,40,1352.51,0.0132927
15,9,41,1329.82,0.0142673
15,9,42,1312.1,0.0156212
15,9,43,1297.48,0.0164374
15,9,44,1284.2,0.0160746
15,9,45,1270.64,0.0144677
15,9,46,1254.69,0.0120014
15,9,47,1234.35,0.00920773
15,9,48,1208.29,0.00657456
15,9,49,1176.59,0.00439972
15,10,0,2869.47,0.235106
15,10,1,3031.16,0.260867
15,10,2,3115.67,0.270282
15,10,3,3132.74,0.264919
15,10,4,3094.73,0.249527
15,10,5,3015.97,0.229605
15,10,6,2912.68,0.209422
15,10,7,2801.43,0.191201
15,10,8,2695.94,0.175991
15,10,9,2604.17,0.164521
15,10,10,2528.13,0.15782
15,10,11,2465.59,0.156807
15,10,12,2415.14,0.162382
15,10,13,2374.26,0.174191
15,10,14,2341.51,0.190781
15,10,15,2315.45,0.210196
15,10,16,2294.33,0.229864
15,10,17,2277.27,0.246917
15,10,18,2264.1,0.258973
15,10,19,2254.41,0.264661
15,10,20,2246.14,0.263526
15,10,21,2234.69,0.256161
15,10,22,2213.92,0.243267
15,10,23,2178.74,0.225799
15,10,24,2127.38,0.205238
15,10,25,2062.43,0.183816
15,10,26,1990.06,0.164579
15,10,27,1917.94,0.150521
15,10,28,1852.54,0.143284
15,10,29,1797.43,0.141779
15,10,30,1752.91,0.142369
15,10,31,1716.15,0.140142
15,10,32,1682.38,0.13123
15,10,33,1646.73,0.114556
15,10,34,1605.95,0.0922137
15,10,35,1559.68,0.0684514
15,10,36,1510.51,0.0473252
15,10,37,1462.57,0.0315844
15,10,38,1420.09,0.0222224
15,10,39,1385.54,0.0184622
15,10,40,1359.07,0.0186969
15,10,41,1339.28,0.0209631
15,10,42,1324.1,0.0233474
15,10,43,1311.54,0.0246055
15,10,44,1299.81,0.0239394
15,10,45,1287.28,0.0213264
15,10,46,1271.84,0.0173895
15,10,47,1251.34,0.012987
15,10,48,1224.31,0.00890738
15,10,49,1190.8,0.00563116
15,11,0,2854.3,0.258199
15,11,1,3016.75,0.289245
15,11,2,3100.79,0.302426
15,11,3,3116.09,0.298648
15,11,4,3075.58,0.282543
15,11,5,2994.5,0.259991
15,11,6,2889.97,0.235925
15,11,7,2778.85,0.213215
15,11,8,2674.33,0.193335
15,11,9,2583.48,0.17716
15,11,10,2507.63,0.165718
15,11,11,2444.42,0.160021
15,11,12,2392.51,0.161273
15,11,13,2349.4,0.169671
15,11,14,2313.47,0.1843
15,11,15,2283.2,0.203508
15,11,16,2257.1,0.224535
15,11,17,2235.01,0.243882
15,11,18,2217.79,0.258444
15,11,19,2205.92,0.266279
15,11,20,2197.72,0.266768
15,11,21,2188.32,0.260621
15,11,22,2170.9,0.248767
15,11,23,2139.6,0.232154
15,11,24,2092.06,0.211971
15,11,25,2030.48,0.189952
15,11,26,1960.85,0.168799
15,11,27,1890.85,0.151574
15,11,28,1827.15,0.140489
15,11,29,1773.57,0.135362
15,11,30,1730.69,0.133461
15,11,31,1695.85,0.130413
15,11,32,1664.4,0.122331
15,11,33,1631.46,0.107661
15,11,34,1593.78,0.0878161
15,11,35,1550.88,0.0664529
15,11,36,1505.25,0.0474034
15,11,37,1460.96,0.0334744
15,11,38,1422.17,0.0259236
15,11,39,1391.28,0.0241415
15,11,40,1368.3,0.0265094
15,11,41,1351.71,0.0308116
15,11,42,1339.28,0.0347348
15,11,43,1328.92,0.0366263
15,11,44,1318.83,0.0355202
15,11,45,1307.33,0.0314908
15,11,46,1292.29,0.025503
15,11,47,1271.39,0.0188608
15,11,48,1243.03,0.0127498
15,11,49,1207.26,0.00788897
15,12,0,2838.4,0.288675
15,12,1,3003.37,0.326875
15,12,2,3089.21,0.345173
15,12,3,3105.7,0.34348
15,12,4,3066.4,0.326195
15,12,5,2987.44,0.299735
15,12,6,2886.49,0.270085
15,12,7,2780.13,0.241278
15,12,8,2680.52,0.215637
15,12,9,2593.43,0.194384
15,12,10,2519.36,0.178428
15,12,11,2455.72,0.168493
15,12,12,2401.14,0.165583
15,12,13,2353.33,0.169977
15,12,14,2310.78,0.181058
15,12,15,2272.35,0.197517
15,12,16,2237.24,0.216726
15,12,17,2206.22,0.235068
15,12,18,2181.17,0.24922
15,12,19,2163.35,0.257028
15,12,20,2151.48,0.257867
15,12,21,2140.73,0.252544
15,12,22,2124.1,0.242088
15,12,23,2095.39,0.227273
15,12,24,2051.86,0.208797
15,12,25,1995.08,0.187663
15,12,26,1930.41,0.165973
15,12,27,1864.87,0.146615
15,12,28,1804.75,0.132208
15,12,29,1753.83,0.123489
15,12,30,1712.92,0.11882
15,12,31,1679.82,0.11468
15,12,32,1650.28,0.107463
15,12,33,1619.72,0.0952969
15,12,34,1584.99,0.078899
15,12,35,1545.55,0.061168
15,12,36,1503.67,0.0455239
15,12,37,1463.24,0.0346831
15,12,38,1428.26,0.0300801
15,12,39,1401.04,0.0312482
15,12,40,1381.5,0.0365308
15,12,41,1368.05,0.0434208
15,12,42,1358.4,0.049171
15,12,43,1350.37,0.0517015
15,12,44,1342.15,0.0499128
15,12,45,1331.95,0.0440551
15,12,46,1317.45,0.0355273
15,12,47,1296.13,0.0261639
15,12,48,1266.17,0.0176024
15,12,49,1227.63,0.010824
15,13,0,2822.69,0.327506
15,13,1,2991.19,0.374703
15,13,2,3080.51,0.399366
15,13,3,3100.55,0.400116
15,13,4,3065.51,0.381015
15,13,5,2992.12,0.349167
15,13,6,2898.19,0.311977
15,13,7,2799.59,0.27515
15,13,8,2707.13,0.242329
15,13,9,2625.25,0.215349
15,13,10,2553.59,0.19497
15,13,11,2489.36,0.181286
15,13,12,2431.18,0.174573
15,13,13,2377.03,0.174646
15,13,14,2325.68,0.18084
15,13,15,2276.64,0.192172
15,13,16,2230.01,0.206473
15,13,17,2187.58,0.22059
15,13,18,2152.18,0.231551
15,13,19,2125.76,0.23736
15,13,20,2107.52,0.237472
15,13,21,2092.86,0.23263
15,13,22,2075.01,0.223719
15,13,23,2047.8,0.211159
15,13,24,2008.25,0.195104
15,13,25,1957.27,0.17584
15,13,26,1899.23,0.15485
15,13,27,1840.11,0.134725
15,13,28,1785.4,0.118252
15,13,29,1738.6,0.106877
15,13,30,1700.69,0.0999697
15,13,31,1669.97,0.0949525
15,13,32,1642.72,0.0887163
15,13,33,1614.78,0.0792953
15,13,34,1583.18,0.066839
15,13,35,1547.23,0.0534842
15,13,36,1509.01,0.0421376
15,13,37,1472.18,0.0352942
15,13,38,1440.55,0.0344252
15,13,39,1416.39,0.039125
15,13,40,1399.61,0.0476439
15,13,41,1388.66,0.0571762
15,13,42,1381.33,0.0645885
15,13,43,1375.49,0.0674647
15,13,44,1369.29,0.0646755
15,13,45,1360.76,0.0567364
15,13,46,1347.22,0.0455208
15,13,47,1325.75,0.0333869
15,13,48,1294.18,0.0223878
15,13,49,1252.52,0.0137274
15,14,0,2809.83,0.374164
15,14,1,2981.73,0.431887
15,14,2,3074.95,0.463949
15,14,3,3099.51,0.467493
15,14,4,3070.08,0.446166
15,14,5,3003.78,0.407841
15,14,6,2918.21,0.361557
15,14,7,2828.3,0.31504
15,14,8,2743.45,0.273608
15,14,9,2666.89,0.239985
15,14,10,2597.55,0.214856
15,14,11,2532.49,0.19752
15,14,12,2470.37,0.187171
15,14,13,2409.47,0.182714
15,14,14,2348.94,0.183105
15,14,15,2288.97,0.187593
15,14,16,2230.55,0.194682
15,14,17,2176.35,0.202145
15,14,18,2130.02,0.207833
15,14,19,2094.05,0.210195
15,14,20,2068.07,0.208776
15,14,21,2047.93,0.204051
15,14,22,2027.35,0.196498
15,14,23,2000.47,0.186076
15,14,24,1964.33,0.172479
15,14,25,1919.22,0.15549
15,14,26,1868.45,0.136125
15,14,27,1816.82,0.11664
15,14,28,1768.83,0.0997281
15,14,29,1727.53,0.0871901
15,14,30,1693.97,0.0791115
15,14,31,1666.85,0.0737625
15,14,32,1642.95,0.0686428
15,14,33,1618.42,0.0619208
15,14,34,1590.41,0.0533996
15,14,35,1558.12,0.0445778
15,14,36,1523.34,0.0378269
15,14,37,1489.55,0.0353134
15,14,38,1460.41,0.0383755
15,14,39,1438.18,0.0465527
15,14,40,1422.85,0.0579502
15,14,41,1413.1,0.0695232
15,14,42,1407.01,0.0779108
15,14,43,1402.69,0.0805704
15,14,44,1398.37,0.0765072
15,14,45,1391.77,0.0665706
15,14,46,1379.72,0.0530557
15,14,47,1358.63,0.0387124
15,14,48,1325.81,0.0258595
15,14,49,1281.13,0.0158129
15,15,0,2801.92,0.424798
15,15,1,2976.07,0.493697
15,15,2,3072.28,0.533694
15,15,3,3100.75,0.54044
15,15,4,3076.48,0.517112
15,15,5,3016.79,0.472284
15,15,6,2938.9,0.416572
15,15,7,2856.82,0.35974
15,15,8,2778.71,0.308879
15,15,9,2706.75,0.267762
15,15,10,2639.34,0.237176
15,15,11,2573.44,0.215705
15,15,12,2507.84,0.201431
15,15,13,2441.11,0.192188
15,15,14,2372.8,0.186347
15,15,15,2303.66,0.183258
15,15,16,2235.37,0.182129
15,15,17,2171.21,0.181859
15,15,18,2115.3,0.181336
15,15,19,2070.39,0.179586
15,15,20,2036.47,0.176205
15,15,21,2009.94,0.171249
15,15,22,1985.24,0.164626
15,15,23,1957.2,0.155841
15,15,24,1923.12,0.144303
15,15,25,1882.96,0.129583
15,15,26,1839.05,0.112426
15,15,27,1795.06,0.094767
15,15,28,1754.47,0.0789656
15,15,29,1719.8,0.0668069
15,15,30,1691.97,0.058737
15,15,31,1669.94,0.0536695
15,15,32,1650.75,0.0497296
15,15,33,1630.72,0.0453981
15,15,34,1606.98,0.040366
15,15,35,1578.56,0.0356775
15,15,36,1547.05,0.0332027
15,15,37,1515.72,0.0347042
15,15,38,1488.08,0.041227
15,15,39,1466.38,0.0521429
15,15,40,1450.82,0.0653974
15,15,41,1440.47,0.0778407
15,15,42,1433.98,0.086135
15,15,43,1429.97,0.0878962
15,15,44,1426.88,0.0824453
15,15,45,1422.16,0.0709842
15,15,46,1411.96,0.0560816
15,15,47,1391.88,0.0406394
15,15,48,1358.51,0.0270063
15,15,49,1311.34,0.0164534
15,16,0,2799.19,0.472524
15,16,1,2973.92,0.551816
15,16,2,3071.48,0.59942
15,16,3,3102.25,0.609703
15,16,4,3081.5,0.58535
15,16,5,3026.64,0.535397
15,16,6,2954.58,0.47166
15,16,7,2878.51,0.405556
15,16,8,2805.6,0.345706
15,16,9,2737.24,0.296903
15,16,10,2671.43,0.260215
15,16,11,2605.09,0.233815
15,16,12,2537.21,0.214976
15,16,13,2466.6,0.200628
15,16,14,2393.14,0.188581
15,16,15,2317.95,0.178156
15,16,16,2243.05,0.169131
15,16,17,2171.95,0.161429
15,16,18,2108.79,0.154909
15,16,19,2056.3,0.149143
15,16,20,2014.7,0.143727
15,16,21,1981.03,0.138272
15,16,22,1950.75,0.132122
15,16,23,1919.73,0.124438
15,16,24,1885.9,0.114529
15,16,25,1849.17,0.101979
15,16,26,1811.13,0.0874065
15,16,27,1774.42,0.0724225
15,16,28,1741.53,0.0588897
15,16,29,1714.29,0.0482962
15,16,30,1693.38,0.0411514
15,16,31,1677.7,0.036799
15,16,32,1664.36,0.0339421
15,16,33,1649.68,0.0314749
15,16,34,1630.71,0.0291605
15,16,35,1606.34,0.027764
15,16,36,1577.97,0.0287148
15,16,37,1548.7,0.0333334
15,16,38,1521.81,0.0422648
15,16,39,1499.51,0.0546513
15,16,40,1482.19,0.0683281
15,16,41,1469.52,0.0802317
15,16,42,1460.95,0.0873257
15,16,43,1455.84,0.0876548
15,16,44,1453.04,0.0809842
15,16,45,1449.78,0.0688116
15,16,46,1441.55,0.0537637
15,16,47,1423.01,0.0386106
15,16,48,1389.86,0.0254794
15,16,49,1341.06,0.0154431
15,17,0,2800.12,0.509016
15,17,1,2973.96,0.596257
15,17,2,3071.24,0.650087
15,17,3,3102.59,0.664009
15,17,4,3083.48,0.640242
15,17,5,3031.42,0.587909
15,17,6,2963.09,0.519368
15,17,7,2891.07,0.446951
15,17,8,2821.83,0.380225
15,17,9,2756.18,0.32472
15,17,10,2691.9,0.281885
15,17,11,2625.93,0.249876
15,17,12,2557.45,0.225702
15,17,13,2485.4,0.205863
15,17,14,2409.83,0.187875
15,17,15,2331.97,0.171018
15,17,16,2253.89,0.155432
15,17,17,2178.88,0.141746
15,17,18,2110.74,0.130472
15,17,19,2051.92,0.121534
15,17,20,2002.76,0.114466
15,17,21,1961.12,0.108512
15,17,22,1923.78,0.102588
15,17,23,1887.99,0.0956925
15,17,24,1852.66,0.0871784
15,17,25,1817.93,0.0767564
15,17,26,1784.8,0.0649611
15,17,27,1754.94,0.0530606
15,17,28,1729.76,0.0423533
15,17,29,1710.31,0.0338919
15,17,30,1696.79,0.0280783
15,17,31,1687.9,0.0245303
15,17,32,1680.67,0.022454
15,17,33,1671.41,0.0211825
15,17,34,1657.15,0.0206562
15,17,35,1636.78,0.0214913
15,17,36,1611.56,0.0247457
15,17,37,1584.32,0.0313022
15,17,38,1558.02,0.0413751
15,17,39,1534.68,0.0538787
15,17,40,1514.84,0.0666279
15,17,41,1498.83,0.0768259
15,17,42,1487.03,0.0819468
15,17,43,1479.75,0.0806302
15,17,44,1476.35,0.0731189
15,17,45,1474,0.0610989
15,17,46,1467.57,0.0470494
15,17,47,1450.82,0.03338
15,17,48,1418.53,0.0218118
15,17,49,1368.96,0.0131189
15,18,0,2802.04,0.527801
15,18,1,2974.31,0.619262
15,18,2,3070.49,0.677045
15,18,3,3101.45,0.694353
15,18,4,3082.83,0.673018
15,18,5,3032.27,0.62182
15,18,6,2966.26,0.552885
15,18,7,2896.94,0.478539
15,18,8,2830.32,0.408508
15,18,9,2766.88,0.348594
15,18,10,2704.33,0.300576
15,18,11,2639.64,0.262929
15,18,12,2572.16,0.232983
15,18,13,2500.8,0.207418
15,18,14,2425.63,0.183909
15,18,15,2347.71,0.161823
15,18,16,2268.91,0.141501
15,18,17,2192.02,0.123873
15,18,18,2120.24,0.109657
15,18,19,2055.62,0.0988278
15,18,20,1998.67,0.0907689
15,18,21,1948.28,0.084479
15,18,22,1902.75,0.0786731
15,18,23,1861,0.0723862
15,18,24,1823.12,0.0651242
15,18,25,1789.56,0.0567543
15,18,26,1760.76,0.0477041
15,18,27,1737.33,0.0388708
15,18,28,1719.49,0.0309925
15,18,29,1707.35,0.0246623
15,18,30,1700.54,0.0201167
15,18,31,1697.51,0.0171607
15,18,32,1695.35,0.0154303
15,18,33,1690.52,0.0146746
15,18,34,1680.3,0.0150501
15,18,35,1663.71,0.0171031
15,18,36,1641.92,0.0215884
15,18,37,1617.37,0.0289944
15,18,38,1592.44,0.0391434
15,18,39,1568.78,0.0507713
15,18,40,1546.96,0.0617606
15,18,41,1527.88,0.0696854
15,18,42,1512.85,0.0726043
15,18,43,1503.09,0.0697684
15,18,44,1498.6,0.0618387
15,18,45,1496.59,0.0505779
15,18,46,1491.52,0.0381948
15,18,47,1476.39,0.0266348
15,18,48,1445.12,0.0171491
15,18,49,1395.24,0.0101886
15,19,0,2802.33,0.526548
15,19,1,2973.44,0.618146
15,19,2,3068.88,0.677321
15,19,3,3099.74,0.697532
15,19,4,3081.81,0.680323
15,19,5,3032.76,0.633749
15,19,6,2968.87,0.569007
15,19,7,2901.94,0.49756
15,19,8,2837.62,0.42852
15,19,9,2776.22,0.367423
15,19,10,2715.51,0.31617
15,19,11,2652.53,0.273709
15,19,12,2586.76,0.238126
15,19,13,2517.01,0.206853
15,19,14,2443.28,0.178249
15,19,15,2366.36,0.152046
15,19,16,2287.76,0.128747
15,19,17,2209.7,0.109242
15,19,18,2134.7,0.0939957
15,19,19,2064.45,0.082687
15,19,20,1999.71,0.0744146
15,19,21,1940.52,0.068032
15,19,22,1886.8,0.0622764
15,19,23,1839.19,0.0564165
15,19,24,1798.88,0.0502072
15,19,25,1766.55,0.0436763
15,19,26,1741.87,0.0371126
15,19,27,1724.22,0.0310207
15,19,28,1712.55,0.0256185
15,19,29,1705.97,0.0210662
15,19,30,1703.61,0.0174323
15,19,31,1703.9,0.0146643
15,19,32,1704.31,0.0127687
15,19,33,1701.88,0.0118765
15,19,34,1694.45,0.0123763
15,19,35,1681.38,0.014808
15,19,36,1663.68,0.0197043
15,19,37,1643.16,0.0272339
15,19,38,1621.39,0.036902
15,19,39,1599.39,0.0473135
15,19,40,1577.56,0.056445
15,19,41,1557.17,0.0622205
15,19,42,1540.26,0.063202
15,19,43,1528.8,0.0591431
15,19,44,1523.37,0.0510188
15,19,45,1521.35,0.0406118
15,19,46,1516.99,0.0298656
15,19,47,1502.84,0.020307
15,19,48,1472.14,0.012773
15,19,49,1421.74,0.00743085
15,20,0,2799.71,0.507771
15,20,1,2971.01,0.596232
15,20,2,3067.16,0.654767
15,20,3,3099.34,0.677466
15,20,4,3083.46,0.665634
15,20,5,3037.09,0.626348
15,20,6,2976.22,0.569435
15,20,7,2912.2,0.504952
15,20,8,2850.35,0.44087
15,20,9,2790.86,0.382012
15,20,10,2731.59,0.330089
15,20,11,2669.74,0.284441
15,20,12,2604.92,0.244055
15,20,13,2535.99,0.207497
15,20,14,2462.97,0.17427
15,20,15,2386.48,0.144832
15,20,16,2307.73,0.119954
15,20,17,2228.42,0.10028
15,20,18,2150.44,0.0856456
15,20,19,2075.17,0.0750876
15,20,20,2003.68,0.0672422
15,20,21,1937.1,0.0608566
15,20,22,1876.86,0.0548806
15,20,23,1825.04,0.0490043
15,20,24,1783.59,0.0433518
15,20,25,1753.05,0.0381442
15,20,26,1732.18,0.0335285
15,20,27,1718.99,0.0296084
15,20,28,1711.2,0.0261192
15,20,29,1707.07,0.0228146
15,20,30,1705.51,0.0196003
15,20,31,1705.33,0.0165415
15,20,32,1704.89,0.0139731
15,20,33,1702.31,0.0123879
15,20,34,1696.3,0.0124297
15,20,35,1686.69,0.0146966
15,20,36,1674.17,0.0195868
15,20,37,1659.68,0.0270308
15,20,38,1643.64,0.036282
15,20,39,1626.23,0.0458182
15,20,40,1607.42,0.053646
15,20,41,1588.61,0.0579001
15,20,42,1572.2,0.0574565
15,20,43,1560.66,0.052405
15,20,44,1554.97,0.0439496
15,20,45,1552.77,0.0339254
15,20,46,1548.39,0.0241373
15,20,47,1534.18,0.015852
15,20,48,1502.97,0.00962341
15,20,49,1451.09,0.00540525
15,21,0,2795.02,0.477159
15,21,1,2968.4,0.560875
15,21,2,3067.25,0.617975
15,21,3,3102.78,0.643246
15,21,4,3090.9,0.637695
15,21,5,3048.99,0.607297
15,21,6,2992.56,0.560391
15,21,7,2932.37,0.505488
15,21,8,2873.27,0.449243
15,21,9,2815.23,0.395494
15,21,10,2756.17,0.345441
15,21,11,2693.6,0.298541
15,21,12,2627.46,0.25458
15,21,13,2556.96,0.213415
15,21,14,2482.57,0.17602
15,21,15,2404.99,0.14394
15,21,16,2325.34,0.118395
15,21,17,2244.84,0.0997012
15,21,18,2164.8,0.0867962
15,21,19,2086.31,0.0777785
15,21,20,2010.61,0.0706373
15,21,21,1939.71,0.0640139
15,21,22,1876.14,0.0572294
15,21,23,1822.86,0.0505774
15,21,24,1782.08,0.044693
15,21,25,1753.82,0.0400562
15,21,26,1735.81,0.0366929
15,21,27,1724.84,0.0343036
15,21,28,1717.69,0.0321552
15,21,29,1712.07,0.0295937
15,21,30,1707.06,0.0263467
15,21,31,1702.27,0.0225624
15,21,32,1697.43,0.0188675
15,21,33,1692.2,0.0161119
15,21,34,1686.46,0.0152382
15,21,35,1680.47,0.0169866
15,21,36,1674.46,0.0217216
15,21,37,1668.18,0.0292175
15,21,38,1660.7,0.0385145
15,21,39,1651.12,0.0479137
15,21,40,1638.74,0.0553126
15,21,41,1624.77,0.0588441
15,21,42,1611.63,0.0574722
15,21,43,1601.94,0.0514666
15,21,44,1596.91,0.0422275
15,21,45,1594.5,0.0317476
15,21,46,1589.27,0.0218858
15,21,47,1573.7,0.0138502
15,21,48,1540.47,0.00805903
15,21,49,1485.58,0.0043186
15,22,0,2791.12,0.441589
15,22,1,2968.33,0.520801
15,22,2,3071.66,0.577059
15,22,3,3112.28,0.605627
15,22,4,3106.06,0.60705
15,22,5,3070.06,0.586195
15,22,6,3019.22,0.550066
15,22,7,2963.51,0.505841
15,22,8,2907.09,0.458973
15,22,9,2849.54,0.412234
15,22,10,2788.79,0.366024
15,22,11,2722.77,0.319576
15,22,12,2652.1,0.273216
15,22,13,2576.95,0.228085
15,22,14,2498.72,0.186818
15,22,15,2418.62,0.15233
15,22,16,2337.88,0.12648
15,22,17,2257.28,0.10927
15,22,18,2177.47,0.098584
15,22,19,2099.05,0.0913683
15,22,20,2023.14,0.0848099
15,22,21,1952.14,0.0774248
15,22,22,1889.07,0.0690191
15,22,23,1837.12,0.0606409
15,22,24,1798.24,0.0535654
15,22,25,1771.81,0.0486053
15,22,26,1754.73,0.045703
15,22,27,1742.99,0.0441755
15,22,28,1732.88,0.0428358
15,22,29,1721.99,0.0406119
15,22,30,1709.87,0.0370134
15,22,31,1697.21,0.0322093
15,22,32,1685.39,0.0270614
15,22,33,1675.81,0.022772
15,22,34,1669.63,0.0206396
15,22,35,1667.52,0.0216436
15,22,36,1669.06,0.0262129
15,22,37,1672.67,0.0340273
15,22,38,1675.94,0.0439128
15,22,39,1676.73,0.0539071
15,22,40,1673.53,0.0616424
15,22,41,1667.11,0.065057
15,22,42,1659.57,0.0630309
15,22,43,1653.42,0.0559249
15,22,44,1649.93,0.0453492
15,22,45,1647.36,0.0335726
15,22,46,1640.65,0.0226789
15,22,47,1622.54,0.0139795
15,22,48,1585.78,0.00786769
15,22,49,1526.21,0.00404629
15,23,0,2790.51,0.407231
15,23,1,2972.74,0.483519
15,23,2,3081.65,0.540444
15,23,3,3128.38,0.573374
15,23,4,3128.73,0.582217
15,23,5,3099.41,0.570847
15,23,6,3054.68,0.545279
15,23,7,3003.63,0.511751
15,23,8,2949.5,0.474767
15,23,9,2891.28,0.436031
15,23,10,2826.81,0.39491
15,23,11,2754.63,0.350091
15,23,12,2676.43,0.302165
15,23,13,2593.91,0.253477
15,23,14,2510,0.208378
15,23,15,2426.82,0.171331
15,23,16,2345.81,0.14497
15,23,17,2267.27,0.129054
15,23,18,2190.93,0.120384
15,23,19,2116.57,0.114672
15,23,20,2044.78,0.108233
15,23,21,1977.74,0.0994535
15,23,22,1918.35,0.0886873
15,23,23,1869.52,0.0778139
15,23,24,1832.68,0.0688046
15,23,25,1806.66,0.0628299
15,23,26,1788.02,0.0597667
15,23,27,1772.54,0.0585798
15,23,28,1756.51,0.0576608
15,23,29,1737.81,0.0555258
15,23,30,1716.58,0.0514246
15,23,31,1694.63,0.0454623
15,23,32,1674.91,0.0386557
15,23,33,1660.47,0.0325372
15,23,34,1653.63,0.0288099
15,23,35,1655.43,0.0287835
15,23,36,1664.76,0.0330371
15,23,37,1678.7,0.0411992
15,23,38,1693.4,0.0518618
15,23,39,1705.58,0.0627236
15,23,40,1712.79,0.0710509
15,23,41,1715.21,0.0744911
15,23,42,1714.49,0.0717822
15,23,43,1712.83,0.0633667
15,23,44,1711.49,0.0510885
15,23,45,1708.93,0.0375489
15,23,46,1700.47,0.0251246
15,23,47,1679.11,0.0152918
15,23,48,1637.75,0.00846315
15,23,49,1572.17,0.00425862
15,24,0,2793.85,0.379059
15,24,1,2981.38,0.454433
15,24,2,3096.06,0.513554
15,24,3,3149.02,0.551594
15,24,4,3156,0.567811
15,24,5,3133.38,0.565365
15,24,6,3094.72,0.54971
15,24,7,3048.15,0.52652
15,24,8,2995.89,0.499515
15,24,9,2936.15,0.469265
15,24,10,2866.63,0.433884
15,24,11,2786.55,0.391279
15,24,12,2699,0.342117
15,24,13,2607.76,0.289871
15,24,14,2517.67,0.2406
15,24,15,2432.09,0.200364
15,24,16,2352.66,0.172652
15,24,17,2278.95,0.15709
15,24,18,2209.45,0.149519
15,24,19,2142.74,0.144508
15,24,20,2078.45,0.137557
15,24,21,2018.11,0.126954
15,24,22,1964.1,0.113583
15,24,23,1918.77,0.100096
15,24,24,1883.06,0.0890701
15,24,25,1855.56,0.0819497
15,24,26,1833,0.0785088
15,24,27,1811.49,0.0773975
15,24,28,1787.84,0.0766602
15,24,29,1760.47,0.0744601
15,24,30,1730.15,0.0697806
15,24,31,1699.57,0.0625876
15,24,32,1672.84,0.0539615
15,24,33,1654.18,0.0457204
15,24,34,1646.81,0.0399923
15,24,35,1651.99,0.0384822
15,24,36,1668.03,0.0419783
15,24,37,1690.97,0.0500827
15,24,38,1715.82,0.0611342
15,24,39,1738.29,0.0724614
15,24,40,1755.13,0.0809625
15,24,41,1765.95,0.0840335
15,24,42,1771.89,0.0803431
15,24,43,1774.87,0.0704731
15,24,44,1776.01,0.0565
15,24,45,1773.9,0.0413087
15,24,46,1763.99,0.027495
15,24,47,1739.43,0.0166412
15,24,48,1693.18,0.00915335
15,24,49,1621.03,0.00457393
15,25,0,2799.2,0.360253
15,25,1,2991.53,0.436343
15,25,2,3111.45,0.498474
15,25,3,3170.13,0.541543
15,25,4,3183.25,0.564391
15,25,5,3166.85,0.569908
15,25,6,3133.87,0.563415
15,25,7,3091.52,0.550257
15,25,8,3040.95,0.533345
15,25,9,2979.58,0.511916
15,25,10,2904.9,0.482613
15,25,11,2816.84,0.442406
15,25,12,2720.06,0.391974
15,25,13,2620.65,0.335876
15,25,14,2525.6,0.281809
15,25,15,2439.52,0.237386
15,25,16,2364.07,0.206971
15,25,17,2297.78,0.190216
15,25,18,2237.56,0.18227
15,25,19,2180.52,0.176828
15,25,20,2125.18,0.168761
15,25,21,2072.26,0.156305
15,25,22,2023.56,0.140772
15,25,23,1980.94,0.125374
15,25,24,1945.02,0.113053
15,25,25,1914.41,0.105327
15,25,26,1886.33,0.101771
15,25,27,1857.63,0.100748
15,25,28,1825.98,0.100055
15,25,29,1790.59,0.0976171
15,25,30,1752.82,0.0922083
15,25,31,1715.87,0.0836356
15,25,32,1684.36,0.0729862
15,25,33,1662.99,0.0623159
15,25,34,1655.38,0.0541573
15,25,35,1662.84,0.0506203
15,25,36,1683.33,0.0527102
15,25,37,1712.29,0.0600012
15,25,38,1744.05,0.0705659
15,25,39,1773.75,0.0813872
15,25,40,1797.57,0.0890903
15,25,41,1814.74,0.0909804
15,25,42,1826.03,0.0858311
15,25,43,1833.12,0.0744634
15,25,44,1836.96,0.0591535
15,25,45,1836,0.042925
15,25,46,1825.56,0.0284025
15,25,47,1798.64,0.01712
15,25,48,1748.11,0.00939884
15,25,49,1669.7,0.00470114
15,26,0,2802.53,0.352188
15,26,1,2998.62,0.429759
15,26,2,3122.82,0.494592
15,26,3,3186.33,0.541491
15,26,4,3204.77,0.56936
15,26,5,3193.9,0.581379
15,26,6,3166.06,0.58312
15,26,7,3127.68,0.579679
15,26,8,3079.01,0.572966
15,26,9,3016.72,0.560598
15,26,10,2938.12,0.537552
15,26,11,2843.79,0.499799
15,26,12,2739.91,0.448045
15,26,13,2634.85,0.387884
15,26,14,2537.58,0.328504
15,26,15,2453.74,0.278912
15,26,16,2384.66,0.244316
15,26,17,2327.48,0.224584
15,26,18,2277.41,0.214581
15,26,19,2230.08,0.207543
15,26,20,2183.04,0.198011
15,26,21,2136.46,0.184223
15,26,22,2091.8,0.167732
15,26,23,2050.65,0.151959
15,26,24,2013.43,0.139852
15,26,25,1978.89,0.132731
15,26,26,1944.78,0.129828
15,26,27,1908.84,0.129229
15,26,28,1869.85,0.128595
15,26,29,1827.99,0.125754
15,26,30,1785.21,0.119388
15,26,31,1744.84,0.109189
15,26,32,1711.38,0.0962434
15,26,33,1689.26,0.0828009
15,26,34,1681.85,0.0717422
15,26,35,1690.27,0.0655436
15,26,36,1712.31,0.0654047
15,26,37,1743.33,0.0708695
15,26,38,1777.55,0.0797639
15,26,39,1810.05,0.088797
15,26,40,1836.93,0.0944706
15,26,41,1857.31,0.0942065
15,26,42,1871.87,0.0870808
15,26,43,1882.14,0.074248
15,26,44,1888.78,0.0581261
15,26,45,1889.88,0.0416889
15,26,46,1880.25,0.0273541
15,26,47,1852.42,0.0164196
15,26,48,1798.91,0.00902755
15,26,49,1715.35,0.00455658
15,27,0,2800.31,0.35414
15,27,1,2998.84,0.433139
15,27,2,3126.16,0.499471
15,27,3,3193.42,0.548159
15,27,4,3216.12,0.578731
15,27,5,3209.76,0.595211
15,27,6,3186.21,0.603743
15,27,7,3151.33,0.609199
15,27,8,3104.75,0.612295
15,27,9,3042.66,0.608829
15,27,10,2962.3,0.592027
15,27,11,2864.83,0.556879
15,27,12,2757.73,0.504132
15,27,13,2651.21,0.440276
15,27,14,2555.69,0.375726
15,27,15,2477.36,0.320599
15,27,16,2416.77,0.280853
15,27,17,2369.5,0.256758
15,27,18,2329.09,0.243351
15,27,19,2290.02,0.233914
15,27,20,2249.29,0.223003
15,27,21,2206.96,0.208909
15,27,22,2164.54,0.19319
15,27,23,2123.58,0.179063
15,27,24,2084.38,0.169088
15,27,25,2045.75,0.164096
15,27,26,2005.85,0.162849
15,27,27,1963.36,0.163164
15,27,28,1918.21,0.162663
15,27,29,1871.69,0.159225
15,27,30,1826.34,0.151591
15,27,31,1785.41,0.139444
15,27,32,1752.75,0.123905
15,27,33,1731.83,0.107372
15,27,34,1725.21,0.0929833
15,27,35,1733.44,0.083499
15,27,36,1754.25,0.0802751
15,27,37,1783.3,0.0828461
15,27,38,1815.32,0.0888609
15,27,39,1845.91,0.0948695
15,27,40,1871.55,0.0974057
15,27,41,1891.72,0.0941835
15,27,42,1907.25,0.0847188
15,27,43,1919.62,0.0705405
15,27,44,1929.11,0.0541344
15,27,45,1933.14,0.0382502
15,27,46,1925.69,0.024894
15,27,47,1898.53,0.0149732
15,27,48,1843.61,0.00837326
15,27,49,1756.35,0.0043913
15,28,0,2790.97,0.362982
15,28,1,2990.48,0.442778
15,28,2,3119.57,0.509001
15,28,3,3189.23,0.557162
15,28,4,3214.78,0.587835
15,28,5,3211.43,0.606279
15,28,6,3190.75,0.619438
15,28,7,3158.36,0.632033
15,28,8,3113.63,0.643604
15,28,9,3052.7,0.648183
15,28,10,2972.97,0.637373
15,28,11,2876.15,0.605267
15,28,12,2770.64,0.5526
15,28,13,2667.77,0.486457
15,28,14,2578.62,0.418043
15,28,15,2509.18,0.358168
15,28,16,2458.87,0.313358
15,28,17,2421.7,0.284417
15,28,18,2389.89,0.266994
15,28,19,2357.22,0.254918
15,28,20,2320.63,0.243119
15,28,21,2280.49,0.229986
15,28,22,2238.66,0.216849
15,28,23,2196.81,0.206326
15,28,24,2155.16,0.200246
15,28,25,2112.51,0.198739
15,28,26,2067.37,0.200038
15,28,27,2019.25,0.201734
15,28,28,1969.26,0.201499
15,28,29,1919.81,0.197384
15,28,30,1874,0.188309
15,28,31,1834.84,0.174041
15,28,32,1805.18,0.155757
15,28,33,1787.14,0.135945
15,28,34,1781.9,0.117875
15,28,35,1789.19,0.1045
15,28,36,1806.64,0.0973133
15,28,37,1830.48,0.0959197
15,28,38,1856.38,0.0979408
15,28,39,1881.01,0.0999286
15,28,40,1901.73,0.0985856
15,28,41,1918.74,0.0920053
15,28,42,1933.24,0.0801559
15,28,43,1946.73,0.0648819
15,28,44,1958.98,0.0486404
15,28,45,1966.55,0.0338325
15,28,46,1962.32,0.0219353
15,28,47,1937.08,0.0133942
15,28,48,1882.13,0.00781148
15,28,49,1792.53,0.0044176
15,29,0,2776.02,0.374055
15,29,1,2975.02,0.453867
15,29,2,3104.37,0.518633
15,29,3,3174.78,0.56442
15,29,4,3201.26,0.592948
15,29,5,3198.76,0.610789
15,29,6,3178.7,0.625774
15,29,7,3146.78,0.642651
15,29,8,3102.7,0.660124
15,29,9,3043.1,0.670922
15,29,10,2965.87,0.665445
15,29,11,2873.29,0.637069
15,29,12,2774.21,0.58635
15,29,13,2680.19,0.520472
15,29,14,2601.97,0.450795
15,29,15,2544.56,0.38827
15,29,16,2506.02,0.339721
15,29,17,2479.02,0.306546
15,29,18,2454.97,0.285371
15,29,19,2427.43,0.271012
15,29,20,2393.65,0.259088
15,29,21,2354.52,0.248116
15,29,22,2312.34,0.238988
15,29,23,2268.89,0.233405
15,29,24,2224.43,0.23223
15,29,25,2177.79,0.234841
15,29,26,2127.88,0.23903
15,29,27,2075.08,0.242315
15,29,28,2021.58,0.242529
15,29,29,1970.78,0.237951
15,29,30,1926.2,0.227695
15,29,31,1890.47,0.21159
15,29,32,1865.26,0.190802
15,29,33,1851.07,0.167791
15,29,34,1847.52,0.145826
15,29,35,1853.34,0.127982
15,29,36,1865.99,0.115926
15,29,37,1882.49,0.10949
15,29,38,1899.69,0.106512
15,29,39,1915.74,0.103765
15,29,40,1929.18,0.0982454
15,29,41,1941.22,0.0884276
15,29,42,1953.54,0.0746123
15,29,43,1967.61,0.0587867
15,29,44,1982.61,0.0432355
15,29,45,1994.06,0.0299161
15,29,46,1993.63,0.0197313
15,29,47,1971.07,0.0126725
15,29,48,1916.92,0.00808403
15,29,49,1825.89,0.00516942
15,30,0,2759.26,0.382764
15,30,1,2956.45,0.461979
15,30,2,3084.55,0.524638
15,30,3,3153.89,0.567207
15,30,4,3179.05,0.592276
15,30,5,3174.66,0.607445
15,30,6,3152.13,0.62131
15,30,7,3117.68,0.638883
15,30,8,3071.93,0.658665
15,30,9,3012.64,0.672919
15,30,10,2938.72,0.671561
15,30,11,2853.02,0.647549
15,30,12,2764.34,0.601026
15,30,13,2683.51,0.538654
15,30,14,2619.86,0.471182
15,30,15,2576.83,0.409067
15,30,16,2551.04,0.359087
15,30,17,2534.28,0.323213
15,30,18,2517.69,0.299278
15,30,19,2495.07,0.283411
15,30,20,2464.1,0.272151
15,30,21,2426.13,0.264151
15,30,22,2383.66,0.259693
15,30,23,2338.56,0.259358
15,30,24,2291.09,0.262954
15,30,25,2240.42,0.269236
15,30,26,2186.12,0.275833
15,30,27,2129.53,0.280477
15,30,28,2073.88,0.281328
15,30,29,2023.3,0.276885
15,30,30,1981.38,0.266323
15,30,31,1950.15,0.249355
15,30,32,1929.97,0.226926
15,30,33,1919.75,0.201272
15,30,34,1917.61,0.175516
15,30,35,1921.32,0.152812
15,30,36,1928.33,0.135084
15,30,37,1936.44,0.122615
15,30,38,1943.93,0.113773
15,30,39,1950.49,0.105829
15,30,40,1956.05,0.0962165
15,30,41,1962.84,0.0837456
15,30,42,1973,0.0688409
15,30,43,1987.83,0.0533676
15,30,44,2005.82,0.0392344
15,30,45,2021.35,0.0278571
15,30,46,2024.9,0.0195534
15,30,47,2005.18,0.0139154
15,30,48,1952,0.0100981
15,30,49,1859.72,0.00734723
15,31,0,2745.26,0.385893
15,31,1,2939.89,0.46419
15,31,2,3065.61,0.524912
15,31,3,3132.31,0.564638
15,31,4,3154.01,0.586275
15,31,5,3144.96,0.59784
15,31,6,3116.63,0.60833
15,31,7,3076.08,0.623169
15,31,8,3025.5,0.641382
15,31,9,2964.5,0.655824
15,31,10,2893.44,0.656857
15,31,11,2815.82,0.637449
15,31,12,2739.9,0.597137
15,31,13,2674.81,0.541439
15,31,14,2627.69,0.479708
15,31,15,2599.98,0.421272
15,31,16,2587.04,0.372489
15,31,17,2580.34,0.335794
15,31,18,2571.33,0.310332
15,31,19,2554.3,0.29372
15,31,20,2527.35,0.283557
15,31,21,2491.94,0.278632
15,31,22,2450.35,0.278503
15,31,23,2404.27,0.282562
15,31,24,2354.07,0.289618
15,31,25,2299.53,0.298091
15,31,26,2241.27,0.30586
15,31,27,2181.87,0.311267
15,31,28,2125.5,0.312984
15,31,29,2076.67,0.309669
15,31,30,2038.64,0.300284
15,31,31,2012.49,0.284106
15,31,32,1997.23,0.261535
15,31,33,1990.35,0.234346
15,31,34,1988.76,0.20537
15,31,35,1989.61,0.177822
15,31,36,1990.52,0.153977
15,31,37,1990.21,0.134788
15,31,38,1988.33,0.119473
15,31,39,1986.15,0.1061
15,31,40,1984.86,0.0927092
15,31,41,1987.62,0.078412
15,31,42,1996.84,0.0635478
15,31,43,2013.49,0.0495768
15,31,44,2035.15,0.0377964
15,31,45,2055.05,0.0289541
15,31,46,2062.51,0.022751
15,31,47,2045.27,0.018425
15,31,48,1992.55,0.0150169
15,31,49,1898.35,0.0119093
15,32,0,2738.08,0.382737
15,32,1,2930.2,0.460157
15,32,2,3053.18,0.519864
15,32,3,3116.44,0.558278
15,32,4,3133.35,0.577962
15,32,5,3117.62,0.586526
15,32,6,3080.77,0.592734
15,32,7,3030.94,0.602361
15,32,8,2972.3,0.615561
15,32,9,2906.94,0.626849
15,32,10,2837.17,0.628049
15,32,11,2767.19,0.61271
15,32,12,2704.25,0.579709
15,32,13,2655.15,0.532947
15,32,14,2624.29,0.479709
15,32,15,2611.01,0.427641
15,32,16,2609.8,0.382303
15,32,17,2612.35,0.346423
15,32,18,2610.87,0.320409
15,32,19,2600.31,0.30341
15,32,20,2578.99,0.294131
15,32,21,2548.03,0.291521
15,32,22,2509.09,0.294408
15,32,23,2463.32,0.301065
15,32,24,2411.21,0.309485
15,32,25,2353.39,0.318107
15,32,26,2291.9,0.325488
15,32,27,2230.75,0.33094
15,32,28,2175.03,0.333804
15,32,29,2129.35,0.332785
15,32,30,2096.21,0.32633
15,32,31,2075.5,0.31294
15,32,32,2064.8,0.292158
15,32,33,2060.46,0.265078
15,32,34,2058.57,0.234102
15,32,35,2056.1,0.202446
15,32,36,2051.07,0.172752
15,32,37,2043.15,0.146762
15,32,38,2033.36,0.12478
15,32,39,2024.36,0.105943
15,32,40,2018.45,0.0890941
15,32,41,2019.47,0.0736853
15,32,42,2029.84,0.0598492
15,32,43,2049.97,0.0484272
15,32,44,2076.33,0.0398928
15,32,45,2100.95,0.0341815
15,32,46,2112.02,0.0303098
15,32,47,2096.48,0.027164
15,32,48,2043.04,0.0237215
15,32,49,1945.52,0.0195996
15,33,0,2739.68,0.375268
15,33,1,2930.21,0.452123
15,33,2,3051.09,0.512106
15,33,3,3111.31,0.551362
15,33,4,3123.5,0.571558
15,33,5,3100.71,0.579061
15,33,6,3054.37,0.581631
15,33,7,2993.6,0.585042
15,33,8,2924.75,0.590883
15,33,9,2852.67,0.596139
15,33,10,2781.95,0.595018
15,33,11,2717.53,0.582298
15,33,12,2665.49,0.556361
15,33,13,2630.02,0.519285
15,33,14,2612.72,0.475863
15,33,15,2611.05,0.43166
15,33,16,2619.03,0.391103
15,33,17,2629,0.356976
15,33,18,2634.18,0.330777
15,33,19,2630.25,0.313104
15,33,20,2615.53,0.303758
15,33,21,2590.51,0.301943
15,33,22,2555.8,0.305892
15,33,23,2511.83,0.31299
15,33,24,2459.08,0.320672
15,33,25,2399.12,0.327696
15,33,26,2335.52,0.333561
15,33,27,2273.84,0.338725
15,33,28,2220.06,0.343216
15,33,29,2178.72,0.345661
15,33,30,2151.33,0.343775
15,33,31,2136.46,0.335091
15,33,32,2130.34,0.31813
15,33,33,2128.38,0.293177
15,33,34,2126.2,0.262063
15,33,35,2120.85,0.227849
15,33,36,2110.92,0.193415
15,33,37,2097.1,0.161243
15,33,38,2081.59,0.132815
15,33,39,2068.31,0.10855
15,33,40,2060.47,0.0883082
15,33,41,2062.38,0.0720309
15,33,42,2076.22,0.0596705
15,33,43,2101.59,0.0513738
15,33,44,2133.67,0.0466571
15,33,45,2163.19,0.0445007
15,33,46,2177.28,0.0431205
15,33,47,2162.23,0.0409822
15,33,48,2106.41,0.0369955
15,33,49,2003.58,0.0310887
15,34,0,2749.98,0.367363
15,34,1,2940.56,0.444256
15,34,2,3060.94,0.505902
15,34,3,3119.76,0.548237
15,34,4,3128.96,0.571726
15,34,5,3100.82,0.580839
15,34,6,3046.42,0.581559
15,34,7,2975.54,0.579116
15,34,8,2896.35,0.576455
15,34,9,2816.33,0.573458
15,34,10,2742.26,0.567403
15,34,11,2679.96,0.554936
15,34,12,2634.51,0.534332
15,34,13,2607.87,0.505955
15,34,14,2599.24,0.471992
15,34,15,2604.65,0.435718
15,34,16,2617.93,0.40016
15,34,17,2632.25,0.367884
15,34,18,2641.93,0.34121
15,34,19,2643.32,0.322012
15,34,20,2634.68,0.311162
15,34,21,2615.7,0.308289
15,34,22,2585.89,0.311332
15,34,23,2544.82,0.317142
15,34,24,2492.84,0.322877
15,34,25,2432.32,0.327754
15,34,26,2368.22,0.332174
15,34,27,2307.51,0.337594
15,34,28,2256.97,0.344553
15,34,29,2221.04,0.351476
15,34,30,2200.32,0.355324
15,34,31,2192.14,0.352745
15,34,32,2191.54,0.341333
15,34,33,2193.11,0.320577
15,34,34,2192.11,0.291608
15,34,35,2185.77,0.25705
15,34,36,2173.25,0.219716
15,34,37,2156.13,0.182588
15,34,38,2137.69,0.148236
15,34,39,2122.93,0.118474
15,34,40,2115.81,0.094409
15,34,41,2120.94,0.0767099
15,34,42,2140.15,0.065347
15,34,43,2172.02,0.0598694
15,34,44,2210.32,0.0588296
15,34,45,2244.41,0.0601557
15,34,46,2260.46,0.0611359
15,34,47,2244.26,0.0596944
15,34,48,2184,0.0546127
15,34,49,2073.51,0.0461613
15,35,0,2767.53,0.363018
15,35,1,2960.08,0.440793
15,35,2,3082.05,0.505326
15,35,3,3141.92,0.552519
15,35,4,3151.04,0.581593
15,35,5,3120.9,0.594787
15,35,6,3062.01,0.595751
15,35,7,2984.22,0.58861
15,35,8,2896.81,0.577312
15,35,9,2809.09,0.56464
15,35,10,2729.67,0.551273
15,35,11,2665.29,0.536239
15,35,12,2620.69,0.518206
15,35,13,2596.48,0.496185
15,35,14,2590.33,0.469938
15,35,15,2597.36,0.440439
15,35,16,2611.31,0.409158
15,35,17,2626.05,0.378171
15,35,18,2636.81,0.350305
15,35,19,2640.56,0.328488
15,35,20,2635.61,0.314623
15,35,21,2621.04,0.309009
15,35,22,2595.45,0.309718
15,35,23,2557.63,0.313495
15,35,24,2507.7,0.317477
15,35,25,2448.54,0.321257
15,35,26,2386.05,0.325783
15,35,27,2328.22,0.333028
15,35,28,2282.49,0.343684
15,35,29,2253.24,0.35589
15,35,30,2240.45,0.366067
15,35,31,2240.51,0.370343
15,35,32,2247.44,0.365724
15,35,33,2255.06,0.351048
15,35,34,2258.24,0.326611
15,35,35,2254.23,0.294224
15,35,36,2242.59,0.256194
15,35,37,2225.61,0.215621
15,35,38,2207.42,0.175934
15,35,39,2193.89,0.140366
15,35,40,2189.7,0.111458
15,35,41,2199.64,0.0909222
15,35,42,2225.17,0.0790784
15,35,43,2263.84,0.0751335
15,35,44,2307.97,0.0768047
15,35,45,2345.62,0.0809413
15,35,46,2362.08,0.0837877
15,35,47,2342.81,0.0825732
15,35,48,2275.95,0.0758411
15,35,49,2155.4,0.0641773
15,36,0,2790.54,0.365004
15,36,1,2986.81,0.444667
15,36,2,3112.42,0.513017
15,36,3,3175.81,0.566091
15,36,4,3187.98,0.602027
15,36,5,3159.7,0.620836
15,36,6,3100.72,0.623628
15,36,7,3020.39,0.613025
15,36,8,2928.13,0.59353
15,36,9,2834.02,0.570493
15,36,10,2747.77,0.547967
15,36,11,2677.1,0.527629
15,36,12,2627.25,0.50902
15,36,13,2598.74,0.490287
15,36,14,2588.81,0.469163
15,36,15,2592.15,0.4445
15,36,16,2602.32,0.4162
15,36,17,2613.45,0.385658
15,36,18,2621.36,0.355902
15,36,19,2623.52,0.330676
15,36,20,2618.58,0.312861
15,36,21,2605.45,0.303654
15,36,22,2582.3,0.301711
15,36,23,2547.45,0.304097
15,36,24,2500.72,0.308083
15,36,25,2445.06,0.313377
15,36,26,2386.78,0.320867
15,36,27,2334.3,0.332337
15,36,28,2295.38,0.348176
15,36,29,2274.46,0.366223
15,36,30,2271.24,0.382758
15,36,31,2281.5,0.393948
15,36,32,2298.5,0.396714
15,36,33,2315.34,0.389453
15,36,34,2326.36,0.371519
15,36,35,2328.64,0.343524
15,36,36,2321.92,0.306813
15,36,37,2308.92,0.264172
15,36,38,2294.34,0.219574
15,36,39,2284.71,0.177578
15,36,40,2285.25,0.142287
15,36,41,2300.95,0.116776
15,36,42,2332.97,0.102122
15,36,43,2377.92,0.0975714
15,36,44,2426.85,0.100256
15,36,45,2466.64,0.106005
15,36,46,2481.88,0.109929
15,36,47,2457.79,0.108389
15,36,48,2382.45,0.0995392
15,36,49,2249.79,0.08419
15,37,0,2817.52,0.373606
15,37,1,3018.76,0.45623
15,37,2,3149.43,0.529041
15,37,3,3218.12,0.588235
15,37,4,3235.63,0.63109
15,37,5,3212.16,0.655689
15,37,6,3156.62,0.660805
15,37,7,3077.47,0.647506
15,37,8,2983.46,0.620478
15,37,9,2884.4,0.587118
15,37,10,2790.35,0.554483
15,37,11,2710,0.526852
15,37,12,2649.85,0.504944
15,37,13,2611.5,0.48652
15,37,14,2592.75,0.46781
15,37,15,2588.32,0.445898
15,37,16,2591.35,0.419282
15,37,17,2595.7,0.388605
15,37,18,2597.28,0.356838
15,37,19,2593.98,0.328281
15,37,20,2585.07,0.306659
15,37,21,2569.94,0.294197
15,37,22,2546.99,0.290491
15,37,23,2514.51,0.293268
15,37,24,2472.02,0.300026
15,37,25,2422.22,0.310238
15,37,26,2371.1,0.324079
15,37,27,2326.92,0.34241
15,37,28,2297.33,0.364871
15,37,29,2286.78,0.389038
15,37,30,2294.94,0.411509
15,37,31,2317.37,0.429084
15,37,32,2346.78,0.439099
15,37,33,2375.64,0.439728
15,37,34,2397.75,0.429328
15,37,35,2409.89,0.407045
15,37,36,2411.8,0.372926
15,37,37,2406.38,0.329108
15,37,38,2398.58,0.27978
15,37,39,2395.25,0.23065
15,37,40,2402.01,0.187391
15,37,41,2424.04,0.154668
15,37,42,2462.34,0.13471
15,37,43,2512.81,0.127206
15,37,44,2565.48,0.129006
15,37,45,2606.27,0.135025
15,37,46,2619.19,0.139177
15,37,47,2589.25,0.136776
15,37,48,2504.38,0.125417
15,37,49,2358.3,0.106017
15,38,0,2848.19,0.38751
15,38,1,3054.81,0.474015
15,38,2,3191,0.55152
15,38,3,3265.54,0.616234
15,38,4,3289.16,0.664802
15,38,5,3271.65,0.693908
15,38,6,3221.12,0.700591
15,38,7,3144.96,0.684682
15,38,8,3050.77,0.650873
15,38,9,2947.47,0.607998
15,38,10,2844.98,0.565464
15,38,11,2752.79,0.529765
15,38,12,2679.1,0.502849
15,38,13,2627.38,0.482471
15,38,14,2596.71,0.463934
15,38,15,2582.16,0.443057
15,38,16,2576.31,0.417268
15,38,17,2572.29,0.386531
15,38,18,2565.6,0.353554
15,38,19,2554.32,0.322904
15,38,20,2538.6,0.298923
15,38,21,2518.85,0.284821
15,38,22,2494.4,0.281309
15,38,23,2463.97,0.286985
15,38,24,2426.9,0.299599
15,38,25,2385.33,0.318087
15,38,26,2344.42,0.341388
15,38,27,2311.61,0.368865
15,38,28,2293.99,0.399082
15,38,29,2295.87,0.429422
15,38,30,2316.99,0.457175
15,38,31,2352.84,0.480214
15,38,32,2395.89,0.496635
15,38,33,2438.15,0.504556
15,38,34,2473.05,0.501383
15,38,35,2497.15,0.484757
15,38,36,2510.15,0.453356
15,38,37,2514.96,0.40853
15,38,38,2516.49,0.354431
15,38,39,2521.59,0.297655
15,38,40,2536.04,0.24529
15,38,41,2565.15,0.203665
15,38,42,2609.91,0.176432
15,38,43,2665.72,0.164091
15,38,44,2721.82,0.163503
15,38,45,2763.39,0.168802
15,38,46,2773.97,0.172634
15,38,47,2738.35,0.169064
15,38,48,2644.08,0.154936
15,38,49,2484.27,0.131115
15,39,0,2884.45,0.404615
15,39,1,3095.85,0.495496
15,39,2,3236.82,0.577326
15,39,3,3316.36,0.646083
15,39,4,3345.2,0.698011
15,39,5,3332.78,0.7291
15,39,6,3286.54,0.735552
15,39,7,3212.85,0.716576
15,39,8,3118.18,0.676856
15,39,9,3010.37,0.62603
15,39,10,2898.99,0.574996
15,39,11,2794.18,0.531802
15,39,12,2705.86,0.49945
15,39,13,2639.58,0.475955
15,39,14,2595.99,0.456268
15,39,15,2570.76,0.435546
15,39,16,2555.91,0.410588
15,39,17,2543.61,0.380829
15,39,18,2528.6,0.348546
15,39,19,2508.94,0.318251
15,39,20,2485.63,0.294575
15,39,21,2460.37,0.2815
15,39,22,2433.9,0.28084
15,39,23,2405.79,0.292157
15,39,24,2375.4,0.313476
15,39,25,2344.16,0.343036
15,39,26,2316.07,0.378279
15,39,27,2297.34,0.416721
15,39,28,2294.04,0.455624
15,39,29,2310.09,0.492147
15,39,30,2345.14,0.524393
15,39,31,2394.67,0.551466
15,39,32,2451.08,0.572377
15,39,33,2506.24,0.585347
15,39,34,2553.56,0.587095
15,39,35,2589.67,0.57409
15,39,36,2614.34,0.543945
15,39,37,2630.47,0.497375
15,39,38,2642.77,0.438376
15,39,39,2657.82,0.374086
15,39,40,2681.36,0.312638
15,39,41,2718.74,0.261815
15,39,42,2770.95,0.226717
15,39,43,2832.93,0.208849
15,39,44,2893.27,0.205304
15,39,45,2936.53,0.209575
15,39,46,2945.93,0.213006
15,39,47,2906.03,0.208218
15,39,48,2803.81,0.191106
15,39,49,2631.24,0.162325
15,40,0,2927.98,0.423124
15,40,1,3142.71,0.518167
15,40,2,3286.72,0.603125
15,40,3,3369.29,0.673547
15,40,4,3401.13,0.725594
15,40,5,3391.41,0.755382
15,40,6,3347.04,0.759298
15,40,7,3273.64,0.736642
15,40,8,3176.78,0.692137
15,40,9,3063.48,0.635586
15,40,10,2943.04,0.578414
15,40,11,2826.09,0.52943
15,40,12,2724.01,0.492375
15,40,13,2644.12,0.465702
15,40,14,2588.59,0.44455
15,40,15,2553.67,0.424021
15,40,16,2531.03,0.400735
15,40,17,2511.93,0.37377
15,40,18,2490.25,0.34482
15,40,19,2463.84,0.31801
15,40,20,2434.36,0.297889
15,40,21,2404.7,0.28891
15,40,22,2377.14,0.293832
15,40,23,2352.26,0.313201
15,40,24,2329.65,0.34539
15,40,25,2310.12,0.387987
15,40,26,2296.47,0.436967
15,40,27,2293.51,0.4879
15,40,28,2306.05,0.536582
15,40,29,2337.22,0.579726
15,40,30,2386.3,0.616001
15,40,31,2448.62,0.645526
15,40,32,2516.67,0.668146
15,40,33,2582.49,0.682357
15,40,34,2639.88,0.684697
15,40,35,2685.95,0.67119
15,40,36,2720.8,0.639097
15,40,37,2747.44,0.588978
15,40,38,2770.36,0.524736
15,40,39,2795.87,0.453705
15,40,40,2829.51,0.384502
15,40,41,2876.56,0.325868
15,40,42,2937.76,0.284051
15,40,43,3007.48,0.261513
15,40,44,3073.6,0.255665
15,40,45,3120.19,0.25949
15,40,46,3130.36,0.263036
15,40,47,3088.56,0.25733
15,40,48,2981.09,0.23712
15,40,49,2798.28,0.202686
15,41,0,2981.46,0.443066
15,41,1,3197.46,0.541541
15,41,2,3342.13,0.627804
15,41,3,3425.11,0.696904
15,41,4,3457.09,0.745346
15,41,5,3447.02,0.770238
15,41,6,3401.44,0.769146
15,41,7,3325.52,0.742137
15,41,8,3224.36,0.694002
15,41,9,3104.58,0.634111
15,41,10,2975.44,0.573506
15,41,11,2848.01,0.520989
15,41,12,2734.7,0.480732
15,41,13,2644.03,0.451756
15,41,14,2579.18,0.42984
15,41,15,2536.88,0.410518
15,41,16,2508.62,0.390551
15,41,17,2485.05,0.368722
15,41,18,2459.37,0.345988
15,41,19,2429.15,0.325808
15,41,20,2396.36,0.31235
15,41,21,2364.76,0.310282
15,41,22,2337.9,0.323138
15,41,23,2317.39,0.352453
15,41,24,2303.16,0.397062
15,41,25,2295.72,0.454114
15,41,26,2296.91,0.518348
15,41,27,2310.2,0.583469
15,41,28,2339.03,0.643624
15,41,29,2385.38,0.694629
15,41,30,2447.81,0.735086
15,41,31,2521.21,0.765559
15,41,32,2598.19,0.786446
15,41,33,2671.3,0.796747
15,41,34,2735.11,0.793571
15,41,35,2787.6,0.77357
15,41,36,2829.48,0.734727
15,41,37,2864.13,0.678203
15,41,38,2896.07,0.608063
15,41,39,2931.42,0.531519
15,41,40,2975.52,0.456998
15,41,41,3033.34,0.393437
15,41,42,3104.99,0.347618
15,41,43,3183.88,0.322645
15,41,44,3257.05,0.316178
15,41,45,3308.29,0.320809
15,41,46,3320.97,0.325353
15,41,47,3279.79,0.319173
15,41,48,3170.44,0.29571
15,41,49,2981.15,0.254716
15,42,0,3044.47,0.464879
15,42,1,3259.55,0.565742
15,42,2,3402.42,0.651181
15,42,3,3483.19,0.715822
15,42,4,3512.57,0.756988
15,42,5,3499.31,0.773575
15,42,6,3449.71,0.765158
15,42,7,3368.82,0.733103
15,42,8,3261.72,0.682287
15,42,9,3135.11,0.621158
15,42,10,2998.54,0.559651
15,42,11,2863.44,0.505952
15,42,12,2742.85,0.464415
15,42,13,2645.69,0.434723
15,42,14,2575.46,0.413595
15,42,15,2529.01,0.397268
15,42,16,2497.84,0.382735
15,42,17,2472.37,0.368405
15,42,18,2445.47,0.354346
15,42,19,2414.48,0.34318
15,42,20,2381.42,0.338576
15,42,21,2350.5,0.345325
15,42,22,2326.11,0.36764
15,42,23,2310.7,0.408063
15,42,24,2304.7,0.466004
15,42,25,2308.64,0.538445
15,42,26,2323.75,0.619221
15,42,27,2352.48,0.70035
15,42,28,2396.84,0.774157
15,42,29,2457.45,0.834957
15,42,30,2531.76,0.880418
15,42,31,2614.03,0.910744
15,42,32,2696.99,0.92649
15,42,33,2773.82,0.927407
15,42,34,2840.12,0.912042
15,42,35,2894.97,0.8789
15,42,36,2939.98,0.82789
15,42,37,2979.15,0.761646
15,42,38,3017.4,0.684757
15,42,39,3060.93,0.604084
15,42,40,3114.84,0.527188
15,42,41,3183.51,0.46235
15,42,42,3265.93,0.416097
15,42,43,3354.14,0.391665
15,42,44,3434.32,0.386776
15,42,45,3490.3,0.393715
15,42,46,3506.26,0.400183
15,42,47,3467.61,0.393909
15,42,48,3359.69,0.366941
15,42,49,3168.41,0.318403
15,43,0,3111.95,0.487541
15,43,1,3324.24,0.589714
15,43,2,3463.38,0.67247
15,43,3,3540.02,0.730126
15,43,4,3564.87,0.761194
15,43,5,3546.5,0.766903
15,43,6,3491.14,0.749383
15,43,7,3403.97,0.711649
15,43,8,3290.44,0.658703
15,43,9,3157.79,0.597806
15,43,10,3016.1,0.537355
15,43,11,2877.13,0.484549
15,43,12,2754.05,0.443767
15,43,13,2655.41,0.415385
15,43,14,2584.28,0.397164
15,43,15,2537.23,0.386044
15,43,16,2505.79,0.379094
15,43,17,2480.54,0.37413
15,43,18,2454.38,0.370218
15,43,19,2424.63,0.369124
15,43,20,2393.26,0.374141
15,43,21,2364.63,0.390303
15,43,22,2343.63,0.422524
15,43,23,2333.33,0.474349
15,43,24,2334.71,0.545795
15,43,25,2348.54,0.633892
15,43,26,2375.79,0.73187
15,43,27,2418.05,0.830306
15,43,28,2476.06,0.919617
15,43,29,2548.95,0.99208
15,43,30,2632.94,1.0436
15,43,31,2721.56,1.07322
15,43,32,2807.63,1.08123
15,43,33,2885.07,1.06835
15,43,34,2950.54,1.0353
15,43,35,3004.25,0.983488
15,43,36,3048.84,0.915777
15,43,37,3089.15,0.837021
15,43,38,3130.77,0.752677
15,43,39,3180.22,0.669154
15,43,40,3242.35,0.592646
15,43,41,3320.62,0.530048
15,43,42,3412.49,0.48689
15,43,43,3508.45,0.465973
15,43,44,3593.99,0.464813
15,43,45,3653.44,0.475402
15,43,46,3672.27,0.484462
15,43,47,3637.01,0.478221
15,43,48,3532.97,0.44737
15,43,49,3343.86,0.390416
15,44,0,3173.98,0.507024
15,44,1,3382.28,0.609488
15,44,2,3516.69,0.688429
15,44,3,3588.34,0.737909
15,44,4,3607.88,0.757698
15,44,5,3583.75,0.751472
15,44,6,3522.19,0.724058
15,44,7,3428.76,0.680268
15,44,8,3309.6,0.625348
15,44,9,3172.76,0.565404
15,44,10,3029.01,0.507228
15,44,11,2890.28,0.456925
15,44,12,2769.36,0.418803
15,44,13,2673.83,0.393868
15,44,14,2605.75,0.380804
15,44,15,2561.07,0.377007
15,44,16,2531.38,0.379307
15,44,17,2507.59,0.384658
15,44,18,2482.96,0.391102
15,44,19,2455.01,0.399684
15,44,20,2425.7,0.413634
15,44,21,2399.53,0.438477
15,44,22,2381.73,0.479895
15,44,23,2375.84,0.542332
15,44,24,2383.33,0.626303
15,44,25,2405.24,0.728961
15,44,26,2442.38,0.843168
15,44,27,2495.58,0.958406
15,44,28,2564.45,1.06334
15,44,29,2646.76,1.14801
15,44,30,2737.54,1.20606
15,44,31,2829.81,1.23481
15,44,32,2916.48,1.23397
15,44,33,2992.22,1.20529
15,44,34,3054.67,1.15205
15,44,35,3105.02,1.07911
15,44,36,3146.9,0.992806
15,44,37,3186.01,0.900551
15,44,38,3228.74,0.808862
15,44,39,3281.94,0.723713
15,44,40,3350.18,0.649744
15,44,41,3435.8,0.592081
15,44,42,3534.59,0.554773
15,44,43,3635.64,0.539719
15,44,44,3724.09,0.543937
15,44,45,3785.13,0.559055
15,44,46,3805.74,0.570928
15,44,47,3773.69,0.564538
15,44,48,3674.48,0.52942
15,44,49,3490.12,0.463638
15,45,0,3217.16,0.516365
15,45,1,3421.19,0.618013
15,45,2,3550.93,0.692859
15,45,3,3617.79,0.734622
15,45,4,3632.31,0.743994
15,45,5,3602.81,0.726675
15,45,6,3535.69,0.689888
15,45,7,3437.08,0.640178
15,45,8,3313.99,0.583254
15,45,9,3175.42,0.524412
15,45,10,3032.73,0.469126
15,45,11,2897.75,0.422531
15,45,12,2782.49,0.388766
15,45,13,2693.18,0.369267
15,45,14,2630.65,0.36332
15,45,15,2590.12,0.368377
15,45,16,2563.18,0.380685
15,45,17,2541.12,0.396158
15,45,18,2517.71,0.411924
15,45,19,2490.83,0.428563
15,45,20,2462.67,0.449612
15,45,21,2437.98,0.48131
15,45,22,2422.37,0.530096
15,45,23,2419.8,0.601061
15,45,24,2432.1,0.69496
15,45,25,2460.4,0.809009
15,45,26,2505.18,0.935895
15,45,27,2566.48,1.06449
15,45,28,2642.92,1.18221
15,45,29,2731.21,1.27715
15,45,30,2825.56,1.34074
15,45,31,2918.72,1.36846
15,45,32,3003.89,1.3593
15,45,33,3076.45,1.31591
15,45,34,3134.88,1.24401
15,45,35,3181.15,1.15178
15,45,36,3219.64,1.04876
15,45,37,3256.75,0.944749
15,45,38,3299.51,0.847251
15,45,39,3355.03,0.76191
15,45,40,3427.46,0.691983
15,45,41,3518.03,0.640867
15,45,42,3621.12,0.611028
15,45,43,3724.77,0.603188
15,45,44,3814.15,0.613616
15,45,45,3875.36,0.633455
15,45,46,3896.66,0.647846
15,45,47,3866.86,0.640914
15,45,48,3771.73,0.60146
15,45,49,3592.14,0.52743
15,46,0,3226.68,0.508187
15,46,1,3427.03,0.607454
15,46,2,3553.1,0.678322
15,46,3,3616.19,0.714023
15,46,4,3626.65,0.715535
15,46,5,3592.76,0.689732
15,46,6,3521.28,0.645524
15,46,7,3419.06,0.590914
15,46,8,3294.05,0.53228
15,46,9,3156.16,0.47462
15,46,10,3017.05,0.422588
15,46,11,2888.07,0.380597
15,46,12,2780.24,0.352504
15,46,13,2698.35,0.339867
15,46,14,2642.12,0.342132
15,46,15,2606.14,0.356418
15,46,16,2581.96,0.378182
15,46,17,2561.22,0.402326
15,46,18,2538.19,0.42533
15,46,19,2511.15,0.447607
15,46,20,2482.71,0.47327
15,46,21,2458.11,0.509303
15,46,22,2443.42,0.562712
15,46,23,2443.01,0.638825
15,46,24,2458.93,0.738291
15,46,25,2492.1,0.858262
15,46,26,2542.41,0.991455
15,46,27,2609.03,1.12675
15,46,28,2689.74,1.25113
15,46,29,2780.51,1.35155
15,46,30,2875.22,1.41785
15,46,31,2966.73,1.44403
15,46,32,3048.73,1.42839
15,46,33,3117.29,1.37421
15,46,34,3171.59,1.28904
15,46,35,3214.17,1.18349
15,46,36,3249.87,1.06945
15,46,37,3285.49,0.958346
15,46,38,3328.38,0.858324
15,46,39,3385.7,0.774813
15,46,40,3461.14,0.710102
15,46,41,3555.03,0.666247
15,46,42,3660.75,0.644347
15,46,43,3765.79,0.643905
15,46,44,3855.44,0.660325
15,46,45,3916.47,0.684221
15,46,46,3937.85,0.700315
15,46,47,3908.92,0.692464
15,46,48,3815.56,0.649349
15,46,49,3638.19,0.56919
15,47,0,3187.88,0.477475
15,47,1,3385.69,0.572042
15,47,2,3509.61,0.638798
15,47,3,3570.34,0.67043
15,47,4,3577.97,0.667504
15,47,5,3540.87,0.637022
15,47,6,3466.37,0.588639
15,47,7,3362.19,0.531303
15,47,8,3237.23,0.47212
15,47,9,3102.01,0.41625
15,47,10,2968.12,0.368007
15,47,11,2846.17,0.331326
15,47,12,2746.02,0.30964
15,47,13,2671.27,0.304295
15,47,14,2620.81,0.314508
15,47,15,2588.82,0.336846
15,47,16,2566.83,0.366025
15,47,17,2546.77,0.396224
15,47,18,2523.28,0.423654
15,47,19,2495.04,0.448799
15,47,20,2465.17,0.476381
15,47,21,2439.46,0.513867
15,47,22,2424.54,0.568448
15,47,23,2425.17,0.645199
15,47,24,2443.48,0.744358
15,47,25,2479.96,0.862932
15,47,26,2533.73,0.993929
15,47,27,2602.97,1.1269
15,47,28,2684.77,1.24939
15,47,29,2774.77,1.34833
15,47,30,2866.9,1.41299
15,47,31,2954.55,1.4366
15,47,32,3032.03,1.41702
15,47,33,3096.16,1.35778
15,47,34,3146.68,1.2673
15,47,35,3186.47,1.15737
15,47,36,3220.61,1.04081
15,47,37,3255.93,0.929599
15,47,38,3299.77,0.831956
15,47,39,3359.11,0.753125
15,47,40,3437.18,0.694888
15,47,41,3533.75,0.65847
15,47,42,3641.73,0.644019
15,47,43,3748.39,0.649987
15,47,44,3839.09,0.671022
15,47,45,3900.65,0.697391
15,47,46,3921.98,0.713942
15,47,47,3892.3,0.705045
15,47,48,3797.45,0.659988
15,47,49,3617.98,0.577586
15,48,0,3087.03,0.424102
15,48,1,3282.93,0.510851
15,48,2,3405.96,0.572481
15,48,3,3465.62,0.60132
15,48,4,3471.57,0.597072
15,48,5,3432.48,0.565959
15,48,6,3356.44,0.51739
15,48,7,3252.15,0.460578
15,48,8,3129.28,0.403128
15,48,9,2998.61,0.350525
15,48,10,2871.25,0.307019
15,48,11,2756.82,0.276195
15,48,12,2664.03,0.260928
15,48,13,2595.54,0.262113
15,48,14,2549.79,0.278524
15,48,15,2520.8,0.306225
15,48,16,2500.23,0.339514
15,48,17,2480.24,0.372343
15,48,18,2455.81,0.401059
15,48,19,2425.94,0.426343
15,48,20,2394.18,0.453283
15,48,21,2366.81,0.48934
15,48,22,2350.93,0.541373
15,48,23,2351.61,0.61377
15,48,24,2370.98,0.706212
15,48,25,2409.01,0.815599
15,48,26,2463.97,0.935533
15,48,27,2533.13,1.05684
15,48,28,2613.03,1.16851
15,48,29,2699.23,1.25859
15,48,30,2786.1,1.31692
15,48,31,2867.81,1.33675
15,48,32,2939.48,1.31586
15,48,33,2998.69,1.25766
15,48,34,3045.67,1.17045
15,48,35,3083.49,1.06578
15,48,36,3117.18,0.956
15,48,37,3153.3,0.852447
15,48,38,3198.87,0.762814
15,48,39,3260.48,0.692021
15,48,40,3341.03,0.64167
15,48,41,3440.04,0.612584
15,48,42,3550.48,0.60438
15,48,43,3659.66,0.614799
15,48,44,3752.78,0.638088
15,48,45,3816.03,0.664633
15,48,46,3837.43,0.680185
15,48,47,3805.41,0.670505
15,48,48,3705.6,0.626166
15,48,49,3519.64,0.54672
15,49,0,2913.14,0.353448
15,49,1,3105.65,0.429027
15,49,2,3227.66,0.483687
15,49,3,3286.73,0.509849
15,49,4,3291.9,0.506303
15,49,5,3252.2,0.477938
15,49,6,3176.63,0.433115
15,49,7,3074.76,0.380555
15,49,8,2956.74,0.327857
15,49,9,2833.11,0.280639
15,49,10,2714.1,0.243069
15,49,11,2608.11,0.218365
15,49,12,2522.77,0.208763
15,49,13,2460.04,0.214632
15,49,14,2418.19,0.234338
15,49,15,2391.4,0.263746
15,49,16,2371.69,0.297244
15,49,17,2351.58,0.329125
15,49,18,2326.38,0.356204
15,49,19,2295.35,0.379341
15,49,20,2262.28,0.40355
15,49,21,2233.66,0.435699
15,49,22,2216.77,0.481814
15,49,23,2216.77,0.545328
15,49,24,2235.72,0.625422
15,49,25,2273.14,0.719057
15,49,26,2326.62,0.820716
15,49,27,2392.69,0.92291
15,49,28,2467.57,1.01668
15,49,29,2546.93,1.09205
15,49,30,2625.8,1.1403
15,49,31,2699.33,1.15548
15,49,32,2763.61,1.13556
15,49,33,2816.96,1.08355
15,49,34,2860.06,1.00682
15,49,35,2896.01,0.91555
15,49,36,2929.56,0.820462
15,49,37,2966.74,0.731318
15,49,38,3013.94,0.654731
15,49,39,3077.19,0.595073
15,49,40,3159.15,0.553862
15,49,41,3259.45,0.531764
15,49,42,3371.55,0.528197
15,49,43,3483.16,0.540612
15,49,44,3579.23,0.563383
15,49,45,3644.76,0.587664
15,49,46,3666.16,0.600942
15,49,47,3630.54,0.591134
15,49,48,3523.56,0.550572
15,49,49,3329.4,0.479462
16,0,0,2658.92,0.151958
16,0,1,2817.21,0.173596
16,0,2,2906.81,0.188639
16,0,3,2941.84,0.198934
16,0,4,2941.62,0.207475
16,0,5,2924.93,0.216327
16,0,6,2905.36,0.225539
16,0,7,2888.47,0.233129
16,0,8,2872.15,0.236488
16,0,9,2850.54,0.23402
16,0,10,2818.47,0.226045
16,0,11,2774.15,0.214348
16,0,12,2721.67,0.201212
16,0,13,2666.66,0.187597
16,0,14,2614.86,0.173076
16,0,15,2568.93,0.156439
16,0,16,2526.79,0.13697
16,0,17,2483.13,0.115175
16,0,18,2431.7,0.092712
16,0,19,2368.18,0.0717557
16,0,20,2291.88,0.0541301
16,0,21,2206.17,0.0409337
16,0,22,2116.26,0.032295
16,0,23,2027.61,0.0278252
16,0,24,1944.01,0.0266522
16,0,25,1866.45,0.0278002
16,0,26,1794.77,0.0303628
16,0,27,1728.68,0.0333692
16,0,28,1668.06,0.0359761
16,0,29,1613.36,0.0373924
16,0,30,1564.67,0.037027
16,0,31,1521.6,0.034635
16,0,32,1482.56,0.030418
16,0,33,1445.16,0.0249643
16,0,34,1407.13,0.019106
16,0,35,1367.07,0.0136366
16,0,36,1324.93,0.00911179
16,0,37,1282.4,0.00588016
16,0,38,1241.91,0.00388007
16,0,39,1205.85,0.00313114
16,0,40,1175.56,0.00368565
16,0,41,1151.19,0.0057514
16,0,42,1132.04,0.00955896
16,0,43,1117.08,0.0151414
16,0,44,1105.15,0.0219888
16,0,45,1095.14,0.0289303
16,0,46,1085.88,0.0343208
16,0,47,1076.44,0.0366483
16,0,48,1066.2,0.0351971
16,0,49,1055.16,0.0303953
16,1,0,2851.27,0.169614
16,1,1,3012.83,0.194112
16,1,2,3101.79,0.211287
16,1,3,3134.48,0.223051
16,1,4,3130.94,0.232684
16,1,5,3110.13,0.242553
16,1,6,3086.13,0.252962
16,1,7,3065.43,0.262041
16,1,8,3046.83,0.267181
16,1,9,3024.86,0.266764
16,1,10,2994.02,0.261114
16,1,11,2951.68,0.251985
16,1,12,2900.87,0.241507
16,1,13,2846.4,0.230164
16,1,14,2793.79,0.216861
16,1,15,2746.06,0.199754
16,1,16,2701.6,0.177873
16,1,17,2655.36,0.151987
16,1,18,2600.84,0.124417
16,1,19,2533.12,0.0981777
16,1,20,2451,0.075837
16,1,21,2357.83,0.0590104
16,1,22,2259.35,0.0480166
16,1,23,2162.07,0.0423974
16,1,24,2070.67,0.0410197
16,1,25,1986.46,0.0425136
16,1,26,1908.97,0.045607
16,1,27,1837.29,0.0489981
16,1,28,1770.69,0.0516173
16,1,29,1709.48,0.0525282
16,1,30,1653.99,0.0510708
16,1,31,1604.34,0.0470212
16,1,32,1559.31,0.0407102
16,1,33,1516.63,0.0329452
16,1,34,1473.8,0.0248382
16,1,35,1429.08,0.0174347
16,1,36,1382.16,0.0114452
16,1,37,1334.68,0.00724311
16,1,38,1289.26,0.00470449
16,1,39,1248.56,0.00372436
16,1,40,1214.09,0.0042199
16,1,41,1186.06,0.00626855
16,1,42,1163.64,0.0100015
16,1,43,1145.72,0.0154044
16,1,44,1131,0.0219658
16,1,45,1118.29,0.0285784
16,1,46,1106.34,0.0336922
16,1,47,1094.16,0.0358769
16,1,48,1081.07,0.0344444
16,1,49,1067.13,0.029789
16,2,0,2973.67,0.178148
16,2,1,3135.96,0.203852
16,2,2,3223.99,0.221785
16,2,3,3255.09,0.233842
16,2,4,3249.14,0.243457
16,2,5,3224.66,0.253254
16,2,6,3195.9,0.263902
16,2,7,3170.35,0.273904
16,2,8,3148.18,0.280943
16,2,9,3124.8,0.283534
16,2,10,3094.76,0.281933
16,2,11,3054.62,0.27757
16,2,12,3006.26,0.272045
16,2,13,2953.42,0.265087
16,2,14,2901.17,0.25484
16,2,15,2852.78,0.238908
16,2,16,2807.26,0.216192
16,2,17,2760.07,0.187783
16,2,18,2704.77,0.15661
16,2,19,2636.06,0.126405
16,2,20,2552.3,0.100368
16,2,21,2456.54,0.0805827
16,2,22,2354.73,0.067589
16,2,23,2253.96,0.0609206
16,2,24,2159.49,0.0592598
16,2,25,2072.83,0.0609009
16,2,26,1993.27,0.0642502
16,2,27,1919.29,0.067725
16,2,28,1849.6,0.070066
16,2,29,1784.35,0.0702082
16,2,30,1724.08,0.0674082
16,2,31,1669.41,0.0614298
16,2,32,1619.57,0.0527058
16,2,33,1572.56,0.0422627
16,2,34,1525.9,0.0315276
16,2,35,1477.7,0.0218543
16,2,36,1427.54,0.0141508
16,2,37,1377.01,0.00882359
16,2,38,1328.78,0.00568089
16,2,39,1285.55,0.00444689
16,2,40,1248.82,0.00484296
16,2,41,1218.7,0.00673886
16,2,42,1194.22,0.0100976
16,2,43,1174.15,0.0148256
16,2,44,1157.16,0.0204401
16,2,45,1142.06,0.0260076
16,2,46,1127.57,0.0302432
16,2,47,1112.69,0.0319601
16,2,48,1096.77,0.0305839
16,2,49,1079.88,0.0264457
16,3,0,3035.28,0.179722
16,3,1,3198.42,0.205011
16,3,2,3286.75,0.222149
16,3,3,3317.62,0.233001
16,3,4,3310.15,0.241097
16,3,5,3282.05,0.249333
16,3,6,3247.56,0.25886
16,3,7,3215.39,0.268774
16,3,8,3187.47,0.277298
16,3,9,3160.67,0.283219
16,3,10,3129.9,0.286646
16,3,11,3091.04,0.288421
16,3,12,3044.76,0.2893
16,3,13,2993.63,0.288079
16,3,14,2942.13,0.282187
16,3,15,2893.65,0.26889
16,3,16,2847.82,0.247142
16,3,17,2800.82,0.21837
16,3,18,2746.54,0.185928
16,3,19,2679.6,0.153962
16,3,20,2598.02,0.126023
16,3,21,2504.4,0.104493
16,3,22,2404.46,0.0901104
16,3,23,2305.31,0.0824816
16,3,24,2212.28,0.080258
16,3,25,2126.92,0.0815875
16,3,26,2048.35,0.0847299
16,3,27,1974.75,0.0879726
16,3,28,1904.53,0.0899411
16,3,29,1837.71,0.0894212
16,3,30,1774.99,0.085487
16,3,31,1717.31,0.0777521
16,3,32,1664.2,0.0666398
16,3,33,1613.95,0.0533548
16,3,34,1564.27,0.0396772
16,3,35,1513.38,0.0273634
16,3,36,1460.99,0.0176061
16,3,37,1408.76,0.0109004
16,3,38,1359.39,0.00700652
16,3,39,1315.45,0.0054502
16,3,40,1278.24,0.00570727
16,3,41,1247.63,0.00737534
16,3,42,1222.41,0.01019
16,3,43,1201.26,0.013949
16,3,44,1182.79,0.0182061
16,3,45,1165.88,0.0222645
16,3,46,1149.27,0.0252087
16,3,47,1132.01,0.0262009
16,3,48,1113.42,0.0248437
16,3,49,1093.63,0.0214002
16,4,0,3050.86,0.17845
16,4,1,3215.76,0.202195
16,4,2,3305.76,0.217234
16,4,3,3337.48,0.22544
16,4,4,3328.84,0.230472
16,4,5,3296.55,0.235567
16,4,6,3254.81,0.242451
16,4,7,3213.63,0.25095
16,4,8,3177.18,0.259975
16,4,9,3144.21,0.268665
16,4,10,3110.42,0.276955
16,4,11,3071.25,0.284953
16,4,12,3026.16,0.292422
16,4,13,2976.5,0.29722
16,4,14,2925.96,0.296214
16,4,15,2877.93,0.286605
16,4,16,2832.56,0.267567
16,4,17,2786.76,0.240793
16,4,18,2735.07,0.209781
16,4,19,2672.29,0.17869
16,4,20,2596.3,0.151046
16,4,21,2509.15,0.129274
16,4,22,2415.85,0.114222
16,4,23,2322.8,0.10563
16,4,24,2234.86,0.102315
16,4,25,2153.43,0.102583
16,4,26,2077.78,0.104856
16,4,27,2006.24,0.107548
16,4,28,1937.36,0.109284
16,4,29,1871.23,0.108641
16,4,30,1808.57,0.104319
16,4,31,1750.31,0.0955335
16,4,32,1695.95,0.0824939
16,4,33,1643.92,0.0664943
16,4,34,1592.1,0.0496993
16,4,35,1539.05,0.0343929
16,4,36,1484.92,0.0221815
16,4,37,1431.65,0.013754
16,4,38,1382.06,0.00887369
16,4,39,1338.54,0.00686664
16,4,40,1302.08,0.00693206
16,4,41,1272.19,0.00835353
16,4,42,1247.39,0.0105979
16,4,43,1226.19,0.013331
16,4,44,1207.16,0.0161304
16,4,45,1189.23,0.0185415
16,4,46,1171.16,0.0200414
16,4,47,1152,0.0201716
16,4,48,1131.06,0.0187408
16,4,49,1108.52,0.01596
16,5,0,3037.14,0.17866
16,5,1,3204.09,0.20049
16,5,2,3296.22,0.212706
16,5,3,3328.86,0.21726
16,5,4,3318.51,0.218028
16,5,5,3280.8,0.218677
16,5,6,3229.88,0.22156
16,5,7,3177.15,0.227251
16,5,8,3129.19,0.235368
16,5,9,3087.13,0.245436
16,5,10,3047.85,0.257241
16,5,11,3006.61,0.270209
16,5,12,2961.86,0.283196
16,5,13,2913.65,0.2933
16,5,14,2864.74,0.297055
16,5,15,2818.18,0.291805
16,5,16,2774.37,0.276991
16,5,17,2730.97,0.254402
16,5,18,2683.3,0.227345
16,5,19,2626.77,0.199611
16,5,20,2559.31,0.174349
16,5,21,2482.23,0.153772
16,5,22,2399.33,0.1387
16,5,23,2315.6,0.129025
16,5,24,2234.89,0.123914
16,5,25,2158.49,0.122165
16,5,26,2086.17,0.122734
16,5,27,2017.1,0.124486
16,5,28,1950.54,0.126202
16,5,29,1886.86,0.126186
16,5,30,1826.68,0.122539
16,5,31,1770.48,0.113778
16,5,32,1717.32,0.09964
16,5,33,1665.37,0.0813719
16,5,34,1612.59,0.0615188
16,5,35,1558.01,0.0430077
16,5,36,1502.41,0.0279936
16,5,37,1448.29,0.0174916
16,5,38,1398.72,0.0113458
16,5,39,1356.03,0.0087113
16,5,40,1320.88,0.00850661
16,5,41,1292.38,0.0096899
16,5,42,1268.77,0.0114417
16,5,43,1248.35,0.0132833
16,5,44,1229.63,0.0147885
16,5,45,1211.52,0.015703
16,5,46,1192.76,0.0158496
16,5,47,1172.33,0.0151137
16,5,48,1149.49,0.0135047
16,5,49,1124.4,0.0112092
16,6,0,3009.95,0.183369
16,6,1,3178.07,0.203662
16,6,2,3271.38,0.213058
16,6,3,3303.74,0.213643
16,6,4,3290.16,0.209604
16,6,5,3245.31,0.20511
16,6,6,3183.33,0.20313
16,6,7,3116.97,0.204883
16,6,8,3055.26,0.210602
16,6,9,3001.79,0.220165
16,6,10,2954.96,0.233315
16,6,11,2910.2,0.249018
16,6,12,2865.2,0.265543
16,6,13,2818.83,0.279575
16,6,14,2772.72,0.28755
16,6,15,2729.17,0.287051
16,6,16,2688.49,0.277664
16,6,17,2648.85,0.260982
16,6,18,2606.59,0.239805
16,6,19,2558,0.217265
16,6,20,2501.19,0.195912
16,6,21,2436.63,0.177582
16,6,22,2366.38,0.162948
16,6,23,2293.47,0.152024
16,6,24,2220.42,0.144423
16,6,25,2148.5,0.139687
16,6,26,2078.51,0.137631
16,6,27,2011.11,0.137871
16,6,28,1946.81,0.139527
16,6,29,1886.5,0.140638
16,6,30,1830.6,0.138564
16,6,31,1778.79,0.130887
16,6,32,1729.23,0.116623
16,6,33,1679.44,0.0968048
16,6,34,1627.26,0.0742815
16,6,35,1572.12,0.0526594
16,6,36,1515.56,0.0347271
16,6,37,1460.75,0.021939
16,6,38,1411.22,0.0143101
16,6,39,1369.35,0.0108774
16,6,40,1335.54,0.0103062
16,6,41,1308.61,0.0112498
16,6,42,1286.51,0.0126116
16,6,43,1267.36,0.0137706
16,6,44,1249.55,0.014271
16,6,45,1231.96,0.0139987
16,6,46,1213.21,0.0130387
16,6,47,1192.15,0.0115449
16,6,48,1167.9,0.00969525
16,6,49,1140.59,0.00767576
16,7,0,2981.49,0.193765
16,7,1,3149.09,0.213464
16,7,2,3241.61,0.220701
16,7,3,3271.54,0.217716
16,7,4,3252.65,0.209067
16,7,5,3198.88,0.199454
16,7,6,3124.56,0.192387
16,7,7,3043.7,0.189563
16,7,8,2967.47,0.191653
16,7,9,2901.71,0.19882
16,7,10,2846.35,0.210882
16,7,11,2797.28,0.226699
16,7,12,2751.82,0.244406
16,7,13,2707.86,0.260717
16,7,14,2665.83,0.272193
16,7,15,2626.94,0.276616
16,7,16,2590.97,0.273459
16,7,17,2556.39,0.263763
16,7,18,2520.55,0.249531
16,7,19,2480.83,0.233095
16,7,20,2435.67,0.216357
16,7,21,2384.49,0.200766
16,7,22,2327.37,0.186808
16,7,23,2265.08,0.17456
16,7,24,2198.71,0.164059
16,7,25,2129.69,0.155645
16,7,26,2060.21,0.150121
16,7,27,1992.88,0.148044
16,7,28,1929.88,0.149068
16,7,29,1872.84,0.151104
16,7,30,1821.96,0.150826
16,7,31,1775.91,0.144829
16,7,32,1731.68,0.131271
16,7,33,1685.88,0.110784
16,7,34,1635.94,0.0863526
16,7,35,1581.58,0.0621613
16,7,36,1524.99,0.0416121
16,7,37,1470.03,0.0266508
16,7,38,1420.76,0.0175455
16,7,39,1379.71,0.0132898
16,7,40,1347.15,0.0123543
16,7,41,1321.69,0.0131312
16,7,42,1301.09,0.0142679
16,7,43,1283.34,0.0149988
16,7,44,1266.74,0.0148126
16,7,45,1250.08,0.0136726
16,7,46,1231.86,0.0118458
16,7,47,1210.67,0.00968387
16,7,48,1185.47,0.00750604
16,7,49,1156.27,0.00552431
16,8,0,2958.37,0.209846
16,8,1,3123.91,0.230227
16,8,2,3213.66,0.236408
16,8,3,3239.08,0.230756
16,8,4,3213.13,0.218217
16,8,5,3149.49,0.204012
16,8,6,3062.92,0.192112
16,8,7,2968.57,0.184521
16,8,8,2879.21,0.182162
16,8,9,2802.25,0.185377
16,8,10,2738.81,0.194173
16,8,11,2685.35,0.207635
16,8,12,2639.24,0.22424
16,8,13,2597.76,0.241168
16,8,14,2560.24,0.255299
16,8,15,2526.69,0.264521
16,8,16,2496.08,0.267888
16,8,17,2466.99,0.265529
16,8,18,2437.69,0.258433
16,8,19,2406.66,0.248094
16,8,20,2372.64,0.235877
16,8,21,2334.05,0.222981
16,8,22,2288.93,0.209784
16,8,23,2235.83,0.196387
16,8,24,2174.55,0.183098
16,8,25,2106.75,0.170862
16,8,26,2036.1,0.161343
16,8,27,1967.27,0.156032
16,8,28,1904.27,0.155286
16,8,29,1849.59,0.157175
16,8,30,1803.33,0.157994
16,8,31,1763.19,0.153554
16,8,32,1724.99,0.141173
16,8,33,1684.26,0.120931
16,8,34,1637.95,0.0956902
16,8,35,1585.81,0.0699599
16,8,36,1530.5,0.0476086
16,8,37,1476.4,0.0310366
16,8,38,1428.02,0.0208238
16,8,39,1388.07,0.0160036
16,8,40,1356.79,0.0149312
16,8,41,1332.69,0.0157886
16,8,42,1313.46,0.0169809
16,8,43,1297.03,0.0175737
16,8,44,1281.65,0.0169688
16,8,45,1266.06,0.0151597
16,8,46,1248.57,0.0125498
16,8,47,1227.52,0.00966106
16,8,48,1201.64,0.00695815
16,8,49,1170.85,0.00471701
16,9,0,2941.39,0.230655
16,9,1,3104.45,0.253111
16,9,2,3190.58,0.259559
16,9,3,3210.65,0.252384
16,9,4,3177.34,0.236884
16,9,5,3104.58,0.218782
16,9,6,3007.83,0.20248
16,9,7,2903.15,0.190213
16,9,8,2804.13,0.183022
16,9,9,2718.81,0.181338
16,9,10,2648.9,0.185381
16,9,11,2591.38,0.19467
16,9,12,2543.99,0.20835
16,9,13,2503.86,0.224373
16,9,14,2469.56,0.240105
16,9,15,2440.08,0.253466
16,9,16,2413.67,0.26288
16,9,17,2388.93,0.267334
16,9,18,2364.89,0.266688
16,9,19,2341,0.261644
16,9,20,2316.21,0.253227
16,9,21,2288.02,0.242611
16,9,22,2252.72,0.230232
16,9,23,2206.98,0.21619
16,9,24,2149.5,0.200836
16,9,25,2082.13,0.185322
16,9,26,2009.72,0.171799
16,9,27,1938.72,0.162498
16,9,28,1874.8,0.158581
16,9,29,1821.35,0.158654
16,9,30,1778.57,0.159132
16,9,31,1743.46,0.155469
16,9,32,1710.85,0.144333
16,9,33,1675.4,0.125165
16,9,34,1633.5,0.100419
16,9,35,1584.78,0.0745652
16,9,36,1532.1,0.0516907
16,9,37,1480.1,0.0345318
16,9,38,1433.57,0.0240036
16,9,39,1395.34,0.0192574
16,9,40,1365.65,0.0186135
16,9,41,1343,0.0200771
16,9,42,1325.11,0.0217936
16,9,43,1309.88,0.0225958
16,9,44,1295.6,0.0217559
16,9,45,1280.96,0.0192734
16,9,46,1264.12,0.0156993
16,9,47,1243.18,0.0117654
16,9,48,1216.65,0.00813894
16,9,49,1184.34,0.00521991
16,10,0,2927.69,0.255072
16,10,1,3089.27,0.2811
16,10,2,3172.61,0.289284
16,10,3,3188.38,0.281814
16,10,4,3149.46,0.26423
16,10,5,3070.44,0.242743
16,10,6,2967.59,0.222254
16,10,7,2857.45,0.205314
16,10,8,2753.6,0.193111
16,10,9,2663.74,0.186128
16,10,10,2589.54,0.18474
16,10,11,2528.33,0.188897
16,10,12,2478.43,0.19847
16,10,13,2437.19,0.21227
16,10,14,2402.96,0.228232
16,10,15,2374.14,0.244325
16,10,16,2348.65,0.258331
16,10,17,2325.23,0.268097
16,10,18,2303.61,0.272414
16,10,19,2283.94,0.271299
16,10,20,2265.3,0.265624
16,10,21,2244.44,0.256741
16,10,22,2216.33,0.245301
16,10,23,2176.23,0.231386
16,10,24,2122,0.215141
16,10,25,2055.48,0.197462
16,10,26,1982.22,0.180505
16,10,27,1909.8,0.166931
16,10,28,1845.11,0.158702
16,10,29,1792.31,0.155305
16,10,30,1751.88,0.153817
16,10,31,1720.51,0.149861
16,10,32,1692.47,0.139771
16,10,33,1661.78,0.122356
16,10,34,1624.43,0.0994264
16,10,35,1579.82,0.0750383
16,10,36,1530.76,0.0532107
16,10,37,1481.93,0.036845
16,10,38,1438.16,0.0271708
16,10,39,1402.33,0.0235091
16,10,40,1374.72,0.0241984
16,10,41,1353.85,0.0270643
16,10,42,1337.47,0.0299369
16,10,43,1323.52,0.0313201
16,10,44,1310.34,0.0303089
16,10,45,1296.53,0.0269164
16,10,46,1280.15,0.0219097
16,10,47,1259.08,0.0163368
16,10,48,1231.66,0.0111735
16,10,49,1197.66,0.00702422
16,11,0,2913.36,0.282328
16,11,1,3075.44,0.313523
16,11,2,3158.21,0.324993
16,11,3,3172.36,0.318401
16,11,4,3131.31,0.299339
16,11,5,3050.46,0.274514
16,11,6,2946.74,0.249519
16,11,7,2836.64,0.227512
16,11,8,2732.93,0.210043
16,11,9,2642.3,0.197714
16,11,10,2565.89,0.190941
16,11,11,2501.27,0.189882
16,11,12,2447.28,0.194891
16,11,13,2401.84,0.205442
16,11,14,2363.44,0.220011
16,11,15,2330.55,0.236709
16,11,16,2301.27,0.252898
16,11,17,2274.82,0.265576
16,11,18,2251.63,0.272725
16,11,19,2232.37,0.273853
16,11,20,2216.17,0.269797
16,11,21,2199.22,0.262151
16,11,22,2175.66,0.251827
16,11,23,2139.82,0.238841
16,11,24,2088.99,0.222946
16,11,25,2024.76,0.20443
16,11,26,1952.8,0.185054
16,11,27,1881.06,0.167581
16,11,28,1817.01,0.154658
16,11,29,1765.34,0.146835
16,11,30,1726.83,0.142237
16,11,31,1698.24,0.13712
16,11,32,1673.71,0.127835
16,11,33,1647,0.112676
16,11,34,1613.88,0.0926981
16,11,35,1573.52,0.0712617
16,11,36,1528.51,0.0520633
16,11,37,1483.41,0.0379897
16,11,38,1442.95,0.0305176
16,11,39,1410.04,0.0291452
16,11,40,1384.95,0.0322357
16,11,41,1366.25,0.0373959
16,11,42,1351.76,0.0420643
16,11,43,1339.42,0.0443223
16,11,44,1327.55,0.0430579
16,11,45,1314.64,0.038341
16,11,46,1298.62,0.0312618
16,11,47,1277.15,0.0233227
16,11,48,1248.46,0.0159297
16,11,49,1212.36,0.00997081
16,12,0,2897.25,0.312641
16,12,1,3061.9,0.350779
16,12,2,3146.73,0.367184
16,12,3,3162.55,0.36258
16,12,4,3123.41,0.342363
16,12,5,3045.44,0.313767
16,12,6,2945.87,0.283359
16,12,7,2840.62,0.255354
16,12,8,2741.1,0.232048
16,12,9,2652.63,0.214337
16,12,10,2575.64,0.202567
16,12,11,2507.79,0.196752
16,12,12,2448.38,0.197255
16,12,13,2395.94,0.203795
16,12,14,2349.42,0.215232
16,12,15,2307.88,0.229948
16,12,16,2270.12,0.245275
16,12,17,2236.2,0.257893
16,12,18,2207.31,0.265413
16,12,19,2184.54,0.267051
16,12,20,2167.04,0.263623
16,12,21,2150.65,0.25684
16,12,22,2129.09,0.24775
16,12,23,2096.28,0.236222
16,12,24,2049.15,0.221555
16,12,25,1988.89,0.203318
16,12,26,1920.79,0.182698
16,12,27,1852.49,0.162327
16,12,28,1791.38,0.145317
16,12,29,1742.24,0.133207
16,12,30,1706.13,0.125285
16,12,31,1680.11,0.118706
16,12,32,1658.47,0.110134
16,12,33,1635.1,0.0975575
16,12,34,1605.72,0.0813174
16,12,35,1569.31,0.0639579
16,12,36,1528.22,0.0486865
16,12,37,1486.79,0.0382201
16,12,38,1449.62,0.0341704
16,12,39,1419.62,0.0361682
16,12,40,1397.12,0.0425602
16,12,41,1380.79,0.0506848
16,12,42,1368.5,0.0575428
16,12,43,1358.16,0.0607612
16,12,44,1348.01,0.0590412
16,12,45,1336.34,0.0525804
16,12,46,1320.82,0.0428882
16,12,47,1298.9,0.032021
16,12,48,1268.64,0.0218902
16,12,49,1229.95,0.0137092
16,13,0,2880.14,0.346416
16,13,1,3048.67,0.39326
16,13,2,3137.5,0.416172
16,13,3,3157.55,0.414517
16,13,4,3123.43,0.393231
16,13,5,3051.77,0.360095
16,13,6,2959.78,0.322951
16,13,7,2862.42,0.287566
16,13,8,2769.58,0.257441
16,13,9,2685.15,0.234033
16,13,10,2608.74,0.217576
16,13,11,2538.01,0.207597
16,13,12,2472.52,0.203937
16,13,13,2411.41,0.206046
16,13,14,2354.25,0.212894
16,13,15,2300.96,0.223226
16,13,16,2251.45,0.234747
16,13,17,2206.81,0.244436
16,13,18,2169.09,0.250033
16,13,19,2139.71,0.250695
16,13,20,2117.81,0.247141
16,13,21,2099.14,0.240937
16,13,22,2077.33,0.233013
16,13,23,2046.32,0.223003
16,13,24,2002.95,0.209838
16,13,25,1947.97,0.192533
16,13,26,1885.94,0.171767
16,13,27,1823.69,0.149938
16,13,28,1767.97,0.130322
16,13,29,1723.29,0.115151
16,13,30,1690.81,0.10468
16,13,31,1667.93,0.0969887
16,13,32,1649.35,0.0892467
16,13,33,1629.2,0.0793803
16,13,34,1603.32,0.0672012
16,13,35,1570.52,0.0544883
16,13,36,1532.92,0.0438986
16,13,37,1494.65,0.0378654
16,13,38,1460.21,0.0379877
16,13,39,1432.54,0.0439345
16,13,40,1412.12,0.0539644
16,13,41,1397.79,0.0651279
16,13,42,1387.54,0.0740279
16,13,43,1379.31,0.0779223
16,13,44,1371.22,0.0754272
16,13,45,1361.23,0.0669584
16,13,46,1346.64,0.0544864
16,13,47,1324.5,0.0406221
16,13,48,1292.68,0.0277509
16,13,49,1251.13,0.0173755
16,14,0,2864.88,0.38377
16,14,1,3037.32,0.440736
16,14,2,3130.64,0.471389
16,14,3,3155.83,0.473423
16,14,4,3127.93,0.451109
16,14,5,3063.86,0.412768
16,14,6,2980.55,0.367711
16,14,7,2891.96,0.323614
16,14,8,2806.54,0.285558
16,14,9,2726.82,0.255829
16,14,10,2651.65,0.234605
16,14,11,2578.56,0.220733
16,14,12,2507.22,0.213148
16,14,13,2437.25,0.2106
16,14,14,2368.9,0.211885
16,14,15,2303.1,0.216093
16,14,16,2240.91,0.2216
16,14,17,2184.51,0.226181
16,14,18,2136.69,0.228136
16,14,19,2099.12,0.22675
16,14,20,2070.96,0.222535
16,14,21,2047.96,0.216626
16,14,22,2024.04,0.209562
16,14,23,1993.51,0.200697
16,14,24,1953.39,0.18879
16,14,25,1904.11,0.172629
16,14,26,1849.38,0.152615
16,14,27,1794.94,0.130894
16,14,28,1746.53,0.110603
16,14,29,1708.08,0.0942279
16,14,30,1680.69,0.082617
16,14,31,1662.04,0.0746023
16,14,32,1647.25,0.0679363
16,14,33,1630.77,0.0607113
16,14,34,1608.53,0.0524603
16,14,35,1579.21,0.0443668
16,14,36,1544.68,0.0385602
16,14,37,1508.91,0.0371159
16,14,38,1476.33,0.0414579
16,14,39,1449.98,0.0511752
16,14,40,1430.54,0.0643757
16,14,41,1417.15,0.0778731
16,14,42,1408.1,0.0880335
16,14,43,1401.51,0.0919652
16,14,44,1395.43,0.0883771
16,14,45,1387.46,0.0779813
16,14,46,1374.34,0.0631563
16,14,47,1352.57,0.0469262
16,14,48,1319.61,0.031985
16,14,49,1275.36,0.0199984
16,15,0,2854.28,0.422626
16,15,1,3029.42,0.490235
16,15,2,3126.2,0.529177
16,15,3,3155.69,0.535401
16,15,4,3133.19,0.512393
16,15,5,3075.82,0.468926
16,15,6,3000.22,0.415728
16,15,7,2919.47,0.362424
16,15,8,2840.77,0.315781
16,15,9,2765.54,0.279068
16,15,10,2691.9,0.252557
16,15,11,2617.13,0.234465
16,15,12,2540.95,0.222764
16,15,13,2463.37,0.21533
16,15,14,2385.25,0.210594
16,15,15,2308.46,0.207908
16,15,16,2235.09,0.206388
16,15,17,2168.19,0.204843
16,15,18,2111.04,0.202345
16,15,19,2065.36,0.198404
16,15,20,2030.25,0.193229
16,15,21,2001.63,0.187333
16,15,22,1974,0.180696
16,15,23,1942.39,0.172425
16,15,24,1904.36,0.161332
16,15,25,1860.22,0.146318
16,15,26,1812.88,0.127749
16,15,27,1766.91,0.107535
16,15,28,1726.87,0.0884137
16,15,29,1695.92,0.0727108
16,15,30,1674.89,0.0614573
16,15,31,1661.66,0.0539883
16,15,32,1651.66,0.0486198
16,15,33,1639.61,0.0437729
16,15,34,1621.44,0.0389394
16,15,35,1595.72,0.0349156
16,15,36,1564.08,0.0333715
16,15,37,1530.33,0.0359835
16,15,38,1498.78,0.0438566
16,15,39,1472.56,0.0563947
16,15,40,1452.62,0.0715375
16,15,41,1438.56,0.085997
16,15,42,1429.21,0.0961662
16,15,43,1423.12,0.0993116
16,15,44,1418.45,0.0944426
16,15,45,1412.47,0.0826031
16,15,46,1401.26,0.0664282
16,15,47,1380.59,0.0490935
16,15,48,1347.27,0.0333332
16,15,49,1300.95,0.0207859
16,16,0,2849.52,0.458599
16,16,1,3025.54,0.535981
16,16,2,3123.86,0.582733
16,16,3,3155.68,0.593285
16,16,4,3136.52,0.570341
16,16,5,3083.67,0.522923
16,16,6,3013.58,0.462821
16,16,7,2938.67,0.401244
16,16,8,2865.2,0.346408
16,16,9,2793.66,0.302533
16,16,10,2721.54,0.270156
16,16,11,2645.86,0.247145
16,16,12,2566.4,0.230777
16,16,13,2483.4,0.218191
16,16,14,2398.26,0.207445
16,16,15,2313.54,0.198012
16,16,16,2232.08,0.189633
16,16,17,2157.39,0.182083
16,16,18,2092.91,0.175179
16,16,19,2040.16,0.168655
16,16,20,1998.1,0.162398
16,16,21,1963.03,0.156276
16,16,22,1930.27,0.149711
16,16,23,1895.96,0.141661
16,16,24,1858.49,0.131153
16,16,25,1818.33,0.117414
16,16,26,1777.73,0.100899
16,16,27,1740.1,0.0832731
16,16,28,1708.72,0.0667091
16,16,29,1685.87,0.053088
16,16,30,1671.98,0.0433184
16,16,31,1664.98,0.0370132
16,16,32,1660.53,0.0329836
16,16,33,1653.49,0.0300603
16,16,34,1639.83,0.0278616
16,16,35,1617.97,0.0269755
16,16,36,1589.33,0.0286894
16,16,37,1557.48,0.0342676
16,16,38,1526.53,0.0444075
16,16,39,1499.6,0.0582772
16,16,40,1477.87,0.0737008
16,16,41,1461.54,0.0874864
16,16,42,1450.22,0.0963503
16,16,43,1443.17,0.0980149
16,16,44,1438.91,0.0919496
16,16,45,1434.48,0.0794933
16,16,46,1425.34,0.0633202
16,16,47,1406.38,0.0464481
16,16,48,1373.6,0.0313605
16,16,49,1326.15,0.0194765
16,17,0,2850.07,0.485829
16,17,1,3025.26,0.570559
16,17,2,3123.17,0.623528
16,17,3,3155.2,0.638141
16,17,4,3137.12,0.616442
16,17,5,3086.39,0.567389
16,17,6,3019.39,0.503221
16,17,7,2948.12,0.435999
16,17,8,2878.13,0.374816
16,17,9,2809.26,0.324582
16,17,10,2738.54,0.286209
16,17,11,2662.76,0.257605
16,17,12,2581.77,0.235859
16,17,13,2495.92,0.217788
16,17,14,2406.97,0.201273
16,17,15,2317.83,0.185848
16,17,16,2231.73,0.171662
16,17,17,2152.26,0.159165
16,17,18,2082.6,0.148683
16,17,19,2023.89,0.140073
16,17,20,1975.04,0.132908
16,17,21,1932.87,0.12654
16,17,22,1893.84,0.119967
16,17,23,1855.47,0.11213
16,17,24,1817.23,0.102337
16,17,25,1779.93,0.0901808
16,17,26,1745.22,0.0761943
16,17,27,1715.36,0.0617622
16,17,28,1692.34,0.0484358
16,17,29,1677.44,0.037543
16,17,30,1670.61,0.0297325
16,17,31,1669.77,0.0247557
16,17,32,1670.77,0.0218405
16,17,33,1668.68,0.0202335
16,17,34,1659.55,0.0197595
16,17,35,1641.75,0.0209138
16,17,36,1616.48,0.02467
16,17,37,1586.94,0.0318981
16,17,38,1556.84,0.042873
16,17,39,1529.08,0.0565428
16,17,40,1504.99,0.0707157
16,17,41,1485.43,0.0824858
16,17,42,1470.93,0.0891175
16,17,43,1461.68,0.0889747
16,17,44,1456.78,0.0820432
16,17,45,1453.25,0.0698629
16,17,46,1445.99,0.0549397
16,17,47,1429.05,0.0398828
16,17,48,1397.51,0.0267093
16,17,49,1349.82,0.0164865
16,18,0,2853.96,0.499749
16,18,1,3027.4,0.588281
16,18,2,3123.74,0.645036
16,18,3,3154.65,0.663056
16,18,4,3136.11,0.643916
16,18,5,3085.82,0.596169
16,18,6,3020.14,0.531761
16,18,7,2950.77,0.46271
16,18,8,2882.83,0.398236
16,18,9,2815.73,0.343528
16,18,10,2746.26,0.299868
16,18,11,2671.1,0.265541
16,18,12,2590.14,0.237995
16,18,13,2503.71,0.214248
16,18,14,2413.7,0.192367
16,18,15,2323.06,0.171996
16,18,16,2235.02,0.153504
16,18,17,2152.93,0.137645
16,18,18,2079.49,0.124889
16,18,19,2015.44,0.115025
16,18,20,1959.72,0.107332
16,18,21,1909.97,0.100823
16,18,22,1864,0.0942944
16,18,23,1820.89,0.08681
16,18,24,1781.23,0.0779699
16,18,25,1746.16,0.0676673
16,18,26,1716.68,0.056426
16,18,27,1693.84,0.0452994
16,18,28,1678.29,0.0352467
16,18,29,1670.28,0.0270626
16,18,30,1669.33,0.0211244
16,18,31,1673.35,0.0172638
16,18,32,1678.57,0.0150575
16,18,33,1680.45,0.0141304
16,18,34,1675.36,0.0145272
16,18,35,1661.72,0.0167101
16,18,36,1640.5,0.0213975
16,18,37,1614.35,0.0291122
16,18,38,1586.26,0.0397581
16,18,39,1558.68,0.0521276
16,18,40,1532.91,0.0641163
16,18,41,1510.34,0.0732185
16,18,42,1492.47,0.0773295
16,18,43,1480.46,0.0754775
16,18,44,1474.17,0.0681094
16,18,45,1470.77,0.0568566
16,18,46,1464.85,0.043929
16,18,47,1449.73,0.0314121
16,18,48,1419.61,0.0207768
16,18,49,1372.14,0.012699
16,19,0,2858.5,0.498738
16,19,1,3030.39,0.587312
16,19,2,3125.26,0.645245
16,19,3,3155.02,0.665857
16,19,4,3135.89,0.650453
16,19,5,3085.71,0.606872
16,19,6,3020.79,0.546121
16,19,7,2952.58,0.479356
16,19,8,2885.91,0.415226
16,19,9,2819.97,0.358743
16,19,10,2751.51,0.311414
16,19,11,2677.23,0.272058
16,19,12,2597.09,0.238861
16,19,13,2511.3,0.20952
16,19,14,2421.69,0.182703
16,19,15,2331.04,0.158364
16,19,16,2242.4,0.137029
16,19,17,2158.66,0.11944
16,19,18,2081.99,0.105845
16,19,19,2012.84,0.0957172
16,19,20,1950.34,0.0880087
16,19,21,1893.18,0.0815391
16,19,22,1840.6,0.075114
16,19,23,1793.17,0.0680588
16,19,24,1752.46,0.0602657
16,19,25,1719.7,0.0518518
16,19,26,1695.05,0.0432492
16,19,27,1678.24,0.0351501
16,19,28,1668.58,0.0279902
16,19,29,1665.36,0.0220997
16,19,30,1667.77,0.0176204
16,19,31,1673.99,0.0144422
16,19,32,1680.94,0.0124336
16,19,33,1684.86,0.0115536
16,19,34,1682.75,0.0120661
16,19,35,1673.25,0.0144469
16,19,36,1657.01,0.0192312
16,19,37,1635.86,0.026667
16,19,38,1611.79,0.0363735
16,19,39,1586.49,0.0470506
16,19,40,1560.98,0.0567247
16,19,41,1537.02,0.063281
16,19,42,1516.85,0.0651673
16,19,43,1502.55,0.0619583
16,19,44,1494.7,0.0544441
16,19,45,1490.86,0.0442772
16,19,46,1485.5,0.0333682
16,19,47,1471.49,0.0233206
16,19,48,1442.29,0.0151157
16,19,49,1394.8,0.00908145
16,20,0,2861.42,0.48465
16,20,1,3032.96,0.570352
16,20,2,3127.58,0.62749
16,20,3,3157.37,0.650077
16,20,4,3138.73,0.639261
16,20,5,3089.55,0.601966
16,20,6,3025.98,0.547859
16,20,7,2959.15,0.486753
16,20,8,2893.61,0.426289
16,20,9,2828.46,0.370946
16,20,10,2760.57,0.322207
16,20,11,2686.74,0.279333
16,20,12,2607.05,0.241347
16,20,13,2521.64,0.206908
16,20,14,2432.36,0.175662
16,20,15,2341.75,0.148165
16,20,16,2252.63,0.12519
16,20,17,2167.46,0.107289
16,20,18,2087.9,0.0941746
16,20,19,2014.2,0.084739
16,20,20,1945.87,0.0774943
16,20,21,1882.63,0.0711331
16,20,22,1825.05,0.0646385
16,20,23,1774.93,0.0577301
16,20,24,1734.39,0.050644
16,20,25,1704.4,0.0437049
16,20,26,1684.07,0.0372306
16,20,27,1671.79,0.031554
16,20,28,1665.61,0.0266548
16,20,29,1664.09,0.0224557
16,20,30,1666.34,0.018888
16,20,31,1671.16,0.0158811
16,20,32,1676.58,0.0135495
16,20,33,1680.12,0.0121591
16,20,34,1679.7,0.0122061
16,20,35,1674.33,0.0142376
16,20,36,1664.19,0.0186862
16,20,37,1650.04,0.0256045
16,20,38,1632.55,0.0344005
16,20,39,1612.36,0.0436998
16,20,40,1589.98,0.0516146
16,20,41,1567.26,0.0562934
16,20,42,1546.89,0.0565477
16,20,43,1531.58,0.0523163
16,20,44,1522.58,0.0446218
16,20,45,1517.9,0.0351458
16,20,46,1512.2,0.0256128
16,20,47,1498.16,0.0173029
16,20,48,1468.75,0.0108511
16,20,49,1420.27,0.00632245
16,21,0,2862.02,0.461448
16,21,1,3034.95,0.542958
16,21,2,3131.15,0.598619
16,21,3,3162.83,0.623204
16,21,4,3146.5,0.617664
16,21,5,3099.95,0.5879
16,21,6,3039.03,0.542162
16,21,7,2974.41,0.488838
16,21,8,2910.29,0.43446
16,21,9,2845.65,0.382782
16,21,10,2777.46,0.334976
16,21,11,2702.78,0.290471
16,21,12,2621.98,0.248975
16,21,13,2535.4,0.210208
16,21,14,2445.17,0.175059
16,21,15,2353.77,0.145005
16,21,16,2263.9,0.121235
16,21,17,2177.6,0.104048
16,21,18,2096.08,0.0923941
16,21,19,2019.44,0.0843353
16,21,20,1947.48,0.0777982
16,21,21,1880.8,0.0713549
16,21,22,1820.95,0.0642962
16,21,23,1770.47,0.0568741
16,21,24,1731.56,0.0497692
16,21,25,1704.54,0.0435591
16,21,26,1687.49,0.0384744
16,21,27,1677.54,0.0345072
16,21,28,1671.84,0.0312215
16,21,29,1668.44,0.0281461
16,21,30,1666.7,0.024989
16,21,31,1666.34,0.0216797
16,21,32,1666.93,0.0185342
16,21,33,1667.65,0.0161178
16,21,34,1667.64,0.0152046
16,21,35,1666.37,0.0164976
16,21,36,1663.41,0.0204269
16,21,37,1658.18,0.0269283
16,21,38,1649.83,0.0352413
16,21,39,1637.72,0.0438758
16,21,40,1621.6,0.0509055
16,21,41,1603.1,0.0545428
16,21,42,1585.01,0.053737
16,21,43,1570.41,0.04862
16,21,44,1561,0.0403877
16,21,45,1555.29,0.0308289
16,21,46,1548.34,0.0216594
16,21,47,1532.91,0.0140381
16,21,48,1501.75,0.00841533
16,21,49,1450.72,0.00467896
16,22,0,2861.5,0.433732
16,22,1,3037.46,0.51142
16,22,2,3136.99,0.566312
16,22,3,3172.33,0.593696
16,22,4,3160.01,0.594136
16,22,5,3117.67,0.5725
16,22,6,3060.69,0.535791
16,22,7,2999.17,0.491215
16,22,8,2936.77,0.444349
16,22,9,2872.18,0.398163
16,22,10,2802.45,0.353238
16,22,11,2725.03,0.308825
16,22,12,2640.84,0.265048
16,22,13,2550.89,0.222662
16,22,14,2458.05,0.18397
16,22,15,2365.1,0.151644
16,22,16,2274.75,0.127469
16,22,17,2188.62,0.111508
16,22,18,2107.37,0.101813
16,22,19,2030.76,0.0954264
16,22,20,1958.63,0.0895522
16,22,21,1892.03,0.0826195
16,22,22,1832.99,0.0743123
16,22,23,1784.23,0.0655302
16,22,24,1747.66,0.0575009
16,22,25,1722.87,0.0511206
16,22,26,1707.12,0.046583
16,22,27,1696.75,0.0435798
16,22,28,1688.36,0.0412915
16,22,29,1679.87,0.0388498
16,22,30,1671.03,0.0356974
16,22,31,1662.66,0.0316979
16,22,32,1655.99,0.0273135
16,22,33,1652.08,0.0234112
16,22,34,1651.44,0.0211103
16,22,35,1654.06,0.0213734
16,22,36,1658.83,0.0247267
16,22,37,1663.76,0.0310459
16,22,38,1666.31,0.0393964
16,22,39,1664.49,0.0480858
16,22,40,1657.09,0.054999
16,22,41,1645.28,0.0582256
16,22,42,1631.67,0.0566812
16,22,43,1619.36,0.0505926
16,22,44,1610.38,0.0413241
16,22,45,1603.69,0.0308707
16,22,46,1594.81,0.0210991
16,22,47,1576.77,0.0132111
16,22,48,1542.32,0.00759519
16,22,49,1487.08,0.00402256
16,23,0,2861.05,0.405501
16,23,1,3041.24,0.480851
16,23,2,3145.36,0.536522
16,23,3,3185.62,0.567911
16,23,4,3178.57,0.574986
16,23,5,3141.59,0.561669
16,23,6,3089.55,0.534045
16,23,7,3031.82,0.49852
16,23,8,2971.34,0.459945
16,23,9,2906.33,0.420474
16,23,10,2833.82,0.379842
16,23,11,2751.77,0.336803
16,23,12,2661.99,0.29164
16,23,13,2566.78,0.2461
16,23,14,2470.18,0.203977
16,23,15,2375.69,0.16932
16,23,16,2286.06,0.144636
16,23,17,2202.42,0.129809
16,23,18,2124.59,0.121958
16,23,19,2051.64,0.117041
16,23,20,1983.06,0.111485
16,23,21,1919.82,0.103579
16,23,22,1863.95,0.09345
16,23,23,1817.99,0.0826982
16,23,24,1783.36,0.0731309
16,23,25,1759.15,0.0659705
16,23,26,1742.24,0.061386
16,23,27,1728.71,0.0588
16,23,28,1715.1,0.0570453
16,23,29,1699.46,0.0548659
16,23,30,1681.97,0.0514052
16,23,31,1664.42,0.0463908
16,23,32,1649.58,0.040368
16,23,33,1640.21,0.034504
16,23,34,1638.23,0.0303278
16,23,35,1644.13,0.0291627
16,23,36,1656.25,0.031718
16,23,37,1671.24,0.0378483
16,23,38,1685.01,0.0464174
16,23,39,1694.2,0.0554471
16,23,40,1696.59,0.0625242
16,23,41,1692.75,0.0655138
16,23,42,1684.86,0.063231
16,23,43,1675.92,0.0559801
16,23,44,1668.05,0.0453093
16,23,45,1660.61,0.0334708
16,23,46,1649.53,0.0225502
16,23,47,1628.13,0.0138606
16,23,48,1589.26,0.0077833
16,23,49,1528.49,0.00400421
16,24,0,2860.86,0.380125
16,24,1,3045.72,0.454816
16,24,2,3154.93,0.512702
16,24,3,3200.69,0.548978
16,24,4,3199.52,0.562962
16,24,5,3168.52,0.557868
16,24,6,3122.02,0.539245
16,24,7,3068.58,0.513019
16,24,8,3010.25,0.483409
16,24,9,2944.62,0.451613
16,24,10,2868.61,0.416266
16,24,11,2780.82,0.375395
16,24,12,2684.25,0.329303
16,24,13,2582.96,0.280723
16,24,14,2482.62,0.234962
16,24,15,2387.68,0.197506
16,24,16,2300.91,0.171634
16,24,17,2222.65,0.157134
16,24,18,2151.49,0.150301
16,24,19,2085.45,0.146118
16,24,20,2023.25,0.140327
16,24,21,1965.46,0.131144
16,24,22,1913.81,0.119136
16,24,23,1870.5,0.106533
16,24,24,1836.57,0.0956014
16,24,25,1810.91,0.0877584
16,24,26,1790.52,0.0830683
16,24,27,1771.7,0.0806877
16,24,28,1751.37,0.0791611
16,24,29,1727.92,0.0769108
16,24,30,1701.94,0.0728033
16,24,31,1675.84,0.0663964
16,24,32,1653.46,0.0582695
16,24,33,1638.82,0.049879
16,24,34,1634.98,0.0432039
16,24,35,1642.98,0.0400023
16,24,36,1660.8,0.0412271
16,24,37,1684.1,0.0467335
16,24,38,1707.55,0.0551559
16,24,39,1726.62,0.0641838
16,24,40,1738.13,0.0710815
16,24,41,1742.01,0.0735058
16,24,42,1739.97,0.0702207
16,24,43,1734.77,0.0616555
16,24,44,1728.55,0.0495413
16,24,45,1720.85,0.0363489
16,24,46,1707.86,0.0243242
16,24,47,1683.06,0.0148477
16,24,48,1639.39,0.00827887
16,24,49,1572.45,0.00422997
16,25,0,2859.42,0.360028
16,25,1,3048.71,0.435143
16,25,2,3162.9,0.495786
16,25,3,3214.13,0.536893
16,25,4,3218.91,0.557347
16,25,5,3194.08,0.560046
16,25,6,3153.39,0.550364
16,25,7,3104.6,0.533894
16,25,8,3048.82,0.514094
16,25,9,2982.93,0.49093
16,25,10,2903.72,0.461672
16,25,11,2810.43,0.423491
16,25,12,2707.45,0.376695
16,25,13,2600.92,0.325025
16,25,14,2498.33,0.275263
16,25,15,2405.11,0.234282
16,25,16,2323.83,0.206114
16,25,17,2253.64,0.190568
16,25,18,2191.54,0.183362
16,25,19,2134.2,0.178793
16,25,20,2079.47,0.172156
16,25,21,2027.44,0.161702
16,25,22,1979.62,0.148388
16,25,23,1937.94,0.134871
16,25,24,1903.26,0.123607
16,25,25,1874.49,0.115945
16,25,26,1849,0.111667
16,25,27,1823.68,0.109624
16,25,28,1796.16,0.108139
16,25,29,1765.39,0.105432
16,25,30,1732.3,0.1002
16,25,31,1699.55,0.0918767
16,25,32,1671.37,0.0810801
16,25,33,1652.41,0.0695474
16,25,34,1646.43,0.0597041
16,25,35,1654.9,0.0537537
16,25,36,1675.76,0.052899
16,25,37,1704.19,0.056995
16,25,38,1734.08,0.0644314
16,25,39,1760.15,0.0725773
16,25,40,1778.48,0.0784411
16,25,41,1788.45,0.0795958
16,25,42,1791.36,0.0748908
16,25,43,1789.73,0.0649618
16,25,44,1785.57,0.0516933
16,25,45,1778.39,0.03765
16,25,46,1764.33,0.0250751
16,25,47,1736.83,0.0152848
16,25,48,1688.81,0.0085511
16,25,49,1615.87,0.00441356
16,26,0,2853.63,0.346639
16,26,1,3046.53,0.422246
16,26,2,3165.03,0.484904
16,26,3,3221.26,0.529522
16,26,4,3231.63,0.555035
16,26,5,3212.77,0.564535
16,26,6,3177.9,0.563519
16,26,7,3134.04,0.55722
16,26,8,3081.43,0.548047
16,26,9,3016.31,0.534379
16,26,10,2935.29,0.511907
16,26,11,2838.29,0.476912
16,26,12,2731.07,0.429763
16,26,13,2621.82,0.375191
16,26,14,2519.78,0.321319
16,26,15,2431.15,0.276218
16,26,16,2357.9,0.244599
16,26,17,2297.61,0.226438
16,26,18,2245.49,0.217254
16,26,19,2196.85,0.211106
16,26,20,2148.86,0.203184
16,26,21,2101.41,0.191914
16,26,22,2056.12,0.178524
16,26,23,2014.88,0.165794
16,26,24,1978.46,0.155994
16,26,25,1945.78,0.150059
16,26,26,1914.62,0.147258
16,26,27,1882.6,0.146053
16,26,28,1848.2,0.144603
16,26,29,1811.18,0.141075
16,26,30,1772.8,0.134163
16,26,31,1735.7,0.123302
16,26,32,1703.94,0.109212
16,26,33,1682.07,0.0939067
16,26,34,1673.94,0.080212
16,26,35,1681.23,0.0707293
16,26,36,1702.07,0.0668796
16,26,37,1731.65,0.0685168
16,26,38,1763.71,0.0738097
16,26,39,1792.73,0.0798761
16,26,40,1814.42,0.0835945
16,26,41,1827.86,0.0826236
16,26,42,1834.12,0.0760522
16,26,43,1835.5,0.0647929
16,26,44,1833.74,0.0508271
16,26,45,1828.07,0.0366483
16,26,46,1814.24,0.0242917
16,26,47,1785.35,0.0148472
16,26,48,1734.12,0.00841741
16,26,49,1656.12,0.00446746
16,27,0,2840.8,0.34012
16,27,1,3036.12,0.415453
16,27,2,3157.94,0.478405
16,27,3,3218.26,0.524263
16,27,4,3233.42,0.552593
16,27,5,3219.83,0.567189
16,27,6,3190.3,0.573905
16,27,7,3151.27,0.577528
16,27,8,3102.34,0.579148
16,27,9,3039.3,0.575315
16,27,10,2958.69,0.560069
16,27,11,2861.03,0.528843
16,27,12,2753.27,0.482116
16,27,13,2645.34,0.425474
16,27,14,2547.73,0.368093
16,27,15,2466.94,0.318929
16,27,16,2403.91,0.28324
16,27,17,2354.43,0.261314
16,27,18,2311.96,0.24891
16,27,19,2270.75,0.240347
16,27,20,2227.69,0.231098
16,27,21,2182.97,0.219882
16,27,22,2138.64,0.208048
16,27,23,2096.79,0.198146
16,27,24,2058.11,0.191885
16,27,25,2021.47,0.189455
16,27,26,1984.83,0.189399
16,27,27,1946.51,0.189703
16,27,28,1905.96,0.188399
16,27,29,1863.84,0.183731
16,27,30,1821.85,0.174588
16,27,31,1782.49,0.160579
16,27,32,1749.24,0.142632
16,27,33,1725.95,0.123037
16,27,34,1715.99,0.104932
16,27,35,1720.88,0.0912128
16,27,36,1738.94,0.0834604
16,27,37,1765.8,0.0815412
16,27,38,1795.62,0.0834804
16,27,39,1823.21,0.0862651
16,27,40,1844.41,0.0867924
16,27,41,1858.41,0.0829599
16,27,42,1866.18,0.0742016
16,27,43,1869.85,0.0617257
16,27,44,1870.8,0.047536
16,27,45,1867.64,0.0338963
16,27,46,1855.45,0.0224526
16,27,47,1826.71,0.0139319
16,27,48,1773.72,0.00819888
16,27,49,1691.98,0.00464572
16,28,0,2819.86,0.33895
16,28,1,3016.13,0.412847
16,28,2,3139.9,0.474045
16,28,3,3202.98,0.518572
16,28,4,3221.58,0.547093
16,28,5,3211.94,0.564469
16,28,6,3186.57,0.577067
16,28,7,3151.61,0.589208
16,28,8,3106.38,0.600616
16,28,9,3046.53,0.60605
16,28,10,2968.74,0.598043
16,28,11,2874.05,0.571292
16,28,12,2770.29,0.526351
16,28,13,2668.45,0.469355
16,28,14,2579.59,0.410083
16,28,15,2509.84,0.357947
16,28,16,2458.8,0.31855
16,28,17,2420.47,0.292601
16,28,18,2386.87,0.276508
16,28,19,2351.6,0.265319
16,28,20,2311.73,0.255139
16,28,21,2268.13,0.24506
16,28,22,2223.52,0.236386
16,28,23,2180.3,0.231123
16,28,24,2139.11,0.230127
16,28,25,2098.65,0.232639
16,28,26,2057.02,0.236368
16,28,27,2013.08,0.238795
16,28,28,1967.25,0.237849
16,28,29,1921.11,0.231939
16,28,30,1876.85,0.220281
16,28,31,1836.83,0.202805
16,28,32,1803.77,0.180731
16,28,33,1780.45,0.156601
16,28,34,1769.25,0.133744
16,28,35,1771.11,0.115232
16,28,36,1784.44,0.102748
16,28,37,1805.51,0.0962241
16,28,38,1829.37,0.0936895
16,28,39,1851.73,0.0921702
16,28,40,1869.06,0.0887296
16,28,41,1880.98,0.0815961
16,28,42,1888.62,0.0705584
16,28,43,1893.95,0.0570598
16,28,44,1897.81,0.0430342
16,28,45,1898,0.0303993
16,28,46,1888.64,0.0203017
16,28,47,1861.38,0.0130372
16,28,48,1807.99,0.0082027
16,28,49,1723.76,0.00512648
16,29,0,2792.45,0.340443
16,29,1,2988.06,0.411946
16,29,2,3112.19,0.469836
16,29,3,3176.34,0.51102
16,29,4,3196.5,0.537416
16,29,5,3188.72,0.555044
16,29,6,3165.41,0.57083
16,29,7,3132.74,0.588762
16,29,8,3090.23,0.607486
16,29,9,3033.86,0.620413
16,29,10,2960.75,0.618993
16,29,11,2872.41,0.597378
16,29,12,2777.11,0.556047
16,29,13,2686.09,0.501205
16,29,14,2610.06,0.442629
16,29,15,2554.15,0.38966
16,29,16,2516.42,0.347998
16,29,17,2489.36,0.318819
16,29,18,2464.08,0.299485
16,29,19,2433.99,0.286141
16,29,20,2396.6,0.275776
16,29,21,2353.56,0.267867
16,29,22,2308.22,0.263507
16,29,23,2263.29,0.263918
16,29,24,2219.4,0.268954
16,29,25,2175.19,0.276907
16,29,26,2128.94,0.284749
16,29,27,2080.12,0.289573
16,29,28,2029.95,0.289258
16,29,29,1980.87,0.282386
16,29,30,1935.47,0.268498
16,29,31,1895.96,0.247849
16,29,32,1864.25,0.221928
16,29,33,1841.89,0.19345
16,29,34,1829.97,0.165809
16,29,35,1828.6,0.142146
16,29,36,1836.07,0.124227
16,29,37,1849.4,0.112161
16,29,38,1864.83,0.104194
16,29,39,1879.38,0.0976114
16,29,40,1890.56,0.0897906
16,29,41,1898.74,0.0793241
16,29,42,1905.29,0.0662677
16,29,43,1912.01,0.0521516
16,29,44,1919.07,0.0387123
16,29,45,1923.27,0.0274327
16,29,46,1917.58,0.0189115
16,29,47,1892.71,0.0130097
16,29,48,1839.8,0.00906849
16,29,49,1753.89,0.00637752
16,30,0,2762.27,0.341834
16,30,1,2955.85,0.410585
16,30,2,3078.8,0.464619
16,30,3,3142.22,0.501588
16,30,4,3161.73,0.52444
16,30,5,3153.19,0.540127
16,30,6,3128.99,0.556057
16,30,7,3095.77,0.576121
16,30,8,3053.81,0.598497
16,30,9,3000.02,0.616039
16,30,10,2932.32,0.619786
16,30,11,2852.7,0.60362
16,30,12,2769.35,0.567732
16,30,13,2692.87,0.517837
16,30,14,2632.72,0.463026
16,30,15,2592.5,0.412023
16,30,16,2568.78,0.370328
16,30,17,2553.06,0.339544
16,30,18,2536.08,0.318146
16,30,19,2511.48,0.303586
16,30,20,2477.25,0.293864
16,30,21,2435.58,0.288792
16,30,22,2390.14,0.28909
16,30,23,2343.74,0.295057
16,30,24,2297.08,0.305557
16,30,25,2249.04,0.318157
16,30,26,2198.39,0.329421
16,30,27,2145.34,0.336353
16,30,28,2091.91,0.336914
16,30,29,2041.12,0.329806
16,30,30,1995.76,0.314722
16,30,31,1957.73,0.292051
16,30,32,1928.11,0.263365
16,30,33,1907.23,0.231381
16,30,34,1894.86,0.199418
16,30,35,1890.16,0.170606
16,30,36,1891.31,0.146814
16,30,37,1896.08,0.12848
16,30,38,1902.05,0.11434
16,30,39,1907.77,0.102201
16,30,40,1912,0.089923
16,30,41,1916.03,0.0764716
16,30,42,1921.49,0.0620234
16,30,43,1929.93,0.0479833
16,30,44,1940.67,0.0357187
16,30,45,1949.38,0.0261857
16,30,46,1947.81,0.0194107
16,30,47,1925.67,0.0148499
16,30,48,1873.46,0.0116317
16,30,49,1785.97,0.00905621
16,31,0,2733.9,0.341175
16,31,1,2924.69,0.407515
16,31,2,3045.45,0.45828
16,31,3,3106.74,0.491536
16,31,4,3123.67,0.510741
16,31,5,3111.77,0.523272
16,31,6,3083.49,0.536762
16,31,7,3046.26,0.555241
16,31,8,3001.72,0.577145
16,31,9,2948.41,0.59577
16,31,10,2885.46,0.602583
16,31,11,2815.34,0.591569
16,31,12,2745.71,0.562453
16,31,13,2685.67,0.519927
16,31,14,2642.7,0.471746
16,31,15,2618.56,0.4255
16,31,16,2608.64,0.386166
16,31,17,2604.02,0.355649
16,31,18,2595.67,0.333551
16,31,19,2577.7,0.318685
16,31,20,2548.45,0.310085
16,31,21,2510.18,0.307819
16,31,22,2466.3,0.312104
16,31,23,2419.42,0.322282
16,31,24,2370.32,0.336378
16,31,25,2318.45,0.351622
16,31,26,2263.55,0.364676
16,31,27,2206.93,0.372894
16,31,28,2151.39,0.37452
16,31,29,2100.3,0.368285
16,31,30,2056.27,0.353723
16,31,31,2020.68,0.331004
16,31,32,1993.65,0.301453
16,31,33,1974.41,0.267543
16,31,34,1961.59,0.23236
16,31,35,1953.59,0.198963
16,31,36,1948.52,0.169355
16,31,37,1944.92,0.14445
16,31,38,1941.72,0.123738
16,31,39,1939.07,0.105831
16,31,40,1937.02,0.0892629
16,31,41,1937.76,0.0734016
16,31,42,1943.14,0.0584152
16,31,43,1954.29,0.0453694
16,31,44,1969.53,0.0350677
16,31,45,1983.24,0.0278209
16,31,46,1985.92,0.0230331
16,31,47,1966.31,0.0197697
16,31,48,1914.3,0.0169897
16,31,49,1824.47,0.0140748
16,32,0,2711.48,0.337874
16,32,1,2899.71,0.402724
16,32,2,3018.2,0.451767
16,32,3,3076.92,0.483095
16,32,4,3090.29,0.500008
16,32,5,3073.27,0.509591
16,32,6,3038.34,0.519245
16,32,7,2993.87,0.53321
16,32,8,2943.36,0.550838
16,32,9,2887.57,0.56687
16,32,10,2827.34,0.57411
16,32,11,2765.68,0.567127
16,32,12,2709.34,0.545134
16,32,13,2665.35,0.511417
16,32,14,2638.76,0.471866
16,32,15,2629.44,0.432494
16,32,16,2631.93,0.397437
16,32,17,2637.54,0.368708
16,32,18,2637.9,0.346915
16,32,19,2627.77,0.332175
16,32,20,2605.58,0.324509
16,32,21,2573.14,0.324181
16,32,22,2533.04,0.330855
16,32,23,2487.22,0.342993
16,32,24,2436.48,0.358016
16,32,25,2381.13,0.373257
16,32,26,2322.3,0.385998
16,32,27,2262.73,0.394404
16,32,28,2206.15,0.397204
16,32,29,2156.12,0.393071
16,32,30,2114.78,0.381058
16,32,31,2082.69,0.360736
16,32,32,2058.93,0.332821
16,32,33,2041.68,0.299272
16,32,34,2028.68,0.262753
16,32,35,2017.81,0.226142
16,32,36,2007.29,0.191534
16,32,37,1996.44,0.160389
16,32,38,1985.46,0.133152
16,32,39,1976.02,0.109496
16,32,40,1969.4,0.0888558
16,32,41,1968.62,0.0710989
16,32,42,1975.61,0.0563421
16,32,43,1990.9,0.0451659
16,32,44,2011.62,0.0376359
16,32,45,2030.74,0.0332759
16,32,46,2037.5,0.0307748
16,32,47,2019.7,0.0287722
16,32,48,1966.74,0.0260756
16,32,49,1873.07,0.0222265
16,33,0,2697.49,0.33289
16,33,1,2884.37,0.397448
16,33,2,3001.64,0.446778
16,33,3,3058.64,0.47871
16,33,4,3068.91,0.495773
16,33,5,3046.65,0.503997
16,33,6,3004.12,0.509929
16,33,7,2950.58,0.51785
16,33,8,2891.52,0.528413
16,33,9,2830.3,0.538597
16,33,10,2769.84,0.543371
16,33,11,2713.87,0.53845
16,33,12,2668.14,0.522681
16,33,13,2637.42,0.497803
16,33,14,2624.24,0.467523
16,33,15,2626.72,0.43596
16,33,16,2638.97,0.406121
16,33,17,2652.91,0.379892
16,33,18,2661.21,0.35868
16,33,19,2659.27,0.343776
16,33,20,2645.45,0.33612
16,33,21,2620.69,0.336189
16,33,22,2586.31,0.343162
16,33,23,2543.25,0.3548
16,33,24,2492.13,0.368183
16,33,25,2434.16,0.381104
16,33,26,2372.08,0.391821
16,33,27,2310.27,0.399598
16,33,28,2253.6,0.403779
16,33,29,2205.84,0.402919
16,33,30,2168.53,0.395394
16,33,31,2141.27,0.379948
16,33,32,2121.98,0.356432
16,33,33,2107.84,0.326053
16,33,34,2095.81,0.290813
16,33,35,2083.45,0.253177
16,33,36,2069.16,0.215167
16,33,37,2053,0.178727
16,33,38,2036.37,0.145346
16,33,39,2022.31,0.115992
16,33,40,2013.26,0.0912523
16,33,41,2012.98,0.071698
16,33,42,2023.38,0.0574869
16,33,43,2044.21,0.0486882
16,33,44,2071.23,0.0445162
16,33,45,2095.92,0.0435536
16,33,46,2106.2,0.0436224
16,33,47,2089.07,0.0428277
16,33,48,2033.53,0.0397908
16,33,49,1933.99,0.0342796
16,34,0,2692.6,0.328469
16,34,1,2880.11,0.394037
16,34,2,2998.15,0.445721
16,34,3,3055.44,0.480979
16,34,4,3064.63,0.501136
16,34,5,3038.95,0.510504
16,34,6,2990.16,0.514107
16,34,7,2927.96,0.515867
16,34,8,2859.6,0.517777
16,34,9,2790.91,0.519513
16,34,10,2727.01,0.51885
16,34,11,2672.64,0.513229
16,34,12,2632.85,0.501476
16,34,13,2610.47,0.483902
16,34,14,2605.81,0.461966
16,34,15,2615.59,0.437738
16,34,16,2633.71,0.412881
16,34,17,2652.91,0.388918
16,34,18,2666.98,0.367818
16,34,19,2672.01,0.351878
16,34,20,2666.22,0.342894
16,34,21,2649.54,0.34166
16,34,22,2621.81,0.347064
16,34,23,2582.8,0.356428
16,34,24,2532.74,0.366718
16,34,25,2473.54,0.376338
16,34,26,2409.42,0.384575
16,34,27,2346.43,0.391774
16,34,28,2290.67,0.397854
16,34,29,2246.3,0.401247
16,34,30,2214.44,0.399687
16,34,31,2193.74,0.391137
16,34,32,2180.95,0.374568
16,34,33,2172.18,0.350287
16,34,34,2163.59,0.31936
16,34,35,2152.36,0.283467
16,34,36,2137.05,0.244228
16,34,37,2118.34,0.203852
16,34,38,2098.69,0.164837
16,34,39,2082.43,0.129616
16,34,40,2073.08,0.100212
16,34,41,2075.09,0.0781949
16,34,42,2090.29,0.0640022
16,34,43,2117.56,0.0573087
16,34,44,2151.16,0.0564636
16,34,45,2181,0.05898
16,34,46,2193.77,0.0616431
16,34,47,2175.76,0.0618652
16,34,48,2115.66,0.0580025
16,34,49,2007.93,0.0500826
16,35,0,2696.45,0.327037
16,35,1,2886.75,0.394887
16,35,2,3007.88,0.450728
16,35,3,3068.06,0.491666
16,35,4,3079.13,0.517629
16,35,5,3053.26,0.530773
16,35,6,3001.4,0.534037
16,35,7,2933.2,0.530507
16,35,8,2856.9,0.523277
16,35,9,2780.19,0.514799
16,35,10,2710.17,0.50601
16,35,11,2652.82,0.496549
16,35,12,2613.15,0.48568
16,35,13,2592.87,0.472609
16,35,14,2590.8,0.456738
16,35,15,2602.6,0.438118
16,35,16,2621.99,0.416982
16,35,17,2642.43,0.394313
16,35,18,2658.76,0.372401
16,35,19,2667.77,0.354362
16,35,20,2667.68,0.342799
16,35,21,2657.58,0.338966
16,35,22,2636.03,0.341763
16,35,23,2601.58,0.348363
16,35,24,2553.94,0.35578
16,35,25,2495.35,0.362943
16,35,26,2431.11,0.369881
16,35,27,2368.64,0.377673
16,35,28,2315.23,0.38661
16,35,29,2275.63,0.39505
16,35,30,2250.87,0.400363
16,35,31,2238.91,0.40007
16,35,32,2235.36,0.392476
16,35,33,2235.2,0.376957
16,35,34,2233.59,0.353345
16,35,35,2227.16,0.322073
16,35,36,2214.43,0.283909
16,35,37,2196.54,0.241003
16,35,38,2176.82,0.196723
16,35,39,2160.76,0.155081
16,35,40,2152.96,0.119805
16,35,41,2158.52,0.0938164
16,35,42,2179.2,0.0781832
16,35,43,2213,0.0724234
16,35,44,2252.69,0.0741107
16,35,45,2286.64,0.0796142
16,35,46,2300.42,0.0845226
16,35,47,2279.71,0.0853742
16,35,48,2213.01,0.0801462
16,35,49,2094.8,0.0691151
16,36,0,2708.49,0.330523
16,36,1,2903.35,0.401839
16,36,2,3029.54,0.463199
16,36,3,3094.97,0.511435
16,36,4,3110.79,0.545079
16,36,5,3088.22,0.563976
16,36,6,3037.2,0.568683
16,36,7,2966.74,0.561061
16,36,8,2885.19,0.544936
16,36,9,2801.19,0.525301
16,36,10,2723.2,0.506289
16,36,11,2658.62,0.490007
16,36,12,2613.2,0.476576
16,36,13,2588.67,0.464532
16,36,14,2583.21,0.451601
16,36,15,2591.87,0.436039
16,36,16,2608.03,0.416745
16,36,17,2625.52,0.394092
16,36,18,2639.94,0.370489
16,36,19,2648.79,0.34968
16,36,20,2650.63,0.334991
16,36,21,2644.15,0.328277
16,36,22,2627.05,0.32875
16,36,23,2596.95,0.333717
16,36,24,2552.93,0.340296
16,36,25,2497.17,0.347641
16,36,26,2435.46,0.355983
16,36,27,2376.07,0.366557
16,36,28,2327.16,0.379706
16,36,29,2294.23,0.393815
16,36,30,2278.5,0.406338
16,36,31,2277.58,0.414874
16,36,32,2286.11,0.417445
16,36,33,2297.88,0.412561
16,36,34,2306.91,0.398575
16,36,35,2309.09,0.374224
16,36,36,2302.72,0.338982
16,36,37,2289.2,0.294581
16,36,38,2272.53,0.245049
16,36,39,2259.14,0.196001
16,36,40,2254.63,0.153074
16,36,41,2264.68,0.120892
16,36,42,2291.09,0.101552
16,36,43,2331.01,0.0947428
16,36,44,2375.87,0.0974473
16,36,45,2412.65,0.104891
16,36,46,2425.94,0.111341
16,36,47,2400.92,0.112284
16,36,48,2325.85,0.105179
16,36,49,2195.2,0.090487
16,37,0,2728.22,0.339412
16,37,1,2928.62,0.415271
16,37,2,3060.94,0.483043
16,37,3,3132.95,0.539291
16,37,4,3155.33,0.581267
16,37,5,3138.49,0.606651
16,37,6,3091.31,0.613688
16,37,7,3021.79,0.602903
16,37,8,2937.67,0.578522
16,37,9,2847.58,0.547642
16,37,10,2760.73,0.517294
16,37,11,2685.8,0.492023
16,37,12,2629.99,0.47307
16,37,13,2596.04,0.458725
16,37,14,2582.4,0.445545
16,37,15,2583.85,0.430396
16,37,16,2593.26,0.411111
16,37,17,2604.34,0.387508
16,37,18,2613.05,0.361955
16,37,19,2617.55,0.338596
16,37,20,2617.07,0.321321
16,37,21,2610.55,0.312632
16,37,22,2595.5,0.312298
16,37,23,2569.06,0.31798
16,37,24,2529.7,0.326898
16,37,25,2479.25,0.338058
16,37,26,2423.33,0.351277
16,37,27,2370.38,0.367303
16,37,28,2328.98,0.386183
16,37,29,2305.17,0.406434
16,37,30,2300.6,0.426052
16,37,31,2312.74,0.443247
16,37,32,2335.54,0.456157
16,37,33,2361.67,0.462544
16,37,34,2384.05,0.459167
16,37,35,2397.8,0.442791
16,37,36,2400.91,0.411311
16,37,37,2394.91,0.365794
16,37,38,2384.2,0.310711
16,37,39,2375.91,0.253195
16,37,40,2376.44,0.200856
16,37,41,2391.98,0.160252
16,37,42,2424.38,0.134843
16,37,43,2470.14,0.124816
16,37,44,2519.5,0.126785
16,37,45,2558.27,0.134898
16,37,46,2570.17,0.142029
16,37,47,2539.93,0.142453
16,37,48,2455.51,0.132977
16,37,49,2311.08,0.114147
16,38,0,2755.79,0.353493
16,38,1,2961.66,0.434759
16,38,2,3099.97,0.509233
16,38,3,3178.48,0.57311
16,38,4,3207.61,0.622565
16,38,5,3197.08,0.653562
16,38,6,3154.85,0.662534
16,38,7,3087.77,0.64891
16,38,8,3002.57,0.617122
16,38,9,2907.25,0.575809
16,38,10,2811.23,0.534293
16,38,11,2724.27,0.499188
16,38,12,2655.31,0.472887
16,38,13,2608.73,0.453768
16,38,14,2583.93,0.437771
16,38,15,2575.75,0.420913
16,38,16,2576.46,0.400374
16,38,17,2579.2,0.375581
16,38,18,2579.87,0.348731
16,38,19,2577.08,0.324108
16,38,20,2570.99,0.305933
16,38,21,2561.35,0.29728
16,38,22,2546.22,0.298584
16,38,23,2522.81,0.308005
16,38,24,2489.18,0.322827
16,38,25,2446.57,0.341569
16,38,26,2399.94,0.363123
16,38,27,2357.19,0.387209
16,38,28,2326.69,0.413288
16,38,29,2314.7,0.440068
16,38,30,2323.15,0.466412
16,38,31,2349.54,0.491492
16,38,32,2387.35,0.513842
16,38,33,2428.46,0.530612
16,38,34,2464.97,0.537041
16,38,35,2491.47,0.527968
16,38,36,2505.75,0.499733
16,38,37,2509.43,0.452696
16,38,38,2507.12,0.391601
16,38,39,2506.28,0.324883
16,38,40,2513.82,0.26198
16,38,41,2536.3,0.211403
16,38,42,2575.65,0.178172
16,38,43,2627.76,0.163239
16,38,44,2681.88,0.163082
16,38,45,2722.8,0.17088
16,38,46,2733.52,0.178072
16,38,47,2698.35,0.177558
16,38,48,2604.74,0.165325
16,38,49,2446.22,0.141863
16,39,0,2792.71,0.371878
16,39,1,3002.95,0.458965
16,39,2,3145.84,0.539626
16,39,3,3229.34,0.609531
16,39,4,3263.68,0.664088
16,39,5,3258.12,0.698274
16,39,6,3219.79,0.707576
16,39,7,3154.55,0.690879
16,39,8,3068.1,0.652759
16,39,9,2967.64,0.602742
16,39,10,2862.53,0.551583
16,39,11,2763.32,0.507315
16,39,12,2680.6,0.473294
16,39,13,2620.5,0.448228
16,39,14,2583.64,0.427995
16,39,15,2565.21,0.408368
16,39,16,2556.92,0.386348
16,39,17,2551.16,0.36117
16,39,18,2543.4,0.334739
16,39,19,2532.45,0.311191
16,39,20,2519.37,0.29478
16,39,21,2505.05,0.288964
16,39,22,2488.68,0.294838
16,39,23,2468.05,0.311138
16,39,24,2441.14,0.335202
16,39,25,2408.6,0.364861
16,39,26,2374.35,0.397778
16,39,27,2345.29,0.432268
16,39,28,2328.91,0.466942
16,39,29,2331.15,0.50061
16,39,30,2353.92,0.53303
16,39,31,2394.64,0.564418
16,39,32,2446.59,0.593827
16,39,33,2501.26,0.618016
16,39,34,2550.5,0.631087
16,39,35,2588.84,0.626443
16,39,36,2614.16,0.599315
16,39,37,2628.25,0.549589
16,39,38,2635.79,0.482194
16,39,39,2644.29,0.406493
16,39,40,2660.88,0.333305
16,39,41,2692.26,0.27279
16,39,42,2740.29,0.231451
16,39,43,2800.24,0.211134
16,39,44,2860.42,0.208371
16,39,45,2904.71,0.215537
16,39,46,2915.58,0.222643
16,39,47,2876.97,0.221055
16,39,48,2775.68,0.205749
16,39,49,2604.03,0.17698
16,40,0,2839.44,0.393636
16,40,1,3052.29,0.486274
16,40,2,3197.57,0.571652
16,40,3,3283.54,0.644819
16,40,4,3320.38,0.700869
16,40,5,3316.98,0.73474
16,40,6,3279.91,0.742041
16,40,7,3214.31,0.721803
16,40,8,3125.14,0.678716
16,40,9,3019,0.62248
16,40,10,2905.16,0.564287
16,40,11,2794.74,0.512782
16,40,12,2699.59,0.471976
16,40,13,2627.26,0.441073
16,40,14,2579.48,0.416394
16,40,15,2551.82,0.394048
16,40,16,2535.69,0.371286
16,40,17,2522.79,0.347336
16,40,18,2508.03,0.323694
16,40,19,2490.14,0.304081
16,40,20,2470.89,0.292482
16,40,21,2452.27,0.2925
16,40,22,2434.81,0.305786
16,40,23,2417.29,0.331696
16,40,24,2397.92,0.367669
16,40,25,2376.87,0.41084
16,40,26,2357.05,0.457581
16,40,27,2344.01,0.504618
16,40,28,2343.99,0.549447
16,40,29,2362.02,0.590665
16,40,30,2399.5,0.628597
16,40,31,2453.52,0.66424
16,40,32,2517.31,0.697114
16,40,33,2582.44,0.723888
16,40,34,2641.14,0.738226
16,40,35,2688.48,0.733029
16,40,36,2722.86,0.703284
16,40,37,2746.39,0.64894
16,40,38,2763.81,0.575128
16,40,39,2782.59,0.491674
16,40,40,2809.78,0.410074
16,40,41,2852.01,0.341505
16,40,42,2910.77,0.293572
16,40,43,2980.46,0.268938
16,40,44,3048.39,0.264307
16,40,45,3097.72,0.271435
16,40,46,3110.65,0.278962
16,40,47,3070.96,0.27658
16,40,48,2964.76,0.258027
16,40,49,2782.62,0.223117
16,41,0,2897.4,0.418696
16,41,1,3110.87,0.516102
16,41,2,3256.05,0.604058
16,41,3,3341.62,0.677016
16,41,4,3377.77,0.730339
16,41,5,3373.19,0.759949
16,41,6,3334.11,0.762672
16,41,7,3265.31,0.738346
16,41,8,3171.46,0.691729
16,41,9,3058.96,0.631993
16,41,10,2937.19,0.569794
16,41,11,2817.65,0.51361
16,41,12,2713,0.467802
16,41,13,2631.55,0.432203
16,41,14,2575.64,0.403982
16,41,15,2541.17,0.380026
16,41,16,2519.41,0.358115
16,41,17,2501.7,0.337536
16,41,18,2482.47,0.319274
16,41,19,2460.28,0.306423
16,41,20,2437.23,0.30249
16,41,21,2416.14,0.311048
16,41,22,2398.8,0.334187
16,41,23,2385.05,0.371915
16,41,24,2373.6,0.421865
16,41,25,2364.44,0.480617
16,41,26,2359.64,0.543363
16,41,27,2363.46,0.605181
16,41,28,2380.63,0.662149
16,41,29,2414.87,0.712102
16,41,30,2466.52,0.755254
16,41,31,2532.02,0.79283
16,41,32,2604.57,0.824643
16,41,33,2676.23,0.847684
16,41,34,2740.16,0.856159
16,41,35,2792.52,0.843752
16,41,36,2832.62,0.806392
16,41,37,2863.18,0.74485
16,41,38,2889.17,0.66459
16,41,39,2917.98,0.575394
16,41,40,2956.48,0.48856
16,41,41,3010.87,0.415396
16,41,42,3081.83,0.363946
16,41,43,3162.52,0.337408
16,41,44,3239.17,0.332667
16,41,45,3294.47,0.341052
16,41,46,3310.86,0.349934
16,41,47,3272.41,0.34724
16,41,48,3164.63,0.325247
16,41,49,2975.92,0.283125
16,42,0,2965.14,0.446469
16,42,1,3177.48,0.547516
16,42,2,3320.34,0.63567
16,42,3,3402.96,0.704919
16,42,4,3435.6,0.751494
16,42,5,3426.82,0.773224
16,42,6,3382.76,0.769048
16,42,7,3308.24,0.740132
16,42,8,3208.1,0.691233
16,42,9,3089.03,0.630425
16,42,10,2960.79,0.567055
16,42,11,2835.18,0.508823
16,42,12,2725.13,0.460211
16,42,13,2638.95,0.421767
16,42,14,2578.93,0.391767
16,42,15,2540.94,0.368101
16,42,16,2516.33,0.349133
16,42,17,2496.41,0.334143
16,42,18,2475.41,0.323506
16,42,19,2451.77,0.319592
16,42,20,2427.67,0.325378
16,42,21,2406.4,0.344364
16,42,22,2390.67,0.379022
16,42,23,2381.27,0.430038
16,42,24,2377.51,0.495332
16,42,25,2379.52,0.571132
16,42,26,2388.84,0.651661
16,42,27,2408.69,0.730384
16,42,28,2442.33,0.801661
16,42,29,2491.86,0.861886
16,42,30,2556.24,0.910302
16,42,31,2630.95,0.947645
16,42,32,2709.15,0.973792
16,42,33,2783.6,0.986524
16,42,34,2848.69,0.981673
16,42,35,2902.02,0.955086
16,42,36,2944.11,0.904888
16,42,37,2978.51,0.833472
16,42,38,3010.68,0.746807
16,42,39,3048.1,0.654183
16,42,40,3097.31,0.565836
16,42,41,3163.76,0.492252
16,42,42,3246.8,0.441133
16,42,43,3338.04,0.415777
16,42,44,3422.64,0.413164
16,42,45,3483.3,0.424347
16,42,46,3503.31,0.43556
16,42,47,3467.6,0.43296
16,42,48,3361.38,0.407217
16,42,49,3170.66,0.356718
16,43,0,3037.23,0.474473
16,43,1,3247.16,0.577935
16,43,2,3386.21,0.664263
16,43,3,3464.21,0.727139
16,43,4,3491.51,0.764079
16,43,5,3476.62,0.775404
16,43,6,3425.78,0.762714
16,43,7,3344.14,0.728809
16,43,8,3237.18,0.678425
16,43,9,3112.27,0.618236
16,43,10,2979.83,0.555856
16,43,11,2851.84,0.497872
16,43,12,2741.03,0.448753
16,43,13,2654.93,0.409782
16,43,14,2595.09,0.380401
16,43,15,2557,0.359449
16,43,16,2532.12,0.345696
16,43,17,2512.04,0.338205
16,43,18,2491.18,0.33667
16,43,19,2468,0.342767
16,43,20,2444.72,0.359086
16,43,21,2424.88,0.389187
16,43,22,2411.78,0.435951
16,43,23,2406.9,0.500741
16,43,24,2410.11,0.581793
16,43,25,2421.82,0.67516
16,43,26,2443.33,0.774309
16,43,27,2477.08,0.871225
16,43,28,2525.02,0.958362
16,43,29,2587.67,1.03009
16,43,30,2662.46,1.08388
16,43,31,2743.89,1.11932
16,43,32,2824.99,1.13613
16,43,33,2899.32,1.13329
16,43,34,2962.57,1.10917
16,43,35,3013.78,1.06291
16,43,36,3054.74,0.995824
16,43,37,3090.01,0.912531
16,43,38,3125.73,0.819654
16,43,39,3169.57,0.72569
16,43,40,3227.67,0.639184
16,43,41,3304.42,0.56904
16,43,42,3397.53,0.521917
16,43,43,3496.89,0.500742
16,43,44,3586.94,0.502399
16,43,45,3650.93,0.517714
16,43,46,3673.55,0.531905
16,43,47,3640.99,0.529467
16,43,48,3538.46,0.499476
16,43,49,3349.78,0.439546
16,44,0,3103.84,0.497496
16,44,1,3310.62,0.602103
16,44,2,3445.22,0.685343
16,44,3,3518.01,0.740666
16,44,4,3539.39,0.766932
16,44,5,3517.88,0.767023
16,44,6,3459.91,0.745272
16,44,7,3371.23,0.706195
16,44,8,3258.2,0.654596
16,44,9,3129.2,0.595812
16,44,10,2995.37,0.535724
16,44,11,2868.71,0.479779
16,44,12,2761.33,0.43236
16,44,13,2679.39,0.395407
16,44,14,2623.2,0.369352
16,44,15,2587.64,0.35369
16,44,16,2564.25,0.347243
16,44,17,2545.1,0.348579
16,44,18,2525.05,0.356683
16,44,19,2502.87,0.372664
16,44,20,2480.86,0.399008
16,44,21,2462.83,0.439568
16,44,22,2452.48,0.497697
16,44,23,2451.73,0.575357
16,44,24,2460.88,0.671029
16,44,25,2480.53,0.780692
16,44,26,2511.83,0.89728
16,44,27,2556.6,1.01158
16,44,28,2615.74,1.11424
16,44,29,2688.37,1.19735
16,44,30,2770.59,1.25616
16,44,31,2856.08,1.28866
16,44,32,2937.86,1.29425
16,44,33,3010.23,1.27336
16,44,34,3070.04,1.22738
16,44,35,3117.56,1.15927
16,44,36,3155.71,1.07393
16,44,37,3189.95,0.978432
16,44,38,3227.13,0.880059
16,44,39,3275.14,0.786428
16,44,40,3339.64,0.704165
16,44,41,3423.85,0.640243
16,44,42,3523.72,0.599862
16,44,43,3627.76,0.585176
16,44,44,3720.12,0.592707
16,44,45,3784.99,0.612963
16,44,46,3808.7,0.630237
16,44,47,3778.74,0.627607
16,44,48,3680.57,0.592804
16,44,49,3496.25,0.522898
16,45,0,3151.7,0.508218
16,45,1,3355.16,0.612505
16,45,2,3485.5,0.692166
16,45,3,3553.44,0.740354
16,45,4,3569.39,0.756905
16,45,5,3541.88,0.74676
16,45,6,3477.65,0.716584
16,45,7,3383.18,0.672488
16,45,8,3265.86,0.619572
16,45,9,3135.14,0.562258
16,45,10,3002.73,0.505095
16,45,11,2880.42,0.4526
16,45,12,2779.31,0.409007
16,45,13,2703.98,0.376679
16,45,14,2653.37,0.35666
16,45,15,2621.62,0.348634
16,45,16,2600.38,0.351066
16,45,17,2582.22,0.361787
16,45,18,2562.58,0.379112
16,45,19,2540.66,0.403767
16,45,20,2519.13,0.438445
16,45,21,2502.16,0.487496
16,45,22,2493.84,0.554769
16,45,23,2496.43,0.642655
16,45,24,2510.42,0.749718
16,45,25,2536.36,0.871904
16,45,26,2575.14,1.00187
16,45,27,2627.92,1.12967
16,45,28,2694.77,1.24459
16,45,29,2773.8,1.33672
16,45,30,2860.17,1.39912
16,45,31,2947.11,1.42813
16,45,32,3027.8,1.42277
16,45,33,3097.26,1.38485
16,45,34,3153.26,1.31868
16,45,35,3196.99,1.23081
16,45,36,3232.15,1.12942
16,45,37,3264.89,1.0237
16,45,38,3302.55,0.921471
16,45,39,3353.11,0.82957
16,45,40,3421.75,0.752927
16,45,41,3510.5,0.696696
16,45,42,3613.94,0.66456
16,45,43,3719.65,0.657644
16,45,44,3811.9,0.671817
16,45,45,3875.95,0.697095
16,45,46,3899.48,0.716962
16,45,47,3871.02,0.713514
16,45,48,3776.26,0.673654
16,45,49,3596.11,0.594335
16,46,0,3165.92,0.499802
16,46,1,3366.44,0.601783
16,46,2,3493.39,0.677628
16,46,3,3557.49,0.720078
16,46,4,3569.1,0.729296
16,46,5,3536.81,0.71137
16,46,6,3467.81,0.674533
16,46,7,3369.39,0.626187
16,46,8,3249.94,0.571979
16,46,9,3119.84,0.516036
16,46,10,2991.09,0.46218
16,46,11,2874.92,0.414322
16,46,12,2781.25,0.376447
16,46,13,2713.12,0.350999
16,46,14,2668.32,0.339125
16,46,15,2640.39,0.34022
16,46,16,2621.05,0.352074
16,46,17,2603.29,0.371687
16,46,18,2583.12,0.396834
16,46,19,2560.25,0.428053
16,46,20,2537.86,0.468462
16,46,21,2520.64,0.522964
16,46,22,2513.21,0.595817
16,46,23,2518.08,0.68957
16,46,24,2535.8,0.80268
16,46,25,2566.6,0.931075
16,46,26,2610.81,1.06742
16,46,27,2668.84,1.2017
16,46,28,2740.1,1.32261
16,46,29,2822.04,1.41896
16,46,30,2909.38,1.4822
16,46,31,2995.4,1.50735
16,46,32,3073.63,1.49309
16,46,33,3139.78,1.4423
16,46,34,3192.34,1.36151
16,46,35,3233.08,1.25998
16,46,36,3266.18,1.14816
16,46,37,3298.06,1.03662
16,46,38,3336.29,0.933437
16,46,39,3388.75,0.84486
16,46,40,3460.08,0.774633
16,46,41,3551.41,0.726533
16,46,42,3656.45,0.702954
16,46,43,3762.36,0.703905
16,46,44,3853.74,0.724414
16,46,45,3916.58,0.7539
16,46,46,3939.31,0.775325
16,46,47,3910.94,0.770465
16,46,48,3817.24,0.726141
16,46,49,3638.62,0.639704
16,47,0,3131.56,0.468281
16,47,1,3329.84,0.565239
16,47,2,3454.64,0.636673
16,47,3,3516.24,0.674885
16,47,4,3524.8,0.679692
16,47,5,3489.1,0.657287
16,47,6,3416.92,0.616525
16,47,7,3316.43,0.565627
16,47,8,3196.94,0.510915
16,47,9,3069.43,0.456763
16,47,10,2945.79,0.406819
16,47,11,2836.4,0.364668
16,47,12,2750.01,0.3339
16,47,13,2688.38,0.316671
16,47,14,2648.54,0.313771
16,47,15,2623.67,0.323978
16,47,16,2605.57,0.344318
16,47,17,2587.54,0.371073
16,47,18,2566.04,0.401702
16,47,19,2541.19,0.436693
16,47,20,2516.74,0.479608
16,47,21,2498.02,0.53574
16,47,22,2490.2,0.609534
16,47,23,2496.15,0.703402
16,47,24,2516.36,0.815569
16,47,25,2550.54,0.942002
16,47,26,2598.24,1.07573
16,47,27,2659.02,1.20731
16,47,28,2731.67,1.32581
16,47,29,2813.36,1.41982
16,47,30,2898.87,1.4801
16,47,31,2981.88,1.50097
16,47,32,3056.52,1.48091
16,47,33,3119.17,1.42339
16,47,34,3168.9,1.33615
16,47,35,3207.78,1.22975
16,47,36,3240.14,1.11561
16,47,37,3272.37,1.00465
16,47,38,3311.92,0.904774
16,47,39,3366.38,0.821793
16,47,40,3439.91,0.758816
16,47,41,3533.08,0.718761
16,47,42,3639.26,0.703094
16,47,43,3745.57,0.710807
16,47,44,3836.85,0.736132
16,47,45,3899.23,0.768048
16,47,46,3921.09,0.789575
16,47,47,3891.28,0.783051
16,47,48,3795.41,0.73607
16,47,49,3614.07,0.646795
16,48,0,3034.82,0.414518
16,48,1,3230.96,0.503063
16,48,2,3354.58,0.568638
16,48,3,3414.82,0.603315
16,48,4,3421.51,0.606157
16,48,5,3383.74,0.58261
16,48,6,3310.01,0.541238
16,48,7,3209.43,0.490473
16,48,8,3092,0.43716
16,48,9,2968.9,0.386134
16,48,10,2851.46,0.341163
16,48,11,2749.05,0.305621
16,48,12,2669.29,0.282552
16,48,13,2613.04,0.273549
16,48,14,2576.96,0.278776
16,48,15,2554.17,0.296327
16,48,16,2536.63,0.322636
16,48,17,2517.89,0.35359
16,48,18,2494.68,0.386598
16,48,19,2467.46,0.422177
16,48,20,2440.41,0.464142
16,48,21,2419.42,0.517832
16,48,22,2410.24,0.587556
16,48,23,2416.06,0.675348
16,48,24,2437.33,0.779204
16,48,25,2473.21,0.895255
16,48,26,2522.36,1.01723
16,48,27,2583.45,1.13686
16,48,28,2654.74,1.24443
16,48,29,2733.33,1.32936
16,48,30,2814.4,1.38276
16,48,31,2892.41,1.39896
16,48,32,2962.27,1.37645
16,48,33,3021.06,1.31878
16,48,34,3068.27,1.23378
16,48,35,3106.13,1.13196
16,48,36,3138.83,1.02429
16,48,37,3172.45,0.921054
16,48,38,3214.03,0.829512
16,48,39,3270.72,0.755029
16,48,40,3346.3,0.700435
16,48,41,3441.14,0.668159
16,48,42,3548.71,0.659079
16,48,43,3656.37,0.671434
16,48,44,3748.96,0.698987
16,48,45,3812.1,0.730787
16,48,46,3833.26,0.750778
16,48,47,3800.45,0.742843
16,48,48,3699.1,0.696129
16,48,49,3510.9,0.60978
16,49,0,2865.03,0.344385
16,49,1,3057.06,0.421074
16,49,2,3179.08,0.478678
16,49,3,3238.35,0.509492
16,49,4,3244.07,0.511818
16,49,5,3205.67,0.489872
16,49,6,3132.46,0.451219
16,49,7,3034.33,0.403843
16,49,8,2921.64,0.354671
16,49,9,2805.26,0.308817
16,49,10,2695.6,0.270123
16,49,11,2600.82,0.2417
16,49,12,2527.5,0.225936
16,49,13,2475.94,0.223769
16,49,14,2442.78,0.234727
16,49,15,2421.38,0.256424
16,49,16,2404.05,0.285084
16,49,17,2384.63,0.316634
16,49,18,2360.08,0.348687
16,49,19,2331,0.381783
16,49,20,2301.83,0.419663
16,49,21,2278.74,0.467275
16,49,22,2267.82,0.528468
16,49,23,2272.49,0.604772
16,49,24,2293.24,0.694089
16,49,25,2328.75,0.792898
16,49,26,2376.94,0.895896
16,49,27,2435.64,0.996383
16,49,28,2502.7,1.0864
16,49,29,2575.3,1.15703
16,49,30,2649.29,1.20057
16,49,31,2720.08,1.21201
16,49,32,2783.54,1.18999
16,49,33,2837.47,1.13776
16,49,34,2881.77,1.06236
16,49,35,2918.61,0.97308
16,49,36,2951.87,0.879451
16,49,37,2987.05,0.790283
16,49,38,3030.54,0.711782
16,49,39,3088.9,0.648707
16,49,40,3165.63,0.603686
16,49,41,3261.14,0.578814
16,49,42,3369.48,0.574617
16,49,43,3478.5,0.588952
16,49,44,3572.98,0.615675
16,49,45,3637.47,0.644644
16,49,46,3657.89,0.661679
16,49,47,3620.96,0.653073
16,49,48,3512.14,0.610041
16,49,49,3315.77,0.532602
17,0,0,2707.14,0.148773
17,0,1,2862.7,0.167844
17,0,2,2948.71,0.180951
17,0,3,2980.54,0.190929
17,0,4,2978.3,0.201373
17,0,5,2960.93,0.214206
17,0,6,2941.69,0.228699
17,0,7,2925.68,0.241831
17,0,8,2910.52,0.250264
17,0,9,2890.32,0.252209
17,0,10,2859.89,0.248161
17,0,11,2817.12,0.239971
17,0,12,2765.45,0.229584
17,0,13,2709.54,0.217232
17,0,14,2654.35,0.201831
17,0,15,2602.42,0.182064
17,0,16,2552.37,0.157805
17,0,17,2500.16,0.130608
17,0,18,2440.92,0.103156
17,0,19,2371.29,0.078303
17,0,20,2291.12,0.058067
17,0,21,2203.83,0.0433767
17,0,22,2114.39,0.0341465
17,0,23,2027.89,0.0298195
17,0,24,1947.76,0.0294917
17,0,25,1874.46,0.0321929
17,0,26,1807.28,0.0369532
17,0,27,1745.24,0.0425599
17,0,28,1687.57,0.0477902
17,0,29,1634.24,0.0513613
17,0,30,1585.14,0.0522535
17,0,31,1540.01,0.0499797
17,0,32,1497.69,0.0447674
17,0,33,1456.44,0.0374668
17,0,34,1414.61,0.0293058
17,0,35,1371.43,0.0214718
17,0,36,1327.25,0.0148162
17,0,37,1283.86,0.00989709
17,0,38,1243.59,0.00669094
17,0,39,1208.45,0.00526375
17,0,40,1179.38,0.00569599
17,0,41,1156.18,0.00823824
17,0,42,1137.96,0.013139
17,0,43,1123.64,0.0203604
17,0,44,1111.97,0.0291485
17,0,45,1101.85,0.0379078
17,0,46,1092.09,0.0444724
17,0,47,1081.82,0.0469364
17,0,48,1070.53,0.0445002
17,0,49,1058.39,0.037871
17,1,0,2900.05,0.16591
17,1,1,3058.89,0.18766
17,1,2,3144.47,0.202797
17,1,3,3174.23,0.214361
17,1,4,3168.91,0.226385
17,1,5,3147.6,0.241184
17,1,6,3124.14,0.258266
17,1,7,3104.64,0.274573
17,1,8,3087.71,0.286546
17,1,9,3067.88,0.292138
17,1,10,3039.63,0.291649
17,1,11,2999.85,0.286766
17,1,12,2950.75,0.279191
17,1,13,2895.96,0.268655
17,1,14,2840,0.253452
17,1,15,2785.65,0.231774
17,1,16,2732.06,0.203455
17,1,17,2675.63,0.170557
17,1,18,2611.47,0.136638
17,1,19,2535.84,0.10552
17,1,20,2448.26,0.079997
17,1,21,2352.24,0.0614737
17,1,22,2253.39,0.0499782
17,1,23,2157.85,0.0448084
17,1,24,2069.92,0.044732
17,1,25,1990.29,0.0483257
17,1,26,1917.89,0.0541999
17,1,27,1851.09,0.0607356
17,1,28,1788.49,0.0664005
17,1,29,1729.87,0.0696857
17,1,30,1675.19,0.0694555
17,1,31,1624.53,0.0652491
17,1,32,1576.91,0.0574805
17,1,33,1530.58,0.0473153
17,1,34,1483.72,0.0363611
17,1,35,1435.33,0.0261353
17,1,36,1385.69,0.0176881
17,1,37,1336.79,0.0116086
17,1,38,1291.28,0.00779438
17,1,39,1251.49,0.00615086
17,1,40,1218.52,0.00657724
17,1,41,1192.08,0.0091417
17,1,42,1171.06,0.0139451
17,1,43,1154.17,0.0208694
17,1,44,1139.99,0.0291559
17,1,45,1127.32,0.0373084
17,1,46,1114.89,0.0433192
17,1,47,1101.79,0.0454322
17,1,48,1087.48,0.042922
17,1,49,1072.16,0.0364691
17,2,0,3021.42,0.174604
17,2,1,3181.54,0.197744
17,2,2,3266.8,0.213832
17,2,3,3295.57,0.225941
17,2,4,3288.33,0.238373
17,2,5,3263.76,0.253825
17,2,6,3235.91,0.272247
17,2,7,3212,0.290915
17,2,8,3192.06,0.306397
17,2,9,3171.52,0.316538
17,2,10,3144.84,0.321308
17,2,11,3108.06,0.321867
17,2,12,3062.12,0.319269
17,2,13,3009.44,0.312496
17,2,14,2953.92,0.299182
17,2,15,2898.46,0.27716
17,2,16,2842.82,0.246359
17,2,17,2784,0.209379
17,2,18,2717.35,0.170553
17,2,19,2638.97,0.134518
17,2,20,2548.07,0.104729
17,2,21,2448.05,0.0830347
17,2,22,2344.84,0.0696268
17,2,23,2245.23,0.0637246
17,2,24,2154.07,0.0638258
17,2,25,2072.13,0.0680866
17,2,26,1998.03,0.0747197
17,2,27,1929.52,0.0817426
17,2,28,1864.68,0.0873661
17,2,29,1803.08,0.089907
17,2,30,1744.83,0.0881428
17,2,31,1690.34,0.0816429
17,2,32,1638.82,0.0709964
17,2,33,1588.63,0.0576789
17,2,34,1537.96,0.043688
17,2,35,1485.71,0.0308971
17,2,36,1432.24,0.0205742
17,2,37,1379.72,0.0133306
17,2,38,1331.05,0.00897649
17,2,39,1288.71,0.00720287
17,2,40,1253.76,0.0076547
17,2,41,1225.7,0.0101209
17,2,42,1203.14,0.014468
17,2,43,1184.56,0.0204591
17,2,44,1168.43,0.0273793
17,2,45,1153.55,0.0339886
17,2,46,1138.64,0.0386684
17,2,47,1122.83,0.0400248
17,2,48,1105.55,0.0375103
17,2,49,1087.05,0.0317286
17,3,0,3081.32,0.177162
17,3,1,3243.27,0.20047
17,3,2,3329.75,0.216288
17,3,3,3359.09,0.227594
17,3,4,3350.97,0.238827
17,3,5,3323.29,0.253086
17,3,6,3290.22,0.270965
17,3,7,3260.24,0.290424
17,3,8,3235.16,0.308526
17,3,9,3211.84,0.323198
17,3,10,3185.04,0.334
17,3,11,3150.14,0.341263
17,3,12,3106.77,0.345039
17,3,13,3056.14,0.343379
17,3,14,3001.45,0.33332
17,3,15,2945.6,0.312566
17,3,16,2888.91,0.281302
17,3,17,2829.1,0.24263
17,3,18,2761.96,0.201415
17,3,19,2683.64,0.162771
17,3,20,2593.22,0.130534
17,3,21,2493.82,0.106858
17,3,22,2391.32,0.0921065
17,3,23,2292.62,0.0855176
17,3,24,2202.57,0.085466
17,3,25,2121.9,0.0898591
17,3,26,2048.97,0.0966688
17,3,27,1981.19,0.1037
17,3,28,1916.35,0.109006
17,3,29,1853.99,0.11075
17,3,30,1794.31,0.107568
17,3,31,1737.9,0.0989502
17,3,32,1684.08,0.0855507
17,3,33,1631.33,0.0690874
17,3,34,1577.88,0.0519451
17,3,35,1522.8,0.0364098
17,3,36,1466.72,0.0240342
17,3,37,1412.08,0.0155031
17,3,38,1361.99,0.0105676
17,3,39,1318.95,0.00868145
17,3,40,1283.81,0.00918253
17,3,41,1255.73,0.0115045
17,3,42,1232.96,0.0152084
17,3,43,1213.72,0.0199037
17,3,44,1196.41,0.0249391
17,3,45,1179.88,0.0294217
17,3,46,1162.93,0.0322607
17,3,47,1144.72,0.032556
17,3,48,1124.69,0.0300082
17,3,49,1103.1,0.0251246
17,4,0,3095.15,0.177708
17,4,1,3260.03,0.200386
17,4,2,3349.23,0.214895
17,4,3,3380.27,0.224051
17,4,4,3371.65,0.232367
17,4,5,3340.34,0.24339
17,4,6,3300.57,0.258512
17,4,7,3262.19,0.276643
17,4,8,3229.22,0.295631
17,4,9,3200.36,0.31369
17,4,10,3171.09,0.329987
17,4,11,3136.29,0.343876
17,4,12,3094.42,0.354232
17,4,13,3045.46,0.358137
17,4,14,2991.81,0.35216
17,4,15,2936.28,0.334105
17,4,16,2879.59,0.30453
17,4,17,2820.13,0.266902
17,4,18,2754.3,0.226283
17,4,19,2678.58,0.187836
17,4,20,2592.08,0.155413
17,4,21,2497.56,0.131254
17,4,22,2400.4,0.11584
17,4,23,2306.92,0.108512
17,4,24,2221.47,0.107718
17,4,25,2144.56,0.111411
17,4,26,2074.53,0.117622
17,4,27,2008.91,0.12421
17,4,28,1945.69,0.129216
17,4,29,1884.53,0.130633
17,4,30,1825.67,0.126798
17,4,31,1769.61,0.116889
17,4,32,1715.49,0.101401
17,4,33,1661.72,0.082158
17,4,34,1606.61,0.0619117
17,4,35,1549.53,0.0434499
17,4,36,1491.61,0.0287296
17,4,37,1435.74,0.0186277
17,4,38,1385.31,0.01291
17,4,39,1342.76,0.0108081
17,4,40,1308.64,0.0113279
17,4,41,1281.7,0.013504
17,4,42,1259.77,0.0165474
17,4,43,1240.81,0.0198892
17,4,44,1223.12,0.022934
17,4,45,1205.65,0.0251471
17,4,46,1187.27,0.0259909
17,4,47,1167.16,0.0250867
17,4,48,1144.73,0.0224054
17,4,49,1120.23,0.0183678
17,5,0,3080.08,0.180724
17,5,1,3248.13,0.202573
17,5,2,3340.42,0.215135
17,5,3,3373.11,0.221059
17,5,4,3363.34,0.224955
17,5,5,3327.08,0.230877
17,5,6,3278.62,0.24111
17,5,7,3229.26,0.255626
17,5,8,3185.44,0.273224
17,5,9,3148.09,0.292561
17,5,10,3113.79,0.312531
17,5,11,3077.21,0.331588
17,5,12,3035.79,0.347504
17,5,13,2988.34,0.356534
17,5,14,2936.38,0.35494
17,5,15,2882.36,0.340768
17,5,16,2827.14,0.314912
17,5,17,2769.65,0.280956
17,5,18,2706.99,0.243789
17,5,19,2636.23,0.208232
17,5,20,2556.68,0.177827
17,5,21,2470.64,0.154683
17,5,22,2382.48,0.13929
17,5,23,2297.28,0.131118
17,5,24,2218.42,0.128865
17,5,25,2146.18,0.130862
17,5,26,2079.31,0.135572
17,5,27,2016.12,0.141253
17,5,28,1955.3,0.146126
17,5,29,1896.88,0.147988
17,5,30,1841.04,0.144684
17,5,31,1787.82,0.134777
17,5,32,1735.79,0.118301
17,5,33,1682.95,0.0969949
17,5,34,1627.58,0.0739136
17,5,35,1569.42,0.0524318
17,5,36,1510.27,0.0350486
17,5,37,1453.62,0.0229928
17,5,38,1403.26,0.0161558
17,5,39,1361.64,0.0136017
17,5,40,1329,0.0140158
17,5,41,1303.7,0.0160311
17,5,42,1283.16,0.0184992
17,5,43,1265.09,0.020664
17,5,44,1247.73,0.0219569
17,5,45,1230.03,0.0221449
17,5,46,1210.92,0.0211702
17,5,47,1189.52,0.0191108
17,5,48,1165.16,0.0161862
17,5,49,1138.03,0.0127592
17,6,0,3052.23,0.189556
17,6,1,3222.24,0.210925
17,6,2,3316.35,0.221369
17,6,3,3349.23,0.223428
17,6,4,3336.55,0.221892
17,6,5,3293.41,0.221401
17,6,6,3234.19,0.225139
17,6,7,3171.63,0.234105
17,6,8,3114.59,0.248044
17,6,9,3066.34,0.266122
17,6,10,3024.84,0.287138
17,6,11,2984.86,0.30892
17,6,12,2943.12,0.328467
17,6,13,2897.41,0.341529
17,6,14,2848.29,0.344226
17,6,15,2797.54,0.334843
17,6,16,2745.78,0.314396
17,6,17,2692.22,0.286234
17,6,18,2634.68,0.254727
17,6,19,2571.03,0.224093
17,6,20,2500.88,0.197383
17,6,21,2425.88,0.176437
17,6,22,2348.97,0.161648
17,6,23,2273.47,0.152569
17,6,24,2201.45,0.148232
17,6,25,2133.18,0.147583
17,6,26,2068.32,0.149849
17,6,27,2006.61,0.154014
17,6,28,1948.03,0.15871
17,6,29,1893.15,0.161583
17,6,30,1842.03,0.159863
17,6,31,1793.88,0.15125
17,6,32,1746.32,0.135037
17,6,33,1696.6,0.112639
17,6,34,1642.72,0.087288
17,6,35,1584.74,0.062954
17,6,36,1525.15,0.042768
17,6,37,1468.11,0.0284549
17,6,38,1417.92,0.0201537
17,6,39,1377.15,0.0168439
17,6,40,1345.84,0.0169394
17,6,41,1322.04,0.0187121
17,6,42,1302.89,0.0206832
17,6,43,1285.92,0.0219238
17,6,44,1269.27,0.0218648
17,6,45,1251.93,0.0204878
17,6,46,1232.74,0.0180882
17,6,47,1210.69,0.0150812
17,6,48,1184.94,0.011877
17,6,49,1155.56,0.00880638
17,7,0,3023.85,0.205678
17,7,1,3193.62,0.227288
17,7,2,3287.14,0.235868
17,7,3,3317.7,0.233937
17,7,4,3299.74,0.226598
17,7,5,3247.71,0.219144
17,7,6,3176.2,0.215608
17,7,7,3099.33,0.21785
17,7,8,3028.03,0.226399
17,7,9,2967.72,0.24089
17,7,10,2917.76,0.260201
17,7,11,2873.31,0.281922
17,7,12,2830.79,0.302783
17,7,13,2787.24,0.318456
17,7,14,2742.25,0.325093
17,7,15,2696.65,0.321085
17,7,16,2650.43,0.30722
17,7,17,2602.77,0.286198
17,7,18,2552.12,0.261593
17,7,19,2497.22,0.236916
17,7,20,2438,0.214735
17,7,21,2375.3,0.196636
17,7,22,2310.34,0.182862
17,7,23,2244.34,0.172957
17,7,24,2178.09,0.166231
17,7,25,2112.02,0.162284
17,7,26,2047.15,0.161244
17,7,27,1985.16,0.163041
17,7,28,1927.72,0.166953
17,7,29,1876.2,0.170654
17,7,30,1830.47,0.170838
17,7,31,1788.75,0.164286
17,7,32,1747.44,0.149373
17,7,33,1702.76,0.126962
17,7,34,1652.2,0.100245
17,7,35,1595.98,0.0736633
17,7,36,1537.11,0.050954
17,7,37,1480.39,0.0344069
17,7,38,1430.59,0.0245145
17,7,39,1390.5,0.0202717
17,7,40,1360.09,0.0199064
17,7,41,1337.3,0.0214035
17,7,42,1319.15,0.0230025
17,7,43,1303.09,0.0236177
17,7,44,1287.24,0.0226487
17,7,45,1270.57,0.0201978
17,7,46,1251.79,0.0167844
17,7,47,1229.63,0.0130427
17,7,48,1203.01,0.00952068
17,7,49,1171.83,0.00654785
17,8,0,3001.33,0.228953
17,8,1,3168.81,0.251722
17,8,2,3259.34,0.259009
17,8,3,3285.2,0.253405
17,8,4,3260,0.24047
17,8,5,3197.92,0.22621
17,8,6,3114.03,0.215428
17,8,7,3023.55,0.210619
17,8,8,2938.98,0.212848
17,8,9,2867.24,0.222081
17,8,10,2808.8,0.237389
17,8,11,2759.38,0.256509
17,8,12,2715.58,0.276432
17,8,13,2674.08,0.293209
17,8,14,2633.69,0.303191
17,8,15,2594.18,0.304701
17,8,16,2554.65,0.297924
17,8,17,2514.01,0.284516
17,8,18,2471.17,0.267052
17,8,19,2425.67,0.24835
17,8,20,2377.67,0.23066
17,8,21,2327.11,0.215467
17,8,22,2273.39,0.202921
17,8,23,2215.69,0.192475
17,8,24,2153.6,0.183534
17,8,25,2087.86,0.176136
17,8,26,2021.03,0.171186
17,8,27,1956.91,0.169587
17,8,28,1899.06,0.171466
17,8,29,1849.82,0.174845
17,8,30,1809.02,0.176209
17,8,31,1773.89,0.171623
17,8,32,1739.59,0.158562
17,8,33,1701.2,0.137157
17,8,34,1655.53,0.110278
17,8,35,1602.7,0.0825582
17,8,36,1546.01,0.0581762
17,8,37,1490.66,0.0399396
17,8,38,1441.81,0.0287557
17,8,39,1402.45,0.0237344
17,8,40,1372.62,0.0230256
17,8,41,1350.31,0.0244129
17,8,42,1332.64,0.0258989
17,8,43,1317.1,0.0262348
17,8,44,1301.9,0.0247498
17,8,45,1285.95,0.0215871
17,8,46,1267.79,0.0174021
17,8,47,1245.84,0.0129808
17,8,48,1218.71,0.00899527
17,8,49,1186.13,0.00581723
17,9,0,2985.04,0.257545
17,9,1,3149.49,0.28248
17,9,2,3235.95,0.289327
17,9,3,3256.14,0.28078
17,9,4,3223.35,0.262945
17,9,5,3151.98,0.242578
17,9,6,3057.69,0.225174
17,9,7,2956.52,0.213684
17,9,8,2861.72,0.209465
17,9,9,2780.81,0.212644
17,9,10,2714.88,0.222506
17,9,11,2660.26,0.237192
17,9,12,2614.14,0.254356
17,9,13,2573.39,0.270783
17,9,14,2536.34,0.283187
17,9,15,2501.89,0.289707
17,9,16,2468.25,0.289663
17,9,17,2434.01,0.283407
17,9,18,2398.4,0.272413
17,9,19,2361.56,0.258885
17,9,20,2323.71,0.244967
17,9,21,2283.89,0.232277
17,9,22,2239.85,0.221015
17,9,23,2188.98,0.210494
17,9,24,2129.83,0.199971
17,9,25,2063.47,0.189523
17,9,26,1993.75,0.180477
17,9,27,1926.43,0.174534
17,9,28,1866.92,0.172789
17,9,29,1818.59,0.173999
17,9,30,1781.46,0.174952
17,9,31,1752.02,0.171433
17,9,32,1724.4,0.160219
17,9,33,1692.6,0.140638
17,9,34,1652.73,0.114951
17,9,35,1604.59,0.0876074
17,9,36,1551.5,0.0629416
17,9,37,1498.75,0.044126
17,9,38,1451.69,0.0324847
17,9,39,1413.45,0.0273228
17,9,40,1384.22,0.0268166
17,9,41,1362.15,0.0286154
17,9,42,1344.62,0.0304931
17,9,43,1329.29,0.0309857
17,9,44,1314.5,0.0292956
17,9,45,1299.13,0.0255527
17,9,46,1281.52,0.0205283
17,9,47,1259.78,0.0151778
17,9,48,1232.23,0.0103491
17,9,49,1198.44,0.00652784
17,10,0,2971.68,0.288561
17,10,1,3134.03,0.316794
17,10,2,3217.28,0.324411
17,10,3,3232.93,0.314098
17,10,4,3194.48,0.292456
17,10,5,3116.83,0.266964
17,10,6,3016.31,0.243786
17,10,7,2909.24,0.226275
17,10,8,2808.71,0.215966
17,10,9,2721.92,0.213031
17,10,10,2650.05,0.216913
17,10,11,2590.05,0.226213
17,10,12,2539.99,0.239398
17,10,13,2497.34,0.254138
17,10,14,2460.42,0.267631
17,10,15,2427.64,0.277842
17,10,16,2396.72,0.283196
17,10,17,2366.09,0.282725
17,10,18,2335.26,0.27683
17,10,19,2304.74,0.267192
17,10,20,2274.68,0.256011
17,10,21,2243.24,0.245211
17,10,22,2206.84,0.235197
17,10,23,2161.45,0.225135
17,10,24,2104.84,0.213917
17,10,25,2038.16,0.201235
17,10,26,1966.19,0.188388
17,10,27,1896.08,0.177575
17,10,28,1834.73,0.170849
17,10,29,1786.54,0.168032
17,10,30,1751.85,0.166734
17,10,31,1726.82,0.162993
17,10,32,1704.87,0.153228
17,10,33,1679.2,0.136017
17,10,34,1645.28,0.112814
17,10,35,1602.52,0.0875077
17,10,36,1553.95,0.0642703
17,10,37,1504.76,0.0464173
17,10,38,1460.26,0.0356291
17,10,39,1423.68,0.0314449
17,10,40,1395.34,0.0321339
17,10,41,1373.7,0.035232
17,10,42,1356.39,0.0382428
17,10,43,1341.31,0.0393917
17,10,44,1326.89,0.0376863
17,10,45,1311.97,0.0332251
17,10,46,1294.71,0.0269463
17,10,47,1272.94,0.0200774
17,10,48,1244.76,0.0137583
17,10,49,1209.64,0.0086875
17,11,0,2956.99,0.319074
17,11,1,3119.37,0.351912
17,11,2,3201.84,0.36188
17,11,3,3215.91,0.351348
17,11,4,3175.54,0.327185
17,11,5,3096.3,0.297504
17,11,6,2994.94,0.269185
17,11,7,2887.47,0.246128
17,11,8,2786.05,0.230143
17,11,9,2696.87,0.221451
17,11,10,2620.8,0.219555
17,11,11,2555.34,0.223371
17,11,12,2499.51,0.232024
17,11,13,2451.62,0.243953
17,11,14,2410.39,0.256883
17,11,15,2374.32,0.268736
17,11,16,2341.2,0.277275
17,11,17,2309.66,0.28048
17,11,18,2279.63,0.27788
17,11,19,2251.85,0.270713
17,11,20,2226.24,0.261264
17,11,21,2200.22,0.251779
17,11,22,2169.21,0.242917
17,11,23,2128.21,0.233711
17,11,24,2074.41,0.22259
17,11,25,2008.87,0.208592
17,11,26,1936.73,0.192638
17,11,27,1865.85,0.177111
17,11,28,1804.04,0.164872
17,11,29,1756.41,0.156936
17,11,30,1723.75,0.152074
17,11,31,1702.17,0.147016
17,11,32,1684.81,0.138205
17,11,33,1664.39,0.123645
17,11,34,1635.97,0.103932
17,11,35,1598.51,0.0821413
17,11,36,1554.71,0.0620132
17,11,37,1509.45,0.0467802
17,11,38,1467.92,0.0383668
17,11,39,1433.4,0.0365301
17,11,40,1406.39,0.0396383
17,11,41,1385.63,0.0450839
17,11,42,1369.02,0.0500245
17,11,43,1354.61,0.0522702
17,11,44,1340.88,0.0505808
17,11,45,1326.5,0.0450459
17,11,46,1309.46,0.0368715
17,11,47,1287.34,0.0277076
17,11,48,1258.12,0.0191286
17,11,49,1221.3,0.0121486
17,12,0,2939.42,0.34752
17,12,1,3104.2,0.386518
17,12,2,3188.8,0.400751
17,12,3,3204.85,0.391802
17,12,4,3166.84,0.366425
17,12,5,3090.89,0.333226
17,12,6,2993.84,0.299927
17,12,7,2890.88,0.271299
17,12,8,2792.71,0.249719
17,12,9,2704.17,0.235616
17,12,10,2625.6,0.228469
17,12,11,2554.91,0.227224
17,12,12,2491.89,0.231269
17,12,13,2435.79,0.239477
17,12,14,2385.97,0.25003
17,12,15,2341.58,0.261019
17,12,16,2301.05,0.269972
17,12,17,2263.71,0.27433
17,12,18,2230.04,0.273089
17,12,19,2200.96,0.267123
17,12,20,2176.08,0.25867
17,12,21,2152.22,0.250105
17,12,22,2124.17,0.24223
17,12,23,2086.41,0.233952
17,12,24,2035.85,0.223303
17,12,25,1973.3,0.208675
17,12,26,1903.78,0.1905
17,12,27,1835.16,0.171122
17,12,28,1775.44,0.153942
17,12,29,1730.03,0.141023
17,12,30,1699.98,0.132329
17,12,31,1681.63,0.12551
17,12,32,1668.12,0.117335
17,12,33,1652.07,0.105499
17,12,34,1628.34,0.0898553
17,12,35,1595.57,0.072595
17,12,36,1556.06,0.0568683
17,12,37,1514.43,0.0456465
17,12,38,1475.68,0.0409492
17,12,39,1443.19,0.0426813
17,12,40,1417.7,0.0492584
17,12,41,1398.22,0.0578767
17,12,42,1382.88,0.0652929
17,12,43,1369.79,0.0688539
17,12,44,1357.33,0.0670705
17,12,45,1343.93,0.0600793
17,12,46,1327.25,0.0494481
17,12,47,1304.66,0.0373651
17,12,48,1274.04,0.0259357
17,12,49,1235.04,0.0165531
17,13,0,2919.53,0.373595
17,13,1,3088.28,0.42037
17,13,2,3177.18,0.440828
17,13,3,3197.93,0.435221
17,13,4,3165.47,0.409736
17,13,5,3096.28,0.373308
17,13,6,3006.99,0.334654
17,13,7,2911.73,0.299826
17,13,8,2819.6,0.272193
17,13,9,2734.03,0.252658
17,13,10,2654.63,0.240669
17,13,11,2579.48,0.234908
17,13,12,2508.85,0.234541
17,13,13,2442.78,0.238437
17,13,14,2381.46,0.245057
17,13,15,2325.05,0.252846
17,13,16,2273.12,0.259563
17,13,17,2226.04,0.262712
17,13,18,2185.03,0.26115
17,13,19,2151.1,0.255458
17,13,20,2123.55,0.2476
17,13,21,2098.78,0.239738
17,13,22,2071.3,0.232583
17,13,23,2035.56,0.224926
17,13,24,1988.43,0.214617
17,13,25,1930.51,0.199681
17,13,26,1866.34,0.180204
17,13,27,1803.22,0.158397
17,13,28,1748.64,0.137852
17,13,29,1707.77,0.121306
17,13,30,1681.76,0.109642
17,13,31,1667.17,0.101391
17,13,32,1657.41,0.0938326
17,13,33,1645.25,0.0846299
17,13,34,1625.56,0.0731418
17,13,35,1596.71,0.0607824
17,13,36,1560.71,0.0500851
17,13,37,1521.92,0.0436501
17,13,38,1485.26,0.0434258
17,13,39,1454.26,0.0493511
17,13,40,1429.95,0.0598015
17,13,41,1411.68,0.0717453
17,13,42,1397.81,0.0815662
17,13,43,1386.47,0.0862209
17,13,44,1375.88,0.084062
17,13,45,1364.02,0.0753583
17,13,46,1348.17,0.062084
17,13,47,1325.35,0.0469791
17,13,48,1293.3,0.0326621
17,13,49,1251.84,0.020878
17,14,0,2900.13,0.398233
17,14,1,3073.04,0.454117
17,14,2,3166.85,0.482379
17,14,3,3193.23,0.481498
17,14,4,3167.44,0.45671
17,14,5,3106.17,0.417124
17,14,6,3025.71,0.372553
17,14,7,2939.18,0.330661
17,14,8,2854.23,0.296183
17,14,9,2772.93,0.270783
17,14,10,2694.08,0.253945
17,14,11,2615.61,0.243918
17,14,12,2537.94,0.239277
17,14,13,2461.73,0.238493
17,14,14,2388.04,0.240097
17,14,15,2318.23,0.242967
17,14,16,2253.26,0.245446
17,14,17,2194.68,0.245603
17,14,18,2144.41,0.24251
17,14,19,2103.49,0.236508
17,14,20,2070.93,0.229058
17,14,21,2042.85,0.221754
17,14,22,2013.86,0.214961
17,14,23,1978.77,0.20738
17,14,24,1934.8,0.196969
17,14,25,1882.42,0.181798
17,14,26,1825.52,0.161886
17,14,27,1770.38,0.139301
17,14,28,1723.49,0.117491
17,14,29,1689.36,0.0993765
17,14,30,1668.93,0.0863188
17,14,31,1659.02,0.0775101
17,14,32,1653.41,0.0707889
17,14,33,1645.18,0.0640256
17,14,34,1629.24,0.0563695
17,14,35,1603.8,0.0486732
17,14,36,1570.59,0.0429168
17,14,37,1533.8,0.0412786
17,14,38,1498.31,0.0454744
17,14,39,1467.87,0.0553497
17,14,40,1443.88,0.0691628
17,14,41,1426.11,0.0836926
17,14,42,1413.23,0.0951051
17,14,43,1403.53,0.100184
17,14,44,1395.01,0.097307
17,14,45,1385.22,0.0869603
17,14,46,1370.83,0.0714763
17,14,47,1348.4,0.0540081
17,14,48,1315.38,0.0375179
17,14,49,1271.6,0.0239688
17,15,0,2884.56,0.421638
17,15,1,3060.44,0.487151
17,15,2,3158.09,0.523967
17,15,3,3189.14,0.528628
17,15,4,3169.03,0.505197
17,15,5,3114.63,0.462796
17,15,6,3041.97,0.412259
17,15,7,2963.38,0.362916
17,15,8,2885.29,0.321005
17,15,9,2808.58,0.289125
17,15,10,2731.16,0.266951
17,15,11,2650.57,0.252338
17,15,12,2567.2,0.243183
17,15,13,2482.11,0.237398
17,15,14,2397.2,0.233425
17,15,15,2315.04,0.230544
17,15,16,2237.92,0.227807
17,15,17,2168.45,0.224103
17,15,18,2109.09,0.218898
17,15,19,2060.77,0.212329
17,15,20,2022.11,0.205202
17,15,21,1989.17,0.198318
17,15,22,1956.97,0.191539
17,15,23,1921.11,0.183539
17,15,24,1879.48,0.172641
17,15,25,1832.64,0.157331
17,15,26,1783.76,0.137806
17,15,27,1737.91,0.116008
17,15,28,1700.22,0.0949686
17,15,29,1674.21,0.0773592
17,15,30,1660.51,0.0645828
17,15,31,1656.12,0.0562166
17,15,32,1655.22,0.0506136
17,15,33,1651.24,0.0460026
17,15,34,1639.17,0.0415647
17,15,35,1617.03,0.0378211
17,15,36,1586.3,0.036299
17,15,37,1550.98,0.0387441
17,15,38,1515.93,0.046508
17,15,39,1485.07,0.0592392
17,15,40,1460.2,0.0750513
17,15,41,1441.64,0.0906608
17,15,42,1428.6,0.102281
17,15,43,1419.67,0.106843
17,15,44,1412.86,0.102977
17,15,45,1405.28,0.0914422
17,15,46,1392.95,0.0747844
17,15,47,1371.73,0.0563004
17,15,48,1338.55,0.0390076
17,15,49,1293.09,0.0248717
17,16,0,2875.03,0.442576
17,16,1,3051.96,0.516971
17,16,2,3151.35,0.561911
17,16,3,3184.86,0.572192
17,16,4,3168.15,0.550703
17,16,5,3118.23,0.506398
17,16,6,3051.09,0.450833
17,16,7,2978.48,0.394692
17,16,8,2905.91,0.345531
17,16,9,2833.22,0.306877
17,16,10,2757.5,0.278769
17,16,11,2675.8,0.258907
17,16,12,2588.4,0.244724
17,16,13,2496.62,0.233656
17,16,14,2403.05,0.224019
17,16,15,2311.27,0.215374
17,16,16,2224.66,0.207391
17,16,17,2146.6,0.199753
17,16,18,2079.76,0.192331
17,16,19,2024.74,0.185084
17,16,20,1979.84,0.178152
17,16,21,1941.22,0.171535
17,16,22,1904.6,0.164594
17,16,23,1866.71,0.156058
17,16,24,1826.39,0.144744
17,16,25,1784.47,0.129724
17,16,26,1743.43,0.111467
17,16,27,1707.02,0.0917637
17,16,28,1678.86,0.0730661
17,16,29,1661.38,0.0575214
17,16,30,1654.78,0.046285
17,16,31,1656.24,0.039097
17,16,32,1660.35,0.0347456
17,16,33,1660.89,0.0318788
17,16,34,1652.93,0.0298617
17,16,35,1634.32,0.0290625
17,16,36,1606.26,0.0306488
17,16,37,1572.49,0.0359456
17,16,38,1537.68,0.0458653
17,16,39,1505.85,0.0598129
17,16,40,1479.11,0.0758027
17,16,41,1458.43,0.0906801
17,16,42,1443.76,0.101009
17,16,43,1434.33,0.104186
17,16,44,1428.37,0.0992883
17,16,45,1422.7,0.0873394
17,16,46,1412.69,0.0708916
17,16,47,1393.41,0.0530641
17,16,48,1361.04,0.0366098
17,16,49,1314.82,0.0232699
17,17,0,2872.32,0.4582
17,17,1,3048.38,0.539323
17,17,2,3147.3,0.590747
17,17,3,3180.88,0.60604
17,17,4,3164.99,0.587112
17,17,5,3116.94,0.54255
17,17,6,3052.73,0.484109
17,17,7,2983.76,0.42319
17,17,8,2914.86,0.368166
17,17,9,2845.05,0.323281
17,17,10,2770.78,0.28904
17,17,11,2688.67,0.263325
17,17,12,2598.91,0.243519
17,17,13,2502.92,0.226898
17,17,14,2403.8,0.211768
17,17,15,2305.78,0.197865
17,17,16,2212.97,0.185282
17,17,17,2129.13,0.174267
17,17,18,2056.81,0.164949
17,17,19,1996.19,0.157104
17,17,20,1945.31,0.150304
17,17,21,1900.66,0.143912
17,17,22,1858.94,0.13692
17,17,23,1818.21,0.12819
17,17,24,1778.38,0.117019
17,17,25,1740.63,0.103014
17,17,26,1706.74,0.0868432
17,17,27,1679.1,0.0700788
17,17,28,1659.83,0.0545476
17,17,29,1650.24,0.0418007
17,17,30,1650.12,0.032648
17,17,31,1656.87,0.0268796
17,17,32,1665.58,0.0236425
17,17,33,1670.41,0.0219926
17,17,34,1666.6,0.0215333
17,17,35,1651.88,0.0225806
17,17,36,1627.12,0.0260137
17,17,37,1595.62,0.0327674
17,17,38,1561.66,0.043313
17,17,39,1529.06,0.0568314
17,17,40,1500.16,0.0713342
17,17,41,1476.58,0.0839822
17,17,42,1459.15,0.0919236
17,17,43,1447.97,0.0932291
17,17,44,1441.79,0.0875093
17,17,45,1437.37,0.0759871
17,17,46,1429.55,0.0610246
17,17,47,1412.58,0.0452998
17,17,48,1381.76,0.0310578
17,17,49,1335.66,0.0196509
17,18,0,2875.58,0.466091
17,18,1,3049.66,0.550824
17,18,2,3146.65,0.606256
17,18,3,3178.61,0.625444
17,18,4,3161.69,0.609631
17,18,5,3113.49,0.566832
17,18,6,3050.08,0.508403
17,18,7,2982.66,0.445671
17,18,8,2915.58,0.387173
17,18,9,2847.34,0.337518
17,18,10,2774,0.297686
17,18,11,2691.9,0.266024
17,18,12,2601.19,0.240308
17,18,13,2503.24,0.218053
17,18,14,2401.39,0.197793
17,18,15,2300.16,0.17942
17,18,16,2203.97,0.163259
17,18,17,2116.6,0.149807
17,18,18,2040.28,0.139215
17,18,19,1974.8,0.131016
17,18,20,1918.13,0.124345
17,18,21,1867.39,0.118165
17,18,22,1820.42,0.111308
17,18,23,1776.67,0.10285
17,18,24,1737.06,0.0924736
17,18,25,1702.97,0.0801632
17,18,26,1675.41,0.0666217
17,18,27,1655.4,0.0531248
17,18,28,1643.59,0.0409148
17,18,29,1640.32,0.0310013
17,18,30,1645.06,0.0238815
17,18,31,1655.54,0.0193692
17,18,32,1667.49,0.0169107
17,18,33,1675.7,0.0159225
17,18,34,1675.73,0.0162387
17,18,35,1665.28,0.0181648
17,18,36,1644.83,0.0223444
17,18,37,1617.03,0.0293714
17,18,38,1585.42,0.0393346
17,18,39,1553.33,0.0512591
17,18,40,1523.08,0.0632571
17,18,41,1496.83,0.0729211
17,18,42,1476.34,0.0780761
17,18,43,1462.68,0.0775053
17,18,44,1455.34,0.0713187
17,18,45,1451.29,0.0608445
17,18,46,1445.06,0.0481321
17,18,47,1430.19,0.0352933
17,18,48,1401.09,0.0239673
17,18,49,1355.56,0.0150581
17,19,0,2882.55,0.465265
17,19,1,3054.7,0.550351
17,19,2,3149.61,0.607195
17,19,3,3179.63,0.629027
17,19,4,3161.19,0.616752
17,19,5,3112.12,0.577646
17,19,6,3048.53,0.522145
17,19,7,2981.41,0.460806
17,19,8,2914.82,0.401733
17,19,9,2847.03,0.34952
17,19,10,2773.97,0.305497
17,19,11,2691.91,0.268584
17,19,12,2601.01,0.23724
17,19,13,2502.48,0.209556
17,19,14,2399.72,0.18459
17,19,15,2297.16,0.1625
17,19,16,2199.28,0.143768
17,19,17,2109.6,0.128884
17,19,18,2030.01,0.117772
17,19,19,1960.03,0.109609
17,19,20,1897.83,0.103168
17,19,21,1841.39,0.0972118
17,19,22,1789.75,0.0906087
17,19,23,1743.62,0.0827227
17,19,24,1704.65,0.0735355
17,19,25,1674.15,0.0632526
17,19,26,1652.18,0.0524782
17,19,27,1638.37,0.0421386
17,19,28,1632.07,0.0329685
17,19,29,1632.74,0.0255282
17,19,30,1639.76,0.0200661
17,19,31,1651.37,0.0164177
17,19,32,1664.25,0.0142806
17,19,33,1674.13,0.013384
17,19,34,1677.16,0.0137799
17,19,35,1671.19,0.015799
17,19,36,1656.21,0.0199119
17,19,37,1633.95,0.0264416
17,19,38,1606.85,0.0351831
17,19,39,1577.46,0.0450748
17,19,40,1547.77,0.0543828
17,19,41,1520.28,0.0611313
17,19,42,1497.52,0.0637552
17,19,43,1481.5,0.0616386
17,19,44,1472.53,0.0552747
17,19,45,1468.03,0.0460238
17,19,46,1462.47,0.0356121
17,19,47,1448.94,0.0256179
17,19,48,1421.08,0.017125
17,19,49,1375.87,0.0106295
17,20,0,2890.38,0.456637
17,20,1,3061.68,0.539619
17,20,2,3155.53,0.595961
17,20,3,3184.55,0.61952
17,20,4,3165.38,0.611067
17,20,5,3115.97,0.577045
17,20,6,3052.35,0.52668
17,20,7,2985.28,0.469362
17,20,8,2918.61,0.412411
17,20,9,2850.57,0.360112
17,20,10,2777.18,0.313923
17,20,11,2694.8,0.27322
17,20,12,2603.67,0.237177
17,20,13,2504.86,0.204651
17,20,14,2401.72,0.175496
17,20,15,2298.52,0.150356
17,20,16,2199.59,0.129941
17,20,17,2108.14,0.114594
17,20,18,2025.71,0.103786
17,20,19,1951.77,0.0961734
17,20,20,1884.83,0.0901336
17,20,21,1823.84,0.0843278
17,20,22,1768.94,0.0778073
17,20,23,1721.78,0.0703102
17,20,24,1684.36,0.0621118
17,20,25,1657.55,0.0535805
17,20,26,1640.33,0.045178
17,20,27,1631.01,0.0374789
17,20,28,1627.8,0.0307853
17,20,29,1629.53,0.0252719
17,20,30,1635.65,0.02097
17,20,31,1645.2,0.0177219
17,20,32,1656.11,0.0154302
17,20,33,1665.46,0.014108
17,20,34,1670.35,0.0140345
17,20,35,1668.88,0.0156165
17,20,36,1660.49,0.0192265
17,20,37,1645.73,0.0249894
17,20,38,1625.64,0.0324836
17,20,39,1601.63,0.04059
17,20,40,1575.14,0.0477024
17,20,41,1548.72,0.0521696
17,20,42,1525.38,0.0528611
17,20,43,1507.88,0.0495782
17,20,44,1497.33,0.0430714
17,20,45,1491.73,0.0347178
17,20,46,1485.79,0.0260141
17,20,47,1472.4,0.0181535
17,20,48,1444.64,0.0118098
17,20,49,1398.81,0.00716621
17,21,0,2896.92,0.442141
17,21,1,3069.06,0.521987
17,21,2,3163.6,0.577195
17,21,3,3193.34,0.602353
17,21,4,3175.06,0.598104
17,21,5,3126.71,0.57002
17,21,6,3064.1,0.526084
17,21,7,2997.68,0.474489
17,21,8,2931.09,0.421712
17,21,9,2862.53,0.371569
17,21,10,2788.21,0.325376
17,21,11,2704.72,0.282692
17,21,12,2612.53,0.24324
17,21,13,2512.73,0.206692
17,21,14,2408.82,0.173908
17,21,15,2304.9,0.146284
17,21,16,2205.16,0.124903
17,21,17,2112.49,0.109912
17,21,18,2028.12,0.100148
17,21,19,1951.47,0.0935541
17,21,20,1881.49,0.0880145
17,21,21,1817.93,0.0821045
17,21,22,1761.79,0.0751672
17,21,23,1715.25,0.0674208
17,21,24,1680.23,0.0595078
17,21,25,1656.91,0.0519973
17,21,26,1643.21,0.0452415
17,21,27,1636.31,0.0394925
17,21,28,1633.57,0.0346638
17,21,29,1633.39,0.0305549
17,21,30,1635.46,0.0269578
17,21,31,1639.75,0.0236733
17,21,32,1645.77,0.0207584
17,21,33,1652.28,0.0185021
17,21,34,1657.66,0.0174557
17,21,35,1660.42,0.0181868
17,21,36,1659.4,0.0210648
17,21,37,1653.76,0.02609
17,21,38,1642.93,0.032671
17,21,39,1626.96,0.0396046
17,21,40,1606.44,0.0453124
17,21,41,1583.69,0.0482945
17,21,42,1561.88,0.0476442
17,21,43,1544.25,0.0434036
17,21,44,1532.59,0.0364961
17,21,45,1525.5,0.0283601
17,21,46,1518.17,0.0204133
17,21,47,1503.52,0.0136547
17,21,48,1474.34,0.00851598
17,21,49,1426.43,0.00496919
17,22,0,2901.69,0.423893
17,22,1,3076.29,0.501002
17,22,2,3173.27,0.555776
17,22,3,3205.5,0.583295
17,22,4,3189.84,0.583917
17,22,5,3144.12,0.562341
17,22,6,3083.84,0.525487
17,22,7,3019.06,0.480583
17,22,8,2953.08,0.433397
17,22,9,2883.97,0.387207
17,22,10,2808.11,0.342912
17,22,11,2722.43,0.299924
17,22,12,2627.82,0.258265
17,22,13,2525.84,0.218419
17,22,14,2420.42,0.182405
17,22,15,2315.77,0.152626
17,22,16,2215.95,0.130696
17,22,17,2123.48,0.116577
17,22,18,2039.16,0.108344
17,22,19,1962.26,0.103062
17,22,20,1891.89,0.0979997
17,22,21,1828.32,0.0916224
17,22,22,1772.99,0.0836292
17,22,23,1728.25,0.0748103
17,22,24,1695.69,0.0662687
17,22,25,1674.77,0.0588457
17,22,26,1662.67,0.0528516
17,22,27,1655.81,0.0482695
17,22,28,1651,0.0446636
17,22,29,1646.45,0.0414512
17,22,30,1642.08,0.0381353
17,22,31,1638.82,0.0344048
17,22,32,1637.75,0.0304131
17,22,33,1639.52,0.0267277
17,22,34,1643.97,0.0242393
17,22,35,1650.25,0.0237772
17,22,36,1656.61,0.025801
17,22,37,1660.82,0.0302389
17,22,38,1660.61,0.0363285
17,22,39,1654.53,0.0427106
17,22,40,1642.14,0.0477061
17,22,41,1625.24,0.0498014
17,22,42,1606.9,0.0481521
17,22,43,1590.57,0.0429334
17,22,44,1578.47,0.0352126
17,22,45,1569.84,0.0265575
17,22,46,1560.39,0.0184437
17,22,47,1543.27,0.0118326
17,22,48,1511.18,0.00704444
17,22,49,1459.61,0.00391651
17,23,0,2904.4,0.403608
17,23,1,3082.7,0.479212
17,23,2,3183.51,0.534953
17,23,3,3219.68,0.566035
17,23,4,3208.09,0.572323
17,23,5,3166.41,0.557713
17,23,6,3109.78,0.528353
17,23,7,3047.74,0.490828
17,23,8,2983.09,0.450361
17,23,9,2913.61,0.409605
17,23,10,2835.73,0.368766
17,23,11,2746.84,0.326815
17,23,12,2648.56,0.283866
17,23,13,2543.38,0.241222
17,23,14,2436.1,0.202169
17,23,15,2331.32,0.170301
17,23,16,2232.98,0.147867
17,23,17,2143.05,0.13468
17,23,18,2061.63,0.128005
17,23,19,1987.49,0.123967
17,23,20,1919.58,0.119167
17,23,21,1858.27,0.111965
17,23,22,1805.16,0.102453
17,23,23,1762.46,0.0920314
17,23,24,1731.45,0.0822886
17,23,25,1711.13,0.074346
17,23,26,1698.34,0.0684892
17,23,27,1689.21,0.0644686
17,23,28,1680.38,0.0615377
17,23,29,1669.97,0.0587453
17,23,30,1658.11,0.0552784
17,23,31,1646.4,0.0506561
17,23,32,1637.28,0.0450742
17,23,33,1633.13,0.0393815
17,23,34,1635.36,0.0348705
17,23,35,1643.87,0.0327295
17,23,36,1656.61,0.0335925
17,23,37,1670.09,0.0373565
17,23,38,1680.44,0.0430684
17,23,39,1684.76,0.0491399
17,23,40,1681.45,0.0536902
17,23,41,1671.64,0.0550926
17,23,42,1658.03,0.0524884
17,23,43,1644.06,0.0461538
17,23,44,1632.24,0.0372964
17,23,45,1622.3,0.0276496
17,23,46,1610.42,0.0188085
17,23,47,1590.05,0.0117693
17,23,48,1553.93,0.00680612
17,23,49,1497.4,0.00366558
17,24,0,2904.53,0.38297
17,24,1,3087.11,0.45823
17,24,2,3192.48,0.516078
17,24,3,3233.46,0.551562
17,24,4,3226.91,0.563997
17,24,5,3190.33,0.556674
17,24,6,3138.43,0.535285
17,24,7,3080.18,0.506009
17,24,8,3017.7,0.473529
17,24,9,2948.28,0.439666
17,24,10,2868.34,0.403642
17,24,11,2775.83,0.363769
17,24,12,2673.33,0.320162
17,24,13,2564.78,0.274992
17,24,14,2456.22,0.232874
17,24,15,2352.81,0.19866
17,24,16,2258.3,0.175265
17,24,17,2173.8,0.162413
17,24,18,2098.27,0.156646
17,24,19,2029.62,0.153265
17,24,20,1966.33,0.148314
17,24,21,1908.61,0.140127
17,24,22,1858.04,0.129191
17,24,23,1816.75,0.117439
17,24,24,1785.79,0.106809
17,24,25,1764,0.0985474
17,24,26,1748.33,0.0928133
17,24,27,1735.04,0.0891079
17,24,28,1720.93,0.0864289
17,24,29,1704.22,0.0835338
17,24,30,1685.06,0.0793451
17,24,31,1665.39,0.0732144
17,24,32,1648.5,0.065359
17,24,33,1638.06,0.0569114
17,24,34,1636.89,0.0496071
17,24,35,1645.82,0.0450637
17,24,36,1662.78,0.044151
17,24,37,1683.47,0.046765
17,24,38,1702.75,0.0517427
17,24,39,1716.4,0.0572228
17,24,40,1721.68,0.061084
17,24,41,1718.97,0.0615773
17,24,42,1710.48,0.0578447
17,24,43,1699.47,0.0502862
17,24,44,1688.57,0.0402406
17,24,45,1677.82,0.0295743
17,24,46,1663.75,0.0199612
17,24,47,1639.99,0.012408
17,24,48,1599.39,0.00714336
17,24,49,1537.24,0.00384402
17,25,0,2900.77,0.363571
17,25,1,3087.55,0.438859
17,25,2,3197.6,0.498903
17,25,3,3243.67,0.53859
17,25,4,3242.63,0.556897
17,25,5,3211.75,0.55685
17,25,6,3165.38,0.543969
17,25,7,3111.81,0.524087
17,25,8,3052.41,0.501141
17,25,9,2983.91,0.47577
17,25,10,2902.62,0.445913
17,25,11,2807.11,0.409093
17,25,12,2701.14,0.365427
17,25,13,2590.36,0.318012
17,25,14,2482.24,0.272778
17,25,15,2382.58,0.235792
17,25,16,2294.67,0.210602
17,25,17,2218.32,0.196935
17,25,18,2150.97,0.190845
17,25,19,2089.4,0.187109
17,25,20,2031.48,0.181472
17,25,21,1977.32,0.172391
17,25,22,1928.63,0.160718
17,25,23,1887.57,0.148729
17,25,24,1855.14,0.138427
17,25,25,1830.21,0.130884
17,25,26,1810.05,0.125909
17,25,27,1791.34,0.12267
17,25,28,1771.33,0.119954
17,25,29,1748.5,0.116358
17,25,30,1723.01,0.110685
17,25,31,1696.72,0.102218
17,25,32,1673.18,0.0912431
17,25,33,1656.78,0.0791914
17,25,34,1651.34,0.0682416
17,25,35,1658.62,0.0604495
17,25,36,1676.92,0.0569331
17,25,37,1701.63,0.0576017
17,25,38,1726.81,0.0610813
17,25,39,1747.29,0.0652457
17,25,40,1759.34,0.0677693
17,25,41,1762.61,0.0668543
17,25,42,1758.8,0.0617227
17,25,43,1750.91,0.0529454
17,25,44,1741.51,0.0419602
17,25,45,1730.73,0.0306667
17,25,46,1715.17,0.0206908
17,25,47,1688.53,0.0129511
17,25,48,1643.68,0.00758471
17,25,49,1575.97,0.00420629
17,26,0,2890.76,0.346823
17,26,1,3081.03,0.421411
17,26,2,3195.27,0.482368
17,26,3,3246.14,0.524721
17,26,4,3250.51,0.547587
17,26,5,3225.5,0.554179
17,26,6,3185.06,0.550065
17,26,7,3136.88,0.540621
17,26,8,3081.57,0.528684
17,26,9,3015.29,0.51332
17,26,10,2934.26,0.490944
17,26,11,2837.63,0.458241
17,26,12,2730.34,0.415384
17,26,13,2619.84,0.366378
17,26,14,2514.96,0.318329
17,26,15,2421.97,0.278333
17,26,16,2343.28,0.25048
17,26,17,2277.06,0.234634
17,26,18,2218.96,0.226732
17,26,19,2164.58,0.221484
17,26,20,2111.4,0.214712
17,26,21,2059.72,0.205175
17,26,22,2011.72,0.194022
17,26,23,1969.78,0.183588
17,26,24,1934.94,0.17557
17,26,25,1906.08,0.170484
17,26,26,1880.7,0.167502
17,26,27,1856,0.165316
17,26,28,1829.88,0.16252
17,26,29,1801.32,0.157691
17,26,30,1770.51,0.149714
17,26,31,1739.08,0.137986
17,26,32,1710.34,0.122979
17,26,33,1688.75,0.106451
17,26,34,1678.65,0.0909894
17,26,35,1682.47,0.0790402
17,26,36,1699.1,0.0719426
17,26,37,1724.13,0.069633
17,26,38,1751.4,0.070564
17,26,39,1775.22,0.0724093
17,26,40,1791.23,0.0727292
17,26,41,1798.52,0.0697876
17,26,42,1798.32,0.0629775
17,26,43,1793.35,0.0530734
17,26,44,1785.98,0.0415569
17,26,45,1776.14,0.0302275
17,26,46,1760.25,0.0205025
17,26,47,1731.81,0.013086
17,26,48,1683.63,0.0079606
17,26,49,1611.1,0.00468085
17,27,0,2872.51,0.333738
17,27,1,3065.11,0.40614
17,27,2,3182.55,0.465779
17,27,3,3237.38,0.508301
17,27,4,3246.45,0.533551
17,27,5,3226.82,0.545378
17,27,6,3192.12,0.549538
17,27,7,3149.56,0.550786
17,27,8,3099.15,0.550542
17,27,9,3036.64,0.546036
17,27,10,2958.13,0.532085
17,27,11,2863.33,0.504575
17,27,12,2758.22,0.463776
17,27,13,2651.74,0.414443
17,27,14,2553.74,0.364561
17,27,15,2470.52,0.321931
17,27,16,2403.28,0.291043
17,27,17,2348.29,0.27204
17,27,18,2299.44,0.261165
17,27,19,2251.39,0.253565
17,27,20,2201.58,0.245537
17,27,21,2150.96,0.2363
17,27,22,2102.47,0.227196
17,27,23,2058.91,0.220327
17,27,24,2021.3,0.216731
17,27,25,1988.38,0.216029
17,27,26,1957.72,0.216495
17,27,27,1926.98,0.216192
17,27,28,1894.77,0.213496
17,27,29,1860.75,0.207067
17,27,30,1825.32,0.19608
17,27,31,1789.89,0.180262
17,27,32,1757.28,0.160435
17,27,33,1731.54,0.138727
17,27,34,1716.92,0.118065
17,27,35,1716.16,0.101181
17,27,36,1728.65,0.089573
17,27,37,1750.54,0.083219
17,27,38,1775.99,0.0804813
17,27,39,1799.38,0.0789515
17,27,40,1816.13,0.0762014
17,27,41,1825.1,0.0706683
17,27,42,1827.18,0.0619747
17,27,43,1824.78,0.0510902
17,27,44,1819.92,0.0394671
17,27,45,1812.08,0.0286738
17,27,46,1797.17,0.0197718
17,27,47,1768.29,0.0131412
17,27,48,1718.02,0.00855416
17,27,49,1641.77,0.00550671
17,28,0,2845.38,0.32441
17,28,1,3038.72,0.393009
17,28,2,3157.89,0.448953
17,28,3,3215.27,0.488944
17,28,4,3227.7,0.514045
17,28,5,3212.22,0.529055
17,28,6,3182.3,0.539993
17,28,7,3144.91,0.550893
17,28,8,3099.75,0.561653
17,28,9,3042.31,0.567695
17,28,10,2968.76,0.562397
17,28,11,2879.24,0.540977
17,28,12,2780.45,0.503771
17,28,13,2682.29,0.455982
17,28,14,2595,0.406028
17,28,15,2524.45,0.36199
17,28,16,2470.36,0.328571
17,28,17,2427.11,0.306284
17,28,18,2387.13,0.292065
17,28,19,2344.52,0.281927
17,28,20,2297.04,0.27297
17,28,21,2246.55,0.26496
17,28,22,2196.89,0.259323
17,28,23,2151.34,0.257674
17,28,24,2110.91,0.260159
17,28,25,2074.08,0.265321
17,28,26,2038.37,0.270414
17,28,27,2001.79,0.272783
17,28,28,1963.67,0.27055
17,28,29,1924.37,0.262492
17,28,30,1884.73,0.248191
17,28,31,1846.06,0.227873
17,28,32,1810.69,0.202851
17,28,33,1781.95,0.175646
17,28,34,1763.49,0.149433
17,28,35,1757.82,0.127101
17,28,36,1764.62,0.110221
17,28,37,1780.73,0.098847
17,28,38,1801.05,0.0913843
17,28,39,1820.61,0.0855078
17,28,40,1835.12,0.0789448
17,28,41,1843.53,0.0703924
17,28,42,1846.6,0.0597042
17,28,43,1846.43,0.0479847
17,28,44,1844.5,0.0365743
17,28,45,1839.61,0.0267103
17,28,46,1826.9,0.0190033
17,28,47,1798.86,0.0134461
17,28,48,1747.71,0.00956711
17,28,49,1668.8,0.00680483
17,29,0,2810.97,0.318033
17,29,1,3003.31,0.381818
17,29,2,3122.49,0.432488
17,29,3,3180.63,0.467994
17,29,4,3194.53,0.49079
17,29,5,3181.24,0.5067
17,29,6,3154.26,0.521997
17,29,7,3120.6,0.54004
17,29,8,3080.03,0.559439
17,29,9,3028.21,0.574225
17,29,10,2961.51,0.576767
17,29,11,2880.38,0.561842
17,29,12,2791.87,0.529757
17,29,13,2706.07,0.485733
17,29,14,2632.94,0.438065
17,29,15,2577.35,0.394641
17,29,16,2537.5,0.360138
17,29,17,2506.21,0.335471
17,29,18,2474.95,0.318508
17,29,19,2437.63,0.306415
17,29,20,2392.54,0.29728
17,29,21,2342.39,0.291404
17,29,22,2291.78,0.290163
17,29,23,2244.36,0.29452
17,29,24,2201.14,0.30366
17,29,25,2160.49,0.315103
17,29,26,2119.93,0.325187
17,29,27,2077.84,0.330625
17,29,28,2034.19,0.329286
17,29,29,1990,0.320011
17,29,30,1946.56,0.302761
17,29,31,1905.27,0.27827
17,29,32,1868.01,0.248366
17,29,33,1837.33,0.215934
17,29,34,1815.91,0.184295
17,29,35,1805.62,0.156365
17,29,36,1806.08,0.133724
17,29,37,1814.81,0.116553
17,29,38,1827.76,0.103479
17,29,39,1841.04,0.0924672
17,29,40,1851.1,0.0815636
17,29,41,1857.36,0.0697884
17,29,42,1860.59,0.0571758
17,29,43,1862.56,0.0448503
17,29,44,1864.06,0.0339368
17,29,45,1862.96,0.025266
17,29,46,1853.45,0.0189487
17,29,47,1827.21,0.0145754
17,29,48,1776.01,0.0114258
17,29,49,1695.11,0.00888749
17,30,0,2772.76,0.313494
17,30,1,2962.59,0.372483
17,30,2,3080.16,0.417631
17,30,3,3137.28,0.44801
17,30,4,3150.55,0.467263
17,30,5,3137.03,0.482036
17,30,6,3110.36,0.498768
17,30,7,3077.97,0.520351
17,30,8,3040.17,0.54465
17,30,9,2993.28,0.565045
17,30,10,2934.13,0.573557
17,30,11,2863.43,0.564818
17,30,12,2788.06,0.538978
17,30,13,2717.59,0.500817
17,30,14,2660.92,0.457942
17,30,15,2621.57,0.417578
17,30,16,2596.36,0.38411
17,30,17,2577.09,0.358772
17,30,18,2554.83,0.340434
17,30,19,2523.67,0.327504
17,30,20,2482.34,0.319088
17,30,21,2434.08,0.31593
17,30,22,2383.76,0.319208
17,30,23,2335.16,0.329161
17,30,24,2289.31,0.344105
17,30,25,2244.75,0.360829
17,30,26,2199.38,0.375117
17,30,27,2152.16,0.383349
17,30,28,2103.64,0.383241
17,30,29,2055.4,0.373608
17,30,30,2009.02,0.354581
17,30,31,1965.98,0.327213
17,30,32,1927.79,0.293688
17,30,33,1896.15,0.257118
17,30,34,1872.71,0.220835
17,30,35,1858.37,0.187675
17,30,36,1852.53,0.15918
17,30,37,1853.29,0.135736
17,30,38,1857.8,0.116409
17,30,39,1863.56,0.0997009
17,30,40,1868.09,0.0841672
17,30,41,1871.54,0.0692155
17,30,42,1874.79,0.0549842
17,30,43,1879.23,0.0424677
17,30,44,1884.81,0.0324422
17,30,45,1888.25,0.0252521
17,30,46,1882.59,0.0204733
17,30,47,1858.63,0.0173001
17,30,48,1807.62,0.0147785
17,30,49,1724.71,0.0122679
17,31,0,2734.98,0.30983
17,31,1,2921.53,0.365092
17,31,2,3036.58,0.405874
17,31,3,3091.49,0.431969
17,31,4,3102.49,0.4477
17,31,5,3086.48,0.460086
17,31,6,3057.27,0.475546
17,31,7,3022.99,0.496768
17,31,8,2985.07,0.521576
17,31,9,2941.05,0.543631
17,31,10,2888.58,0.555397
17,31,11,2828.62,0.551745
17,31,12,2767.48,0.532568
17,31,13,2713.48,0.501812
17,31,14,2673.89,0.465884
17,31,15,2650.71,0.43092
17,31,16,2639.67,0.400716
17,31,17,2632.19,0.376647
17,31,18,2619.48,0.358486
17,31,19,2596.05,0.345822
17,31,20,2560.84,0.338702
17,31,21,2517.06,0.338181
17,31,22,2469.22,0.345118
17,31,23,2420.76,0.359035
17,31,24,2372.75,0.377596
17,31,25,2324.24,0.3973
17,31,26,2274.02,0.413925
17,31,27,2222.02,0.423986
17,31,28,2169.52,0.425253
17,31,29,2118.46,0.416422
17,31,30,2070.53,0.397477
17,31,31,2027.07,0.369429
17,31,32,1989.13,0.334487
17,31,33,1957.63,0.295746
17,31,34,1933.12,0.25638
17,31,35,1915.58,0.219037
17,31,36,1904.08,0.185178
17,31,37,1897.24,0.155478
17,31,38,1893.43,0.129652
17,31,39,1891.67,0.106993
17,31,40,1890.73,0.0867824
17,31,41,1891.69,0.0689072
17,31,42,1895.57,0.0535605
17,31,43,1903.31,0.0414666
17,31,44,1913.82,0.032903
17,31,45,1922.47,0.0276233
17,31,46,1921.03,0.0246074
17,31,47,1899.31,0.0226409
17,31,48,1848.04,0.0205496
17,31,49,1762.27,0.0177105
17,32,0,2701.48,0.306391
17,32,1,2885.06,0.359715
17,32,2,2997.82,0.39835
17,32,3,3050.48,0.422291
17,32,4,3058.69,0.43585
17,32,5,3038.88,0.445788
17,32,6,3004.88,0.458182
17,32,7,2965.64,0.475705
17,32,8,2924.18,0.49682
17,32,9,2879.82,0.516425
17,32,10,2831.57,0.528254
17,32,11,2780.67,0.52787
17,32,12,2732.67,0.514911
17,32,13,2694.18,0.492223
17,32,14,2670.46,0.464608
17,32,15,2661.95,0.436753
17,32,16,2663.66,0.411558
17,32,17,2667.18,0.39029
17,32,18,2664.31,0.373426
17,32,19,2650.1,0.361586
17,32,20,2623.47,0.355645
17,32,21,2586.99,0.356872
17,32,22,2544.17,0.365746
17,32,23,2497.61,0.381155
17,32,24,2448.26,0.400368
17,32,25,2395.96,0.420065
17,32,26,2340.89,0.436583
17,32,27,2284.4,0.447078
17,32,28,2228.76,0.449637
17,32,29,2176.32,0.44279
17,32,30,2128.61,0.426076
17,32,31,2086.62,0.400077
17,32,32,2050.7,0.366634
17,32,33,2020.89,0.328499
17,32,34,1996.72,0.288452
17,32,35,1977.32,0.248787
17,32,36,1961.45,0.210808
17,32,37,1948.24,0.1755
17,32,38,1937.21,0.143391
17,32,39,1928.91,0.114812
17,32,40,1923.48,0.0900089
17,32,41,1922.95,0.0694967
17,32,42,1928.58,0.0535498
17,32,43,1940.73,0.0425398
17,32,44,1957.08,0.0361093
17,32,45,1971.47,0.0332881
17,32,46,1974.25,0.0323522
17,32,47,1954.23,0.0316175
17,32,48,1901.63,0.0296839
17,32,49,1811.45,0.026006
17,33,0,2674.75,0.303144
17,33,1,2856.82,0.356527
17,33,2,2968.74,0.395666
17,33,3,3020.52,0.420292
17,33,4,3026.91,0.434025
17,33,5,3003.56,0.442679
17,33,6,2964,0.451541
17,33,7,2917.86,0.463273
17,33,8,2869.88,0.477455
17,33,9,2821.67,0.490996
17,33,10,2773.99,0.499648
17,33,11,2728.76,0.50016
17,33,12,2690.75,0.492054
17,33,13,2664.75,0.47698
17,33,14,2653.94,0.457899
17,33,15,2657.22,0.437775
17,33,16,2669.22,0.418337
17,33,17,2682.07,0.40049
17,33,18,2688.46,0.385182
17,33,19,2684.03,0.373901
17,33,20,2667.51,0.368261
17,33,21,2640.43,0.369728
17,33,22,2604.77,0.378437
17,33,23,2561.89,0.392777
17,33,24,2512.38,0.409862
17,33,25,2456.91,0.426908
17,33,26,2397.26,0.441206
17,33,27,2336.6,0.450927
17,33,28,2278.58,0.45469
17,33,29,2226.1,0.450899
17,33,30,2180.57,0.4385
17,33,31,2142.36,0.417398
17,33,32,2110.9,0.388734
17,33,33,2085.17,0.354577
17,33,34,2063.6,0.316979
17,33,35,2044.52,0.277605
17,33,36,2026.4,0.237415
17,33,37,2008.81,0.197652
17,33,38,1992.33,0.159751
17,33,39,1979.04,0.125319
17,33,40,1970.49,0.0958399
17,33,41,1969.75,0.0726882
17,33,42,1978.3,0.0563584
17,33,43,1995.88,0.0468804
17,33,44,2018.74,0.0431648
17,33,45,2039.04,0.043356
17,33,46,2045.65,0.0448529
17,33,47,2026.37,0.0453686
17,33,48,1970.93,0.0432286
17,33,49,1874.34,0.0380302
17,34,0,2655.91,0.300972
17,34,1,2838.71,0.356273
17,34,2,2952.18,0.398473
17,34,3,3005.55,0.426744
17,34,4,3012.52,0.443484
17,34,5,2987.63,0.452932
17,34,6,2943.71,0.459068
17,34,7,2890.64,0.464338
17,34,8,2834.69,0.469612
17,34,9,2779.75,0.474291
17,34,10,2728.69,0.47672
17,34,11,2684.55,0.475315
17,34,12,2651.73,0.469751
17,34,13,2633.5,0.460583
17,34,14,2631.13,0.448874
17,34,15,2642.17,0.435737
17,34,16,2660.96,0.421552
17,34,17,2680.32,0.406664
17,34,18,2694.02,0.392294
17,34,19,2698.33,0.380663
17,34,20,2691.75,0.374068
17,34,21,2674.62,0.374236
17,34,22,2647.19,0.381071
17,34,23,2609.3,0.392629
17,34,24,2560.96,0.406032
17,34,25,2503.41,0.419161
17,34,26,2440.02,0.430364
17,34,27,2375.9,0.438914
17,34,28,2316.35,0.444065
17,34,29,2265.18,0.444208
17,34,30,2223.83,0.437789
17,34,31,2192.09,0.424054
17,34,32,2168.21,0.403309
17,34,33,2149.85,0.376642
17,34,34,2134.16,0.344983
17,34,35,2118.53,0.308951
17,34,36,2101.1,0.268852
17,34,37,2081.74,0.226016
17,34,38,2062.07,0.182806
17,34,39,2045.64,0.142314
17,34,40,2035.44,0.107568
17,34,41,2035.66,0.0811207
17,34,42,2048.03,0.0639409
17,34,43,2071.6,0.0558345
17,34,44,2101.11,0.0549488
17,34,45,2126.96,0.058385
17,34,46,2136.51,0.0624621
17,34,47,2116.6,0.0641101
17,34,48,2056.54,0.0613007
17,34,49,1951.37,0.0538241
17,35,0,2645.69,0.301062
17,35,1,2831.61,0.35981
17,35,2,2949.23,0.407183
17,35,3,3007.01,0.441673
17,35,4,3017.59,0.46415
17,35,5,2994.23,0.476815
17,35,6,2948.71,0.481864
17,35,7,2890.62,0.481199
17,35,8,2827.14,0.476868
17,35,9,2764.04,0.470901
17,35,10,2706.29,0.46455
17,35,11,2658.47,0.458273
17,35,12,2625.29,0.452232
17,35,13,2609.18,0.44613
17,35,14,2609.97,0.439307
17,35,15,2624.05,0.431078
17,35,16,2645.42,0.420474
17,35,17,2667.54,0.407209
17,35,18,2685.19,0.392635
17,35,19,2695.39,0.379585
17,35,20,2696.57,0.37099
17,35,21,2688.05,0.368913
17,35,22,2668.46,0.3732
17,35,23,2636.1,0.381734
17,35,24,2590.17,0.391702
17,35,25,2532.19,0.401538
17,35,26,2466.72,0.410436
17,35,27,2400.62,0.418563
17,35,28,2340.93,0.425755
17,35,29,2292.67,0.430569
17,35,30,2257.67,0.43128
17,35,31,2235.24,0.426754
17,35,32,2222.39,0.416538
17,35,33,2215.2,0.400543
17,35,34,2209.23,0.378152
17,35,35,2200.77,0.348439
17,35,36,2187.43,0.310653
17,35,37,2169.34,0.265969
17,35,38,2149.01,0.217629
17,35,39,2131.41,0.170393
17,35,40,2121.02,0.129141
17,35,41,2123.14,0.0979715
17,35,42,2139.8,0.0786635
17,35,43,2169.37,0.0710013
17,35,44,2205.05,0.0724093
17,35,45,2235.54,0.0788206
17,35,46,2246.75,0.0852751
17,35,47,2224.65,0.087723
17,35,48,2158.15,0.0836795
17,35,49,2042.27,0.073147
17,36,0,2645.17,0.304778
17,36,1,2836.06,0.368167
17,36,2,2959.83,0.422226
17,36,3,3024.3,0.464775
17,36,4,3041.14,0.495056
17,36,5,3022.34,0.51301
17,36,6,2978.42,0.518741
17,36,7,2918.21,0.513283
17,36,8,2849,0.499595
17,36,9,2777.73,0.482166
17,36,10,2711.11,0.465175
17,36,11,2655.49,0.451299
17,36,12,2616.61,0.441489
17,36,13,2596.96,0.434923
17,36,14,2595.59,0.42957
17,36,15,2608,0.423229
17,36,16,2627.69,0.413796
17,36,17,2648.44,0.400436
17,36,18,2665.92,0.384563
17,36,19,2677.92,0.369489
17,36,20,2683.16,0.358679
17,36,21,2680.35,0.354573
17,36,22,2666.9,0.357106
17,36,23,2639.83,0.364107
17,36,24,2597.45,0.372782
17,36,25,2541.17,0.381812
17,36,26,2476.23,0.39078
17,36,27,2410.74,0.400322
17,36,28,2353.24,0.410697
17,36,29,2310.08,0.420833
17,36,30,2283.75,0.429292
17,36,31,2273.28,0.435008
17,36,32,2274.49,0.437006
17,36,33,2281.76,0.433928
17,36,34,2288.93,0.423264
17,36,35,2290.97,0.402079
17,36,36,2284.97,0.368174
17,36,37,2271.18,0.322312
17,36,38,2252.87,0.268512
17,36,39,2236.33,0.213315
17,36,40,2227.43,0.163717
17,36,41,2232.5,0.125712
17,36,42,2253.9,0.102255
17,36,43,2289.32,0.0933686
17,36,44,2330.55,0.0958613
17,36,45,2364.68,0.104436
17,36,46,2376.31,0.112694
17,36,47,2350.65,0.115422
17,36,48,2276.17,0.109566
17,36,49,2147.76,0.0953112
17,37,0,2655.44,0.31291
17,37,1,2852.16,0.381872
17,37,2,2982.91,0.443526
17,37,3,3055.04,0.495035
17,37,4,3079.46,0.534077
17,37,5,3067.04,0.558385
17,37,6,3027.03,0.56597
17,37,7,2967.17,0.55686
17,37,8,2894.3,0.534627
17,37,9,2815.68,0.505833
17,37,10,2739.26,0.477303
17,37,11,2673.06,0.45385
17,37,12,2624.42,0.437382
17,37,13,2596.66,0.426891
17,37,14,2588.75,0.419457
17,37,15,2595.61,0.41184
17,37,16,2610.07,0.401198
17,37,17,2625.89,0.386358
17,37,18,2639.26,0.368748
17,37,19,2648.75,0.351971
17,37,20,2653.74,0.339836
17,37,21,2652.91,0.335099
17,37,22,2643.11,0.337887
17,37,23,2620.5,0.346058
17,37,24,2582.62,0.356751
17,37,25,2530.53,0.368518
17,37,26,2469.55,0.380813
17,37,27,2408.38,0.394237
17,37,28,2356.5,0.409255
17,37,29,2321.33,0.425327
17,37,30,2306.08,0.441738
17,37,31,2309.66,0.457915
17,37,32,2326.88,0.472628
17,37,33,2350.51,0.483259
17,37,34,2372.77,0.485232
17,37,35,2387.44,0.473346
17,37,36,2391.09,0.443742
17,37,37,2384.12,0.396619
17,37,38,2370.44,0.336667
17,37,39,2357.38,0.272213
17,37,40,2352.02,0.212476
17,37,41,2361.51,0.16556
17,37,42,2388.53,0.13587
17,37,43,2430.13,0.123899
17,37,44,2476.77,0.125985
17,37,45,2514.11,0.135614
17,37,46,2525.59,0.144869
17,37,47,2495.7,0.147236
17,37,48,2412.39,0.138984
17,37,49,2270.19,0.12041
17,38,0,2677.57,0.326212
17,38,1,2879.79,0.401458
17,38,2,3016.89,0.470936
17,38,3,3096.06,0.531128
17,38,4,3127.65,0.578359
17,38,5,3121.64,0.608541
17,38,6,3086.12,0.617985
17,38,7,3027.72,0.605875
17,38,8,2952.45,0.576184
17,38,9,2867.37,0.537008
17,38,10,2781.09,0.497238
17,38,11,2703.08,0.463444
17,38,12,2642.38,0.43847
17,38,13,2603.67,0.421407
17,38,14,2586.41,0.408985
17,38,15,2585.23,0.397517
17,38,16,2592.29,0.38394
17,38,17,2600.94,0.367012
17,38,18,2607.55,0.34813
17,38,19,2611.3,0.330957
17,38,20,2612.43,0.319383
17,38,21,2610.17,0.316338
17,38,22,2601.53,0.322155
17,38,23,2582.47,0.334781
17,38,24,2550,0.351192
17,38,25,2504.71,0.369485
17,38,26,2451.54,0.388539
17,38,27,2399.05,0.408477
17,38,28,2356.88,0.429746
17,38,29,2332.97,0.452406
17,38,30,2330.94,0.476708
17,38,31,2349.62,0.502818
17,38,32,2383.06,0.529431
17,38,33,2422.83,0.552763
17,38,34,2459.95,0.56626
17,38,35,2487.43,0.562564
17,38,36,2501.6,0.536263
17,38,37,2503.08,0.487035
17,38,38,2496.27,0.42016
17,38,39,2489.24,0.345589
17,38,40,2489.91,0.274629
17,38,41,2506.03,0.217468
17,38,42,2540.43,0.180075
17,38,43,2589.48,0.163593
17,38,44,2642.41,0.164054
17,38,45,2683.58,0.173828
17,38,46,2695.43,0.183455
17,38,47,2661.74,0.184992
17,38,48,2569.85,0.173884
17,38,49,2413.54,0.150403
17,39,0,2712.74,0.34481
17,39,1,2919.05,0.426661
17,39,2,3060.64,0.503344
17,39,3,3144.78,0.57061
17,39,4,3181.5,0.623798
17,39,5,3180.11,0.65772
17,39,6,3147.81,0.667777
17,39,7,3090.23,0.652763
17,39,8,3012.57,0.616928
17,39,9,2921.47,0.569242
17,39,10,2825.88,0.519824
17,39,11,2736.28,0.476369
17,39,12,2663.28,0.442464
17,39,13,2612.94,0.417527
17,39,14,2585.44,0.398474
17,39,15,2575.42,0.381799
17,39,16,2574.47,0.364727
17,39,17,2575.39,0.346204
17,39,18,2574.42,0.327522
17,39,19,2571.04,0.312139
17,39,20,2566.35,0.303735
17,39,21,2560.46,0.305218
17,39,22,2551.2,0.317093
17,39,23,2534.94,0.337443
17,39,24,2508.66,0.363051
17,39,25,2472.52,0.391362
17,39,26,2430.76,0.420383
17,39,27,2391.16,0.449415
17,39,28,2362.74,0.478616
17,39,29,2353.14,0.508502
17,39,30,2365.88,0.540242
17,39,31,2399.53,0.574729
17,39,32,2447.67,0.610668
17,39,33,2501.24,0.64336
17,39,34,2550.82,0.664738
17,39,35,2589.3,0.665886
17,39,36,2613.23,0.640372
17,39,37,2623.6,0.587647
17,39,38,2625.19,0.513518
17,39,39,2626.47,0.429173
17,39,40,2635.82,0.347521
17,39,41,2661.28,0.28045
17,39,42,2705.55,0.235337
17,39,43,2764.17,0.214042
17,39,44,2825.13,0.212472
17,39,45,2871.61,0.222067
17,39,46,2885.23,0.231883
17,39,47,2849.28,0.232422
17,39,48,2750.32,0.218103
17,39,49,2580.89,0.188968
17,40,0,2760.03,0.368464
17,40,1,2968.52,0.456696
17,40,2,3112.1,0.53906
17,40,3,3198.34,0.610569
17,40,4,3237.12,0.666119
17,40,5,3237.36,0.700403
17,40,6,3205.63,0.708955
17,40,7,3146.9,0.690793
17,40,8,3065.79,0.650344
17,40,9,2968.67,0.596702
17,40,10,2864.69,0.540233
17,40,11,2765.02,0.488988
17,40,12,2681.38,0.447022
17,40,13,2620.82,0.414251
17,40,14,2584.14,0.388257
17,40,15,2566.13,0.366267
17,40,16,2558.03,0.346213
17,40,17,2552.21,0.327409
17,40,18,2544.58,0.31096
17,40,19,2534.67,0.299884
17,40,20,2524.18,0.297405
17,40,21,2514.18,0.306214
17,40,22,2503.68,0.326919
17,40,23,2490.01,0.3578
17,40,24,2470.49,0.395483
17,40,25,2445.11,0.436732
17,40,26,2417.29,0.478571
17,40,27,2393.68,0.51923
17,40,28,2381.99,0.558253
17,40,29,2388.82,0.596221
17,40,30,2416.93,0.634813
17,40,31,2464.3,0.675364
17,40,32,2524.26,0.716572
17,40,33,2587.76,0.753232
17,40,34,2645.77,0.776599
17,40,35,2691.85,0.777259
17,40,36,2723.26,0.748694
17,40,37,2741.58,0.690673
17,40,38,2751.93,0.609501
17,40,39,2762.95,0.517046
17,40,40,2783.12,0.427008
17,40,41,2820.39,0.352259
17,40,42,2876.96,0.30115
17,40,43,2947.26,0.276181
17,40,44,3017.98,0.273299
17,40,45,3071.27,0.283266
17,40,46,3088.34,0.293759
17,40,47,3052.29,0.293592
17,40,48,2948.95,0.275885
17,40,49,2769.05,0.240188
17,41,0,2819.26,0.396894
17,41,1,3028.09,0.490855
17,41,2,3171.17,0.576786
17,41,3,3256.55,0.649042
17,41,4,3294.14,0.702728
17,41,5,3292.65,0.733502
17,41,6,3258.33,0.738122
17,41,7,3195.89,0.71644
17,41,8,3109.85,0.672944
17,41,9,3006.59,0.616105
17,41,10,2895.57,0.555574
17,41,11,2788.38,0.499021
17,41,12,2697.28,0.450712
17,41,13,2629.66,0.411214
17,41,14,2586.49,0.379142
17,41,15,2562.64,0.352855
17,41,16,2549.32,0.331212
17,41,17,2538.7,0.313955
17,41,18,2526.41,0.301924
17,41,19,2511.89,0.297557
17,41,20,2497.15,0.303476
17,41,21,2484.01,0.322056
17,41,22,2472.75,0.353949
17,41,23,2461.86,0.397697
17,41,24,2449.38,0.449857
17,41,25,2435.37,0.506598
17,41,26,2422.55,0.563966
17,41,27,2416.32,0.61894
17,41,28,2422.74,0.670022
17,41,29,2446.8,0.717225
17,41,30,2489.87,0.762049
17,41,31,2548.99,0.805764
17,41,32,2617.34,0.84702
17,41,33,2686.41,0.880685
17,41,34,2748.26,0.898482
17,41,35,2797.82,0.891892
17,41,36,2833.52,0.855529
17,41,37,2857.75,0.790172
17,41,38,2876.04,0.702616
17,41,39,2897.09,0.604754
17,41,40,2929.16,0.510058
17,41,41,2979.71,0.431425
17,41,42,3049.98,0.377521
17,41,43,3132.89,0.35127
17,41,44,3213.8,0.348763
17,41,45,3274.23,0.360353
17,41,46,3295.59,0.37247
17,41,47,3261.31,0.372113
17,41,48,3156.67,0.350809
17,41,49,2970.22,0.307346
17,42,0,2887.86,0.428483
17,42,1,3095.67,0.527185
17,42,2,3236.33,0.614422
17,42,3,3318.48,0.684045
17,42,4,3352.15,0.731992
17,42,5,3346,0.755824
17,42,6,3306.29,0.754419
17,42,7,3237.89,0.728924
17,42,8,3145.68,0.683755
17,42,9,3036.52,0.626159
17,42,10,2920.35,0.56432
17,42,11,2808.98,0.504979
17,42,12,2714.62,0.452442
17,42,13,2644.2,0.408032
17,42,14,2598.27,0.371624
17,42,15,2571.57,0.342867
17,42,16,2555.42,0.321558
17,42,17,2542.17,0.307792
17,42,18,2527.39,0.302081
17,42,19,2510.47,0.306248
17,42,20,2493.52,0.322334
17,42,21,2478.92,0.352412
17,42,22,2467.96,0.397172
17,42,23,2460.28,0.45547
17,42,24,2454.72,0.523885
17,42,25,2451.62,0.598131
17,42,26,2453.25,0.673352
17,42,27,2463.89,0.745145
17,42,28,2487.92,0.810531
17,42,29,2528.42,0.868211
17,42,30,2585.04,0.91868
17,42,31,2653.64,0.962566
17,42,32,2727.23,0.99844
17,42,33,2798.12,1.02192
17,42,34,2859.88,1.02643
17,42,35,2909.19,1.0058
17,42,36,2945.91,0.956994
17,42,37,2973.47,0.882461
17,42,38,2997.9,0.789469
17,42,39,3027.94,0.689294
17,42,40,3071.42,0.594188
17,42,41,3134.94,0.516094
17,42,42,3218.25,0.463267
17,42,43,3312.54,0.438735
17,42,44,3402,0.438756
17,42,45,3468.1,0.453479
17,42,46,3493.18,0.46821
17,42,47,3461.58,0.468068
17,42,48,3358.4,0.442768
17,42,49,3169.8,0.390152
17,43,0,2960.26,0.459406
17,43,1,3166.24,0.561648
17,43,2,3303.38,0.648298
17,43,3,3380.89,0.712853
17,43,4,3408.99,0.752485
17,43,5,3396.41,0.76721
17,43,6,3349.62,0.7585
17,43,7,3274.04,0.729041
17,43,8,3175.35,0.6831
17,43,9,3061.27,0.6264
17,43,10,2942.41,0.565293
17,43,11,2830.58,0.505352
17,43,12,2737.41,0.450851
17,43,13,2668.63,0.4039
17,43,14,2623.76,0.365642
17,43,15,2597.1,0.336904
17,43,16,2580.22,0.318188
17,43,17,2565.9,0.309737
17,43,18,2550.05,0.311693
17,43,19,2532.16,0.325341
17,43,20,2514.48,0.35232
17,43,21,2499.77,0.394565
17,43,22,2490.12,0.452857
17,43,23,2486,0.526405
17,43,24,2486.94,0.61184
17,43,25,2493.56,0.704559
17,43,26,2507.9,0.7989
17,43,27,2533.33,0.889047
17,43,28,2572.78,0.970208
17,43,29,2627.53,1.03914
17,43,30,2695.4,1.09459
17,43,31,2771.08,1.13608
17,43,32,2847.42,1.16209
17,43,33,2917.63,1.1696
17,43,34,2976.86,1.15482
17,43,35,3023.48,1.11502
17,43,36,3058.84,1.05041
17,43,37,3087.41,0.965565
17,43,38,3115.83,0.868154
17,43,39,3152.85,0.768379
17,43,40,3205.77,0.676558
17,43,41,3279.99,0.602951
17,43,42,3373.54,0.554798
17,43,43,3475.89,0.534877
17,43,44,3570.49,0.539498
17,43,45,3639.41,0.558662
17,43,46,3666.5,0.576625
17,43,47,3637.46,0.576674
17,43,48,3537.46,0.546689
17,43,49,3350.46,0.483585
17,44,0,3027.1,0.483464
17,44,1,3230.87,0.587795
17,44,2,3364.1,0.672592
17,44,3,3436.58,0.731079
17,44,4,3458.67,0.761683
17,44,5,3439.23,0.766859
17,44,6,3385.11,0.750646
17,44,7,3302.53,0.717255
17,44,8,3198.21,0.670859
17,44,9,3080.99,0.615757
17,44,10,2962.16,0.556575
17,44,11,2853.33,0.4978
17,44,12,2765.09,0.443665
17,44,13,2701.43,0.396984
17,44,14,2660.46,0.359931
17,44,15,2635.91,0.334148
17,44,16,2619.55,0.320434
17,44,17,2604.83,0.318884
17,44,18,2588.21,0.329238
17,44,19,2569.6,0.352385
17,44,20,2551.55,0.389833
17,44,21,2537.23,0.443615
17,44,22,2529.27,0.5147
17,44,23,2528.72,0.60262
17,44,24,2535.47,0.704043
17,44,25,2550.29,0.814157
17,44,26,2574.98,0.926655
17,44,27,2612.24,1.03446
17,44,28,2663.87,1.13093
17,44,29,2729.62,1.21056
17,44,30,2805.81,1.26998
17,44,31,2886.17,1.30728
17,44,32,2963.49,1.32092
17,44,33,3031.84,1.30964
17,44,34,3087.67,1.27295
17,44,35,3130.82,1.21213
17,44,36,3163.84,1.13089
17,44,37,3192.05,1.03596
17,44,38,3222.65,0.93531
17,44,39,3264.37,0.837861
17,44,40,3323.91,0.751772
17,44,41,3405.38,0.685343
17,44,42,3505.12,0.644484
17,44,43,3611.31,0.631396
17,44,44,3707.2,0.642187
17,44,45,3775.96,0.66657
17,44,46,3803.12,0.687771
17,44,47,3775.78,0.687462
17,44,48,3679.31,0.651964
17,44,49,3495.93,0.577562
17,45,0,3075.66,0.493244
17,45,1,3277.09,0.597795
17,45,2,3406.62,0.679973
17,45,3,3474.42,0.732711
17,45,4,3491.01,0.755308
17,45,5,3465.38,0.752087
17,45,6,3404.89,0.729148
17,45,7,3316.62,0.692033
17,45,8,3208.47,0.645026
17,45,9,3090.37,0.591491
17,45,10,2974.12,0.534838
17,45,11,2870.84,0.478786
17,45,12,2789.78,0.427521
17,45,13,2733.06,0.384299
17,45,14,2697.35,0.351877
17,45,15,2675.72,0.332166
17,45,16,2660.17,0.325774
17,45,17,2644.82,0.332345
17,45,18,2626.86,0.3512
17,45,19,2606.8,0.382971
17,45,20,2587.7,0.429307
17,45,21,2573.27,0.492552
17,45,22,2566.68,0.57395
17,45,23,2569.25,0.673284
17,45,24,2580.97,0.787208
17,45,25,2602.45,0.910823
17,45,26,2635.14,1.03742
17,45,27,2681.1,1.15907
17,45,28,2741.28,1.26758
17,45,29,2814.38,1.35539
17,45,30,2895.71,1.41702
17,45,31,2978.44,1.44918
17,45,32,3055.49,1.45034
17,45,33,3121.64,1.42105
17,45,34,3174.41,1.36406
17,45,35,3214.6,1.28434
17,45,36,3245.58,1.1887
17,45,37,3273.23,1.0857
17,45,38,3305.07,0.983339
17,45,39,3349.73,0.889408
17,45,40,3413.24,0.810175
17,45,41,3498.58,0.75217
17,45,42,3600.8,0.719971
17,45,43,3707.34,0.714957
17,45,44,3801.78,0.732688
17,45,45,3868.44,0.762325
17,45,46,3894.29,0.786125
17,45,47,3867.42,0.784593
17,45,48,3773.41,0.743098
17,45,49,3593.3,0.657835
17,46,0,3091.21,0.4827
17,46,1,3290.39,0.584951
17,46,2,3416.83,0.663732
17,46,3,3480.83,0.711637
17,46,4,3492.92,0.728226
17,46,5,3462.35,0.718768
17,46,6,3397.01,0.690623
17,46,7,3304.94,0.650326
17,46,8,3195.1,0.602541
17,46,9,3078.32,0.550383
17,46,10,2966.54,0.496735
17,46,11,2870.1,0.444946
17,46,12,2796.84,0.399076
17,46,13,2747.17,0.362442
17,46,14,2716.57,0.337806
17,46,15,2697.62,0.326766
17,46,16,2682.52,0.329313
17,46,17,2665.94,0.344428
17,46,18,2645.77,0.371038
17,46,19,2623.16,0.409634
17,46,20,2601.88,0.462195
17,46,21,2586.32,0.531477
17,46,22,2580.18,0.619024
17,46,23,2585.01,0.724759
17,46,24,2600.69,0.845283
17,46,25,2627.38,0.975738
17,46,26,2665.94,1.10936
17,46,27,2717.73,1.23792
17,46,28,2783.07,1.35241
17,46,29,2860.04,1.44378
17,46,30,2943.49,1.50499
17,46,31,3026.5,1.53163
17,46,32,3102.29,1.52228
17,46,33,3166.33,1.47896
17,46,34,3216.84,1.40697
17,46,35,3255.22,1.31405
17,46,36,3285.25,1.20916
17,46,37,3313.01,1.1019
17,46,38,3346.07,1.00014
17,46,39,3392.78,0.91076
17,46,40,3458.6,0.838751
17,46,41,3545.6,0.789344
17,46,42,3648.11,0.766001
17,46,43,3753.38,0.769139
17,46,44,3845.5,0.793491
17,46,45,3909.67,0.827486
17,46,46,3933.61,0.852677
17,46,47,3905.88,0.849128
17,46,48,3812.02,0.802141
17,46,49,3632.55,0.708444
17,47,0,3058.62,0.449132
17,47,1,3255.7,0.545885
17,47,2,3379.93,0.620011
17,47,3,3441.19,0.66381
17,47,4,3449.96,0.676514
17,47,5,3415.79,0.663367
17,47,6,3347.25,0.632095
17,47,7,3253.31,0.589803
17,47,8,3143.83,0.541717
17,47,9,3030.16,0.491286
17,47,10,2923.96,0.441456
17,47,11,2834.59,0.395494
17,47,12,2768.54,0.357169
17,47,13,2724.92,0.329449
17,47,14,2698.45,0.314578
17,47,15,2681.42,0.313406
17,47,16,2666.25,0.32509
17,47,17,2647.99,0.347906
17,47,18,2625.02,0.380464
17,47,19,2599.1,0.423177
17,47,20,2574.66,0.478373
17,47,21,2556.87,0.549164
17,47,22,2550.03,0.637333
17,47,23,2555.92,0.742837
17,47,24,2574.28,0.862262
17,47,25,2604.62,0.990957
17,47,26,2647.03,1.12249
17,47,27,2702.07,1.24899
17,47,28,2769.53,1.36145
17,47,29,2847.26,1.4503
17,47,30,2930.09,1.50773
17,47,31,3011.48,1.52879
17,47,32,3085.15,1.51214
17,47,33,3147.15,1.46081
17,47,34,3196.2,1.38154
17,47,35,3233.97,1.28353
17,47,36,3264.33,1.1766
17,47,37,3293.25,1.07053
17,47,38,3328.08,0.97276
17,47,39,3376.81,0.889546
17,47,40,3444.35,0.82517
17,47,41,3532.24,0.784061
17,47,42,3634.59,0.768844
17,47,43,3738.81,0.778982
17,47,44,3829.44,0.808346
17,47,45,3891.94,0.844777
17,47,46,3914.02,0.869741
17,47,47,3883.98,0.863852
17,47,48,3787.19,0.813321
17,47,49,3604.3,0.715913
17,48,0,2964.05,0.394549
17,48,1,3158.52,0.482159
17,48,2,3281.04,0.549641
17,48,3,3340.45,0.589241
17,48,4,3346.98,0.599551
17,48,5,3310.52,0.585057
17,48,6,3240.46,0.553074
17,48,7,3146.62,0.510788
17,48,8,3039.51,0.463912
17,48,9,2930.54,0.416472
17,48,10,2830.68,0.371745
17,48,11,2748.16,0.33298
17,48,12,2688.3,0.303463
17,48,13,2649.37,0.2855
17,48,14,2625.81,0.280498
17,48,15,2609.92,0.288399
17,48,16,2594.3,0.307572
17,48,17,2574.26,0.335748
17,48,18,2548.53,0.371359
17,48,19,2519.21,0.414763
17,48,20,2491.31,0.468507
17,48,21,2470.63,0.535845
17,48,22,2462.09,0.618665
17,48,23,2467.77,0.716886
17,48,24,2487.28,0.8272
17,48,25,2519.52,0.945353
17,48,26,2563.7,1.06561
17,48,27,2619.52,1.181
17,48,28,2686.32,1.28333
17,48,29,2761.92,1.3635
17,48,30,2841.56,1.41381
17,48,31,2919.4,1.42939
17,48,32,2989.83,1.40905
17,48,33,3049.48,1.35619
17,48,34,3097.41,1.2779
17,48,35,3135.33,1.18346
17,48,36,3166.94,1.08235
17,48,37,3197.86,0.983662
17,48,38,3235.03,0.894123
17,48,39,3285.94,0.819446
17,48,40,3355.1,0.763563
17,48,41,3443.83,0.730376
17,48,42,3546.42,0.721889
17,48,43,3650.67,0.736786
17,48,44,3741.31,0.768382
17,48,45,3803.42,0.804493
17,48,46,3823.87,0.827466
17,48,47,3790.1,0.819567
17,48,48,3687.26,0.768788
17,48,49,3497.16,0.674119
17,49,0,2797.28,0.325353
17,49,1,2986.59,0.400422
17,49,2,3106.6,0.458916
17,49,3,3164.33,0.493457
17,49,4,3169.44,0.50204
17,49,5,3132.17,0.488039
17,49,6,3062.64,0.457811
17,49,7,2971.39,0.418113
17,49,8,2869.15,0.374798
17,49,9,2766.86,0.332296
17,49,10,2674.46,0.294113
17,49,11,2598.92,0.26335
17,49,12,2544.62,0.242648
17,49,13,2509.41,0.233532
17,49,14,2487.86,0.236533
17,49,15,2472.59,0.250827
17,49,16,2456.53,0.274273
17,49,17,2435.22,0.304362
17,49,18,2407.53,0.339522
17,49,19,2375.72,0.380046
17,49,20,2345.06,0.428457
17,49,21,2321.73,0.487866
17,49,22,2311.08,0.56009
17,49,23,2315.45,0.644991
17,49,24,2334.47,0.73955
17,49,25,2366.53,0.840089
17,49,26,2410.08,0.941821
17,49,27,2464.01,1.03906
17,49,28,2527.26,1.12495
17,49,29,2597.76,1.19166
17,49,30,2671.43,1.23239
17,49,31,2743.35,1.24284
17,49,32,2808.81,1.22205
17,49,33,2865,1.17329
17,49,34,2911.26,1.10303
17,49,35,2949.18,1.01958
17,49,36,2982.1,0.931161
17,49,37,3015.06,0.845559
17,49,38,3054.39,0.768484
17,49,39,3107,0.704996
17,49,40,3177.08,0.658715
17,49,41,3265.93,0.633051
17,49,42,3368.4,0.629516
17,49,43,3472.87,0.646321
17,49,44,3564.19,0.676815
17,49,45,3626.57,0.709642
17,49,46,3645.41,0.729119
17,49,47,3606.93,0.720135
17,49,48,3496.34,0.673018
17,49,49,3298.19,0.587836
18,0,0,2747.01,0.157777
18,0,1,2900.66,0.175035
18,0,2,2984.08,0.18554
18,0,3,3013.57,0.193132
18,0,4,3009.78,0.202381
18,0,5,2991.72,0.215741
18,0,6,2972.46,0.232488
18,0,7,2956.94,0.249229
18,0,8,2942.86,0.262234
18,0,9,2924.51,0.26941
18,0,10,2896.65,0.270904
18,0,11,2856.54,0.26794
18,0,12,2806.52,0.261577
18,0,13,2750.03,0.25112
18,0,14,2691.17,0.234964
18,0,15,2632.68,0.211997
18,0,16,2574.36,0.182904
18,0,17,2513.9,0.150316
18,0,18,2447.94,0.117816
18,0,19,2373.98,0.0887787
18,0,20,2291.99,0.0653529
18,0,21,2205.04,0.0483628
18,0,22,2117.54,0.0376608
18,0,23,2034.09,0.0326776
18,0,24,1957.84,0.032603
18,0,25,1888.89,0.036545
18,0,26,1826.19,0.0434765
18,0,27,1768.23,0.0519124
18,0,28,1713.67,0.0601882
18,0,29,1662.04,0.06644
18,0,30,1612.97,0.0691239
18,0,31,1566.22,0.067435
18,0,32,1520.94,0.0615752
18,0,33,1475.89,0.0526279
18,0,34,1430.08,0.0422038
18,0,35,1383.36,0.0318831
18,0,36,1336.57,0.022829
18,0,37,1291.69,0.0158447
18,0,38,1250.98,0.0110066
18,0,39,1216.17,0.00848891
18,0,40,1187.83,0.00844409
18,0,41,1165.43,0.0111838
18,0,42,1147.9,0.0169696
18,0,43,1134.07,0.025679
18,0,44,1122.61,0.0363114
18,0,45,1112.37,0.0468564
18,0,46,1102.12,0.0546349
18,0,47,1091,0.0573407
18,0,48,1078.5,0.0540572
18,0,49,1064.92,0.04572
18,1,0,2938.88,0.176774
18,1,1,3096.24,0.196746
18,1,2,3179.84,0.209196
18,1,3,3207.91,0.218311
18,1,4,3201.62,0.229293
18,1,5,3180.13,0.245137
18,1,6,3157.09,0.265398
18,1,7,3138.52,0.286562
18,1,8,3123.16,0.304503
18,1,9,3105.75,0.31666
18,1,10,3080.7,0.322788
18,1,11,3044.23,0.323781
18,1,12,2997.39,0.320344
18,1,13,2942.4,0.311237
18,1,14,2882.76,0.294276
18,1,15,2821.27,0.267995
18,1,16,2758.26,0.233232
18,1,17,2691.94,0.193342
18,1,18,2619.18,0.152959
18,1,19,2537.34,0.116557
18,1,20,2446.31,0.0871097
18,1,21,2349.36,0.0659031
18,1,22,2251.63,0.0528568
18,1,23,2158.74,0.0472044
18,1,24,2074.6,0.0477596
18,1,25,1999.5,0.0531351
18,1,26,1932.03,0.0618333
18,1,27,1870.07,0.0718775
18,1,28,1811.7,0.0811866
18,1,29,1756.17,0.0875558
18,1,30,1703.03,0.0892476
18,1,31,1652.14,0.0854697
18,1,32,1602.56,0.0766625
18,1,33,1552.91,0.0643295
18,1,34,1502.03,0.0505744
18,1,35,1449.69,0.0374008
18,1,36,1396.88,0.0262282
18,1,37,1346,0.0179065
18,1,38,1299.8,0.0124189
18,1,39,1260.4,0.00974055
18,1,40,1228.45,0.0097891
18,1,41,1203.24,0.0126348
18,1,42,1183.39,0.0183377
18,1,43,1167.4,0.0266608
18,1,44,1153.73,0.0365968
18,1,45,1141.12,0.0462733
18,1,46,1128.25,0.0532321
18,1,47,1114.2,0.0553817
18,1,48,1098.45,0.0519212
18,1,49,1081.32,0.0437643
18,2,0,3058.1,0.187544
18,2,1,3217.59,0.209319
18,2,2,3301.76,0.223019
18,2,3,3329.65,0.232924
18,2,4,3322.17,0.244634
18,2,5,3298.03,0.261674
18,2,6,3271.19,0.284128
18,2,7,3248.79,0.308779
18,2,8,3230.95,0.331484
18,2,9,3213.33,0.34936
18,2,10,3190.3,0.361613
18,2,11,3157.28,0.368448
18,2,12,3113.98,0.369823
18,2,13,3061.39,0.36375
18,2,14,3002.28,0.347468
18,2,15,2939.37,0.319304
18,2,16,2873.44,0.280366
18,2,17,2803.35,0.234732
18,2,18,2726.34,0.187973
18,2,19,2639.81,0.145503
18,2,20,2543.61,0.111017
18,2,21,2441.11,0.0862513
18,2,22,2337.88,0.0712435
18,2,23,2240.21,0.0650858
18,2,24,2152.49,0.0662452
18,2,25,2075.02,0.0728431
18,2,26,2006.06,0.0829119
18,2,27,1942.92,0.0940205
18,2,28,1883.23,0.103739
18,2,29,1826.05,0.109606
18,2,30,1770.9,0.109763
18,2,31,1717.72,0.103469
18,2,32,1665.5,0.0914102
18,2,33,1612.77,0.0754996
18,2,34,1558.3,0.0583235
18,2,35,1501.91,0.0423088
18,2,36,1444.85,0.0291305
18,2,37,1389.94,0.0196617
18,2,38,1340.37,0.0137783
18,2,39,1298.48,0.0111892
18,2,40,1264.88,0.0114845
18,2,41,1238.57,0.0143701
18,2,42,1217.73,0.0195956
18,2,43,1200.56,0.0267628
18,2,44,1185.31,0.0349257
18,2,45,1170.74,0.042556
18,2,46,1155.5,0.0477124
18,2,47,1138.7,0.0487861
18,2,48,1119.8,0.0452196
18,2,49,1099.15,0.0378386
18,3,0,3115.58,0.192408
18,3,1,3278,0.215164
18,3,2,3364.41,0.229304
18,3,3,3393.75,0.238957
18,3,4,3386.12,0.249907
18,3,5,3359.56,0.266199
18,3,6,3328.17,0.288689
18,3,7,3300.35,0.314885
18,3,8,3277.99,0.34107
18,3,9,3258.06,0.364285
18,3,10,3235.25,0.38313
18,3,11,3204.32,0.396819
18,3,12,3163.78,0.404223
18,3,13,3113.44,0.402434
18,3,14,3055.26,0.388181
18,3,15,2991.84,0.359793
18,3,16,2924.33,0.318786
18,3,17,2852.17,0.269883
18,3,18,2773.11,0.219324
18,3,19,2684.79,0.173116
18,3,20,2587.15,0.135409
18,3,21,2483.52,0.108273
18,3,22,2379.61,0.09188
18,3,23,2281.89,0.0852807
18,3,24,2194.73,0.0867222
18,3,25,2118.27,0.0939833
18,3,26,2050.5,0.104766
18,3,27,1988.4,0.116336
18,3,28,1929.41,0.12604
18,3,29,1872.55,0.131225
18,3,30,1817.34,0.1299
18,3,31,1763.71,0.121299
18,3,32,1710.48,0.106238
18,3,33,1656.09,0.0869459
18,3,34,1599.31,0.066446
18,3,35,1540.14,0.0476111
18,3,36,1480.26,0.0324248
18,3,37,1422.98,0.0218347
18,3,38,1371.89,0.0156478
18,3,39,1329.43,0.0132839
18,3,40,1296.03,0.0139433
18,3,41,1270.22,0.0168727
18,3,42,1249.75,0.0214223
18,3,43,1232.42,0.0269909
18,3,44,1216.38,0.0327273
18,3,45,1200.41,0.0375701
18,3,46,1183.26,0.0402747
18,3,47,1164.08,0.03988
18,3,48,1142.3,0.0361554
18,3,49,1118.27,0.0298094
18,4,0,3127.25,0.195437
18,4,1,3293.76,0.218688
18,4,2,3383.87,0.232541
18,4,3,3415.69,0.2408
18,4,4,3408.22,0.24927
18,4,5,3378.66,0.262515
18,4,6,3341.26,0.282352
18,4,7,3305.79,0.307369
18,4,8,3276.23,0.334684
18,4,9,3251.27,0.361561
18,4,10,3226.25,0.386073
18,4,11,3195.53,0.406325
18,4,12,3156.5,0.419912
18,4,13,3107.88,0.422951
18,4,14,3050.86,0.411755
18,4,15,2987.81,0.384847
18,4,16,2920.06,0.344213
18,4,17,2847.57,0.295039
18,4,18,2768.6,0.24387
18,4,19,2681.22,0.196865
18,4,20,2585.62,0.158278
18,4,21,2485,0.13031
18,4,22,2384.85,0.113241
18,4,23,2291.2,0.106168
18,4,24,2207.91,0.107308
18,4,25,2134.86,0.114378
18,4,26,2069.91,0.125035
18,4,27,2010.17,0.13652
18,4,28,1953.27,0.146133
18,4,29,1898.41,0.151062
18,4,30,1845.09,0.149067
18,4,31,1793,0.139133
18,4,32,1740.61,0.121958
18,4,33,1686.1,0.0998959
18,4,34,1628.26,0.0763345
18,4,35,1567.37,0.0546474
18,4,36,1505.72,0.0372461
18,4,37,1447.2,0.0252926
18,4,38,1395.81,0.0186247
18,4,39,1354.07,0.0164044
18,4,40,1322.07,0.0174175
18,4,41,1297.91,0.020398
18,4,42,1278.77,0.0242448
18,4,43,1262.14,0.0281266
18,4,44,1246.03,0.0312856
18,4,45,1229.31,0.0331499
18,4,46,1210.83,0.0332053
18,4,47,1189.77,0.0311684
18,4,48,1165.51,0.0271567
18,4,49,1138.34,0.0217675
18,5,0,3110.66,0.201238
18,5,1,3281.28,0.224906
18,5,2,3375.21,0.23792
18,5,3,3409.27,0.243678
18,5,4,3401.11,0.247949
18,5,5,3367.08,0.255846
18,5,6,3321.6,0.270258
18,5,7,3275.9,0.291065
18,5,8,3236.22,0.316501
18,5,9,3203.34,0.344324
18,5,10,3173.56,0.372273
18,5,11,3141.05,0.39745
18,5,12,3102.33,0.416242
18,5,13,3055.13,0.4239
18,5,14,2999.87,0.416427
18,5,15,2938.5,0.392618
18,5,16,2872.33,0.354831
18,5,17,2801.59,0.308424
18,5,18,2725.02,0.25984
18,5,19,2641.29,0.214992
18,5,20,2550.92,0.177915
18,5,21,2456.93,0.150746
18,5,22,2364.09,0.133783
18,5,23,2277.45,0.126206
18,5,24,2199.95,0.126379
18,5,25,2131.2,0.132277
18,5,26,2069.36,0.141889
18,5,27,2012.21,0.152788
18,5,28,1958.08,0.162458
18,5,29,1906.52,0.167951
18,5,30,1856.97,0.166612
18,5,31,1808.57,0.156872
18,5,32,1759.14,0.138968
18,5,33,1706.37,0.115114
18,5,34,1648.92,0.0889392
18,5,35,1587.44,0.0643742
18,5,36,1524.88,0.0444089
18,5,37,1465.81,0.0306184
18,5,38,1414.7,0.0230216
18,5,39,1374.13,0.0206041
18,5,40,1343.94,0.0217609
18,5,41,1321.77,0.0247154
18,5,42,1304.35,0.0279108
18,5,43,1288.86,0.0302819
18,5,44,1273.21,0.0311371
18,5,45,1256.35,0.0303266
18,5,46,1237.19,0.0279695
18,5,47,1214.87,0.0243696
18,5,48,1188.63,0.0199538
18,5,49,1158.66,0.0152369
18,6,0,3082.06,0.21348
18,6,1,3255.16,0.237804
18,6,2,3351.28,0.249596
18,6,3,3385.75,0.251889
18,6,4,3374.88,0.250488
18,6,5,3334.23,0.251127
18,6,6,3278.42,0.257814
18,6,7,3220.15,0.271747
18,6,8,3167.93,0.292364
18,6,9,3124.68,0.318066
18,6,10,3087.93,0.346495
18,6,11,3051.95,0.374042
18,6,12,3012.63,0.396218
18,6,13,2966.93,0.407692
18,6,14,2914.5,0.404272
18,6,15,2856.71,0.384961
18,6,16,2794.46,0.352212
18,6,17,2727.96,0.311149
18,6,18,2656.35,0.267751
18,6,19,2578.92,0.227412
18,6,20,2496.58,0.193783
18,6,21,2411.94,0.168812
18,6,22,2328.72,0.152712
18,6,23,2250.47,0.144704
18,6,24,2179,0.143379
18,6,25,2113.9,0.147209
18,6,26,2054.07,0.154844
18,6,27,1998.62,0.164546
18,6,28,1947.03,0.174251
18,6,29,1899.4,0.180958
18,6,30,1855.02,0.181505
18,6,31,1812.24,0.173508
18,6,32,1767.91,0.156408
18,6,33,1718.94,0.131973
18,6,34,1663.69,0.103884
18,6,35,1603.03,0.0766169
18,6,36,1540.56,0.0538413
18,6,37,1481.52,0.0377301
18,6,38,1430.86,0.0286462
18,6,39,1391.34,0.0255151
18,6,40,1362.62,0.0264131
18,6,41,1342.04,0.0291142
18,6,42,1326.06,0.031657
18,6,43,1311.63,0.0327737
18,6,44,1296.63,0.0318113
18,6,45,1280.07,0.028929
18,6,46,1260.83,0.024707
18,6,47,1237.9,0.0198671
18,6,48,1210.29,0.0150587
18,6,49,1178.01,0.0107375
18,7,0,3053.54,0.233974
18,7,1,3226.41,0.25935
18,7,2,3321.89,0.269686
18,7,3,3353.95,0.267803
18,7,4,3337.71,0.259728
18,7,5,3288.18,0.251936
18,7,6,3220.28,0.249529
18,7,7,3148.04,0.25489
18,7,8,3082.02,0.26853
18,7,9,3027.06,0.28948
18,7,10,2981.95,0.315476
18,7,11,2941.28,0.342597
18,7,12,2900.76,0.365986
18,7,13,2856.86,0.38015
18,7,14,2808.53,0.380832
18,7,15,2756.34,0.36705
18,7,16,2700.47,0.340947
18,7,17,2640.76,0.306961
18,7,18,2576.54,0.270319
18,7,19,2507.72,0.235803
18,7,20,2435.48,0.206707
18,7,21,2361.84,0.184803
18,7,22,2289.16,0.170164
18,7,23,2219.26,0.161945
18,7,24,2152.8,0.158898
18,7,25,2089.59,0.160027
18,7,26,2029.76,0.164801
18,7,27,1974.19,0.172415
18,7,28,1923.95,0.181537
18,7,29,1879.88,0.189322
18,7,30,1841.13,0.192201
18,7,31,1805.09,0.186903
18,7,32,1767.5,0.171865
18,7,33,1724.23,0.148121
18,7,34,1673.07,0.119139
18,7,35,1614.98,0.0897815
18,7,36,1553.94,0.0643778
18,7,37,1495.72,0.0457883
18,7,38,1445.73,0.0348551
18,7,39,1406.92,0.0305777
18,7,40,1378.94,0.0308338
18,7,41,1359.09,0.0330598
18,7,42,1343.75,0.0349763
18,7,43,1329.88,0.0351521
18,7,44,1315.4,0.0329393
18,7,45,1299.34,0.0286755
18,7,46,1280.47,0.0232157
18,7,47,1257.49,0.0175227
18,7,48,1229.12,0.0123803
18,7,49,1195.12,0.00821282
18,8,0,3031.06,0.262589
18,8,1,3201.23,0.289475
18,8,2,3293.36,0.298292
18,8,3,3320.39,0.291866
18,8,4,3296.66,0.276713
18,8,5,3236.94,0.26018
18,8,6,3156.59,0.248402
18,8,7,3070.78,0.2447
18,8,8,2991.56,0.250369
18,8,9,2925.14,0.264897
18,8,10,2871.34,0.286216
18,8,11,2825.26,0.31048
18,8,12,2782.93,0.333019
18,8,13,2740.69,0.348635
18,8,14,2697.02,0.353153
18,8,15,2651.57,0.345384
18,8,16,2603.59,0.326735
18,8,17,2552.29,0.300537
18,8,18,2497.04,0.271067
18,8,19,2438.17,0.242541
18,8,20,2376.99,0.218078
18,8,21,2314.79,0.19943
18,8,22,2252.41,0.186566
18,8,23,2189.91,0.178459
18,8,24,2126.94,0.173835
18,8,25,2063.68,0.172019
18,8,26,2001.7,0.173197
18,8,27,1943.92,0.177562
18,8,28,1893.23,0.184745
18,8,29,1851.41,0.192402
18,8,30,1817.64,0.196891
18,8,31,1788.43,0.194263
18,8,32,1758.32,0.181945
18,8,33,1722.08,0.160036
18,8,34,1676.73,0.131475
18,8,35,1622.99,0.101205
18,8,36,1564.97,0.0740178
18,8,37,1508.67,0.0534067
18,8,38,1459.78,0.0407608
18,8,39,1421.47,0.0352816
18,8,40,1393.54,0.0347991
18,8,41,1373.46,0.0365499
18,8,42,1357.85,0.0380263
18,8,43,1343.83,0.0376533
18,8,44,1329.49,0.0347407
18,8,45,1313.88,0.0296829
18,8,46,1295.58,0.0234643
18,8,47,1272.92,0.0171668
18,8,48,1244.26,0.011663
18,8,49,1209.1,0.00738862
18,9,0,3014.55,0.296802
18,9,1,3181.03,0.32571
18,9,2,3268.57,0.33328
18,9,3,3289.57,0.322515
18,9,4,3258.01,0.300637
18,9,5,3188.8,0.275959
18,9,6,3097.87,0.255557
18,9,7,3001.1,0.243416
18,9,8,2911.26,0.241277
18,9,9,2835.14,0.248843
18,9,10,2773.18,0.26424
18,9,11,2721.18,0.283978
18,9,12,2675.91,0.304026
18,9,13,2634.11,0.319859
18,9,14,2594.02,0.327546
18,9,15,2554.53,0.325531
18,9,16,2513.93,0.314184
18,9,17,2470.8,0.295452
18,9,18,2424.41,0.272564
18,9,19,2375.35,0.249273
18,9,20,2324.86,0.22875
18,9,21,2273.4,0.212953
18,9,22,2220.34,0.201861
18,9,23,2164.11,0.194194
18,9,24,2103.51,0.188408
18,9,25,2039.04,0.183774
18,9,26,1973.62,0.180882
18,9,27,1912.13,0.180784
18,9,28,1859.31,0.184211
18,9,29,1818.07,0.189711
18,9,30,1787.85,0.194079
18,9,31,1764.53,0.193121
18,9,32,1741.67,0.183482
18,9,33,1712.93,0.164256
18,9,34,1674.49,0.137564
18,9,35,1626.58,0.108025
18,9,36,1573.07,0.0805592
18,9,37,1519.9,0.0590938
18,9,38,1472.81,0.0455462
18,9,39,1435.14,0.0394142
18,9,40,1406.92,0.0386287
18,9,41,1386,0.0403488
18,9,42,1369.43,0.0418907
18,9,43,1354.69,0.0415033
18,9,44,1340.11,0.038382
18,9,45,1324.71,0.0328817
18,9,46,1306.89,0.0260487
18,9,47,1284.59,0.0190614
18,9,48,1255.82,0.0129143
18,9,49,1219.85,0.00812993
18,10,0,3000.32,0.332176
18,10,1,3164.02,0.36378
18,10,2,3247.88,0.370947
18,10,3,3264.12,0.35686
18,10,4,3226.81,0.329478
18,10,5,3151.26,0.298048
18,10,6,3053.9,0.270467
18,10,7,2950.76,0.251193
18,10,8,2854.41,0.242166
18,10,9,2771.4,0.24311
18,10,10,2702.42,0.25229
18,10,11,2644.04,0.266684
18,10,12,2594.13,0.283131
18,10,13,2550.23,0.297982
18,10,14,2510.71,0.307689
18,10,15,2474,0.310316
18,10,16,2437.76,0.305138
18,10,17,2400.14,0.292668
18,10,18,2360.36,0.27511
18,10,19,2319.16,0.255831
18,10,20,2277.53,0.238204
18,10,21,2235.05,0.22455
18,10,22,2189.8,0.214984
18,10,23,2138.85,0.207967
18,10,24,2080.23,0.201501
18,10,25,2014.64,0.194425
18,10,26,1946,0.187341
18,10,27,1880.73,0.181888
18,10,28,1825.19,0.179899
18,10,29,1783.48,0.181118
18,10,30,1755.5,0.183274
18,10,31,1736.85,0.182462
18,10,32,1720.37,0.174912
18,10,33,1698.83,0.158821
18,10,34,1667.6,0.135314
18,10,35,1626.27,0.108304
18,10,36,1578.22,0.0824594
18,10,37,1529.05,0.0618543
18,10,38,1484.38,0.0488293
18,10,39,1447.66,0.0432153
18,10,40,1419.21,0.0431441
18,10,41,1397.4,0.0457659
18,10,42,1379.76,0.048211
18,10,43,1364.19,0.0484637
18,10,44,1349.23,0.0455145
18,10,45,1333.85,0.0396224
18,10,46,1316.27,0.0319138
18,10,47,1294.09,0.0237475
18,10,48,1265.04,0.0163535
18,10,49,1228.27,0.0104531
18,11,0,2983.87,0.36379
18,11,1,3147.06,0.399032
18,11,2,3229.89,0.407325
18,11,3,3244.55,0.391779
18,11,4,3205.47,0.360836
18,11,5,3128.45,0.324486
18,11,6,3030.12,0.291337
18,11,7,2926.06,0.266298
18,11,8,2827.84,0.251466
18,11,9,2741.17,0.246538
18,11,10,2666.63,0.249857
18,11,11,2601.64,0.258821
18,11,12,2545.23,0.271085
18,11,13,2495.96,0.283848
18,11,14,2452.66,0.294029
18,11,15,2413.78,0.299451
18,11,16,2376.89,0.298505
18,11,17,2340.13,0.290507
18,11,18,2302.94,0.276773
18,11,19,2266.11,0.26031
18,11,20,2230.28,0.244654
18,11,21,2194.2,0.232469
18,11,22,2154.85,0.224055
18,11,23,2108.28,0.21766
18,11,24,2051.97,0.210793
18,11,25,1986.57,0.201677
18,11,26,1916.55,0.190635
18,11,27,1849.24,0.179618
18,11,28,1792.16,0.171386
18,11,29,1750.32,0.16697
18,11,30,1724.19,0.165323
18,11,31,1709.35,0.163259
18,11,32,1698.28,0.157006
18,11,33,1683.12,0.144107
18,11,34,1658.62,0.124702
18,11,35,1623.73,0.101754
18,11,36,1581.25,0.0793731
18,11,37,1536.3,0.0614866
18,11,38,1494.29,0.0506916
18,11,39,1458.78,0.0471173
18,11,40,1430.44,0.0491187
18,11,41,1408.13,0.0538343
18,11,42,1389.91,0.0581471
18,11,43,1373.95,0.0596656
18,11,44,1358.93,0.0570957
18,11,45,1343.67,0.0505933
18,11,46,1326.13,0.0414482
18,11,47,1303.7,0.0313525
18,11,48,1273.96,0.021927
18,11,49,1236.05,0.0142134
18,12,0,2963.45,0.388422
18,12,1,3128.7,0.428597
18,12,2,3213.65,0.440167
18,12,3,3230.5,0.425659
18,12,4,3194.11,0.393496
18,12,5,3120.65,0.354085
18,12,6,3026.61,0.316674
18,12,7,2926.58,0.286778
18,12,8,2830.7,0.266846
18,12,9,2743.45,0.256688
18,12,10,2665.12,0.254704
18,12,11,2593.78,0.258538
18,12,12,2529.47,0.266375
18,12,13,2471.83,0.276024
18,12,14,2420.36,0.28488
18,12,15,2374.06,0.290777
18,12,16,2331.01,0.291657
18,12,17,2289.89,0.286104
18,12,18,2250.6,0.274785
18,12,19,2213.97,0.260301
18,12,20,2180.23,0.246125
18,12,21,2147.39,0.235012
18,12,22,2111.64,0.227357
18,12,23,2068.42,0.221263
18,12,24,2014.9,0.2139
18,12,25,1951.58,0.20297
18,12,26,1883.03,0.18847
18,12,27,1816.82,0.17246
18,12,28,1760.9,0.158335
18,12,29,1720.75,0.148219
18,12,30,1697.19,0.14227
18,12,31,1685.99,0.138211
18,12,32,1679.56,0.132606
18,12,33,1669.78,0.122666
18,12,34,1651.01,0.107737
18,12,35,1621.67,0.0897948
18,12,36,1584.01,0.0722235
18,12,37,1542.72,0.0585805
18,12,38,1503.02,0.0515229
18,12,39,1468.63,0.0513807
18,12,40,1440.62,0.056678
18,12,41,1418.37,0.0644957
18,12,42,1400.31,0.0714113
18,12,43,1384.81,0.0745929
18,12,44,1370.46,0.0724351
18,12,45,1355.77,0.0650252
18,12,46,1338.4,0.0539046
18,12,47,1315.53,0.0412281
18,12,48,1284.67,0.0291256
18,12,49,1245.15,0.019044
18,13,0,2939.3,0.405131
18,13,1,3108.41,0.451731
18,13,2,3197.84,0.468969
18,13,3,3219.78,0.458147
18,13,4,3189.38,0.427019
18,13,5,3123,0.386027
18,13,6,3036.78,0.345017
18,13,7,2944.18,0.310403
18,13,8,2853.74,0.285357
18,13,9,2768.63,0.270089
18,13,10,2688.55,0.263118
18,13,11,2611.91,0.262137
18,13,12,2539.36,0.265469
18,13,13,2471.46,0.271188
18,13,14,2408.59,0.277081
18,13,15,2350.71,0.281256
18,13,16,2296.97,0.281693
18,13,17,2247.05,0.276797
18,13,18,2201.5,0.266865
18,13,19,2161.2,0.254013
18,13,20,2125.93,0.241294
18,13,21,2093.13,0.231169
18,13,22,2058.54,0.223915
18,13,23,2017.47,0.217581
18,13,24,1967.08,0.209299
18,13,25,1907.79,0.196602
18,13,26,1843.87,0.179347
18,13,27,1782.49,0.159612
18,13,28,1731.28,0.141066
18,13,29,1695.53,0.126508
18,13,30,1676.18,0.116974
18,13,31,1669.19,0.111034
18,13,32,1667.13,0.105765
18,13,33,1661.95,0.0983784
18,13,34,1647.86,0.0877298
18,13,35,1622.9,0.0749743
18,13,36,1588.88,0.0627588
18,13,37,1550.19,0.0541482
18,13,38,1511.95,0.0516644
18,13,39,1478.13,0.0556975
18,13,40,1450.29,0.0648363
18,13,41,1428.31,0.0760596
18,13,42,1410.97,0.0856508
18,13,43,1396.71,0.0903903
18,13,44,1383.85,0.0884342
18,13,45,1370.46,0.079879
18,13,46,1353.75,0.0665684
18,13,47,1330.61,0.0511553
18,13,48,1298.53,0.0362821
18,13,49,1257.03,0.0237902
18,14,0,2914.04,0.415734
18,14,1,3087.37,0.470106
18,14,2,3182.03,0.495058
18,14,3,3210.06,0.490103
18,14,4,3186.79,0.461738
18,14,5,3128.69,0.4201
18,14,6,3051.5,0.375604
18,14,7,2967.65,0.335841
18,14,8,2884.25,0.305082
18,14,9,2803.13,0.284269
18,14,10,2723.2,0.272161
18,14,11,2642.74,0.266386
18,14,12,2562.64,0.265076
18,14,13,2484.12,0.26624
18,14,14,2408.52,0.267936
18,14,15,2337.09,0.268714
18,14,16,2270.4,0.266983
18,14,17,2209.31,0.261444
18,14,18,2155.1,0.252265
18,14,19,2108.6,0.240999
18,14,20,2069.14,0.229947
18,14,21,2033.75,0.220876
18,14,22,1998.14,0.213734
18,14,23,1957.94,0.2066
18,14,24,1910.7,0.196914
18,14,25,1856.86,0.182489
18,14,26,1800.14,0.163323
18,14,27,1746.81,0.141509
18,14,28,1703.47,0.120632
18,14,29,1674.71,0.10367
18,14,30,1661.25,0.0920685
18,14,31,1659.26,0.0850029
18,14,32,1661.68,0.0801059
18,14,33,1660.7,0.0748411
18,14,34,1650.55,0.0679022
18,14,35,1629.02,0.059877
18,14,36,1597.58,0.052774
18,14,37,1560.4,0.0491281
18,14,38,1522.62,0.0511563
18,14,39,1488.55,0.059163
18,14,40,1460.27,0.0717024
18,14,41,1438.24,0.085667
18,14,42,1421.59,0.0971793
18,14,43,1408.85,0.102833
18,14,44,1398.05,0.100725
18,14,45,1386.69,0.0910524
18,14,46,1371.37,0.0759287
18,14,47,1348.59,0.0583873
18,14,48,1315.65,0.0414282
18,14,49,1272.22,0.0271574
18,15,0,2891.33,0.42277
18,15,1,3067.77,0.485591
18,15,2,3166.63,0.519384
18,15,3,3199.77,0.521587
18,15,4,3182.65,0.497089
18,15,5,3131.81,0.455466
18,15,6,3062.77,0.407587
18,15,7,2987.19,0.3623
18,15,8,2910.95,0.325162
18,15,9,2834.64,0.298074
18,15,10,2756.2,0.280213
18,15,11,2673.44,0.269178
18,15,12,2587.16,0.262804
18,15,13,2499.05,0.258888
18,15,14,2411.4,0.25565
18,15,15,2326.83,0.25212
18,15,16,2247.41,0.247312
18,15,17,2175.2,0.240468
18,15,18,2112.01,0.231754
18,15,19,2058.5,0.222114
18,15,20,2013.52,0.212888
18,15,21,1973.87,0.204924
18,15,22,1935.59,0.197715
18,15,23,1895.09,0.189466
18,15,24,1850.65,0.178194
18,15,25,1802.89,0.162336
18,15,26,1754.84,0.142252
18,15,27,1711.49,0.120045
18,15,28,1677.96,0.0989448
18,15,29,1657.78,0.0816849
18,15,30,1651.27,0.069698
18,15,31,1654.83,0.0624843
18,15,32,1661.88,0.0581781
18,15,33,1665.01,0.05464
18,15,34,1658.51,0.0506495
18,15,35,1639.97,0.046479
18,15,36,1610.55,0.0436319
18,15,37,1574.24,0.044128
18,15,38,1536.21,0.0497568
18,15,39,1501.1,0.0606243
18,15,40,1471.53,0.0752011
18,15,41,1448.59,0.0903931
18,15,42,1431.95,0.102408
18,15,43,1420.31,0.107965
18,15,44,1411.57,0.105339
18,15,45,1402.65,0.09491
18,15,46,1389.47,0.0789358
18,15,47,1367.91,0.0605788
18,15,48,1334.9,0.0429108
18,15,49,1290.03,0.0280783
18,16,0,2874.26,0.42812
18,16,1,3051.85,0.498947
18,16,2,3152.73,0.541369
18,16,3,3188.71,0.550863
18,16,4,3175.35,0.530678
18,16,5,3129.42,0.489672
18,16,6,3066.33,0.438938
18,16,7,2997.24,0.388366
18,16,8,2927.06,0.344706
18,16,9,2855.26,0.31086
18,16,10,2778.79,0.286584
18,16,11,2694.84,0.269629
18,16,12,2604.01,0.257661
18,16,13,2508.23,0.248297
18,16,14,2410.66,0.239873
18,16,15,2315.15,0.231815
18,16,16,2225.14,0.223695
18,16,17,2143.63,0.215303
18,16,18,2072.73,0.206826
18,16,19,2012.73,0.198628
18,16,20,1962.04,0.191094
18,16,21,1917.43,0.184166
18,16,22,1875.57,0.176911
18,16,23,1833.99,0.16774
18,16,24,1791.89,0.155331
18,16,25,1750.19,0.138857
18,16,26,1711.13,0.119062
18,16,27,1678.24,0.0980011
18,16,28,1654.96,0.0783868
18,16,29,1643.6,0.0624642
18,16,30,1644.08,0.0513976
18,16,31,1653.11,0.0448125
18,16,32,1664.68,0.0412618
18,16,33,1671.84,0.0390494
18,16,34,1669,0.0371803
18,16,35,1653.54,0.0357911
18,16,36,1626.3,0.0359954
18,16,37,1590.99,0.0393347
18,16,38,1552.7,0.0471092
18,16,39,1516.24,0.0591737
18,16,40,1484.74,0.0739379
18,16,41,1459.97,0.0884852
18,16,42,1442.25,0.099396
18,16,43,1430.8,0.10384
18,16,44,1423.53,0.100489
18,16,45,1416.97,0.0899332
18,16,46,1406.36,0.0743995
18,16,47,1386.84,0.0568692
18,16,48,1354.69,0.0401595
18,16,49,1309.19,0.0262095
18,17,0,2864.93,0.431762
18,17,1,3041.65,0.508852
18,17,2,3142.17,0.558324
18,17,3,3178.39,0.57419
18,17,4,3166.09,0.558318
18,17,5,3122.32,0.518768
18,17,6,3062.56,0.466503
18,17,7,2997.61,0.411955
18,17,8,2931.62,0.362683
18,17,9,2863.13,0.322417
18,17,10,2788.31,0.291564
18,17,11,2703.74,0.268257
18,17,12,2609.84,0.250278
18,17,13,2508.63,0.235259
18,17,14,2403.92,0.221704
18,17,15,2300.53,0.20932
18,17,16,2202.89,0.198082
18,17,17,2114.64,0.188162
18,17,18,2037.9,0.179706
18,17,19,1972.54,0.172576
18,17,20,1916.59,0.166374
18,17,21,1867.05,0.160349
18,17,22,1821.44,0.153292
18,17,23,1778.52,0.143864
18,17,24,1738.49,0.131316
18,17,25,1702.47,0.11541
18,17,26,1671.88,0.0971215
18,17,27,1648.7,0.0783429
18,17,28,1634.73,0.061226
18,17,29,1631.14,0.047486
18,17,30,1637.55,0.0379664
18,17,31,1651.11,0.0323368
18,17,32,1666.5,0.0294983
18,17,33,1677.33,0.0281721
18,17,34,1678.18,0.0276235
18,17,35,1666.24,0.0279439
18,17,36,1641.94,0.0299384
18,17,37,1608.57,0.0347191
18,17,38,1570.85,0.043104
18,17,39,1533.57,0.0547108
18,17,40,1500.12,0.067964
18,17,41,1472.97,0.0802888
18,17,42,1453.26,0.0888654
18,17,43,1440.9,0.0915343
18,17,44,1434.18,0.0874885
18,17,45,1429.45,0.0775003
18,17,46,1421.36,0.0635959
18,17,47,1404.31,0.0483178
18,17,48,1373.76,0.0339719
18,17,49,1328.44,0.0221018
18,18,0,2864.03,0.433121
18,18,1,3038.6,0.513833
18,18,2,3137.05,0.56785
18,18,3,3171.52,0.588449
18,18,4,3158.1,0.576556
18,18,5,3114.16,0.539421
18,18,6,3055.31,0.487465
18,18,7,2992.07,0.431047
18,18,8,2928.08,0.377987
18,18,9,2861.27,0.332534
18,18,10,2787.26,0.295707
18,18,11,2702.25,0.266191
18,18,12,2606.51,0.242181
18,18,13,2502.01,0.221584
18,18,14,2392.92,0.203199
18,18,15,2284.6,0.186955
18,18,16,2182.13,0.173057
18,18,17,2089.41,0.161825
18,18,18,2008.41,0.153254
18,18,19,1938.61,0.146766
18,18,20,1877.94,0.141417
18,18,21,1823.87,0.136061
18,18,22,1774.88,0.129421
18,18,23,1730.91,0.120448
18,18,24,1692.96,0.108793
18,18,25,1662.18,0.0945568
18,18,26,1639.03,0.0787084
18,18,27,1624.01,0.0628538
18,18,28,1617.46,0.0486162
18,18,29,1619.62,0.0372529
18,18,30,1630.02,0.0293519
18,18,31,1646.37,0.0246276
18,18,32,1664.22,0.0222814
18,18,33,1677.89,0.0213993
18,18,34,1682.29,0.021486
18,18,35,1674.46,0.0226213
18,18,36,1654.37,0.0253571
18,18,37,1624.6,0.0304318
18,18,38,1589.2,0.0382412
18,18,39,1552.55,0.0482262
18,18,40,1518.09,0.0589145
18,18,41,1488.84,0.0681774
18,18,42,1466.77,0.0738912
18,18,43,1452.69,0.0746262
18,18,44,1445.48,0.0700922
18,18,45,1441.64,0.0611804
18,18,46,1435.48,0.04961
18,18,47,1420.72,0.0373564
18,18,48,1391.98,0.0261018
18,18,49,1347.26,0.0169161
18,19,0,2870.3,0.43158
18,19,1,3042.65,0.51311
18,19,2,3138.63,0.569007
18,19,3,3170.71,0.592543
18,19,4,3155.29,0.584166
18,19,5,3110.02,0.550344
18,19,6,3050.55,0.500629
18,19,7,2987.23,0.444751
18,19,8,2923.38,0.390287
18,19,9,2856.65,0.341642
18,19,10,2782.47,0.300286
18,19,11,2696.86,0.265471
18,19,12,2600.02,0.235975
18,19,13,2493.74,0.210185
18,19,14,2382.3,0.187374
18,19,15,2271.21,0.167735
18,19,16,2165.83,0.151641
18,19,17,2070.07,0.139379
18,19,18,1985.71,0.130665
18,19,19,1912.03,0.124506
18,19,20,1847.11,0.11959
18,19,21,1789.13,0.114627
18,19,22,1737.53,0.108462
18,19,23,1693.24,0.100365
18,19,24,1657.72,0.0902407
18,19,25,1631.84,0.0783112
18,19,26,1614.99,0.0653566
18,19,27,1606.29,0.0526087
18,19,28,1604.87,0.041221
18,19,29,1610.28,0.0320783
18,19,30,1622.12,0.0255847
18,19,31,1638.84,0.0215093
18,19,32,1657.06,0.0193143
18,19,33,1672.12,0.0184068
18,19,34,1679.48,0.018517
18,19,35,1676.18,0.0197468
18,19,36,1661.6,0.0224569
18,19,37,1637.39,0.0270795
18,19,38,1606.57,0.0336732
18,19,39,1572.73,0.0415664
18,19,40,1539.07,0.0494402
18,19,41,1508.91,0.0556174
18,19,42,1484.98,0.0586193
18,19,43,1468.95,0.0576543
18,19,44,1460.5,0.0528503
18,19,45,1456.55,0.045152
18,19,46,1451.34,0.0359591
18,19,47,1438.12,0.0267004
18,19,48,1410.77,0.0184728
18,19,49,1366.48,0.0119034
18,20,0,2880.9,0.427083
18,20,1,3052.04,0.507314
18,20,2,3146.4,0.563101
18,20,3,3176.74,0.588218
18,20,4,3159.73,0.582974
18,20,5,3113.16,0.553112
18,20,6,3052.66,0.507153
18,20,7,2988.42,0.453893
18,20,8,2923.63,0.400351
18,20,9,2855.91,0.350802
18,20,10,2780.79,0.306915
18,20,11,2694.29,0.268347
18,20,12,2596.6,0.234433
18,20,13,2489.29,0.204146
18,20,14,2376.62,0.177415
18,20,15,2263.99,0.154857
18,20,16,2156.78,0.137067
18,20,17,2058.77,0.124209
18,20,18,1971.6,0.115588
18,20,19,1894.53,0.109735
18,20,20,1826.01,0.105014
18,20,21,1765.06,0.100118
18,20,22,1711.98,0.0941465
18,20,23,1668.36,0.0867414
18,20,24,1635.74,0.0780263
18,20,25,1614.39,0.0682679
18,20,26,1602.62,0.058001
18,20,27,1598.34,0.0480657
18,20,28,1599.7,0.0391978
18,20,29,1605.76,0.0319496
18,20,30,1616.33,0.0265551
18,20,31,1630.69,0.0228154
18,20,32,1646.79,0.0204078
18,20,33,1661.32,0.0190369
18,20,34,1670.6,0.0186726
18,20,35,1671.86,0.0194928
18,20,36,1663.86,0.0217396
18,20,37,1647.08,0.0256053
18,20,38,1623.18,0.0308861
18,20,39,1594.66,0.0368318
18,20,40,1564.13,0.042265
18,20,41,1534.97,0.0458773
18,20,42,1510.38,0.0466856
18,20,43,1492.84,0.0443683
18,20,44,1482.82,0.0393447
18,20,45,1477.86,0.0325812
18,20,46,1472.44,0.0252296
18,20,47,1459.58,0.0182995
18,20,48,1432.58,0.0124391
18,20,49,1387.91,0.00792807
18,21,0,2892.76,0.419797
18,21,1,3064.35,0.497848
18,21,2,3158.76,0.5528
18,21,3,3188.94,0.579091
18,21,4,3171.69,0.576995
18,21,5,3124.85,0.551583
18,21,6,3063.93,0.510373
18,21,7,2998.96,0.461205
18,21,8,2933.1,0.410465
18,21,9,2864.05,0.362115
18,21,10,2787.54,0.317756
18,21,11,2699.77,0.27718
18,21,12,2601.02,0.240126
18,21,13,2492.75,0.206186
18,21,14,2379.24,0.176104
18,21,15,2265.69,0.151128
18,21,16,2157.36,0.132196
18,21,17,2057.85,0.119307
18,21,18,1968.62,0.111229
18,21,19,1889.06,0.10588
18,21,20,1818.08,0.101241
18,21,21,1755.44,0.0960145
18,21,22,1702.12,0.0896398
18,21,23,1660.03,0.0822231
18,21,24,1630.5,0.0741771
18,21,25,1613.02,0.0658675
18,21,26,1604.96,0.0576337
18,21,27,1603.21,0.0499548
18,21,28,1605.19,0.043175
18,21,29,1609.61,0.0374922
18,21,30,1616.46,0.0329168
18,21,31,1625.91,0.0292143
18,21,32,1637.36,0.0262182
18,21,33,1649.16,0.0239249
18,21,34,1658.87,0.0225936
18,21,35,1664.14,0.0225659
18,21,36,1663.17,0.024058
18,21,37,1655.11,0.0270904
18,21,38,1640.07,0.0312453
18,21,39,1619.17,0.035683
18,21,40,1594.16,0.0392964
18,21,41,1568.16,0.0410079
18,21,42,1544.57,0.0401498
18,21,43,1526.41,0.0367019
18,21,44,1514.93,0.0312749
18,21,45,1508.35,0.0248681
18,21,46,1501.63,0.018501
18,21,47,1487.78,0.0129315
18,21,48,1459.74,0.00852096
18,21,49,1413.41,0.00531129
18,22,0,2903.89,0.409822
18,22,1,3077.61,0.486034
18,22,2,3173.84,0.540713
18,22,3,3205.59,0.568795
18,22,4,3189.76,0.570419
18,22,5,3144.08,0.550018
18,22,6,3083.92,0.514271
18,22,7,3019.13,0.470241
18,22,8,2952.78,0.423758
18,22,9,2882.61,0.378363
18,22,10,2804.55,0.335315
18,22,11,2715.08,0.294265
18,22,12,2614.77,0.255165
18,22,13,2505.26,0.218259
18,22,14,2391.04,0.185254
18,22,15,2277.22,0.158248
18,22,16,2168.88,0.13864
18,22,17,2069.28,0.126262
18,22,18,1979.67,0.119215
18,22,19,1899.4,0.114659
18,22,20,1827.73,0.110081
18,22,21,1764.93,0.104159
18,22,22,1712.38,0.0967181
18,22,23,1672.1,0.0884113
18,22,24,1645.06,0.0800462
18,22,25,1630.1,0.0721901
18,22,26,1623.94,0.0650826
18,22,27,1622.8,0.058908
18,22,28,1623.58,0.0536481
18,22,29,1624.68,0.0491175
18,22,30,1626.16,0.0450305
18,22,31,1628.89,0.0410333
18,22,32,1633.71,0.0370492
18,22,33,1640.72,0.0333654
18,22,34,1649.05,0.0305914
18,22,35,1657.07,0.0293287
18,22,36,1662.61,0.0298544
18,22,37,1663.55,0.0320672
18,22,38,1658.34,0.0353436
18,22,39,1646.59,0.0387061
18,22,40,1628.96,0.0410226
18,22,41,1608,0.0413166
18,22,42,1587.04,0.0390949
18,22,43,1569.4,0.0345307
18,22,44,1556.91,0.0283741
18,22,45,1548.51,0.0216892
18,22,46,1539.72,0.0154677
18,22,47,1523.71,0.0103536
18,22,48,1493.26,0.00655074
18,22,49,1443.85,0.0039499
18,23,0,2912.49,0.397065
18,23,1,3089.67,0.472391
18,23,2,3189.2,0.527988
18,23,3,3224.1,0.558975
18,23,4,3211.24,0.565185
18,23,5,3168.28,0.550467
18,23,6,3110.35,0.520891
18,23,7,3047.06,0.482981
18,23,8,2981.26,0.442089
18,23,9,2910.56,0.401208
18,23,10,2831.05,0.360987
18,23,11,2739.58,0.320697
18,23,12,2637.22,0.28038
18,23,13,2526.27,0.241
18,23,14,2411.71,0.205354
18,23,15,2298.74,0.17656
18,23,16,2192.17,0.156544
18,23,17,2094.75,0.144975
18,23,18,2007.16,0.13921
18,23,19,1928.5,0.135581
18,23,20,1858.06,0.131019
18,23,21,1796.36,0.124169
18,23,22,1745.03,0.115266
18,23,23,1706.04,0.105542
18,23,24,1680.16,0.096241
18,23,25,1665.85,0.0881638
18,23,26,1659.55,0.0814922
18,23,27,1657.21,0.0761612
18,23,28,1655.43,0.0718292
18,23,29,1652.32,0.0679361
18,23,30,1647.8,0.063871
18,23,31,1643.11,0.0591066
18,23,32,1640.19,0.0536005
18,23,33,1640.84,0.0479245
18,23,34,1645.89,0.0430874
18,23,35,1654.76,0.040036
18,23,36,1665.24,0.0391881
18,23,37,1674.19,0.0403681
18,23,38,1678.52,0.0427456
18,23,39,1676.31,0.0451571
18,23,40,1666.95,0.0463652
18,23,41,1652.22,0.0454078
18,23,42,1635.12,0.0418877
18,23,43,1619.01,0.0361234
18,23,44,1606.17,0.0289798
18,23,45,1596.12,0.0215989
18,23,46,1584.9,0.0149914
18,23,47,1565.95,0.00975581
18,23,48,1532.02,0.00600903
18,23,49,1478.35,0.00354503
18,24,0,2917.11,0.381784
18,24,1,3098.43,0.456931
18,24,2,3202.15,0.514287
18,24,3,3241.24,0.548933
18,24,4,3232.58,0.560335
18,24,5,3193.65,0.551905
18,24,6,3139.38,0.529344
18,24,7,3079.03,0.498789
18,24,8,3015.02,0.465062
18,24,9,2944.71,0.430367
18,24,10,2864.2,0.394458
18,24,11,2770.83,0.35605
18,24,12,2666.46,0.315227
18,24,13,2554.41,0.273773
18,24,14,2440.53,0.235661
18,24,15,2330.23,0.205093
18,24,16,2227.9,0.184524
18,24,17,2135.43,0.173486
18,24,18,2052.52,0.168653
18,24,19,1977.68,0.16563
18,24,20,1909.95,0.160894
18,24,21,1849.97,0.153134
18,24,22,1799.56,0.142987
18,24,23,1760.78,0.132189
18,24,24,1734.34,0.122288
18,24,25,1718.63,0.114175
18,24,26,1710.2,0.107876
18,24,27,1705.03,0.103056
18,24,28,1699.68,0.0991047
18,24,29,1692.04,0.0951735
18,24,30,1681.68,0.0903976
18,24,31,1669.82,0.0841039
18,24,32,1659.01,0.0762776
18,24,33,1652.36,0.0677748
18,24,34,1652.34,0.0600301
18,24,35,1659.69,0.0543927
18,24,36,1672.62,0.0514826
18,24,37,1687.39,0.0510951
18,24,38,1699.68,0.0521955
18,24,39,1706.15,0.0534058
18,24,40,1704.84,0.0533414
18,24,41,1696.65,0.0510256
18,24,42,1684.03,0.0461386
18,24,43,1670.23,0.039139
18,24,44,1657.74,0.0309837
18,24,45,1646.51,0.0228595
18,24,46,1633.01,0.0157665
18,24,47,1610.89,0.0102488
18,24,48,1572.95,0.00634955
18,24,49,1514.34,0.00379677
18,25,0,2916.21,0.36475
18,25,1,3101.68,0.439502
18,25,2,3209.83,0.498328
18,25,3,3253.58,0.5363
18,25,4,3249.79,0.552709
18,25,5,3215.82,0.550799
18,25,6,3166.35,0.536114
18,25,7,3110.23,0.514413
18,25,8,3049.33,0.48975
18,25,9,2980.6,0.463185
18,25,10,2900.12,0.433272
18,25,11,2805.75,0.398032
18,25,12,2700.3,0.3576
18,25,13,2588.49,0.314642
18,25,14,2477.16,0.274307
18,25,15,2372,0.241844
18,25,16,2276.74,0.220197
18,25,17,2191.96,0.208841
18,25,18,2115.97,0.203977
18,25,19,2046.37,0.200782
18,25,20,1981.9,0.19553
18,25,21,1923.36,0.187101
18,25,22,1872.99,0.176508
18,25,23,1833.1,0.165807
18,25,24,1804.52,0.156574
18,25,25,1785.72,0.149491
18,25,26,1773.51,0.144193
18,25,27,1764.14,0.139975
18,25,28,1754.37,0.135991
18,25,29,1742.02,0.131238
18,25,30,1726.27,0.12477
18,25,31,1707.97,0.115904
18,25,32,1689.74,0.104728
18,25,33,1675.52,0.0924059
18,25,34,1669.09,0.080792
18,25,35,1672.61,0.0716406
18,25,36,1685.06,0.0657951
18,25,37,1702.68,0.0630583
18,25,38,1720.32,0.0622126
18,25,39,1733.47,0.061678
18,25,40,1738.97,0.0599323
18,25,41,1736.75,0.0560057
18,25,42,1728.63,0.0496762
18,25,43,1717.58,0.0415502
18,25,44,1706.14,0.0326376
18,25,45,1694.46,0.024091
18,25,46,1679.24,0.0168064
18,25,47,1654.24,0.0112041
18,25,48,1612.34,0.00722692
18,25,49,1548.73,0.00455302
18,26,0,2907.72,0.347162
18,26,1,3096.67,0.420173
18,26,2,3208.82,0.478783
18,26,3,3257.01,0.518397
18,26,4,3258.13,0.538569
18,26,5,3229.51,0.542754
18,26,6,3185.56,0.536487
18,26,7,3134.7,0.525008
18,26,8,3078.24,0.511253
18,26,9,3012.66,0.49475
18,26,10,2933.94,0.472607
18,26,11,2840.47,0.442065
18,26,12,2736.04,0.403326
18,26,13,2626.84,0.359891
18,26,14,2520.72,0.317945
18,26,15,2423.56,0.283609
18,26,16,2338.05,0.26024
18,26,17,2263.12,0.247394
18,26,18,2195.36,0.241173
18,26,19,2131.39,0.236777
18,26,20,2069.77,0.230651
18,26,21,2011.78,0.222046
18,26,22,1960.38,0.212295
18,26,23,1918.34,0.203508
18,26,24,1886.64,0.196934
18,26,25,1863.8,0.192665
18,26,26,1846.8,0.189643
18,26,27,1832.23,0.186616
18,26,28,1817.22,0.182492
18,26,29,1799.77,0.176245
18,26,30,1778.79,0.167065
18,26,31,1754.66,0.154478
18,26,32,1729.73,0.138833
18,26,33,1708.18,0.121653
18,26,34,1694.7,0.10519
18,26,35,1692.61,0.0915542
18,26,36,1701.89,0.0817973
18,26,37,1719.15,0.0757605
18,26,38,1738.96,0.072096
18,26,39,1756.05,0.0690807
18,26,40,1766.28,0.0651069
18,26,41,1768.74,0.0592605
18,26,42,1764.59,0.0514408
18,26,43,1756.45,0.0423963
18,26,44,1746.72,0.0331345
18,26,45,1735.52,0.024672
18,26,46,1719.51,0.0176814
18,26,47,1692.46,0.012367
18,26,48,1647.24,0.00852574
18,26,49,1579.16,0.00579332
18,27,0,2890.06,0.330604
18,27,1,3081.25,0.399856
18,27,2,3196.34,0.455682
18,27,3,3248.09,0.494333
18,27,4,3253.46,0.516192
18,27,5,3229.81,0.525299
18,27,6,3191.44,0.52726
18,27,7,3146.42,0.526593
18,27,8,3095.53,0.52479
18,27,9,3034.84,0.519599
18,27,10,2960.22,0.506594
18,27,11,2870.48,0.482245
18,27,12,2770.28,0.446813
18,27,13,2667.06,0.404439
18,27,14,2569.44,0.362049
18,27,15,2483.18,0.326331
18,27,16,2409.66,0.300937
18,27,17,2345.91,0.285671
18,27,18,2286.81,0.276963
18,27,19,2228.14,0.270535
18,27,20,2168.57,0.263391
18,27,21,2110.19,0.255307
18,27,22,2056.96,0.247851
18,27,23,2012.22,0.242922
18,27,24,1977.08,0.241122
18,27,25,1949.9,0.241626
18,27,26,1927.64,0.242412
18,27,27,1907.18,0.241492
18,27,28,1886.14,0.237458
18,27,29,1862.9,0.229333
18,27,30,1836.38,0.216639
18,27,31,1806.64,0.199353
18,27,32,1775.66,0.178293
18,27,33,1747.46,0.155427
18,27,34,1727.07,0.133359
18,27,35,1718.53,0.11446
18,27,36,1722.67,0.0999218
18,27,37,1736.76,0.0896415
18,27,38,1755.55,0.0822252
18,27,39,1773.53,0.0759143
18,27,40,1785.97,0.0691113
18,27,41,1791.38,0.0610232
18,27,42,1790.35,0.0516821
18,27,43,1785.1,0.0419449
18,27,44,1777.7,0.032747
18,27,45,1767.98,0.024867
18,27,46,1752.34,0.0186415
18,27,47,1724.33,0.0139738
18,27,48,1676.76,0.0104697
18,27,49,1605.04,0.00772468
18,28,0,2862.81,0.31646
18,28,1,3054.5,0.38004
18,28,2,3170.89,0.430544
18,28,3,3224.65,0.465548
18,28,4,3232.88,0.486742
18,28,5,3213.1,0.499028
18,28,6,3179.61,0.508085
18,28,7,3140.35,0.51755
18,28,8,3095.75,0.527335
18,28,9,3041.57,0.533412
18,28,10,2973.56,0.529973
18,28,11,2890.82,0.512834
18,28,12,2798.56,0.482283
18,28,13,2705.06,0.442795
18,28,14,2619.26,0.401614
18,28,15,2546.41,0.365612
18,28,16,2486.47,0.338588
18,28,17,2434.6,0.320708
18,28,18,2384.24,0.309106
18,28,19,2330.64,0.300427
18,28,20,2272.78,0.292529
18,28,21,2213.76,0.285785
18,28,22,2158.56,0.281894
18,28,23,2111.11,0.282339
18,28,24,2072.57,0.286879
18,28,25,2041.05,0.293621
18,28,26,2013.39,0.299456
18,28,27,1986.65,0.301548
18,28,28,1958.92,0.298093
18,28,29,1929.15,0.288143
18,28,30,1896.55,0.271654
18,28,31,1861.19,0.249226
18,28,32,1824.75,0.222327
18,28,33,1790.91,0.19344
18,28,34,1764.48,0.165462
18,28,35,1749.64,0.14089
18,28,36,1747.69,0.120954
18,28,37,1756.57,0.105612
18,28,38,1771.6,0.0935381
18,28,39,1787.59,0.0830903
18,28,40,1799.71,0.0728167
18,28,41,1806.24,0.0621219
18,28,42,1807.35,0.051167
18,28,43,1804.84,0.0408609
18,28,44,1800.31,0.0319973
18,28,45,1793.04,0.0250379
18,28,46,1778.91,0.0199029
18,28,47,1751.06,0.0161349
18,28,48,1702.15,0.0131104
18,28,49,1627.63,0.0103755
18,29,0,2827.45,0.305391
18,29,1,3017.73,0.362327
18,29,2,3133.53,0.406024
18,29,3,3187.41,0.435618
18,29,4,3196.59,0.454299
18,29,5,3178.87,0.467878
18,29,6,3148.75,0.482039
18,29,7,3114.28,0.499502
18,29,8,3075.82,0.518749
18,29,9,3029.03,0.534344
18,29,10,2969.61,0.539519
18,29,11,2896.77,0.529685
18,29,12,2815.91,0.505119
18,29,13,2735.51,0.470265
18,29,14,2664.27,0.432205
18,29,15,2606.64,0.397587
18,29,16,2561.14,0.370157
18,29,17,2521.45,0.350471
18,29,18,2480.03,0.336569
18,29,19,2431.92,0.326238
18,29,20,2376.53,0.318313
18,29,21,2317.78,0.313719
18,29,22,2261.42,0.314169
18,29,23,2211.8,0.320601
18,29,24,2170.12,0.331913
18,29,25,2134.33,0.345233
18,29,26,2101.21,0.356487
18,29,27,2068.03,0.362062
18,29,28,2033.36,0.359725
18,29,29,1996.68,0.348476
18,29,30,1957.72,0.328643
18,29,31,1916.82,0.301464
18,29,32,1875.6,0.269116
18,29,33,1837.31,0.234606
18,29,34,1806.17,0.201039
18,29,35,1785.9,0.170892
18,29,36,1777.8,0.145317
18,29,37,1780.35,0.124332
18,29,38,1789.69,0.106819
18,29,39,1801.41,0.0914453
18,29,40,1811.09,0.0770801
18,29,41,1817.19,0.0634175
18,29,42,1819.67,0.0507329
18,29,43,1819.9,0.039909
18,29,44,1818.84,0.0315207
18,29,45,1814.96,0.0256548
18,29,46,1803.37,0.0217701
18,29,47,1776.61,0.0190234
18,29,48,1727.07,0.0165386
18,29,49,1650.24,0.0137978
18,30,0,2787.17,0.297499
18,30,1,2974.35,0.348179
18,30,2,3087.84,0.385176
18,30,3,3140.03,0.409055
18,30,4,3148.19,0.42433
18,30,5,3130.38,0.437532
18,30,6,3101.45,0.454237
18,30,7,3069.82,0.476379
18,30,8,3036.18,0.501457
18,30,9,2996.44,0.523287
18,30,10,2946.38,0.534778
18,30,11,2885.18,0.531289
18,30,12,2818.03,0.513052
18,30,13,2752.96,0.484151
18,30,14,2697.91,0.451054
18,30,15,2656.27,0.419799
18,30,16,2625.36,0.393842
18,30,17,2597.9,0.374012
18,30,18,2565.95,0.359251
18,30,19,2524.61,0.348481
18,30,20,2473.61,0.341468
18,30,21,2417.28,0.339562
18,30,22,2361.57,0.344357
18,30,23,2310.89,0.35621
18,30,24,2266.46,0.373296
18,30,25,2226.36,0.392079
18,30,26,2187.66,0.407896
18,30,27,2148.08,0.416657
18,30,28,2106.7,0.415803
18,30,29,2063.51,0.40418
18,30,30,2018.72,0.382277
18,30,31,1973.07,0.351778
18,30,32,1928.22,0.315424
18,30,33,1886.99,0.276628
18,30,34,1852.75,0.238567
18,30,35,1828.35,0.20355
18,30,36,1814.67,0.172541
18,30,37,1810.58,0.14564
18,30,38,1813.16,0.122104
18,30,39,1819.14,0.101147
18,30,40,1824.97,0.0821693
18,30,41,1829.64,0.0652707
18,30,42,1833.12,0.0508275
18,30,43,1836.33,0.0396039
18,30,44,1839.41,0.0318592
18,30,45,1839.79,0.0272435
18,30,46,1831.55,0.0247175
18,30,47,1806.45,0.0230411
18,30,48,1756.51,0.0210759
18,30,49,1677.23,0.0182343
18,31,0,2745.72,0.292368
18,31,1,2928.94,0.338468
18,31,2,3039.25,0.370442
18,31,3,3088.69,0.38984
18,31,4,3094.46,0.401995
18,31,5,3074.69,0.413748
18,31,6,3044.57,0.430413
18,31,7,3013.1,0.453382
18,31,8,2981.77,0.479803
18,31,9,2947.19,0.503601
18,31,10,2905.5,0.518122
18,31,11,2855.85,0.519098
18,31,12,2802.88,0.506733
18,31,13,2753.68,0.484507
18,31,14,2714.96,0.457888
18,31,15,2688.93,0.43195
18,31,16,2672.04,0.409565
18,31,17,2656.66,0.391594
18,31,18,2634.91,0.377688
18,31,19,2602.2,0.367746
18,31,20,2558.34,0.362318
18,31,21,2507.44,0.363031
18,31,22,2454.96,0.371252
18,31,23,2404.86,0.386802
18,31,24,2358.31,0.407363
18,31,25,2313.85,0.429188
18,31,26,2269.37,0.447573
18,31,27,2223.5,0.458433
18,31,28,2176.01,0.459114
18,31,29,2127.41,0.448246
18,31,30,2078.25,0.426185
18,31,31,2029.55,0.394705
18,31,32,1982.93,0.356782
18,31,33,1940.71,0.315967
18,31,34,1905.27,0.275312
18,31,35,1878.35,0.236805
18,31,36,1860.22,0.201132
18,31,37,1849.96,0.168506
18,31,38,1845.62,0.138738
18,31,39,1845.31,0.111827
18,31,40,1846.66,0.087943
18,31,41,1849.56,0.0677286
18,31,42,1854.14,0.0516743
18,31,43,1860.9,0.0403447
18,31,44,1868.97,0.0335725
18,31,45,1874.44,0.0304857
18,31,46,1870.11,0.0294872
18,31,47,1846.82,0.0289152
18,31,48,1796.1,0.0273631
18,31,49,1713.48,0.0241936
18,32,0,2706.35,0.28909
18,32,1,2885.95,0.333054
18,32,2,2993.46,0.362757
18,32,3,3040.46,0.380103
18,32,4,3043.71,0.390532
18,32,5,3021.13,0.400634
18,32,6,2987.95,0.415236
18,32,7,2953.86,0.435445
18,32,8,2921.48,0.45874
18,32,9,2888.72,0.480049
18,32,10,2852.59,0.493937
18,32,11,2812.35,0.496974
18,32,12,2771.99,0.489411
18,32,13,2737.34,0.473968
18,32,14,2713.6,0.454812
18,32,15,2701.75,0.435729
18,32,16,2697.66,0.41868
18,32,17,2693.81,0.40424
18,32,18,2682.8,0.392492
18,32,19,2660.45,0.384089
18,32,20,2626.42,0.380227
18,32,21,2584.02,0.382711
18,32,22,2537.51,0.392644
18,32,23,2489.88,0.4094
18,32,24,2442.04,0.430428
18,32,25,2393.26,0.452214
18,32,26,2342.76,0.470565
18,32,27,2290.63,0.48193
18,32,28,2237.77,0.483874
18,32,29,2185.29,0.47483
18,32,30,2133.97,0.454768
18,32,31,2084.85,0.42517
18,32,32,2039.22,0.388816
18,32,33,1998.66,0.349022
18,32,34,1964.43,0.30843
18,32,35,1937.08,0.268513
18,32,36,1916.16,0.22958
18,32,37,1900.9,0.191977
18,32,38,1890.28,0.156217
18,32,39,1883.91,0.12332
18,32,40,1880.87,0.0944686
18,32,41,1882.19,0.0710201
18,32,42,1888.35,0.0536449
18,32,43,1899.41,0.0426663
18,32,44,1913.29,0.037381
18,32,45,1924.49,0.0362741
18,32,46,1924.31,0.0370837
18,32,47,1902.51,0.0376601
18,32,48,1850.09,0.0363146
18,32,49,1762.62,0.0324101
18,33,0,2671.16,0.286767
18,33,1,2848.68,0.331132
18,33,2,2955.15,0.361635
18,33,3,3001.46,0.379911
18,33,4,3003.61,0.390774
18,33,5,2978.82,0.399942
18,33,6,2941.98,0.411466
18,33,7,2903.23,0.426332
18,33,8,2866.53,0.442897
18,33,9,2831.62,0.457861
18,33,10,2796.9,0.467692
18,33,11,2762.25,0.470246
18,33,12,2731.17,0.465952
18,33,13,2708.14,0.456721
18,33,14,2696.76,0.445211
18,33,15,2696.73,0.433652
18,33,16,2703.51,0.422796
18,33,17,2709.99,0.412635
18,33,18,2709.49,0.403411
18,33,19,2698.31,0.396361
18,33,20,2675.81,0.393247
18,33,21,2644.13,0.396059
18,33,22,2605.81,0.405671
18,33,23,2562.39,0.421133
18,33,24,2514.3,0.439865
18,33,25,2461.52,0.458896
18,33,26,2404.95,0.474938
18,33,27,2346.63,0.485377
18,33,28,2289.09,0.488287
18,33,29,2234.33,0.482021
18,33,30,2183.41,0.466065
18,33,31,2137.13,0.44135
18,33,32,2096.02,0.410058
18,33,33,2060.58,0.374846
18,33,34,2030.69,0.337556
18,33,35,2005.63,0.298867
18,33,36,1984.21,0.258565
18,33,37,1965.71,0.217109
18,33,38,1950.03,0.175836
18,33,39,1938.4,0.137013
18,33,40,1931.47,0.103097
18,33,41,1931.67,0.0763896
18,33,42,1939.97,0.0578873
18,33,43,1955.98,0.0476931
18,33,44,1976.24,0.0444737
18,33,45,1993.46,0.0459074
18,33,46,1997.26,0.048889
18,33,47,1976.22,0.0506453
18,33,48,1920.81,0.0491652
18,33,49,1826.6,0.0438868
18,34,0,2641.26,0.285362
18,34,1,2819.09,0.332299
18,34,2,2927.22,0.366376
18,34,3,2975.68,0.388506
18,34,4,2979.43,0.402278
18,34,5,2954.52,0.411974
18,34,6,2915.04,0.420525
18,34,7,2871.12,0.428801
18,34,8,2827.97,0.436349
18,34,9,2787.33,0.442142
18,34,10,2749.55,0.445055
18,34,11,2715.72,0.444604
18,34,12,2689.31,0.441576
18,34,13,2673.74,0.437111
18,34,14,2671.02,0.432293
18,34,15,2679.6,0.427646
18,34,16,2694.5,0.42254
18,34,17,2709.09,0.416201
18,34,18,2717.59,0.40887
18,34,19,2716.84,0.402267
18,34,20,2705.89,0.398706
18,34,21,2685.59,0.400427
18,34,22,2656.54,0.408165
18,34,23,2618.57,0.42075
18,34,24,2571.32,0.435673
18,34,25,2515.34,0.450597
18,34,26,2453.21,0.463257
18,34,27,2389.17,0.472126
18,34,28,2327.78,0.47598
18,34,29,2272.4,0.473294
18,34,30,2224.55,0.463198
18,34,31,2184.66,0.44604
18,34,32,2152.13,0.423168
18,34,33,2125.89,0.396171
18,34,34,2104.12,0.365641
18,34,35,2084.66,0.331074
18,34,36,2065.51,0.291499
18,34,37,2045.99,0.247406
18,34,38,2026.91,0.201021
18,34,39,2011.15,0.156083
18,34,40,2001.14,0.11661
18,34,41,2000.78,0.0861401
18,34,42,2011.67,0.0662283
18,34,43,2032.97,0.0568536
18,34,44,2059.71,0.0559955
18,34,45,2082.69,0.0603408
18,34,46,2089.81,0.0657195
18,34,47,2068.46,0.0685519
18,34,48,2008.51,0.0664446
18,34,49,1905.53,0.0589928
18,35,0,2618.31,0.285416
18,35,1,2798.96,0.336511
18,35,2,2911.55,0.376299
18,35,3,2965.18,0.404731
18,35,4,2973.6,0.423795
18,35,5,2951.44,0.435913
18,35,6,2911.52,0.442561
18,35,7,2863.54,0.444346
18,35,8,2813.45,0.44205
18,35,9,2764.84,0.437099
18,35,10,2720.28,0.431012
18,35,11,2682.58,0.425193
18,35,12,2655.87,0.420968
18,35,13,2642.99,0.418839
18,35,14,2644.64,0.418434
18,35,15,2657.99,0.418638
18,35,16,2677.53,0.417491
18,35,17,2697.04,0.41347
18,35,18,2711.62,0.406765
18,35,19,2718.77,0.399529
18,35,20,2717.45,0.394602
18,35,21,2707.34,0.394525
18,35,22,2687.2,0.399981
18,35,23,2655.13,0.409635
18,35,24,2609.79,0.421033
18,35,25,2552,0.432341
18,35,26,2485.73,0.442149
18,35,27,2417.3,0.44992
18,35,28,2353.53,0.455188
18,35,29,2299.47,0.456805
18,35,30,2257.39,0.453871
18,35,31,2227.37,0.446361
18,35,32,2207.4,0.434735
18,35,33,2194.45,0.419197
18,35,34,2184.65,0.398622
18,35,35,2174.2,0.370868
18,35,36,2160.24,0.333911
18,35,37,2142.13,0.288137
18,35,38,2121.61,0.236678
18,35,39,2103.19,0.184953
18,35,40,2091.16,0.138836
18,35,41,2090.94,0.103435
18,35,42,2104.8,0.0811596
18,35,43,2131.4,0.0720175
18,35,44,2164.27,0.0732905
18,35,45,2192.32,0.0805047
18,35,46,2201.73,0.0881976
18,35,47,2178.77,0.0917834
18,35,48,2112.71,0.0884094
18,35,49,1999.03,0.0778913
18,36,0,2605.07,0.288222
18,36,1,2790.49,0.344558
18,36,2,2909.62,0.391481
18,36,3,2970.67,0.427937
18,36,4,2986.19,0.454169
18,36,5,2969.32,0.470519
18,36,6,2931.41,0.476768
18,36,7,2881.29,0.473062
18,36,8,2825.11,0.461256
18,36,9,2767.83,0.445105
18,36,10,2714.06,0.428731
18,36,11,2668.71,0.415462
18,36,12,2637.1,0.407287
18,36,13,2622.2,0.40427
18,36,14,2623.76,0.404886
18,36,15,2637.83,0.406707
18,36,16,2658.2,0.406767
18,36,17,2678.82,0.40302
18,36,18,2695.63,0.395656
18,36,19,2706.87,0.387197
18,36,20,2711.7,0.380903
18,36,21,2709.02,0.379579
18,36,22,2696.15,0.383875
18,36,23,2669.66,0.392283
18,36,24,2627.24,0.402281
18,36,25,2569.65,0.412231
18,36,26,2501.76,0.421222
18,36,27,2431.6,0.429418
18,36,28,2367.99,0.437075
18,36,29,2317.81,0.443686
18,36,30,2284.23,0.448753
18,36,31,2267.05,0.452217
18,36,32,2262.77,0.453747
18,36,33,2266.21,0.451964
18,36,34,2271.27,0.443643
18,36,35,2272.48,0.424597
18,36,36,2266.19,0.391456
18,36,37,2251.81,0.344342
18,36,38,2232.02,0.287282
18,36,39,2212.89,0.227524
18,36,40,2200.49,0.173069
18,36,41,2201.61,0.130913
18,36,42,2219.17,0.104633
18,36,43,2251.28,0.0944542
18,36,44,2290.01,0.0970008
18,36,45,2322.47,0.106522
18,36,46,2333.25,0.116076
18,36,47,2307.56,0.119893
18,36,48,2234.05,0.114577
18,36,49,2107.98,0.100179
18,37,0,2604.66,0.295113
18,37,1,2795.73,0.357428
18,37,2,2922.12,0.412248
18,37,3,2991.32,0.45756
18,37,4,3014.85,0.491926
18,37,5,3004.48,0.513631
18,37,6,2970.14,0.520746
18,37,7,2919.55,0.512833
18,37,8,2858.61,0.492569
18,37,9,2793.04,0.465683
18,37,10,2729.09,0.438585
18,37,11,2673.7,0.416339
18,37,12,2633.8,0.401636
18,37,13,2613,0.394332
18,37,14,2610.62,0.392208
18,37,15,2621.79,0.392066
18,37,16,2639.5,0.390473
18,37,17,2657.67,0.385211
18,37,18,2672.79,0.376543
18,37,19,2683.91,0.367209
18,37,20,2690.67,0.360668
18,37,21,2691.75,0.359828
18,37,22,2683.61,0.365268
18,37,23,2661.79,0.375264
18,37,24,2623.15,0.387074
18,37,25,2568.23,0.398917
18,37,26,2502.29,0.409969
18,37,27,2434.39,0.420743
18,37,28,2374.78,0.432124
18,37,29,2331.78,0.444445
18,37,30,2309.41,0.457981
18,37,31,2307.21,0.472951
18,37,32,2320.27,0.488367
18,37,33,2341.4,0.501191
18,37,34,2362.45,0.505908
18,37,35,2376.52,0.496078
18,37,36,2379.34,0.466852
18,37,37,2370.57,0.418022
18,37,38,2353.73,0.354482
18,37,39,2336.28,0.285365
18,37,40,2325.81,0.220916
18,37,41,2330.26,0.1702
18,37,42,2353.01,0.138168
18,37,43,2391.56,0.125422
18,37,44,2436.55,0.128006
18,37,45,2473.41,0.138876
18,37,46,2485.3,0.149534
18,37,47,2456.41,0.152909
18,37,48,2374.72,0.144985
18,37,49,2235.05,0.126
18,38,0,2619.52,0.307653
18,38,1,2815.87,0.376511
18,38,2,2948.69,0.439349
18,38,3,3025.07,0.493259
18,38,4,3055.74,0.535362
18,38,5,3051.37,0.562237
18,38,6,3020.65,0.570562
18,38,7,2970.21,0.559408
18,38,8,2905.46,0.532048
18,38,9,2832.35,0.495656
18,38,10,2758.34,0.458356
18,38,11,2692.02,0.426527
18,38,12,2642,0.403471
18,38,13,2612.83,0.389065
18,38,14,2603.83,0.380921
18,38,15,2609.5,0.375739
18,38,16,2622.1,0.370237
18,38,17,2635.24,0.362423
18,38,18,2645.74,0.352669
18,38,19,2653.26,0.343721
18,38,20,2658.16,0.338935
18,38,21,2659.38,0.341089
18,38,22,2653.28,0.350596
18,38,23,2635,0.36548
18,38,24,2600.94,0.382644
18,38,25,2551.4,0.399881
18,38,26,2491.58,0.41611
18,38,27,2430.81,0.431882
18,38,28,2379.89,0.448571
18,38,29,2347.82,0.467413
18,38,30,2339.02,0.489631
18,38,31,2352.69,0.515852
18,38,32,2382.82,0.544517
18,38,33,2420.62,0.570989
18,38,34,2456.51,0.587552
18,38,35,2482.71,0.585671
18,38,36,2494.79,0.559174
18,38,37,2492.77,0.50762
18,38,38,2480.97,0.436747
18,38,39,2467.93,0.357444
18,38,40,2462.35,0.282074
18,38,41,2472.98,0.221701
18,38,42,2503.42,0.182697
18,38,43,2550.39,0.166148
18,38,44,2603.07,0.167651
18,38,45,2645.34,0.178971
18,38,46,2659.04,0.190066
18,38,47,2627.51,0.192483
18,38,48,2537.94,0.181452
18,38,49,2384.34,0.157254
18,39,0,2650.84,0.326641
18,39,1,2851.05,0.402333
18,39,2,2988.23,0.472556
18,39,3,3069.41,0.533561
18,39,4,3104.85,0.581444
18,39,5,3104.44,0.611765
18,39,6,3075.88,0.620497
18,39,7,3024.94,0.606557
18,39,8,2956.49,0.573632
18,39,9,2876.53,0.529682
18,39,10,2793.27,0.48374
18,39,11,2716.58,0.44289
18,39,12,2656.42,0.410849
18,39,13,2618.25,0.387733
18,39,14,2601.61,0.371518
18,39,15,2600.65,0.359461
18,39,16,2607.05,0.349008
18,39,17,2614.08,0.338707
18,39,18,2618.57,0.329017
18,39,19,2620.55,0.322435
18,39,20,2621.06,0.321907
18,39,21,2619.68,0.32984
18,39,22,2613.32,0.346389
18,39,23,2597.5,0.36933
18,39,24,2568.67,0.395163
18,39,25,2527.01,0.421091
18,39,26,2477.37,0.445547
18,39,27,2428.61,0.468834
18,39,28,2391.08,0.492587
18,39,29,2373.51,0.518774
18,39,30,2380,0.549437
18,39,31,2409.18,0.585527
18,39,32,2454.27,0.624969
18,39,33,2505.66,0.661783
18,39,34,2553.22,0.686561
18,39,35,2589.11,0.689305
18,39,36,2609.25,0.663073
18,39,37,2614.26,0.607491
18,39,38,2609.16,0.529086
18,39,39,2603.18,0.440127
18,39,40,2605.71,0.354581
18,39,41,2625.88,0.285083
18,39,42,2667.09,0.239217
18,39,43,2725.08,0.21858
18,39,44,2787.5,0.218514
18,39,45,2836.75,0.229829
18,39,46,2853.69,0.241062
18,39,47,2820.96,0.242297
18,39,48,2724.95,0.227802
18,39,49,2558.37,0.197662
18,40,0,2696.39,0.352114
18,40,1,2898.65,0.434578
18,40,2,3037.63,0.510833
18,40,3,3120.63,0.576353
18,40,4,3157.73,0.626782
18,40,5,3158.31,0.657604
18,40,6,3129.45,0.665033
18,40,7,3076.36,0.648334
18,40,8,3003.61,0.611441
18,40,9,2917.29,0.562356
18,40,10,2826.15,0.510096
18,40,11,2740.88,0.461751
18,40,12,2672.32,0.421226
18,40,13,2626.47,0.389073
18,40,14,2602.92,0.364103
18,40,15,2595.75,0.344676
18,40,16,2596.27,0.32937
18,40,17,2597.51,0.317468
18,40,18,2596.19,0.309457
18,40,19,2592.42,0.307378
18,40,20,2587.71,0.313538
18,40,21,2582.4,0.329791
18,40,22,2574.47,0.355968
18,40,23,2560.41,0.389646
18,40,24,2537.29,0.42696
18,40,25,2505.38,0.464505
18,40,26,2469.01,0.500108
18,40,27,2436.08,0.533575
18,40,28,2415.61,0.566436
18,40,29,2415.1,0.600951
18,40,30,2437.55,0.639543
18,40,31,2480.74,0.683188
18,40,32,2537.45,0.729325
18,40,33,2598,0.771114
18,40,34,2652.75,0.79835
18,40,35,2694.66,0.80065
18,40,36,2720.57,0.771213
18,40,37,2731.92,0.710219
18,40,38,2734.3,0.624905
18,40,39,2737.34,0.528307
18,40,40,2750.63,0.435149
18,40,41,2783.22,0.358878
18,40,42,2837.91,0.307848
18,40,43,2909.07,0.284111
18,40,44,2982.78,0.282978
18,40,45,3040.25,0.294635
18,40,46,3061.75,0.306367
18,40,47,3029.72,0.306679
18,40,48,2929.76,0.288566
18,40,49,2752.81,0.25159
18,41,0,2754.28,0.383253
18,41,1,2956.97,0.472124
18,41,2,3095.45,0.552639
18,41,3,3177.49,0.619596
18,41,4,3213.17,0.668821
18,41,5,3211.67,0.696753
18,41,6,3179.77,0.700845
18,41,7,3122.54,0.681227
18,41,8,3044.62,0.641904
18,41,9,2952.44,0.590185
18,41,10,2855.27,0.534186
18,41,11,2764.24,0.480364
18,41,12,2690.46,0.43264
18,41,13,2639.79,0.392188
18,41,14,2611.59,0.359005
18,41,15,2599.8,0.332904
18,41,16,2595.74,0.313773
18,41,17,2592.43,0.301669
18,41,18,2586.47,0.297044
18,41,19,2577.89,0.301388
18,41,20,2568.48,0.316287
18,41,21,2559.28,0.342985
18,41,22,2549.54,0.380966
18,41,23,2537.1,0.427697
18,41,24,2519.97,0.479036
18,41,25,2498.78,0.531028
18,41,26,2477.35,0.580824
18,41,27,2462.3,0.627457
18,41,28,2460.81,0.671836
18,41,29,2478.44,0.71583
18,41,30,2516.48,0.761563
18,41,31,2571.56,0.809621
18,41,32,2636.2,0.857046
18,41,33,2701.37,0.89685
18,41,34,2758.68,0.919247
18,41,35,2802.68,0.914858
18,41,36,2831.58,0.878152
18,41,37,2847.82,0.810443
18,41,38,2857.53,0.719541
18,41,39,2870.43,0.618497
18,41,40,2895.94,0.521716
18,41,41,2942.53,0.442503
18,41,42,3011.87,0.389364
18,41,43,3096.69,0.364673
18,41,44,3181.55,0.363913
18,41,45,3246.9,0.376982
18,41,46,3273.19,0.390067
18,41,47,3243.2,0.389944
18,41,48,3142.07,0.367972
18,41,49,2958.51,0.322864
18,42,0,2820.67,0.417312
18,42,1,3022.78,0.511905
18,42,2,3159.17,0.594875
18,42,3,3238.2,0.660467
18,42,4,3270.09,0.705245
18,42,5,3263.99,0.727449
18,42,6,3226.75,0.726557
18,42,7,3163.7,0.703937
18,42,8,3080.04,0.663491
18,42,9,2982.84,0.611254
18,42,10,2881.98,0.553787
18,42,11,2788.69,0.496496
18,42,12,2713.72,0.443243
18,42,13,2662.04,0.395978
18,42,14,2632.29,0.356073
18,42,15,2618.16,0.324892
18,42,16,2611.18,0.303569
18,42,17,2604.72,0.292837
18,42,18,2595.44,0.293074
18,42,19,2583.35,0.305245
18,42,20,2570.39,0.330295
18,42,21,2558.2,0.368935
18,42,22,2547.24,0.420345
18,42,23,2536.72,0.481966
18,42,24,2525.71,0.549465
18,42,25,2515.29,0.618427
18,42,26,2508.81,0.685274
18,42,27,2511.62,0.747979
18,42,28,2528.95,0.806252
18,42,29,2564.08,0.860791
18,42,30,2616.33,0.912664
18,42,31,2680.98,0.96166
18,42,32,2750.44,1.0046
18,42,33,2816.67,1.0352
18,42,34,2873,1.0454
18,42,35,2915.95,1.02821
18,42,36,2945.33,0.980472
18,42,37,2964.69,0.905115
18,42,38,2980.63,0.810332
18,42,39,3002.85,0.708435
18,42,40,3040.22,0.612471
18,42,41,3100.23,0.534675
18,42,42,3183.02,0.483083
18,42,43,3279.52,0.460197
18,42,44,3373.04,0.461785
18,42,45,3444,0.477686
18,42,46,3473.78,0.493081
18,42,47,3446.2,0.492879
18,42,48,3346.2,0.466516
18,42,49,3160.17,0.411639
18,43,0,2889.81,0.449241
18,43,1,3090.87,0.548508
18,43,2,3224.4,0.632435
18,43,3,3299.34,0.694821
18,43,4,3326.09,0.73327
18,43,5,3313.96,0.748242
18,43,6,3270.1,0.74159
18,43,7,3200.48,0.716054
18,43,8,3111.24,0.675317
18,43,9,3010.43,0.623888
18,43,10,2908.58,0.566531
18,43,11,2816.73,0.507508
18,43,12,2744.65,0.450662
18,43,13,2695.76,0.398781
18,43,14,2667.47,0.354572
18,43,15,2653.1,0.320752
18,43,16,2644.53,0.299395
18,43,17,2635.73,0.291685
18,43,18,2623.79,0.297899
18,43,19,2608.91,0.318617
18,43,20,2593.27,0.354368
18,43,21,2579.1,0.405544
18,43,22,2567.85,0.471126
18,43,23,2559.82,0.548605
18,43,24,2554.93,0.633505
18,43,25,2554.58,0.721031
18,43,26,2561.74,0.806831
18,43,27,2580.65,0.887592
18,43,28,2614.74,0.961343
18,43,29,2665.22,1.02692
18,43,30,2729.43,1.08373
18,43,31,2801.44,1.13046
18,43,32,2873.58,1.164
18,43,33,2938.9,1.17952
18,43,34,2992.51,1.17181
18,43,35,3032.79,1.13734
18,43,36,3061.13,1.07604
18,43,37,3082.07,0.992708
18,43,38,3102.68,0.895677
18,43,39,3132.47,0.795965
18,43,40,3179.61,0.704545
18,43,41,3250.34,0.63195
18,43,42,3343.07,0.585281
18,43,43,3447.09,0.566932
18,43,44,3545.08,0.572892
18,43,45,3618.1,0.592962
18,43,46,3649.11,0.611298
18,43,47,3623.32,0.610898
18,43,48,3525.78,0.579207
18,43,49,3340.7,0.51285
18,44,0,2952.96,0.472123
18,44,1,3152.81,0.574488
18,44,2,3283.29,0.658229
18,44,3,3353.86,0.716772
18,44,4,3375.18,0.748701
18,44,5,3356.75,0.756554
18,44,6,3306.19,0.744388
18,44,7,3230.4,0.716197
18,44,8,3136.67,0.675453
18,44,9,3034.19,0.625292
18,44,10,2934.07,0.568917
18,44,11,2846.83,0.509683
18,44,12,2780.86,0.451509
18,44,13,2737.55,0.397942
18,44,14,2712.85,0.352729
18,44,15,2699.58,0.319478
18,44,16,2690.02,0.300719
18,44,17,2678.94,0.29776
18,44,18,2664.13,0.310752
18,44,19,2646.32,0.340059
18,44,20,2628.17,0.386089
18,44,21,2612.52,0.449186
18,44,22,2601.64,0.528283
18,44,23,2596.53,0.620966
18,44,24,2597.53,0.722641
18,44,25,2606.1,0.828224
18,44,26,2624.8,0.932631
18,44,27,2656.93,1.03123
18,44,28,2704.53,1.12016
18,44,29,2767.15,1.19602
18,44,30,2840.55,1.25623
18,44,31,2917.85,1.29833
18,44,32,2991.45,1.31947
18,44,33,3055.37,1.31688
18,44,34,3106.18,1.28877
18,44,35,3143.8,1.23553
18,44,36,3170.82,1.16029
18,44,37,3192.52,1.06963
18,44,38,3216.28,0.971766
18,44,39,3251.39,0.876173
18,44,40,3305.22,0.791566
18,44,41,3382.7,0.72662
18,44,42,3480.71,0.687306
18,44,43,3587.41,0.675673
18,44,44,3685.47,0.687659
18,44,45,3757.15,0.71279
18,44,46,3787.14,0.734101
18,44,47,3762.01,0.732817
18,44,48,3667.02,0.694674
18,44,49,3484.62,0.615636
18,45,0,2998.17,0.478756
18,45,1,3196.68,0.581923
18,45,2,3324.23,0.664422
18,45,3,3390.72,0.719332
18,45,4,3407.01,0.745832
18,45,5,3382.89,0.747906
18,45,6,3326.58,0.731202
18,45,7,3245.95,0.700682
18,45,8,3149.52,0.659767
18,45,9,3047.55,0.610756
18,45,10,2951.45,0.5559
18,45,11,2870.98,0.49809
18,45,12,2812.84,0.441383
18,45,13,2776.38,0.38982
18,45,14,2756.09,0.347661
18,45,15,2744.31,0.318765
18,45,16,2733.7,0.305542
18,45,17,2719.85,0.309068
18,45,18,2701.41,0.329317
18,45,19,2679.87,0.366568
18,45,20,2658.65,0.42138
18,45,21,2641.35,0.494293
18,45,22,2630.9,0.584356
18,45,23,2628.68,0.689288
18,45,24,2635.06,0.804426
18,45,25,2651.18,0.924545
18,45,26,2679.06,1.04401
18,45,27,2721.18,1.15711
18,45,28,2778.59,1.25824
18,45,29,2849.75,1.34187
18,45,30,2929.37,1.40346
18,45,31,3010.08,1.43955
18,45,32,3084.44,1.44776
18,45,33,3147.28,1.42748
18,45,34,3196.24,1.38033
18,45,35,3232.23,1.31027
18,45,36,3258.6,1.22319
18,45,37,3281.03,1.127
18,45,38,3307.01,1.02955
18,45,39,3345.49,0.938918
18,45,40,3403.09,0.861894
18,45,41,3483.6,0.805578
18,45,42,3582.82,0.774881
18,45,43,3688.39,0.771266
18,45,44,3783.54,0.790209
18,45,45,3851.79,0.820583
18,45,46,3879.28,0.844256
18,45,47,3853.56,0.841095
18,45,48,3759.99,0.795789
18,45,49,3579.81,0.704281
18,46,0,3011.24,0.464105
18,46,1,3208.16,0.564956
18,46,2,3333.11,0.644776
18,46,3,3396.09,0.696346
18,46,4,3408.12,0.718911
18,46,5,3379.33,0.717011
18,46,6,3318.64,0.697073
18,46,7,3234.94,0.664651
18,46,8,3137.81,0.62337
18,46,9,3038.3,0.575385
18,46,10,2947.77,0.522738
18,46,11,2874.93,0.468307
18,46,12,2824.84,0.416232
18,46,13,2795.04,0.370633
18,46,14,2778.85,0.335638
18,46,15,2768.26,0.314682
18,46,16,2756.26,0.309534
18,46,17,2739.1,0.320738
18,46,18,2716.27,0.348044
18,46,19,2690.14,0.391723
18,46,20,2665.01,0.452661
18,46,21,2645.39,0.531757
18,46,22,2634.85,0.628313
18,46,23,2634.93,0.740212
18,46,24,2645.78,0.862808
18,46,25,2667.93,0.990936
18,46,26,2702.66,1.11874
18,46,27,2751.69,1.23988
18,46,28,2815.4,1.34756
18,46,29,2891.65,1.4346
18,46,30,2974.69,1.49497
18,46,31,3057.09,1.52451
18,46,32,3131.69,1.52138
18,46,33,3193.95,1.48689
18,46,34,3242.21,1.42538
18,46,35,3277.91,1.34348
18,46,36,3304.72,1.24891
18,46,37,3328.41,1.15023
18,46,38,3356.37,1.05477
18,46,39,3397.11,0.969526
18,46,40,3456.62,0.900026
18,46,41,3537.83,0.852292
18,46,42,3635.99,0.830371
18,46,43,3738.77,0.834953
18,46,44,3830.13,0.860678
18,46,45,3894.57,0.895505
18,46,46,3919.04,0.920352
18,46,47,3891.45,0.914477
18,46,48,3797.1,0.862487
18,46,49,3616.64,0.76102
18,47,0,2977.11,0.426897
18,47,1,3172.03,0.521692
18,47,2,3294.75,0.596777
18,47,3,3354.92,0.644772
18,47,4,3363.57,0.664536
18,47,5,3331.26,0.66033
18,47,6,3267.66,0.638568
18,47,7,3182.65,0.605032
18,47,8,3086.67,0.563744
18,47,9,2991.12,0.517296
18,47,10,2906.92,0.468086
18,47,11,2841.59,0.419232
18,47,12,2798.7,0.374767
18,47,13,2774.46,0.33843
18,47,14,2761.49,0.313644
18,47,15,2751.56,0.302909
18,47,16,2737.92,0.307042
18,47,17,2717.32,0.325898
18,47,18,2689.89,0.358977
18,47,19,2658.77,0.406551
18,47,20,2629.16,0.469863
18,47,21,2606.46,0.550196
18,47,22,2594.92,0.647185
18,47,23,2596.22,0.758927
18,47,24,2610.2,0.880953
18,47,25,2636.6,1.0084
18,47,26,2675.87,1.13559
18,47,27,2728.95,1.25617
18,47,28,2795.76,1.36285
18,47,29,2873.96,1.44765
18,47,30,2957.82,1.50374
18,47,31,3040.25,1.5267
18,47,32,3114.49,1.51521
18,47,33,3176.47,1.47196
18,47,34,3224.91,1.40293
18,47,35,3261.46,1.31619
18,47,36,3289.78,1.22012
18,47,37,3315.49,1.12324
18,47,38,3345.7,1.03222
18,47,39,3388.47,0.953297
18,47,40,3449.24,0.891357
18,47,41,3530.44,0.85177
18,47,42,3627.17,0.837908
18,47,43,3727.49,0.849602
18,47,44,3815.96,0.880556
18,47,45,3877.49,0.917938
18,47,46,3899.05,0.942367
18,47,47,3868.3,0.933551
18,47,48,3770.26,0.877084
18,47,49,3585.74,0.770837
18,48,0,2882.1,0.370391
18,48,1,3073.8,0.455237
18,48,2,3194.28,0.522977
18,48,3,3252.14,0.566358
18,48,4,3258.23,0.583672
18,48,5,3223.54,0.578355
18,48,6,3158.57,0.556219
18,48,7,3074.07,0.522926
18,48,8,2981,0.482894
18,48,9,2890.69,0.439374
18,48,10,2813.18,0.395309
18,48,11,2754.75,0.354026
18,48,12,2717.8,0.319185
18,48,13,2697.71,0.293786
18,48,14,2686.9,0.280203
18,48,15,2677.14,0.27979
18,48,16,2661.94,0.292382
18,48,17,2638.32,0.317185
18,48,18,2606.83,0.353482
18,48,19,2571.16,0.401516
18,48,20,2537.2,0.462792
18,48,21,2511.12,0.538868
18,48,22,2497.77,0.629714
18,48,23,2499.02,0.733696
18,48,24,2514.47,0.846725
18,48,25,2543.11,0.964477
18,48,26,2584.54,1.08183
18,48,27,2638.91,1.19295
18,48,28,2705.8,1.29087
18,48,29,2782.94,1.36766
18,48,30,2865.03,1.4165
18,48,31,2945.59,1.43318
18,48,32,3018.42,1.41683
18,48,33,3079.83,1.3708
18,48,34,3128.73,1.30162
18,48,35,3166.72,1.21752
18,48,36,3197.21,1.12654
18,48,37,3225.49,1.0365
18,48,38,3258.29,0.953265
18,48,39,3303.17,0.882501
18,48,40,3365.16,0.828746
18,48,41,3446.46,0.796887
18,48,42,3542.37,0.78971
18,48,43,3641.43,0.806263
18,48,44,3728.6,0.839602
18,48,45,3788.56,0.876728
18,48,46,3807.52,0.899023
18,48,47,3772.32,0.887846
18,48,48,3667.73,0.830708
18,48,49,3475.76,0.726888
18,49,0,2716.66,0.301602
18,49,1,2901.95,0.373233
18,49,2,3018.91,0.431061
18,49,3,3074.34,0.468353
18,49,4,3078.55,0.48296
18,49,5,3042.85,0.477307
18,49,6,2978.46,0.456268
18,49,7,2896.75,0.425065
18,49,8,2808.77,0.388271
18,49,9,2725.22,0.349614
18,49,10,2654.96,0.312392
18,49,11,2603.01,0.279891
18,49,12,2570.91,0.255149
18,49,13,2553.78,0.24027
18,49,14,2544.25,0.236546
18,49,15,2534.44,0.244295
18,49,16,2518.13,0.262599
18,49,17,2492.56,0.290219
18,49,18,2458.46,0.326311
18,49,19,2419.74,0.371056
18,49,20,2382.64,0.426026
18,49,21,2353.78,0.492871
18,49,22,2338.39,0.571825
18,49,23,2338.56,0.661569
18,49,24,2353.74,0.758592
18,49,25,2382.4,0.859281
18,49,26,2423.36,0.959351
18,49,27,2476.1,1.05388
18,49,28,2539.88,1.1368
18,49,29,2612.7,1.20103
18,49,30,2689.96,1.24047
18,49,31,2766.08,1.25146
18,49,32,2835.57,1.23353
18,49,33,2895.14,1.19004
18,49,34,2943.77,1.12714
18,49,35,2982.82,1.05223
18,49,36,3015.32,0.972267
18,49,37,3046.04,0.893892
18,49,38,3081.17,0.822064
18,49,39,3127.76,0.761782
18,49,40,3190.47,0.717225
18,49,41,3271.43,0.692701
18,49,42,3366.44,0.690417
18,49,43,3464.67,0.70888
18,49,44,3551.32,0.741112
18,49,45,3610.42,0.774911
18,49,46,3626.88,0.793636
18,49,47,3586.4,0.781364
18,49,48,3473.91,0.728098
18,49,49,3274.19,0.634312
19,0,0,2776.35,0.177379
19,0,1,2929.3,0.193832
19,0,2,3011.47,0.2014
19,0,3,3039.68,0.204791
19,0,4,3034.92,0.209827
19,0,5,3016.25,0.220172
19,0,6,2996.8,0.235989
19,0,7,2981.72,0.254309
19,0,8,2969.16,0.27142
19,0,9,2953.79,0.2848
19,0,10,2930.23,0.293657
19,0,11,2894.81,0.297833
19,0,12,2848.41,0.296954
19,0,13,2792.9,0.289253
19,0,14,2731.42,0.272785
19,0,15,2666.98,0.24693
19,0,16,2600.87,0.213324
19,0,17,2532.72,0.175607
19,0,18,2460.84,0.138069
19,0,19,2383.41,0.10446
19,0,20,2300.25,0.0770515
19,0,21,2213.78,0.0567037
19,0,22,2127.75,0.0434022
19,0,23,2046.41,0.0367227
19,0,24,1972.97,0.0360426
19,0,25,1907.52,0.0405696
19,0,26,1848.86,0.0491945
19,0,27,1794.97,0.0601468
19,0,28,1743.88,0.0713268
19,0,29,1694.44,0.080314
19,0,30,1645.89,0.0850633
19,0,31,1597.93,0.0844553
19,0,32,1549.95,0.0786215
19,0,33,1501.25,0.0687759
19,0,34,1451.51,0.0567723
19,0,35,1401.24,0.0444435
19,0,36,1351.69,0.0331747
19,0,37,1305.02,0.0239964
19,0,38,1263.43,0.0171613
19,0,39,1228.4,0.0130517
19,0,40,1200.23,0.0119776
19,0,41,1178.14,0.0143478
19,0,42,1160.95,0.0204321
19,0,43,1147.37,0.030008
19,0,44,1136.01,0.0418528
19,0,45,1125.68,0.053624
19,0,46,1115.07,0.0622472
19,0,47,1103.2,0.0651165
19,0,48,1089.53,0.0612176
19,0,49,1074.33,0.0516365
19,1,0,2965.96,0.200885
19,1,1,3123.32,0.220322
19,1,2,3206.55,0.229748
19,1,3,3234.26,0.234357
19,1,4,3227.88,0.240826
19,1,5,3206.55,0.253576
19,1,6,3183.98,0.273177
19,1,7,3166.38,0.296537
19,1,8,3152.95,0.319456
19,1,9,3138.83,0.338788
19,1,10,3118.3,0.353168
19,1,11,3086.77,0.361928
19,1,12,3043.78,0.364202
19,1,13,2989.98,0.357603
19,1,14,2927.76,0.339621
19,1,15,2860.01,0.309364
19,1,16,2788.37,0.268748
19,1,17,2713.05,0.222283
19,1,18,2632.74,0.175457
19,1,19,2545.74,0.133256
19,1,20,2452.05,0.0988685
19,1,21,2354.42,0.0736585
19,1,22,2257.36,0.0576798
19,1,23,2166.08,0.0502869
19,1,24,2084.47,0.0504494
19,1,25,2012.8,0.0568447
19,1,26,1949.58,0.0678379
19,1,27,1892.26,0.0810764
19,1,28,1838.35,0.0939288
19,1,29,1786.37,0.103506
19,1,30,1735.3,0.107482
19,1,31,1684.66,0.104725
19,1,32,1633.51,0.0956502
19,1,33,1580.84,0.0819864
19,1,34,1526.18,0.0661889
19,1,35,1470.05,0.0506082
19,1,36,1414.11,0.0369476
19,1,37,1361.1,0.0263062
19,1,38,1313.88,0.0188316
19,1,39,1274.33,0.0146675
19,1,40,1242.82,0.0138324
19,1,41,1218.31,0.0164327
19,1,42,1199.21,0.0224846
19,1,43,1183.87,0.0316198
19,1,44,1170.61,0.0426107
19,1,45,1158.12,0.0532897
19,1,46,1144.97,0.0608591
19,1,47,1130.14,0.0629828
19,1,48,1113,0.0587969
19,1,49,1093.88,0.0493697
19,2,0,3082.23,0.216145
19,2,1,3242.71,0.237992
19,2,2,3327.51,0.248989
19,2,3,3355.99,0.254493
19,2,4,3349.27,0.261744
19,2,5,3326.09,0.275864
19,2,6,3300.44,0.298054
19,2,7,3279.62,0.325501
19,2,8,3264.14,0.353882
19,2,9,3250.02,0.379578
19,2,10,3231.56,0.400531
19,2,11,3203.44,0.415277
19,2,12,3164.01,0.422148
19,2,13,3112.73,0.417994
19,2,14,3051.18,0.399759
19,2,15,2981.95,0.366394
19,2,16,2906.91,0.320167
19,2,17,2826.8,0.266416
19,2,18,2740.73,0.211709
19,2,19,2647.29,0.162126
19,2,20,2546.73,0.121698
19,2,21,2442.05,0.0922969
19,2,22,2338.36,0.0740839
19,2,23,2241.5,0.066229
19,2,24,2155.75,0.0672908
19,2,25,2081.38,0.0753948
19,2,26,2016.63,0.0883644
19,2,27,1958.48,0.103298
19,2,28,1904.09,0.117109
19,2,29,1851.77,0.126551
19,2,30,1800.31,0.129118
19,2,31,1749.03,0.123738
19,2,32,1696.63,0.111127
19,2,33,1641.83,0.0935229
19,2,34,1584.01,0.0739608
19,2,35,1523.84,0.055298
19,2,36,1463.43,0.0395492
19,2,37,1406.16,0.0278497
19,2,38,1355.46,0.0202179
19,2,39,1313.57,0.0164684
19,2,40,1280.75,0.0162051
19,2,41,1255.6,0.0190772
19,2,42,1236.03,0.0247136
19,2,43,1219.97,0.0325489
19,2,44,1205.55,0.041438
19,2,45,1191.38,0.0496398
19,2,46,1176.04,0.054986
19,2,47,1158.48,0.0557266
19,2,48,1138.04,0.0512974
19,2,49,1115.06,0.0426741
19,3,0,3136.8,0.225226
19,3,1,3301.28,0.248995
19,3,2,3389.27,0.261166
19,3,3,3420.02,0.266937
19,3,4,3413.91,0.273807
19,3,5,3389.05,0.287535
19,3,6,3359.6,0.31017
19,3,7,3334.04,0.339615
19,3,8,3314.52,0.371883
19,3,9,3298.29,0.403167
19,3,10,3279.96,0.430708
19,3,11,3253.73,0.452022
19,3,12,3216.89,0.464353
19,3,13,3167.86,0.463657
19,3,14,3107.43,0.446393
19,3,15,3037.84,0.411538
19,3,16,2961.06,0.361799
19,3,17,2878.19,0.303238
19,3,18,2788.83,0.243225
19,3,19,2691.96,0.188596
19,3,20,2588.16,0.143966
19,3,21,2480.69,0.111605
19,3,22,2374.92,0.091798
19,3,23,2276.95,0.0836181
19,3,24,2191.01,0.0853162
19,3,25,2117.17,0.0945953
19,3,26,2053.41,0.108864
19,3,27,1996.49,0.124826
19,3,28,1943.44,0.139088
19,3,29,1892.58,0.148149
19,3,30,1842.53,0.149349
19,3,31,1792.37,0.141616
19,3,32,1740.38,0.125847
19,3,33,1684.97,0.104665
19,3,34,1625.46,0.0816124
19,3,35,1562.73,0.0600538
19,3,36,1499.48,0.042368
19,3,37,1439.77,0.0297855
19,3,38,1387.57,0.0222408
19,3,39,1345.31,0.0191902
19,3,40,1313.06,0.0197405
19,3,41,1288.94,0.0229621
19,3,42,1270.27,0.0279877
19,3,43,1254.58,0.0340078
19,3,44,1239.78,0.0400088
19,3,45,1224.55,0.0448318
19,3,46,1207.5,0.0471577
19,3,47,1187.64,0.0460182
19,3,48,1164.22,0.0412471
19,3,49,1137.58,0.0336921
19,4,0,3146.05,0.231875
19,4,1,3315.54,0.257301
19,4,2,3407.99,0.270223
19,4,3,3441.84,0.275415
19,4,4,3436.44,0.280376
19,4,5,3409.19,0.291436
19,4,6,3374.44,0.311671
19,4,7,3341.97,0.340083
19,4,8,3315.82,0.37349
19,4,9,3294.8,0.408257
19,4,10,3274.18,0.441071
19,4,11,3247.85,0.468356
19,4,12,3212.22,0.486111
19,4,13,3164.82,0.489349
19,4,14,3105.72,0.474118
19,4,15,3036.79,0.43958
19,4,16,2959.9,0.388913
19,4,17,2876.41,0.328701
19,4,18,2786.27,0.266735
19,4,19,2688.96,0.210153
19,4,20,2585.48,0.163795
19,4,21,2479.27,0.13013
19,4,22,2375.7,0.109538
19,4,23,2280.59,0.101088
19,4,24,2197.67,0.102906
19,4,25,2126.73,0.112541
19,4,26,2065.6,0.127267
19,4,27,2011.19,0.14368
19,4,28,1960.75,0.158287
19,4,29,1912.77,0.167405
19,4,30,1865.77,0.168144
19,4,31,1818.43,0.159208
19,4,32,1768.47,0.141396
19,4,33,1713.9,0.117474
19,4,34,1653.97,0.0913673
19,4,35,1589.92,0.0669847
19,4,36,1525.08,0.0471996
19,4,37,1464.25,0.0335072
19,4,38,1411.93,0.0258845
19,4,39,1370.67,0.0234694
19,4,40,1340.25,0.0248394
19,4,41,1318.25,0.0284163
19,4,42,1301.44,0.0327729
19,4,43,1286.9,0.0368285
19,4,44,1272.4,0.03971
19,4,45,1256.72,0.04088
19,4,46,1238.55,0.0399149
19,4,47,1216.91,0.0366639
19,4,48,1190.96,0.0313802
19,4,49,1160.93,0.0247852
19,5,0,3127.82,0.240547
19,5,1,3302,0.267573
19,5,2,3398.69,0.280766
19,5,3,3435.06,0.284326
19,5,4,3429.24,0.285616
19,5,5,3397.94,0.291513
19,5,6,3355.71,0.306234
19,5,7,3313.74,0.330144
19,5,8,3278.12,0.361227
19,5,9,3249.5,0.396366
19,5,10,3224.06,0.431937
19,5,11,3195.61,0.463397
19,5,12,3159.88,0.485571
19,5,13,3113.67,0.49262
19,5,14,3056.41,0.480265
19,5,15,2989.53,0.447907
19,5,16,2914.63,0.399082
19,5,17,2833.02,0.340584
19,5,18,2744.9,0.280201
19,5,19,2650.25,0.224936
19,5,20,2550.55,0.179518
19,5,21,2449.26,0.146401
19,5,22,2351.41,0.125978
19,5,23,2262.07,0.117364
19,5,24,2184.14,0.118741
19,5,25,2117.15,0.127826
19,5,26,2059.12,0.142131
19,5,27,2007.55,0.158518
19,5,28,1960.35,0.173657
19,5,29,1916.31,0.183754
19,5,30,1873.86,0.185543
19,5,31,1831.03,0.177192
19,5,32,1784.83,0.159006
19,5,33,1732.71,0.133556
19,5,34,1673.77,0.104977
19,5,35,1609.57,0.0777555
19,5,36,1544.18,0.0554349
19,5,37,1483.1,0.0400185
19,5,38,1431.36,0.0317167
19,5,39,1391.63,0.0294555
19,5,40,1363.42,0.0313123
19,5,41,1343.84,0.0350611
19,5,42,1329.14,0.038714
19,5,43,1316.05,0.040923
19,5,44,1302.27,0.0409349
19,5,45,1286.65,0.0387631
19,5,46,1267.96,0.0347665
19,5,47,1245.15,0.0294999
19,5,48,1217.21,0.0235809
19,5,49,1184.19,0.0176298
19,6,0,3098.37,0.255013
19,6,1,3275.15,0.28367
19,6,2,3374.03,0.296535
19,6,3,3410.75,0.29725
19,6,4,3402.2,0.293078
19,6,5,3364.44,0.291498
19,6,6,3312.3,0.297933
19,6,7,3258.37,0.314205
19,6,8,3210.84,0.33962
19,6,9,3172.23,0.371789
19,6,10,3139.81,0.40703
19,6,11,3107.52,0.440118
19,6,12,3070.7,0.465011
19,6,13,3025.63,0.475274
19,6,14,2971.2,0.4664
19,6,15,2908.29,0.437952
19,6,16,2837.95,0.393541
19,6,17,2761.16,0.339758
19,6,18,2678.14,0.283996
19,6,19,2589.3,0.232823
19,6,20,2496.52,0.190647
19,6,21,2403.11,0.159772
19,6,22,2313.39,0.140501
19,6,23,2231.3,0.131964
19,6,24,2158.8,0.132499
19,6,25,2095.35,0.14023
19,6,26,2039.6,0.153246
19,6,27,1990.15,0.16905
19,6,28,1945.95,0.184777
19,6,29,1906.28,0.19664
19,6,30,1869.39,0.200925
19,6,31,1832.53,0.194981
19,6,32,1791.82,0.178232
19,6,33,1743.91,0.152678
19,6,34,1687.61,0.122417
19,6,35,1624.72,0.0924815
19,6,36,1559.88,0.0672077
19,6,37,1499.26,0.0493366
19,6,38,1448.37,0.0395187
19,6,39,1410.04,0.0366179
19,6,40,1383.6,0.0383061
19,6,41,1365.88,0.0417906
19,6,42,1352.79,0.0445968
19,6,43,1340.89,0.0451596
19,6,44,1327.85,0.0428216
19,6,45,1312.6,0.0380136
19,6,46,1293.95,0.0316632
19,6,47,1270.61,0.0248158
19,6,48,1241.32,0.0183356
19,6,49,1205.89,0.0127579
19,7,0,3069.43,0.277384
19,7,1,3245.68,0.307667
19,7,2,3343.57,0.319499
19,7,3,3377.54,0.31615
19,7,4,3363.39,0.304998
19,7,5,3316.69,0.294264
19,7,6,3252.65,0.290588
19,7,7,3185.16,0.297155
19,7,8,3124.27,0.314514
19,7,9,3074.24,0.340999
19,7,10,3033.41,0.373058
19,7,11,2996.06,0.405146
19,7,12,2957.52,0.43083
19,7,13,2913.82,0.443472
19,7,14,2863.42,0.438451
19,7,15,2806.53,0.4153
19,7,16,2743.41,0.377291
19,7,17,2674.34,0.330355
19,7,18,2599.36,0.281188
19,7,19,2519.16,0.235803
19,7,20,2435.82,0.198297
19,7,21,2352.29,0.170809
19,7,22,2271.9,0.15349
19,7,23,2197.26,0.145377
19,7,24,2129.39,0.144913
19,7,25,2067.97,0.150681
19,7,26,2012.66,0.161527
19,7,27,1963.63,0.175864
19,7,28,1921.19,0.191599
19,7,29,1885.28,0.205189
19,7,30,1854.07,0.212576
19,7,31,1823.96,0.21021
19,7,32,1790.04,0.196384
19,7,33,1748.05,0.172178
19,7,34,1696.24,0.141342
19,7,35,1636.42,0.109269
19,7,36,1573.57,0.0810671
19,7,37,1514.29,0.0603295
19,7,38,1464.44,0.0483147
19,7,39,1427.07,0.0439984
19,7,40,1401.47,0.0448084
19,7,41,1384.46,0.0475416
19,7,42,1371.93,0.049366
19,7,43,1360.45,0.0485658
19,7,44,1347.81,0.0445439
19,7,45,1333.03,0.0379809
19,7,46,1314.8,0.0301289
19,7,47,1291.53,0.0222855
19,7,48,1261.57,0.0154342
19,7,49,1224.44,0.0100434
19,8,0,3046.37,0.307748
19,8,1,3219.35,0.339613
19,8,2,3313.34,0.349751
19,8,3,3341.86,0.34136
19,8,4,3319.91,0.322279
19,8,5,3262.86,0.30166
19,8,6,3186.39,0.287323
19,8,7,3105.45,0.283577
19,8,8,3031.5,0.291911
19,8,9,2970.04,0.311194
19,8,10,2920.35,0.338069
19,8,11,2877.21,0.367022
19,8,12,2836.35,0.391765
19,8,13,2793.96,0.405895
19,8,14,2748.2,0.404811
19,8,15,2698.58,0.38777
19,8,16,2644.34,0.357271
19,8,17,2584.89,0.318162
19,8,18,2519.86,0.276251
19,8,19,2450.06,0.237045
19,8,20,2377.6,0.204503
19,8,21,2304.82,0.180745
19,8,22,2233.94,0.165771
19,8,23,2166.12,0.158399
19,8,24,2101.55,0.156997
19,8,25,2040.29,0.160423
19,8,26,1983.24,0.168218
19,8,27,1932.4,0.179804
19,8,28,1889.7,0.194119
19,8,29,1856.01,0.20821
19,8,30,1829.57,0.218018
19,8,31,1806.05,0.21929
19,8,32,1779.57,0.209173
19,8,33,1744.82,0.187601
19,8,34,1699.3,0.157617
19,8,35,1644.48,0.124634
19,8,36,1585.29,0.0943001
19,8,37,1528.45,0.0709945
19,8,38,1480,0.056663
19,8,39,1443.16,0.0505611
19,8,40,1417.41,0.0500821
19,8,41,1399.82,0.0518162
19,8,42,1386.57,0.05272
19,8,43,1374.54,0.050975
19,8,44,1361.75,0.0459867
19,8,45,1347.26,0.038515
19,8,46,1329.61,0.0299268
19,8,47,1306.8,0.0215862
19,8,48,1276.74,0.0145111
19,8,49,1238.64,0.00913746
19,9,0,3028.6,0.343349
19,9,1,3197.2,0.376804
19,9,2,3286.1,0.384962
19,9,3,3308.24,0.371235
19,9,4,3278.26,0.344245
19,9,5,3211.61,0.31421
19,9,6,3124.44,0.290028
19,9,7,3032.4,0.276802
19,9,8,2947.6,0.276562
19,9,9,2876.13,0.288417
19,9,10,2817.9,0.309182
19,9,11,2768.42,0.333652
19,9,12,2724.27,0.356148
19,9,13,2682.15,0.370888
19,9,14,2640.2,0.373421
19,9,15,2597.24,0.362541
19,9,16,2551.51,0.339644
19,9,17,2501.53,0.308205
19,9,18,2446.5,0.273067
19,9,19,2387.24,0.239356
19,9,20,2325.67,0.211133
19,9,21,2263.44,0.190698
19,9,22,2201.53,0.177983
19,9,23,2139.7,0.171482
19,9,24,2077.4,0.169263
19,9,25,2014.99,0.17012
19,9,26,1954.61,0.174038
19,9,27,1900.06,0.181354
19,9,28,1855.03,0.192195
19,9,29,1821.56,0.204583
19,9,30,1798.26,0.214955
19,9,31,1780.38,0.218792
19,9,32,1761.19,0.212333
19,9,33,1734.34,0.194311
19,9,34,1696.42,0.166757
19,9,35,1648.26,0.134655
19,9,36,1594.36,0.103794
19,9,37,1541.16,0.0790894
19,9,38,1494.65,0.0631386
19,9,39,1458.21,0.0556037
19,9,40,1431.63,0.0540573
19,9,41,1412.48,0.0550818
19,9,42,1397.52,0.0555335
19,9,43,1384.1,0.0534808
19,9,44,1370.58,0.0482401
19,9,45,1356.06,0.0405014
19,9,46,1338.87,0.0316181
19,9,47,1316.59,0.0229454
19,9,48,1286.73,0.0155385
19,9,49,1248.19,0.00987305
19,10,0,3012.16,0.378864
19,10,1,3177.34,0.414142
19,10,2,3262.2,0.420798
19,10,3,3279.45,0.40257
19,10,4,3243.72,0.368957
19,10,5,3170.76,0.331208
19,10,6,3077.04,0.299102
19,10,7,2978.29,0.278227
19,10,8,2886.42,0.270804
19,10,9,2807.42,0.275932
19,10,10,2741.57,0.290556
19,10,11,2685.3,0.30995
19,10,12,2636.34,0.329334
19,10,13,2592.28,0.343776
19,10,14,2551.46,0.349105
19,10,15,2512.21,0.343585
19,10,16,2472.04,0.327408
19,10,17,2428.83,0.302609
19,10,18,2381.53,0.273088
19,10,19,2330.94,0.243692
19,10,20,2278.69,0.21873
19,10,21,2225.63,0.200821
19,10,22,2171.55,0.189917
19,10,23,2114.93,0.184157
19,10,24,2054.48,0.181136
19,10,25,1990.73,0.179272
19,10,26,1926.76,0.17867
19,10,27,1867.91,0.180371
19,10,28,1819.55,0.185701
19,10,29,1784.96,0.193943
19,10,30,1763.42,0.202506
19,10,31,1750.04,0.207138
19,10,32,1737.5,0.203579
19,10,33,1718.53,0.189505
19,10,34,1688.77,0.165776
19,10,35,1648.19,0.13653
19,10,36,1600.57,0.107238
19,10,37,1551.83,0.0829876
19,10,38,1507.71,0.0668836
19,10,39,1471.73,0.0590461
19,10,40,1444.08,0.0573852
19,10,41,1423,0.0586133
19,10,42,1405.96,0.0595235
19,10,43,1390.86,0.0579931
19,10,44,1376.34,0.0531321
19,10,45,1361.52,0.045454
19,10,46,1344.48,0.0362701
19,10,47,1322.49,0.0269772
19,10,48,1292.73,0.0187665
19,10,49,1253.92,0.0122697
19,11,0,2992.53,0.408059
19,11,1,3156.69,0.445765
19,11,2,3240.34,0.452369
19,11,3,3256.09,0.431736
19,11,4,3218.82,0.393983
19,11,5,3144.55,0.351105
19,11,6,3049.79,0.313506
19,11,7,2949.68,0.287073
19,11,8,2855.23,0.274056
19,11,9,2771.73,0.273475
19,11,10,2699.63,0.282399
19,11,11,2636.33,0.296644
19,11,12,2580.88,0.312379
19,11,13,2531.91,0.325561
19,11,14,2488.15,0.332388
19,11,15,2447.81,0.330696
19,11,16,2408.17,0.319638
19,11,17,2366.96,0.299999
19,11,18,2323.21,0.274839
19,11,19,2277.74,0.248732
19,11,20,2231.85,0.226177
19,11,21,2185.6,0.210062
19,11,22,2137.67,0.200383
19,11,23,2085.48,0.194962
19,11,24,2027.13,0.190917
19,11,25,1963.07,0.186161
19,11,26,1896.97,0.180713
19,11,27,1835.21,0.176084
19,11,28,1784.4,0.174643
19,11,29,1748.94,0.176995
19,11,30,1728.81,0.181781
19,11,31,1719.26,0.185444
19,11,32,1712.6,0.183676
19,11,33,1700.9,0.173407
19,11,34,1678.95,0.154372
19,11,35,1645.85,0.129618
19,11,36,1604.57,0.103926
19,11,37,1560.36,0.0821832
19,11,38,1518.68,0.0677828
19,11,39,1483.2,0.0612625
19,11,40,1454.61,0.0609261
19,11,41,1431.88,0.0636594
19,11,42,1413.12,0.0661562
19,11,43,1396.71,0.0659876
19,11,44,1381.46,0.0619482
19,11,45,1366.34,0.0543295
19,11,46,1349.2,0.0444563
19,11,47,1327.08,0.0339095
19,11,48,1297.01,0.0241747
19,11,49,1257.69,0.0161732
19,12,0,2967.91,0.426607
19,12,1,3133.77,0.467833
19,12,2,3219.53,0.476731
19,12,3,3237.74,0.456785
19,12,4,3203.52,0.418122
19,12,5,3133.06,0.372997
19,12,6,3042.56,0.332168
19,12,7,2946.11,0.301818
19,12,8,2853.31,0.284331
19,12,9,2768.45,0.278787
19,12,10,2691.88,0.282451
19,12,11,2621.89,0.291644
19,12,12,2558.67,0.303321
19,12,13,2501.89,0.314175
19,12,14,2450.9,0.320822
19,12,15,2404.22,0.320924
19,12,16,2359.5,0.312989
19,12,17,2314.85,0.296957
19,12,18,2269.74,0.275216
19,12,19,2225.11,0.251946
19,12,20,2181.87,0.231547
19,12,21,2139.35,0.216901
19,12,22,2095.38,0.20795
19,12,23,2046.64,0.20229
19,12,24,1990.83,0.196746
19,12,25,1928.28,0.188881
19,12,26,1862.82,0.178623
19,12,27,1801.21,0.167794
19,12,28,1750.69,0.159517
19,12,29,1716.27,0.155518
19,12,30,1698.45,0.15562
19,12,31,1692.72,0.157149
19,12,32,1691.3,0.156117
19,12,33,1685.85,0.149092
19,12,34,1670.61,0.134934
19,12,35,1643.94,0.115584
19,12,36,1608.02,0.0949295
19,12,37,1567.56,0.07738
19,12,38,1527.78,0.0663689
19,12,39,1492.58,0.0627317
19,12,40,1463.24,0.0651191
19,12,41,1439.41,0.0705584
19,12,42,1419.78,0.0755865
19,12,43,1402.99,0.0773866
19,12,44,1387.79,0.0743837
19,12,45,1372.82,0.066658
19,12,46,1355.64,0.0556264
19,12,47,1333.09,0.0431956
19,12,48,1302.22,0.0312804
19,12,49,1261.88,0.0211955
19,13,0,2938.33,0.433229
19,13,1,3107.84,0.479429
19,13,2,3198.23,0.493431
19,13,3,3221.89,0.477623
19,13,4,3194.09,0.441326
19,13,5,3131.06,0.396466
19,13,6,3048.49,0.353925
19,13,7,2959.26,0.32035
19,13,8,2871.48,0.298587
19,13,9,2788.22,0.288111
19,13,10,2709.46,0.286542
19,13,11,2633.93,0.290635
19,13,12,2562.58,0.297842
19,13,13,2496,0.305332
19,13,14,2434.33,0.310135
19,13,15,2376.91,0.310029
19,13,16,2322.28,0.30336
19,13,17,2269.47,0.289709
19,13,18,2218.61,0.270961
19,13,19,2170.77,0.250707
19,13,20,2126.46,0.232824
19,13,21,2084.45,0.219769
19,13,22,2042,0.211251
19,13,23,1995.55,0.204764
19,13,24,1942.75,0.197165
19,13,25,1883.83,0.186043
19,13,26,1822.43,0.17143
19,13,27,1765.05,0.155387
19,13,28,1718.73,0.141437
19,13,29,1688.42,0.132013
19,13,30,1674.79,0.127785
19,13,31,1673.55,0.126895
19,13,32,1677.04,0.125874
19,13,33,1676.87,0.121304
19,13,34,1666.98,0.111535
19,13,35,1645.18,0.0976021
19,13,36,1613.11,0.0824992
19,13,37,1575.03,0.0700067
19,13,38,1536.13,0.0633701
19,13,39,1500.64,0.0635499
19,13,40,1470.5,0.0694202
19,13,41,1446.03,0.0780884
19,13,42,1426.38,0.0859225
19,13,43,1410.25,0.0897431
19,13,44,1396.12,0.0876569
19,13,45,1382.11,0.079605
19,13,46,1365.32,0.0671584
19,13,47,1342.41,0.0526152
19,13,48,1310.47,0.0383521
19,13,49,1268.64,0.0260873
19,14,0,2906.08,0.430582
19,14,1,3079.74,0.483243
19,14,2,3175.64,0.504902
19,14,3,3205.86,0.496172
19,14,4,3185.73,0.464808
19,14,5,3131.45,0.421885
19,14,6,3058.21,0.378245
19,14,7,2977.86,0.341235
19,14,8,2897.07,0.314562
19,14,9,2817.67,0.298494
19,14,10,2738.89,0.291212
19,14,11,2659.43,0.289851
19,14,12,2580.53,0.292083
19,14,13,2503.49,0.295294
19,14,14,2429.4,0.296876
19,14,15,2358.8,0.294961
19,14,16,2291.56,0.288139
19,14,17,2227.87,0.276049
19,14,18,2168.59,0.260206
19,14,19,2114.81,0.243421
19,14,20,2066.66,0.228638
19,14,21,2022.46,0.217498
19,14,22,1979.37,0.209308
19,14,23,1934.08,0.201588
19,14,24,1884.58,0.19158
19,14,25,1831.12,0.17732
19,14,26,1776.88,0.159193
19,14,27,1727.51,0.13948
19,14,28,1689.07,0.121758
19,14,29,1665.85,0.1087
19,14,30,1658.31,0.101379
19,14,31,1662.37,0.0985192
19,14,32,1670.66,0.0972205
19,14,33,1675.01,0.0943564
19,14,34,1669.29,0.088128
19,14,35,1650.98,0.0789568
19,14,36,1621.29,0.0690673
19,14,37,1584.26,0.0615774
19,14,38,1545.13,0.0593613
19,14,39,1508.61,0.0633291
19,14,40,1477.33,0.0724466
19,14,41,1452.29,0.0838786
19,14,42,1433.04,0.0939188
19,14,43,1418.29,0.0991953
19,14,44,1406.12,0.0976615
19,14,45,1393.97,0.0892241
19,14,46,1378.36,0.0756021
19,14,47,1355.61,0.0594099
19,14,48,1322.78,0.0433658
19,14,49,1279.27,0.0294802
19,15,0,2874.81,0.423147
19,15,1,3051.64,0.483241
19,15,2,3152.11,0.514139
19,15,3,3188.02,0.514272
19,15,4,3174.69,0.489342
19,15,5,3128.33,0.449227
19,15,6,3063.83,0.404596
19,15,7,2992.23,0.363611
19,15,8,2918.98,0.331112
19,15,9,2844.65,0.308459
19,15,10,2767.47,0.2946
19,15,11,2685.67,0.287086
19,15,12,2600.44,0.28368
19,15,13,2513.57,0.281842
19,15,14,2427.17,0.279278
19,15,15,2343.2,0.274583
19,15,16,2263.03,0.266796
19,15,17,2188.06,0.255833
19,15,18,2119.76,0.242885
19,15,19,2059.07,0.22986
19,15,20,2005.65,0.218535
19,15,21,1957.63,0.20953
19,15,22,1912.39,0.201695
19,15,23,1867.39,0.192703
19,15,24,1821.27,0.180427
19,15,25,1774.47,0.163631
19,15,26,1729.44,0.143192
19,15,27,1690.56,0.121568
19,15,28,1662.38,0.102129
19,15,29,1648.07,0.0874108
19,15,30,1647.7,0.0785114
19,15,31,1657.44,0.0744862
19,15,32,1670.41,0.0729548
19,15,33,1678.8,0.0712252
19,15,34,1676.56,0.0676092
19,15,35,1660.91,0.0621858
19,15,36,1632.75,0.0565742
19,15,37,1595.95,0.0532659
19,15,38,1555.89,0.0546437
19,15,39,1517.74,0.0614339
19,15,40,1484.82,0.072608
19,15,41,1458.86,0.0854408
19,15,42,1439.85,0.0963529
19,15,43,1426.59,0.102064
19,15,44,1416.78,0.100613
19,15,45,1407.18,0.0919761
19,15,46,1393.58,0.077939
19,15,47,1371.82,0.0612251
19,15,48,1338.71,0.0446405
19,15,49,1293.77,0.0302757
19,16,0,2848.16,0.415213
19,16,1,3026.24,0.482702
19,16,2,3129.15,0.522919
19,16,3,3168.5,0.532135
19,16,4,3159.68,0.513926
19,16,5,3119.01,0.476848
19,16,6,3061.29,0.431258
19,16,7,2996.96,0.386048
19,16,8,2930.45,0.347205
19,16,9,2861.12,0.317281
19,16,10,2786.18,0.29613
19,16,11,2703.18,0.281813
19,16,12,2613.05,0.272215
19,16,13,2517.91,0.264858
19,16,14,2420.79,0.257721
19,16,15,2325.05,0.249834
19,16,16,2233.55,0.240686
19,16,17,2148.74,0.230481
19,16,18,2072.45,0.220096
19,16,19,2005.28,0.210544
19,16,20,1946.48,0.202462
19,16,21,1894.12,0.195518
19,16,22,1846.18,0.188196
19,16,23,1801.14,0.178422
19,16,24,1758.47,0.164745
19,16,25,1718.83,0.146666
19,16,26,1683.81,0.125479
19,16,27,1656.18,0.103702
19,16,28,1638.79,0.0843335
19,16,29,1633.59,0.069577
19,16,30,1640.26,0.0603566
19,16,31,1655.33,0.0558999
19,16,32,1672.56,0.0542719
19,16,33,1684.65,0.0532532
19,16,34,1685.65,0.051397
19,16,35,1672.57,0.048622
19,16,36,1645.96,0.0460821
19,16,37,1609.5,0.0457022
19,16,38,1568.59,0.0493199
19,16,39,1528.74,0.0574081
19,16,40,1493.9,0.068929
19,16,41,1466.52,0.0813831
19,16,42,1447.17,0.0915667
19,16,43,1434.91,0.096599
19,16,44,1427.26,0.0948391
19,16,45,1420.42,0.0864016
19,16,46,1409.41,0.0730077
19,16,47,1389.46,0.057221
19,16,48,1356.9,0.0416311
19,16,49,1311.1,0.0281633
19,17,0,2829.39,0.408716
19,17,1,3006.67,0.482267
19,17,2,3109.55,0.5303
19,17,3,3149.67,0.547373
19,17,4,3142.59,0.535253
19,17,5,3104.91,0.501237
19,17,6,3051.4,0.455194
19,17,7,2992.08,0.406431
19,17,8,2930.51,0.361805
19,17,9,2865.06,0.324911
19,17,10,2792.03,0.296505
19,17,11,2708.32,0.275249
19,17,12,2614.59,0.259282
19,17,13,2513.09,0.246276
19,17,14,2407.63,0.234505
19,17,15,2302.73,0.223343
19,17,16,2202.49,0.21262
19,17,17,2110.14,0.202712
19,17,18,2027.64,0.194173
19,17,19,1955.2,0.187248
19,17,20,1891.7,0.181669
19,17,21,1835.41,0.176436
19,17,22,1785.05,0.169866
19,17,23,1740.2,0.160191
19,17,24,1701.16,0.14649
19,17,25,1668.62,0.128761
19,17,26,1643.18,0.10846
19,17,27,1625.99,0.0879783
19,17,28,1618.25,0.0698918
19,17,29,1620.82,0.0560555
19,17,30,1633.19,0.0472174
19,17,31,1652.42,0.0427341
19,17,32,1673.06,0.0410579
19,17,33,1688.4,0.0404065
19,17,34,1692.65,0.0395956
19,17,35,1682.59,0.0384693
19,17,36,1658.36,0.0378122
19,17,37,1623.26,0.0390498
19,17,38,1582.47,0.0434864
19,17,39,1541.62,0.0513406
19,17,40,1505.1,0.0616061
19,17,41,1476.04,0.0721342
19,17,42,1455.7,0.0802995
19,17,43,1443.63,0.0838435
19,17,44,1437.45,0.0815951
19,17,45,1433,0.0738241
19,17,46,1424.69,0.0620588
19,17,47,1407.03,0.0484705
19,17,48,1375.73,0.0351839
19,17,49,1329.75,0.0237633
19,18,0,2820.82,0.404127
19,18,1,2995.9,0.481436
19,18,2,3096.84,0.534661
19,18,3,3135.5,0.557383
19,18,4,3127.72,0.550124
19,18,5,3090.41,0.519117
19,18,6,3038.44,0.473566
19,18,7,2981.46,0.422737
19,18,8,2922.45,0.37391
19,18,9,2859.07,0.331388
19,18,10,2787.01,0.296684
19,18,11,2702.68,0.269075
19,18,12,2606.48,0.247098
19,18,13,2500.61,0.228711
19,18,14,2389.39,0.212543
19,18,15,2278.13,0.198248
19,18,16,2171.81,0.185874
19,18,17,2074.16,0.175808
19,18,18,1987.11,0.168257
19,18,19,1910.54,0.162861
19,18,20,1843.21,0.158766
19,18,21,1783.79,0.154666
19,18,22,1731.81,0.14895
19,18,23,1687.82,0.140184
19,18,24,1652.63,0.127765
19,18,25,1626.75,0.11186
19,18,26,1609.67,0.0937749
19,18,27,1601.05,0.0755946
19,18,28,1600.7,0.0594693
19,18,29,1608.72,0.0469765
19,18,30,1624.63,0.0387748
19,18,31,1646.2,0.0343736
19,18,32,1668.9,0.0325775
19,18,33,1686.78,0.0319898
19,18,34,1694.31,0.031664
19,18,35,1688.02,0.0314019
19,18,36,1667.56,0.0316834
19,18,37,1635.59,0.0334967
19,18,38,1596.76,0.0376682
19,18,39,1556.44,0.0442047
19,18,40,1519.2,0.0521919
19,18,41,1488.73,0.059915
19,18,42,1467.02,0.06542
19,18,43,1454.29,0.0671485
19,18,44,1448.55,0.06443
19,18,45,1445.61,0.0576613
19,18,46,1439.48,0.0480967
19,18,47,1424.04,0.0373924
19,18,48,1394.29,0.0270904
19,18,49,1348.56,0.0183018
19,19,0,2822.75,0.40077
19,19,1,2995.47,0.479236
19,19,2,3093.84,0.534737
19,19,3,3130.03,0.560658
19,19,4,3120.23,0.556904
19,19,5,3081.62,0.528892
19,19,6,3029.09,0.48503
19,19,7,2972.13,0.434121
19,19,8,2913.39,0.383392
19,19,9,2850.18,0.337442
19,19,10,2777.94,0.298275
19,19,11,2692.78,0.265667
19,19,12,2594.91,0.2386
19,19,13,2486.3,0.215425
19,19,14,2371.47,0.195229
19,19,15,2256.12,0.177968
19,19,16,2145.76,0.16387
19,19,17,2044.36,0.153232
19,19,18,1953.82,0.145895
19,19,19,1873.85,0.141023
19,19,20,1803.38,0.137434
19,19,21,1741.66,0.133809
19,19,22,1689,0.128809
19,19,23,1646.62,0.12135
19,19,24,1615.51,0.110981
19,19,25,1595.66,0.0977878
19,19,26,1585.45,0.0827069
19,19,27,1583.23,0.0673823
19,19,28,1587.78,0.053554
19,19,29,1598.67,0.0425719
19,19,30,1615.65,0.0350623
19,19,31,1637.3,0.0306968
19,19,32,1660.22,0.0286025
19,19,33,1679.41,0.0277358
19,19,34,1689.81,0.0273843
19,19,35,1687.84,0.0273499
19,19,36,1672.54,0.0278758
19,19,37,1645.68,0.0295773
19,19,38,1611,0.0328766
19,19,39,1573.28,0.0376185
19,19,40,1536.91,0.0430182
19,19,41,1505.93,0.0478012
19,19,42,1482.99,0.0506536
19,19,43,1469.07,0.0506542
19,19,44,1462.79,0.0475637
19,19,45,1460.26,0.0418566
19,19,46,1455.36,0.0345019
19,19,47,1441.52,0.0266476
19,19,48,1413.05,0.0192751
19,19,49,1367.58,0.01306
19,20,0,2833.15,0.397799
19,20,1,3004.47,0.475356
19,20,2,3100.92,0.530844
19,20,3,3134.95,0.558038
19,20,4,3123,0.556722
19,20,5,3082.47,0.531732
19,20,6,3028.27,0.490653
19,20,7,2969.82,0.441567
19,20,8,2909.73,0.391307
19,20,9,2845.35,0.344405
19,20,10,2772.08,0.303024
19,20,11,2685.92,0.267214
19,20,12,2586.9,0.236335
19,20,13,2476.69,0.209188
19,20,14,2359.81,0.18544
19,20,15,2241.97,0.165471
19,20,16,2128.95,0.149748
19,20,17,2024.77,0.138441
19,20,18,1931.36,0.130984
19,20,19,1848.48,0.126088
19,20,20,1775.44,0.122343
19,20,21,1712.19,0.11856
19,20,22,1659.69,0.113789
19,20,23,1619.53,0.107346
19,20,24,1592.53,0.0988985
19,20,25,1577.94,0.0883901
19,20,26,1573.1,0.0763357
19,20,27,1575.29,0.0638994
19,20,28,1582.5,0.0524151
19,20,29,1593.95,0.0429875
19,20,30,1609.66,0.0361784
19,20,31,1629.08,0.0317777
19,20,32,1650.04,0.0291867
19,20,33,1668.81,0.0277053
19,20,34,1681.1,0.0268854
19,20,35,1683.44,0.0265973
19,20,36,1674.23,0.0269247
19,20,37,1654.16,0.028171
19,20,38,1625.77,0.0304187
19,20,39,1592.85,0.0333817
19,20,40,1559.32,0.0364013
19,20,41,1529.26,0.0385854
19,20,42,1505.79,0.0391474
19,20,43,1490.61,0.0376658
19,20,44,1483.09,0.0342192
19,20,45,1479.87,0.0293203
19,20,46,1475.03,0.0237012
19,20,47,1461.76,0.0181001
19,20,48,1433.77,0.0130541
19,20,49,1388.02,0.00888977
19,21,0,2848.73,0.394332
19,21,1,3020.36,0.470037
19,21,2,3116.44,0.524504
19,21,3,3149.62,0.552157
19,21,4,3136.49,0.552897
19,21,5,3094.51,0.53114
19,21,6,3038.63,0.493719
19,21,7,2978.31,0.447949
19,21,8,2916.35,0.400112
19,21,9,2850.24,0.354421
19,21,10,2775.57,0.312896
19,21,11,2688.32,0.275611
19,21,12,2588.44,0.242186
19,21,13,2477.33,0.21191
19,21,14,2359.39,0.185159
19,21,15,2240.2,0.162895
19,21,16,2125.53,0.145921
19,21,17,2019.38,0.13426
19,21,18,1923.7,0.126855
19,21,19,1838.47,0.12188
19,21,20,1763.52,0.117662
19,21,21,1699.43,0.11316
19,21,22,1647.67,0.107877
19,21,23,1609.92,0.101615
19,21,24,1586.66,0.0942594
19,21,25,1576.33,0.085713
19,21,26,1575.4,0.076155
19,21,27,1580.33,0.0662992
19,21,28,1588.51,0.0570576
19,21,29,1598.83,0.0492049
19,21,30,1611.45,0.043127
19,21,31,1626.56,0.0386291
19,21,32,1643.29,0.0353169
19,21,33,1659.48,0.0328349
19,21,34,1671.98,0.0310623
19,21,35,1677.75,0.0300394
19,21,36,1674.72,0.029787
19,21,37,1662.39,0.0303606
19,21,38,1641.89,0.0315508
19,21,39,1615.73,0.032942
19,21,40,1587,0.0339565
19,21,41,1559.53,0.0339881
19,21,42,1536.66,0.0326379
19,21,43,1520.64,0.0298383
19,21,44,1511.6,0.0258835
19,21,45,1506.88,0.0213072
19,21,46,1500.99,0.0166836
19,21,47,1487.08,0.012474
19,21,48,1458.45,0.00891492
19,21,49,1411.44,0.00608967
19,22,0,2866.42,0.38946
19,22,1,3040.09,0.463528
19,22,2,3137.56,0.517308
19,22,3,3171.56,0.545803
19,22,4,3158.7,0.549022
19,22,5,3116.43,0.531033
19,22,6,3059.72,0.498057
19,22,7,2998.16,0.45674
19,22,8,2934.72,0.412797
19,22,9,2867.1,0.369966
19,22,10,2791.07,0.329871
19,22,11,2702.72,0.292401
19,22,12,2602.05,0.257338
19,22,13,2490.41,0.224544
19,22,14,2372.2,0.195236
19,22,15,2252.79,0.171133
19,22,16,2137.78,0.153443
19,22,17,2030.99,0.142019
19,22,18,1934.32,0.135186
19,22,19,1847.92,0.130452
19,22,20,1772.04,0.125762
19,22,21,1707.78,0.120175
19,22,22,1656.91,0.113666
19,22,23,1621.12,0.106607
19,22,24,1600.52,0.0992446
19,22,25,1592.94,0.0916027
19,22,26,1594.33,0.083667
19,22,27,1600.55,0.0757776
19,22,28,1608.52,0.0684272
19,22,29,1616.7,0.0619834
19,22,30,1625.14,0.0565373
19,22,31,1634.48,0.0517975
19,22,32,1645.06,0.047492
19,22,33,1656.38,0.0436043
19,22,34,1666.86,0.0404003
19,22,35,1674.3,0.0381873
19,22,36,1676.42,0.0370098
19,22,37,1671.71,0.0367272
19,22,38,1659.76,0.0368591
19,22,39,1641.63,0.0368398
19,22,40,1619.3,0.0361139
19,22,41,1596.01,0.0342731
19,22,42,1575.02,0.0311971
19,22,43,1558.93,0.0270737
19,22,44,1548.55,0.0223458
19,22,45,1541.96,0.0175647
19,22,46,1534.23,0.0132136
19,22,47,1518.62,0.0095854
19,22,48,1488.18,0.00673272
19,22,49,1438.76,0.00458301
19,23,0,2882.99,0.382181
19,23,1,3060.11,0.455399
19,23,2,3160.52,0.509514
19,23,3,3196.94,0.539871
19,23,4,3185.95,0.546444
19,23,5,3144.93,0.532995
19,23,6,3088.87,0.50529
19,23,7,3027.4,0.469451
19,23,8,2963.58,0.430646
19,23,9,2895.18,0.391995
19,23,10,2818.12,0.35451
19,23,11,2728.72,0.317755
19,23,12,2627.27,0.281645
19,23,13,2515.43,0.246748
19,23,14,2397.79,0.215255
19,23,15,2279.61,0.189768
19,23,16,2166.12,0.171911
19,23,17,2060.74,0.161327
19,23,18,1965.04,0.155614
19,23,19,1879.13,0.151519
19,23,20,1803.48,0.146532
19,23,21,1739.51,0.139774
19,23,22,1689.22,0.131695
19,23,23,1654.33,0.123277
19,23,24,1634.76,0.115204
19,23,25,1628.07,0.107708
19,23,26,1630,0.100664
19,23,27,1636.17,0.0941018
19,23,28,1643.07,0.0881195
19,23,29,1648.68,0.082663
19,23,30,1652.6,0.0774767
19,23,31,1655.51,0.0721067
19,23,32,1658.64,0.066336
19,23,33,1663.1,0.0604678
19,23,34,1669.11,0.055188
19,23,35,1675.77,0.0511472
19,23,36,1681.08,0.0484938
19,23,37,1682.74,0.0469522
19,23,38,1678.95,0.0457947
19,23,39,1669.23,0.0442895
19,23,40,1654.2,0.0418522
19,23,41,1636.25,0.0382071
19,23,42,1618.29,0.0334399
19,23,43,1603.05,0.0279366
19,23,44,1591.86,0.0222448
19,23,45,1583.46,0.01692
19,23,46,1573.5,0.0123781
19,23,47,1555.42,0.00879791
19,23,48,1522.2,0.00611444
19,23,49,1469.33,0.00415866
19,24,0,2895.77,0.37183
19,24,1,3077.08,0.44471
19,24,2,3181.42,0.499892
19,24,3,3221.43,0.532865
19,24,4,3213.68,0.543491
19,24,5,3175.46,0.535301
19,24,6,3121.68,0.513768
19,24,7,3061.96,0.484585
19,24,8,2999.2,0.452309
19,24,9,2931.09,0.419242
19,24,10,2853.63,0.385562
19,24,11,2763.51,0.350403
19,24,12,2661.54,0.313835
19,24,13,2550.11,0.277258
19,24,14,2434.27,0.243929
19,24,15,2319.25,0.217373
19,24,16,2209.74,0.199587
19,24,17,2108.39,0.189982
19,24,18,2016.01,0.185441
19,24,19,1932.36,0.182032
19,24,20,1857.9,0.176857
19,24,21,1794.27,0.169153
19,24,22,1743.82,0.15983
19,24,23,1708.4,0.150408
19,24,24,1688.01,0.141913
19,24,25,1680.2,0.134678
19,24,26,1680.85,0.1284
19,24,27,1685.53,0.122781
19,24,28,1690.52,0.117575
19,24,29,1693.27,0.112384
19,24,30,1692.71,0.106679
19,24,31,1689.15,0.0998817
19,24,32,1684.24,0.0918252
19,24,33,1680.41,0.0831216
19,24,34,1679.69,0.0748851
19,24,35,1682.85,0.0681527
19,24,36,1688.7,0.063242
19,24,37,1694.61,0.0598063
19,24,38,1697.63,0.0569027
19,24,39,1695.77,0.0536284
19,24,40,1688.16,0.0493358
19,24,41,1676.15,0.0438419
19,24,42,1662.06,0.0373962
19,24,43,1648.54,0.0305537
19,24,44,1637.25,0.0239282
19,24,45,1627.48,0.0180385
19,24,46,1615.34,0.013203
19,24,47,1594.49,0.00948084
19,24,48,1557.9,0.0067079
19,24,49,1500.93,0.00465652
19,25,0,2902.49,0.358398
19,25,1,3088.03,0.430495
19,25,2,3196.59,0.48636
19,25,3,3240.76,0.52166
19,25,4,3237.11,0.536263
19,25,5,3202.86,0.53365
19,25,6,3152.81,0.51914
19,25,7,3096.41,0.497999
19,25,8,3036.26,0.473976
19,25,9,2969.81,0.44827
19,25,10,2893.05,0.419971
19,25,11,2803.11,0.387663
19,25,12,2701.54,0.351579
19,25,13,2591.79,0.314012
19,25,14,2479.59,0.279291
19,25,15,2370.16,0.251817
19,25,16,2267.42,0.233907
19,25,17,2172.84,0.224795
19,25,18,2086,0.220834
19,25,19,2006,0.217674
19,25,20,1933.16,0.212251
19,25,21,1869.49,0.204042
19,25,22,1817.84,0.194377
19,25,23,1780.45,0.185146
19,25,24,1757.55,0.177467
19,25,25,1746.84,0.171507
19,25,26,1744.46,0.166567
19,25,27,1746.13,0.161917
19,25,28,1748.09,0.156988
19,25,29,1747.41,0.151169
19,25,30,1742.29,0.143837
19,25,31,1732.41,0.134447
19,25,32,1719.39,0.122977
19,25,33,1706.52,0.110372
19,25,34,1697.46,0.0981617
19,25,35,1694.77,0.0877642
19,25,36,1698.45,0.0796966
19,25,37,1706.04,0.0736006
19,25,38,1713.81,0.0683639
19,25,39,1718.46,0.0629347
19,25,40,1717.63,0.0565928
19,25,41,1711.53,0.0492297
19,25,42,1701.72,0.041229
19,25,43,1690.61,0.0332886
19,25,44,1680,0.0260414
19,25,45,1669.51,0.0199007
19,25,46,1655.59,0.0150126
19,25,47,1632.07,0.0112645
19,25,48,1591.99,0.00837681
19,25,49,1530.7,0.00608797
19,26,0,2900.84,0.34258
19,26,1,3089.9,0.412303
19,26,2,3202.23,0.467101
19,26,3,3250.4,0.503126
19,26,4,3251.02,0.520613
19,26,5,3221.33,0.523263
19,26,6,3176.03,0.516343
19,26,7,3124.31,0.504565
19,26,8,3068.37,0.490589
19,26,9,3005.3,0.474191
19,26,10,2930.98,0.453143
19,26,11,2843,0.42537
19,26,12,2743.72,0.391238
19,26,13,2637.75,0.353847
19,26,14,2531.6,0.318464
19,26,15,2430.47,0.290216
19,26,16,2337.22,0.271681
19,26,17,2251.73,0.26207
19,26,18,2172.02,0.257564
19,26,19,2096.38,0.253826
19,26,20,2025.04,0.247972
19,26,21,1960.59,0.239865
19,26,22,1906.74,0.231186
19,26,23,1866.31,0.223943
19,26,24,1839.78,0.219019
19,26,25,1824.98,0.216062
19,26,26,1818.19,0.213687
19,26,27,1815.36,0.210546
19,26,28,1812.86,0.205713
19,26,29,1807.64,0.198478
19,26,30,1797.35,0.188351
19,26,31,1781.03,0.175059
19,26,32,1760.02,0.158919
19,26,33,1738.02,0.141284
19,26,34,1719.91,0.124083
19,26,35,1709.84,0.109068
19,26,36,1709.14,0.0969425
19,26,37,1715.89,0.0873804
19,26,38,1726.01,0.079163
19,26,39,1735.2,0.0711408
19,26,40,1739.83,0.0625412
19,26,41,1738.97,0.0533258
19,26,42,1733.41,0.0439825
19,26,43,1725.16,0.0353153
19,26,44,1716,0.0279192
19,26,45,1705.65,0.0220231
19,26,46,1690.7,0.0175084
19,26,47,1665.05,0.0140181
19,26,48,1621.85,0.0111216
19,26,49,1556.54,0.00853625
19,27,0,2889.25,0.326051
19,27,1,3080.49,0.391175
19,27,2,3195.43,0.442305
19,27,3,3246.65,0.476573
19,27,4,3250.92,0.495073
19,27,5,3225.6,0.502028
19,27,6,3185.39,0.502681
19,27,7,3139.28,0.500999
19,27,8,3089.03,0.498269
19,27,9,3031.29,0.492619
19,27,10,2961.8,0.480414
19,27,11,2878.45,0.458871
19,27,12,2784.31,0.42843
19,27,13,2685.08,0.392768
19,27,14,2587.88,0.357813
19,27,15,2497.71,0.329154
19,27,16,2416.18,0.309571
19,27,17,2341.36,0.298449
19,27,18,2269.66,0.29224
19,27,19,2198.57,0.287106
19,27,20,2128.41,0.280695
19,27,21,2062.63,0.273378
19,27,22,2006,0.267089
19,27,23,1962.02,0.263698
19,27,24,1931.42,0.263553
19,27,25,1911.92,0.265488
19,27,26,1899.8,0.267169
19,27,27,1891.15,0.266428
19,27,28,1882.61,0.261893
19,27,29,1871.29,0.2528
19,27,30,1854.64,0.238981
19,27,31,1831.36,0.2207
19,27,32,1802.49,0.198856
19,27,33,1771.84,0.17533
19,27,34,1744.96,0.152428
19,27,35,1727.11,0.132133
19,27,36,1720.72,0.115261
19,27,37,1724.6,0.101526
19,27,38,1734.69,0.089678
19,27,39,1746.16,0.0785622
19,27,40,1754.41,0.0674215
19,27,41,1757.66,0.0563148
19,27,42,1755.92,0.0458105
19,27,43,1750.77,0.0367688
19,27,44,1743.75,0.0296832
19,27,45,1734.47,0.0245205
19,27,46,1719.44,0.0208082
19,27,47,1692.5,0.0178725
19,27,48,1646.85,0.0150911
19,27,49,1578.08,0.0121626
19,28,0,2867.29,0.31093
19,28,1,3058.81,0.369463
19,28,2,3174.58,0.414432
19,28,3,3227.22,0.444435
19,28,4,3233.75,0.461883
19,28,5,3211.83,0.471752
19,28,6,3176.36,0.479227
19,28,7,3136.22,0.487335
19,28,8,3092.82,0.495824
19,28,9,3042.37,0.501156
19,28,10,2980.34,0.498401
19,28,11,2904.74,0.48415
19,28,12,2819.09,0.458863
19,28,13,2729.82,0.426491
19,28,14,2644.37,0.393246
19,28,15,2567.36,0.364872
19,28,16,2499.05,0.344264
19,28,17,2435.8,0.331153
19,28,18,2372.59,0.322648
19,28,19,2306.32,0.315792
19,28,20,2237.55,0.309019
19,28,21,2170.66,0.303236
19,28,22,2111.44,0.300508
19,28,23,2064.06,0.302363
19,28,24,2029.41,0.308441
19,28,25,2005.01,0.316624
19,28,26,1986.99,0.323524
19,28,27,1971.5,0.326045
19,28,28,1955.51,0.322271
19,28,29,1936.5,0.311357
19,28,30,1912.16,0.293544
19,28,31,1881.26,0.269816
19,28,32,1844.75,0.241867
19,28,33,1806.42,0.212207
19,28,34,1771.93,0.183473
19,28,35,1746.98,0.15773
19,28,36,1734.63,0.135776
19,28,37,1734.32,0.117333
19,28,38,1742.32,0.101208
19,28,39,1753.74,0.0863777
19,28,40,1763.55,0.0722263
19,28,41,1769.44,0.0589803
19,28,42,1770.82,0.0472853
19,28,43,1768.79,0.0380126
19,28,44,1764.52,0.0314994
19,28,45,1757.24,0.0273928
19,28,46,1743.12,0.0247977
19,28,47,1715.82,0.0226627
19,28,48,1668.47,0.0201258
19,28,49,1596.84,0.0168473
19,29,0,2836.37,0.298788
19,29,1,3026.08,0.349853
19,29,2,3140.64,0.387341
19,29,3,3192.7,0.411578
19,29,4,3199.62,0.426499
19,29,5,3179.52,0.437879
19,29,6,3147.66,0.450732
19,29,7,3113.06,0.467035
19,29,8,3076.88,0.485051
19,29,9,3035.01,0.499852
19,29,10,2982.56,0.505598
19,29,11,2917.47,0.498501
19,29,12,2843.35,0.479039
19,29,13,2766.89,0.45114
19,29,14,2695.44,0.420906
19,29,15,2633.01,0.39391
19,29,16,2578.64,0.373033
19,29,17,2527.33,0.358402
19,29,18,2473.07,0.34799
19,29,19,2412.44,0.339894
19,29,20,2346.27,0.33341
19,29,21,2279.62,0.329895
19,29,22,2219.01,0.331403
19,29,23,2169.05,0.339
19,29,24,2130.71,0.351598
19,29,25,2101.4,0.366228
19,29,26,2077.14,0.378579
19,29,27,2054.18,0.384713
19,29,28,2029.83,0.382157
19,29,29,2002.08,0.369914
19,29,30,1969.16,0.348582
19,29,31,1930.3,0.319883
19,29,32,1886.7,0.28638
19,29,33,1842.03,0.251225
19,29,34,1801.71,0.217297
19,29,35,1771.14,0.186559
19,29,36,1753.4,0.159616
19,29,37,1748.31,0.136153
19,29,38,1752.66,0.115142
19,29,39,1761.99,0.0958691
19,29,40,1771.38,0.0780496
19,29,41,1778.41,0.0621951
19,29,42,1782.16,0.0490476
19,29,43,1783.25,0.0394454
19,29,44,1782.34,0.0335192
19,29,45,1777.98,0.0305608
19,29,46,1765.78,0.0292166
19,29,47,1738.95,0.0280256
19,29,48,1690.5,0.0258461
19,29,49,1616.32,0.0222622
19,30,0,2799.4,0.290449
19,30,1,2985.5,0.334703
19,30,2,3097.03,0.365098
19,30,3,3146.69,0.383574
19,30,4,3152.11,0.395456
19,30,5,3131.96,0.407154
19,30,6,3102,0.423373
19,30,7,3071.56,0.445079
19,30,8,3041.85,0.469366
19,30,9,3008.58,0.490471
19,30,10,2966.58,0.502234
19,30,11,2913.54,0.500872
19,30,12,2852.86,0.486939
19,30,13,2790.95,0.464127
19,30,14,2734.69,0.438079
19,30,15,2687.32,0.413893
19,30,16,2646.94,0.394238
19,30,17,2607.66,0.379524
19,30,18,2563.02,0.368539
19,30,19,2509.55,0.360377
19,30,20,2448.22,0.355099
19,30,21,2384.3,0.354355
19,30,22,2324.43,0.360053
19,30,23,2273.27,0.372758
19,30,24,2231.81,0.390783
19,30,25,2197.55,0.410608
19,30,26,2166.75,0.427377
19,30,27,2136.02,0.436635
19,30,28,2103.12,0.435503
19,30,29,2066.6,0.422775
19,30,30,2025.34,0.39923
19,30,31,1979.25,0.36714
19,30,32,1929.9,0.329776
19,30,33,1880.86,0.290792
19,30,34,1836.93,0.253127
19,30,35,1802.68,0.218447
19,30,36,1780.65,0.186999
19,30,37,1770.76,0.158411
19,30,38,1770.42,0.131965
19,30,39,1776.02,0.107495
19,30,40,1783.25,0.0852823
19,30,41,1790.11,0.0662757
19,30,42,1795.6,0.051347
19,30,43,1799.93,0.0412534
19,30,44,1803.03,0.0358545
19,30,45,1802.52,0.0340503
19,30,46,1793.11,0.0340035
19,30,47,1767.37,0.0338296
19,30,48,1718.01,0.0320803
19,30,49,1641.05,0.0282285
19,31,0,2759.72,0.285642
19,31,1,2941.24,0.32512
19,31,2,3048.86,0.350429
19,31,3,3095.13,0.364657
19,31,4,3097.88,0.374044
19,31,5,3076.14,0.385274
19,31,6,3046.13,0.402599
19,31,7,3017.66,0.426163
19,31,8,2992.29,0.452422
19,31,9,2965.94,0.475532
19,31,10,2933.37,0.489733
19,31,11,2892.05,0.491725
19,31,12,2844.93,0.48226
19,31,13,2797.77,0.464671
19,31,14,2756.64,0.443856
19,31,15,2723.93,0.424134
19,31,16,2697.07,0.407674
19,31,17,2669.82,0.394881
19,31,18,2635.72,0.38511
19,31,19,2591.45,0.378229
19,31,20,2537.87,0.374886
19,31,21,2479.92,0.376875
19,31,22,2423.6,0.385866
19,31,23,2373.06,0.40197
19,31,24,2329.19,0.423117
19,31,25,2289.89,0.445647
19,31,26,2252.19,0.464693
19,31,27,2213.55,0.475785
19,31,28,2172.48,0.475932
19,31,29,2128.15,0.46373
19,31,30,2080.05,0.439892
19,31,31,2028.73,0.406885
19,31,32,1976.03,0.368324
19,31,33,1925.28,0.328041
19,31,34,1880.38,0.288786
19,31,35,1844.71,0.251727
19,31,36,1819.89,0.21664
19,31,37,1805.7,0.183122
19,31,38,1800.22,0.150941
19,31,39,1801,0.120727
19,31,40,1804.81,0.0935753
19,31,41,1810.52,0.0710376
19,31,42,1817.37,0.0541582
19,31,43,1825.24,0.0435654
19,31,44,1833.11,0.0387652
19,31,45,1837.36,0.0382058
19,31,46,1831.49,0.0395273
19,31,47,1807.14,0.0404057
19,31,48,1756.61,0.0390749
19,31,49,1676,0.034892
19,32,0,2719.86,0.283065
19,32,1,2897.1,0.320535
19,32,2,3001.26,0.343763
19,32,3,3044.61,0.356294
19,32,4,3044.82,0.364578
19,32,5,3020.92,0.375067
19,32,6,2989.31,0.39141
19,32,7,2960.25,0.413214
19,32,8,2936.01,0.436946
19,32,9,2913.22,0.457512
19,32,10,2887.1,0.470296
19,32,11,2855.11,0.472969
19,32,12,2819.78,0.46662
19,32,13,2786.03,0.45416
19,32,14,2758.86,0.439494
19,32,15,2739.76,0.425847
19,32,16,2725.64,0.414527
19,32,17,2710.28,0.405551
19,32,18,2687.57,0.398501
19,32,19,2654.43,0.393757
19,32,20,2611.44,0.392417
19,32,21,2562.61,0.396358
19,32,22,2512.65,0.407003
19,32,23,2464.62,0.424115
19,32,24,2419.08,0.445468
19,32,25,2374.61,0.46766
19,32,26,2329.53,0.486328
19,32,27,2282.82,0.497526
19,32,28,2234.23,0.498521
19,32,29,2183.74,0.487802
19,32,30,2131.4,0.46581
19,32,31,2078.09,0.434815
19,32,32,2025.61,0.39829
19,32,33,1976.65,0.359809
19,32,34,1933.96,0.321597
19,32,35,1899.46,0.28413
19,32,36,1873.68,0.246642
19,32,37,1856.16,0.208758
19,32,38,1845.64,0.170911
19,32,39,1841.08,0.134761
19,32,40,1840.7,0.102453
19,32,41,1844.67,0.0763019
19,32,42,1852.76,0.0575889
19,32,43,1864.56,0.0467789
19,32,44,1877.94,0.0429253
19,32,45,1887.72,0.0439218
19,32,46,1885.84,0.0468001
19,32,47,1862.8,0.0487498
19,32,48,1810.38,0.0476847
19,32,49,1724.7,0.0428912
19,33,0,2681.22,0.281136
19,33,1,2855.71,0.319322
19,33,2,2958.28,0.34364
19,33,3,3000.65,0.357365
19,33,4,2999.93,0.366398
19,33,5,2974.64,0.37641
19,33,6,2940.87,0.39029
19,33,7,2909.1,0.407398
19,33,8,2882.51,0.424818
19,33,9,2859.05,0.43896
19,33,10,2835.02,0.446988
19,33,11,2808.45,0.447954
19,33,12,2781.69,0.443405
19,33,13,2758.8,0.435791
19,33,14,2743.61,0.42782
19,33,15,2736.54,0.421324
19,33,16,2734.02,0.416397
19,33,17,2730.03,0.412315
19,33,18,2718.97,0.408582
19,33,19,2698.08,0.405919
19,33,20,2667.56,0.405829
19,33,21,2630.13,0.410334
19,33,22,2588.7,0.420694
19,33,23,2544.77,0.436454
19,33,24,2498.35,0.45541
19,33,25,2448.73,0.474672
19,33,26,2395.95,0.490739
19,33,27,2341.06,0.500598
19,33,28,2285.65,0.502097
19,33,29,2230.92,0.493786
19,33,30,2177.47,0.475753
19,33,31,2126.22,0.449777
19,33,32,2078.35,0.418719
19,33,33,2035.43,0.385397
19,33,34,1998.61,0.35112
19,33,35,1968.24,0.315445
19,33,36,1943.65,0.277011
19,33,37,1924.13,0.235546
19,33,38,1909.13,0.192303
19,33,39,1899.19,0.150197
19,33,40,1894.3,0.112643
19,33,41,1896.25,0.0829003
19,33,42,1905.59,0.0625967
19,33,43,1921.67,0.0520328
19,33,44,1941.07,0.049704
19,33,45,1956.78,0.0527861
19,33,46,1958.96,0.0575374
19,33,47,1936.8,0.0605481
19,33,48,1881.41,0.0593989
19,33,49,1788.9,0.0534014
19,34,0,2644.53,0.279355
19,34,1,2818.62,0.320435
19,34,2,2922.4,0.348525
19,34,3,2966.77,0.366059
19,34,4,2967.91,0.377756
19,34,5,2943.27,0.388022
19,34,6,2908.08,0.398813
19,34,7,2872.64,0.409448
19,34,8,2841.05,0.418071
19,34,9,2812.93,0.423121
19,34,10,2786.35,0.42397
19,34,11,2760.59,0.42132
19,34,12,2738.3,0.417249
19,34,13,2722.92,0.413717
19,34,14,2717.01,0.412122
19,34,15,2719.78,0.412708
19,34,16,2727.09,0.414152
19,34,17,2733.08,0.414791
19,34,18,2732.77,0.413899
19,34,19,2723.82,0.412477
19,34,20,2706.02,0.412475
19,34,21,2680.75,0.416183
19,34,22,2648.88,0.424809
19,34,23,2610.1,0.437772
19,34,24,2563.62,0.452965
19,34,25,2509.31,0.46806
19,34,26,2449.04,0.480525
19,34,27,2386.31,0.488444
19,34,28,2325.06,0.490468
19,34,29,2268.15,0.485426
19,34,30,2216.92,0.473157
19,34,31,2172.03,0.454854
19,34,32,2133.5,0.432436
19,34,33,2101.17,0.407512
19,34,34,2074.19,0.380041
19,34,35,2051.08,0.348384
19,34,36,2030.02,0.310497
19,34,37,2010.08,0.266247
19,34,38,1991.52,0.217825
19,34,39,1976.6,0.1696
19,34,40,1967.33,0.126485
19,34,41,1967.29,0.092906
19,34,42,1977.99,0.0710098
19,34,43,1998.53,0.0609827
19,34,44,2024.07,0.0606696
19,34,45,2045.64,0.0663229
19,34,46,2051.45,0.0732012
19,34,47,2029.32,0.077128
19,34,48,1969.64,0.0753267
19,34,49,1868.46,0.0672596
19,35,0,2611.91,0.278214
19,35,1,2788.07,0.323634
19,35,2,2895.91,0.357398
19,35,3,2945.34,0.380775
19,35,4,2951.33,0.3969
19,35,5,2929.89,0.40856
19,35,6,2894.94,0.416617
19,35,7,2856.21,0.420403
19,35,8,2818.42,0.419322
19,35,9,2782.93,0.414059
19,35,10,2749.99,0.406348
19,35,11,2720.77,0.398605
19,35,12,2698.78,0.393454
19,35,13,2687.17,0.392372
19,35,14,2687.34,0.395489
19,35,15,2697.16,0.401513
19,35,16,2711.71,0.407776
19,35,17,2725.24,0.411735
19,35,18,2733.4,0.412447
19,35,19,2734.34,0.411201
19,35,20,2727.68,0.410414
19,35,21,2713.54,0.412711
19,35,22,2690.89,0.419313
19,35,23,2657.61,0.429537
19,35,24,2611.92,0.44132
19,35,25,2554.07,0.452755
19,35,26,2487.55,0.462138
19,35,27,2418.29,0.468594
19,35,28,2352.86,0.471668
19,35,29,2296.14,0.470715
19,35,30,2250.38,0.465596
19,35,31,2215.86,0.457031
19,35,32,2191,0.445849
19,35,33,2173.41,0.432092
19,35,34,2159.83,0.413962
19,35,35,2146.83,0.388306
19,35,36,2131.49,0.352259
19,35,37,2112.79,0.305802
19,35,38,2091.92,0.252129
19,35,39,2072.97,0.197241
19,35,40,2060.01,0.147775
19,35,41,2058.49,0.109583
19,35,42,2070.87,0.0855557
19,35,43,2095.97,0.0758655
19,35,44,2127.48,0.0776493
19,35,45,2154.4,0.0860333
19,35,46,2163.06,0.0950325
19,35,47,2139.89,0.0995129
19,35,48,2074.53,0.0962996
19,35,49,1962.88,0.0851213
19,36,0,2587.56,0.279469
19,36,1,2767.74,0.330126
19,36,2,2881.73,0.370723
19,36,3,2938.41,0.401294
19,36,4,2951.43,0.423238
19,36,5,2935.25,0.437559
19,36,6,2902.28,0.443903
19,36,7,2861.33,0.441576
19,36,8,2817.41,0.431202
19,36,9,2773.38,0.415627
19,36,10,2731.69,0.398816
19,36,11,2695.75,0.384767
19,36,12,2670.38,0.376588
19,36,13,2658.86,0.375335
19,36,14,2661.58,0.380114
19,36,15,2675.13,0.388442
19,36,16,2693.65,0.396706
19,36,17,2711.38,0.401815
19,36,18,2724.56,0.402747
19,36,19,2731.97,0.401067
19,36,20,2733.27,0.399567
19,36,21,2727.72,0.401134
19,36,22,2712.72,0.406957
19,36,23,2684.6,0.416167
19,36,24,2640.63,0.426593
19,36,25,2581.17,0.436462
19,36,26,2510.93,0.44461
19,36,27,2437.94,0.450998
19,36,28,2371.18,0.456082
19,36,29,2317.61,0.459996
19,36,30,2280.47,0.462975
19,36,31,2259.55,0.465497
19,36,32,2251.49,0.467303
19,36,33,2251.39,0.466645
19,36,34,2253.46,0.459637
19,36,35,2252.41,0.441332
19,36,36,2244.41,0.40788
19,36,37,2228.51,0.359309
19,36,38,2206.95,0.299835
19,36,39,2185.59,0.237221
19,36,40,2170.52,0.180045
19,36,41,2168.86,0.135839
19,36,42,2183.94,0.108488
19,36,43,2214.15,0.0982784
19,36,44,2251.69,0.10163
19,36,45,2283.6,0.112389
19,36,46,2294.39,0.123132
19,36,47,2269.23,0.127597
19,36,48,2196.95,0.122164
19,36,49,2073.19,0.106888
19,37,0,2576.64,0.28529
19,37,1,2761.77,0.341764
19,37,2,2882.59,0.38974
19,37,3,2947.09,0.428097
19,37,4,2967.74,0.456593
19,37,5,2957.54,0.4745
19,37,6,2927.39,0.480271
19,37,7,2885.15,0.473113
19,37,8,2835.77,0.454685
19,37,9,2783.24,0.429657
19,37,10,2731.93,0.403855
19,37,11,2687.39,0.382542
19,37,12,2656,0.369203
19,37,13,2641.44,0.364591
19,37,14,2643.4,0.367217
19,37,15,2657.3,0.374011
19,37,16,2676.38,0.381064
19,37,17,2694.73,0.385209
19,37,18,2709.1,0.385514
19,37,19,2718.9,0.383701
19,37,20,2724.14,0.382688
19,37,21,2723.65,0.385393
19,37,22,2713.86,0.39283
19,37,23,2690,0.403817
19,37,24,2648.64,0.415887
19,37,25,2590.14,0.427108
19,37,26,2519.92,0.436538
19,37,27,2447.48,0.444742
19,37,28,2383.61,0.453068
19,37,29,2336.9,0.462616
19,37,30,2311.34,0.474292
19,37,31,2306.18,0.488538
19,37,32,2316.28,0.504059
19,37,33,2334.37,0.517217
19,37,34,2352.45,0.521891
19,37,35,2363.68,0.511218
19,37,36,2363.69,0.480303
19,37,37,2351.85,0.4292
19,37,38,2331.47,0.363141
19,37,39,2310.03,0.29169
19,37,40,2295.37,0.225458
19,37,41,2295.98,0.173777
19,37,42,2315.76,0.141683
19,37,43,2352.52,0.129684
19,37,44,2396.9,0.133531
19,37,45,2434.08,0.145772
19,37,46,2446.9,0.157478
19,37,47,2419.34,0.161186
19,37,48,2339.42,0.152773
19,37,49,2202.31,0.132594
19,38,0,2583.26,0.297955
19,38,1,2773.11,0.360758
19,38,2,2899.93,0.416153
19,38,3,2971.14,0.46201
19,38,4,2998.28,0.496732
19,38,5,2993.15,0.5182
19,38,6,2965.42,0.523952
19,38,7,2922.03,0.513139
19,38,8,2867.76,0.488219
19,38,9,2807.31,0.455174
19,38,10,2746.58,0.421101
19,38,11,2692.93,0.392056
19,38,12,2654.15,0.371728
19,38,13,2634.46,0.360739
19,38,14,2633.08,0.35753
19,38,15,2644.57,0.359175
19,38,16,2661.37,0.362207
19,38,17,2677.35,0.363885
19,38,18,2689.62,0.363481
19,38,19,2698.14,0.362673
19,38,20,2703.4,0.364163
19,38,21,2704.29,0.370571
19,38,22,2696.94,0.38254
19,38,23,2676.2,0.398452
19,38,24,2638.3,0.415388
19,38,25,2583.64,0.43103
19,38,26,2517.95,0.444424
19,38,27,2451.37,0.456541
19,38,28,2395.52,0.469555
19,38,29,2359.78,0.485596
19,38,30,2348.3,0.506336
19,38,31,2359.65,0.532235
19,38,32,2387.2,0.560994
19,38,33,2421.86,0.587136
19,38,34,2454.1,0.602422
19,38,35,2476.25,0.598255
19,38,36,2483.87,0.568863
19,38,37,2476.91,0.514416
19,38,38,2459.71,0.441137
19,38,39,2441.07,0.360268
19,38,40,2430.17,0.284303
19,38,41,2436.44,0.224277
19,38,42,2463.98,0.186373
19,38,43,2509.74,0.171391
19,38,44,2562.73,0.174548
19,38,45,2606.37,0.18723
19,38,46,2621.98,0.19908
19,38,47,2592.55,0.201406
19,38,48,2505.22,0.189472
19,38,49,2354.34,0.163777
19,39,0,2609.08,0.318586
19,39,1,2802.48,0.388101
19,39,2,2933.31,0.450388
19,39,3,3008.85,0.502454
19,39,4,3040.03,0.541801
19,39,5,3037.83,0.565557
19,39,6,3010.96,0.570916
19,39,7,2965.67,0.557205
19,39,8,2906.61,0.527445
19,39,9,2838.97,0.488282
19,39,10,2769.79,0.447324
19,39,11,2707.74,0.410827
19,39,12,2661.68,0.382493
19,39,13,2636.22,0.363018
19,39,14,2630.25,0.351312
19,39,15,2637.72,0.345315
19,39,16,2650.53,0.342639
19,39,17,2662.37,0.341363
19,39,18,2670.47,0.340996
19,39,19,2675.15,0.34292
19,39,20,2677.4,0.349278
19,39,21,2676.51,0.362083
19,39,22,2669.03,0.381433
19,39,23,2650.17,0.405209
19,39,24,2616.42,0.429981
19,39,25,2568.35,0.452935
19,39,26,2511.66,0.472957
19,39,27,2456.37,0.491239
19,39,28,2413.76,0.510602
19,39,29,2392.85,0.53402
19,39,30,2397.19,0.563769
19,39,31,2424.45,0.600196
19,39,32,2466.94,0.640036
19,39,33,2514.62,0.676249
19,39,34,2557.42,0.69898
19,39,35,2587.71,0.698506
19,39,36,2601.61,0.668678
19,39,37,2599.85,0.610024
19,39,38,2587.69,0.529688
19,39,39,2574.88,0.440198
19,39,40,2571.44,0.355427
19,39,41,2587.18,0.287657
19,39,42,2625.98,0.243989
19,39,43,2683.6,0.225534
19,39,44,2747.34,0.227204
19,39,45,2798.96,0.239537
19,39,46,2818.65,0.250959
19,39,47,2788.62,0.251534
19,39,48,2695.19,0.235717
19,39,49,2531.38,0.203864
19,40,0,2651.03,0.346987
19,40,1,2846.46,0.423426
19,40,2,2979,0.491608
19,40,3,3056.09,0.547798
19,40,4,3088.42,0.589151
19,40,5,3086.42,0.61289
19,40,6,3058.23,0.616667
19,40,7,3009.73,0.600345
19,40,8,2945.61,0.567291
19,40,9,2871.55,0.524099
19,40,10,2795.45,0.478063
19,40,11,2726.84,0.435025
19,40,12,2675.1,0.398533
19,40,13,2644.83,0.36959
19,40,14,2634.53,0.348048
19,40,15,2637.76,0.333268
19,40,16,2646.16,0.324365
19,40,17,2653.37,0.32046
19,40,18,2656.64,0.321261
19,40,19,2656.38,0.327669
19,40,20,2653.94,0.341033
19,40,21,2649.23,0.362546
19,40,22,2639.77,0.391653
19,40,23,2621.85,0.42575
19,40,24,2592.75,0.460925
19,40,25,2553.46,0.493882
19,40,26,2509.42,0.523267
19,40,27,2469.81,0.550274
19,40,28,2444.57,0.578021
19,40,29,2441.25,0.609875
19,40,30,2462.03,0.648267
19,40,31,2503.44,0.693148
19,40,32,2557.21,0.740372
19,40,33,2613.27,0.781851
19,40,34,2662.08,0.807005
19,40,35,2696.96,0.805986
19,40,36,2715.12,0.773056
19,40,37,2718.27,0.709484
19,40,38,2712.46,0.623186
19,40,39,2707.95,0.527361
19,40,40,2715.03,0.436414
19,40,41,2743.42,0.363139
19,40,42,2796.24,0.315132
19,40,43,2867.78,0.293799
19,40,44,2943.56,0.294043
19,40,45,3004.06,0.305963
19,40,46,3028.82,0.317021
19,40,47,2999.8,0.315966
19,40,48,2902.55,0.296111
19,40,49,2728.29,0.257297
19,41,0,2705.63,0.381359
19,41,1,2901.86,0.46473
19,41,2,3034.19,0.537599
19,41,3,3110.47,0.595574
19,41,4,3141.37,0.636019
19,41,5,3137.07,0.657138
19,41,6,3105.43,0.657866
19,41,7,3052.36,0.638988
19,41,8,2982.89,0.603997
19,41,9,2903.36,0.558758
19,41,10,2822.4,0.509494
19,41,11,2749.95,0.461142
19,41,12,2695.33,0.417021
19,41,13,2662.54,0.378679
19,41,14,2649.41,0.347255
19,41,15,2649.26,0.323846
19,41,16,2653.74,0.30921
19,41,17,2656.67,0.303539
19,41,18,2655.34,0.3067
19,41,19,2650.08,0.319049
19,41,20,2642.47,0.341097
19,41,21,2633.12,0.373173
19,41,22,2620.84,0.414046
19,41,23,2603.44,0.460705
19,41,24,2579.4,0.508834
19,41,25,2550.3,0.554709
19,41,26,2521.18,0.596635
19,41,27,2499.89,0.635488
19,41,28,2494.34,0.674121
19,41,29,2509.82,0.715601
19,41,30,2546.54,0.761874
19,41,31,2599.8,0.812182
19,41,32,2661.07,0.861711
19,41,33,2721.03,0.902107
19,41,34,2771.52,0.92327
19,41,35,2807.57,0.916491
19,41,36,2827.88,0.87741
19,41,37,2835.26,0.808449
19,41,38,2836.33,0.71806
19,41,39,2841.52,0.619332
19,41,40,2860.89,0.526159
19,41,41,2903.5,0.450952
19,41,42,2971.26,0.401269
19,41,43,3056.73,0.378761
19,41,44,3143.88,0.378604
19,41,45,3212.4,0.390852
19,41,46,3241.98,0.402177
19,41,47,3214.96,0.399854
19,41,48,3116.37,0.375656
19,41,49,2935.27,0.328536
19,42,0,2767.73,0.417642
19,42,1,2964.11,0.507625
19,42,2,3095.08,0.584039
19,42,3,3169.02,0.641897
19,42,4,3196.7,0.679185
19,42,5,3188.27,0.695739
19,42,6,3151.64,0.692378
19,42,7,3093.09,0.671054
19,42,8,3018.36,0.635183
19,42,9,2934.69,0.5894
19,42,10,2851.4,0.538362
19,42,11,2778.43,0.485862
19,42,12,2724.4,0.435046
19,42,13,2692.08,0.388221
19,42,14,2678.31,0.347978
19,42,15,2676.13,0.317166
19,42,16,2677.51,0.298049
19,42,17,2676.7,0.291763
19,42,18,2671.17,0.298307
19,42,19,2661.27,0.317582
19,42,20,2648.75,0.349396
19,42,21,2634.92,0.393342
19,42,22,2619.99,0.447582
19,42,23,2603.34,0.508796
19,42,24,2584.78,0.572341
19,42,25,2566.45,0.634105
19,42,26,2552.89,0.6919
19,42,27,2550.45,0.745871
19,42,28,2564.69,0.797934
19,42,29,2598.39,0.850058
19,42,30,2649.59,0.903055
19,42,31,2712.33,0.955223
19,42,32,2778.11,1.00145
19,42,33,2838.77,1.03406
19,42,34,2888.01,1.04473
19,42,35,2922.88,1.02714
19,42,36,2943.73,0.979194
19,42,37,2954.44,0.904756
19,42,38,2962.06,0.812492
19,42,39,2976.88,0.714597
19,42,40,3008.3,0.623471
19,42,41,3064.32,0.550336
19,42,42,3145.32,0.502226
19,42,43,3242.11,0.480955
19,42,44,3337.53,0.482145
19,42,45,3411.25,0.496026
19,42,46,3443.92,0.50851
19,42,47,3418.87,0.505187
19,42,48,3320.95,0.475946
19,42,49,3136.88,0.418633
19,43,0,2831.19,0.449644
19,43,1,3027.53,0.545388
19,43,2,3156.72,0.624406
19,43,3,3227.64,0.681152
19,43,4,3251.26,0.714368
19,43,5,3237.82,0.72574
19,43,6,3195.56,0.718124
19,43,7,3131.41,0.694651
19,43,8,3052.17,0.658511
19,43,9,2966.14,0.612937
19,43,10,2883.27,0.560953
19,43,11,2813.14,0.50531
19,43,12,2763.11,0.449168
19,43,13,2734.13,0.395709
19,43,14,2721.76,0.348881
19,43,15,2718.76,0.312993
19,43,16,2717.52,0.291406
19,43,17,2713.02,0.285934
19,43,18,2703.21,0.296701
19,43,19,2688.69,0.323356
19,43,20,2671.56,0.365301
19,43,21,2653.86,0.421664
19,43,22,2637.06,0.490158
19,43,23,2621.92,0.567263
19,43,24,2609.25,0.648059
19,43,25,2601.57,0.728056
19,43,26,2602.81,0.804377
19,43,27,2617.83,0.876029
19,43,28,2650.02,0.943347
19,43,29,2699.83,1.00651
19,43,30,2763.33,1.0647
19,43,31,2833.5,1.11522
19,43,32,2902.01,1.15313
19,43,33,2961.98,1.17238
19,43,34,3008.95,1.16748
19,43,35,3041.89,1.13543
19,43,36,3062.63,1.07691
19,43,37,3075.93,0.997312
19,43,38,3089.12,0.905123
19,43,39,3112.1,0.81107
19,43,40,3153.42,0.725427
19,43,41,3219.78,0.657756
19,43,42,3309.98,0.614258
19,43,43,3413.4,0.5968
19,43,44,3512.4,0.601396
19,43,45,3587.38,0.618381
19,43,46,3620.55,0.632762
19,43,47,3596.58,0.628277
19,43,48,3500.37,0.592812
19,43,49,3316.48,0.523181
19,44,0,2887.74,0.469998
19,44,1,3084.03,0.569828
19,44,2,3211.38,0.650524
19,44,3,3279.19,0.706021
19,44,4,3298.63,0.735646
19,44,5,3280.18,0.742631
19,44,6,3232.54,0.731527
19,44,7,3163.54,0.706399
19,44,8,3081.19,0.670172
19,44,9,2994.89,0.624896
19,44,10,2915.05,0.572343
19,44,11,2850.53,0.514644
19,44,12,2807.02,0.455203
19,44,13,2783.38,0.398025
19,44,14,2773.75,0.348063
19,44,15,2770.53,0.310506
19,44,16,2766.66,0.289225
19,44,17,2758,0.286349
19,44,18,2743.23,0.302103
19,44,19,2723.57,0.336116
19,44,20,2701.77,0.387732
19,44,21,2680.71,0.455948
19,44,22,2662.91,0.538249
19,44,23,2650.06,0.63103
19,44,24,2643.54,0.729143
19,44,25,2645.79,0.827752
19,44,26,2660.05,0.92317
19,44,27,2689.85,1.01301
19,44,28,2736.83,1.09563
19,44,29,2799.65,1.169
19,44,30,2872.89,1.23048
19,44,31,2948.8,1.27651
19,44,32,3019.34,1.30282
19,44,33,3078.75,1.30563
19,44,34,3124.08,1.28289
19,44,35,3155.76,1.23526
19,44,36,3176.71,1.16617
19,44,37,3192.25,1.08227
19,44,38,3209.76,0.991549
19,44,39,3238.67,0.903018
19,44,40,3286.62,0.824731
19,44,41,3359.07,0.764593
19,44,42,3453.47,0.727932
19,44,43,3558.33,0.716501
19,44,44,3656.24,0.726403
19,44,45,3728.86,0.747709
19,44,46,3760.1,0.764254
19,44,47,3735.94,0.757933
19,44,48,3641.39,0.714877
19,44,49,3459.22,0.631288
19,45,0,2926.31,0.471981
19,45,1,3122.31,0.573188
19,45,2,3247.87,0.654244
19,45,3,3312.73,0.70864
19,45,4,3328.29,0.735891
19,45,5,3305.35,0.740077
19,45,6,3253.23,0.72674
19,45,7,3180.75,0.700487
19,45,8,3097.08,0.66408
19,45,9,3012.59,0.618926
19,45,10,2937.83,0.566246
19,45,11,2880.66,0.50812
19,45,12,2844.93,0.448348
19,45,13,2827.41,0.391506
19,45,14,2820.94,0.34296
19,45,15,2817.57,0.308039
19,45,16,2810.75,0.290457
19,45,17,2797.2,0.292254
19,45,18,2776.55,0.313693
19,45,19,2750.93,0.354544
19,45,20,2724.01,0.414394
19,45,21,2699.66,0.492412
19,45,22,2681.31,0.586113
19,45,23,2671.15,0.691938
19,45,24,2670.59,0.804623
19,45,25,2681.6,0.919109
19,45,26,2706.57,1.03095
19,45,27,2747.88,1.1364
19,45,28,2805.97,1.2318
19,45,29,2878.33,1.31292
19,45,30,2958.65,1.37538
19,45,31,3038.88,1.41509
19,45,32,3111.31,1.42876
19,45,33,3171.01,1.41513
19,45,34,3216.1,1.3756
19,45,35,3247.9,1.31408
19,45,36,3269.93,1.23624
19,45,37,3287.7,1.1495
19,45,38,3308.51,1.06108
19,45,39,3341.23,0.978439
19,45,40,3392.73,0.907843
19,45,41,3467.38,0.855931
19,45,42,3561.78,0.827302
19,45,43,3664.22,0.823381
19,45,44,3757.99,0.839876
19,45,45,3826.1,0.866083
19,45,46,3853.9,0.884472
19,45,47,3828.26,0.875411
19,45,48,3734.23,0.823934
19,45,49,3553.32,0.726331
19,46,0,2933.42,0.451716
19,46,1,3128.56,0.550583
19,46,2,3252.3,0.629902
19,46,3,3314.43,0.682859
19,46,4,3326.55,0.70873
19,46,5,3299.85,0.711624
19,46,6,3244.37,0.697262
19,46,7,3169.96,0.670387
19,46,8,3086.77,0.633785
19,46,9,3005.8,0.588883
19,46,10,2937.38,0.537092
19,46,11,2888.14,0.480922
19,46,12,2860.19,0.424553
19,46,13,2848.52,0.372694
19,46,14,2844.91,0.330432
19,46,15,2841.16,0.302485
19,46,16,2831.11,0.291827
19,46,17,2812.23,0.300046
19,46,18,2785.08,0.327362
19,46,19,2752.83,0.373753
19,46,20,2720.27,0.439241
19,46,21,2692.37,0.523387
19,46,22,2673.34,0.623971
19,46,23,2665.59,0.737633
19,46,24,2670.23,0.859166
19,46,25,2688.38,0.983499
19,46,26,2721.5,1.10569
19,46,27,2771.01,1.22093
19,46,28,2836.58,1.32392
19,46,29,2915.15,1.40862
19,46,30,3000.06,1.46936
19,46,31,3083.32,1.50184
19,46,32,3157.53,1.50391
19,46,33,3218.38,1.47665
19,46,34,3264.56,1.42422
19,46,35,3297.81,1.35292
19,46,36,3321.82,1.26978
19,46,37,3342.08,1.18238
19,46,38,3365.64,1.09708
19,46,39,3400.86,1.02018
19,46,40,3453.92,0.956829
19,46,41,3528.47,0.912929
19,46,42,3620.68,0.892546
19,46,43,3719.09,0.896545
19,46,44,3807.88,0.919792
19,46,45,3871.13,0.95046
19,46,46,3894.99,0.969796
19,46,47,3866.68,0.957352
19,46,48,3771.09,0.898045
19,46,49,3589.12,0.788999
19,47,0,2894.46,0.409393
19,47,1,3087.74,0.50164
19,47,2,3209.53,0.576349
19,47,3,3269.16,0.626646
19,47,4,3278.31,0.651283
19,47,5,3248.61,0.653735
19,47,6,3190.93,0.639238
19,47,7,3116.06,0.61236
19,47,8,3034.9,0.576088
19,47,9,2958.68,0.532378
19,47,10,2897.11,0.483319
19,47,11,2855.51,0.432033
19,47,12,2834.5,0.382849
19,47,13,2827.74,0.340113
19,47,14,2826.38,0.308036
19,47,15,2822.03,0.290182
19,47,16,2808.81,0.288424
19,47,17,2784.78,0.30368
19,47,18,2751.25,0.336041
19,47,19,2712.35,0.385664
19,47,20,2674.02,0.453038
19,47,21,2642.26,0.538198
19,47,22,2622.02,0.639371
19,47,23,2615.8,0.753553
19,47,24,2624.21,0.875838
19,47,25,2647.45,1.00143
19,47,26,2686.01,1.12528
19,47,27,2740.49,1.24204
19,47,28,2810.13,1.34544
19,47,29,2891.77,1.42833
19,47,30,2978.87,1.48436
19,47,31,3063.76,1.50941
19,47,32,3139.41,1.50242
19,47,33,3201.82,1.46617
19,47,34,3249.95,1.4066
19,47,35,3285.57,1.33125
19,47,36,3312.3,1.2475
19,47,37,3335.41,1.16255
19,47,38,3361.65,1.0819
19,47,39,3398.92,1.01107
19,47,40,3452.88,0.954724
19,47,41,3526.7,0.918371
19,47,42,3616.53,0.905648
19,47,43,3711.36,0.916691
19,47,44,3796.14,0.945374
19,47,45,3855.46,0.978857
19,47,46,3875.55,0.997821
19,47,47,3843.36,0.982087
19,47,48,3743.51,0.917539
19,47,49,3557.05,0.802672
19,48,0,2796.24,0.349544
19,48,1,2985.71,0.431035
19,48,2,3104.9,0.497899
19,48,3,3162.08,0.543538
19,48,4,3168.69,0.566155
19,48,5,3136.84,0.568262
19,48,6,3078.19,0.554238
19,48,7,3004.38,0.528271
19,48,8,2926.71,0.493592
19,48,9,2856.19,0.452846
19,48,10,2801.55,0.408859
19,48,11,2766.83,0.365209
19,48,12,2751.48,0.326004
19,48,13,2748.41,0.294828
19,48,14,2748.53,0.274674
19,48,15,2743.48,0.267741
19,48,16,2727.6,0.274755
19,48,17,2699.28,0.295933
19,48,18,2660.41,0.331195
19,48,19,2615.86,0.380795
19,48,20,2572.41,0.445587
19,48,21,2536.98,0.526028
19,48,22,2515.06,0.620873
19,48,23,2509.21,0.727603
19,48,24,2519.6,0.84186
19,48,25,2545.58,0.959401
19,48,26,2586.71,1.07549
19,48,27,2642.95,1.18483
19,48,28,2713.31,1.28095
19,48,29,2794.85,1.35645
19,48,30,2881.5,1.405
19,48,31,2966.18,1.42296
19,48,32,3042.25,1.41009
19,48,33,3105.91,1.37017
19,48,34,3156.1,1.30976
19,48,35,3194.42,1.23654
19,48,36,3224.19,1.15738
19,48,37,3250.37,1.07869
19,48,38,3279.37,1.00516
19,48,39,3318.67,0.941744
19,48,40,3373.55,0.892862
19,48,41,3446.91,0.863702
19,48,42,3535.12,0.857419
19,48,43,3627.7,0.873407
19,48,44,3710.1,0.904811
19,48,45,3766.84,0.938457
19,48,46,3783.51,0.955596
19,48,47,3746.28,0.93758
19,48,48,3639.58,0.872204
19,48,49,3445.67,0.759458
19,49,0,2630.18,0.279869
19,49,1,2811.95,0.347496
19,49,2,2926.7,0.403727
19,49,3,2980.9,0.442609
19,49,4,2985.39,0.46201
19,49,5,2952.51,0.463483
19,49,6,2894.61,0.450452
19,49,7,2823.81,0.426598
19,49,8,2751.4,0.395259
19,49,9,2687.63,0.359563
19,49,10,2640,0.322766
19,49,11,2611.32,0.2885
19,49,12,2600.29,0.260294
19,49,13,2599.64,0.240769
19,49,14,2600.53,0.231685
19,49,15,2594.85,0.234006
19,49,16,2577.2,0.247538
19,49,17,2546.23,0.271939
19,49,18,2504.1,0.306975
19,49,19,2456.06,0.352903
19,49,20,2409.37,0.410759
19,49,21,2371.41,0.481275
19,49,22,2347.95,0.56371
19,49,23,2341.55,0.656106
19,49,24,2352.1,0.754846
19,49,25,2378.27,0.85643
19,49,26,2418.97,0.956781
19,49,27,2473.57,1.05115
19,49,28,2541.03,1.13355
19,49,29,2618.83,1.19715
19,49,30,2701.68,1.23624
19,49,31,2783.32,1.24786
19,49,32,2857.68,1.23234
19,49,33,2921.1,1.19366
19,49,34,2972.38,1.13807
19,49,35,3012.77,1.07246
19,49,36,3045.16,1.00271
19,49,37,3074.07,0.934164
19,49,38,3105.5,0.870679
19,49,39,3146.47,0.816651
19,49,40,3201.92,0.776185
19,49,41,3274.65,0.75391
19,49,42,3361.39,0.752392
19,49,43,3452.31,0.770448
19,49,44,3533.18,0.801122
19,49,45,3588.08,0.831951
19,49,46,3601.5,0.846072
19,49,47,3558.6,0.827502
19,49,48,3444.03,0.766528
19,49,49,3242.9,0.664339
20,0,0,2792.69,0.205355
20,0,1,2946.08,0.222154
20,0,2,3028.24,0.226755
20,0,3,3056.19,0.224492
20,0,4,3051.11,0.222633
20,0,5,3032.2,0.226692
20,0,6,3012.92,0.238578
20,0,7,2998.94,0.256541
20,0,8,2989.14,0.277298
20,0,9,2978.59,0.297783
20,0,10,2961.65,0.315732
20,0,11,2933.59,0.328961
20,0,12,2893.51,0.335218
20,0,13,2841.55,0.33157
20,0,14,2779.77,0.315866
20,0,15,2711.27,0.28809
20,0,16,2638.73,0.250794
20,0,17,2563.74,0.208434
20,0,18,2486.24,0.165815
20,0,19,2405.05,0.127004
20,0,20,2319.81,0.0945212
20,0,21,2232.23,0.069503
20,0,22,2145.59,0.0522961
20,0,23,2064.11,0.0427391
20,0,24,1991.4,0.0404141
20,0,25,1927.93,0.0445594
20,0,26,1872.5,0.0539134
20,0,27,1822.49,0.066429
20,0,28,1775.07,0.0796599
20,0,29,1728.18,0.0907869
20,0,30,1680.47,0.0974256
20,0,31,1631.52,0.0982462
20,0,32,1581.01,0.0932929
20,0,33,1528.91,0.0837536
20,0,34,1475.6,0.0714657
20,0,35,1422.17,0.0582332
20,0,36,1370.21,0.0454537
20,0,37,1321.86,0.0342914
20,0,38,1279.23,0.0252464
20,0,39,1243.58,0.0190334
20,0,40,1215.07,0.0162474
20,0,41,1192.84,0.0174567
20,0,42,1175.64,0.0229494
20,0,43,1162.11,0.0323963
20,0,44,1150.8,0.0444048
20,0,45,1140.45,0.0564409
20,0,46,1129.64,0.0652379
20,0,47,1117.26,0.06807
20,0,48,1102.56,0.0638823
20,0,49,1085.75,0.0538078
20,1,0,2979.43,0.235854
20,1,1,3138.07,0.256153
20,1,2,3222.28,0.262537
20,1,3,3250.79,0.260944
20,1,4,3245.14,0.259742
20,1,5,3224.53,0.265484
20,1,6,3202.93,0.280708
20,1,7,3187,0.303647
20,1,8,3176.59,0.330532
20,1,9,3167.29,0.357586
20,1,10,3153.21,0.381818
20,1,11,3128.81,0.40035
20,1,12,3092.01,0.410276
20,1,13,3041.8,0.407928
20,1,14,2979.42,0.390536
20,1,15,2907.62,0.357807
20,1,16,2829.22,0.312596
20,1,17,2746.29,0.260289
20,1,18,2659.23,0.207007
20,1,19,2567.23,0.158211
20,1,20,2470.32,0.117504
20,1,21,2370.66,0.0866399
20,1,22,2272.29,0.0660951
20,1,23,2180.3,0.0554918
20,1,24,2098.98,0.05398
20,1,25,2028.96,0.0602241
20,1,26,1968.91,0.0723681
20,1,27,1915.75,0.0876907
20,1,28,1866.22,0.103105
20,1,29,1817.86,0.11521
20,1,30,1768.89,0.121265
20,1,31,1718.5,0.119908
20,1,32,1665.83,0.111502
20,1,33,1610.41,0.0978243
20,1,34,1552.42,0.0814016
20,1,35,1493.1,0.0646335
20,1,36,1434.55,0.0492898
20,1,37,1379.7,0.0366234
20,1,38,1331.38,0.0270157
20,1,39,1291.31,0.0209036
20,1,40,1259.7,0.0185355
20,1,41,1235.36,0.0201236
20,1,42,1216.59,0.025661
20,1,43,1201.62,0.0346531
20,1,44,1188.69,0.045709
20,1,45,1176.41,0.0565004
20,1,46,1163.22,0.064077
20,1,47,1147.89,0.0660192
20,1,48,1129.59,0.061445
20,1,49,1108.54,0.0514739
20,2,0,3092.5,0.257949
20,2,1,3255.19,0.281433
20,2,2,3341.94,0.289697
20,2,3,3372.16,0.288926
20,2,4,3367.09,0.288238
20,2,5,3345.51,0.295084
20,2,6,3321.62,0.312759
20,2,7,3303.03,0.33979
20,2,8,3290.82,0.372232
20,2,9,3281.4,0.405763
20,2,10,3268.98,0.43664
20,2,11,3247.49,0.461152
20,2,12,3213.89,0.475577
20,2,13,3166.12,0.475449
20,2,14,3104.58,0.457401
20,2,15,3031.54,0.420914
20,2,16,2949.73,0.369134
20,2,17,2861.52,0.308291
20,2,18,2767.75,0.245689
20,2,19,2668.08,0.188075
20,2,20,2563.02,0.140077
20,2,21,2455.2,0.104087
20,2,22,2349.25,0.0807369
20,2,23,2250.92,0.06945
20,2,24,2164.8,0.068914
20,2,25,2091.57,0.0771825
20,2,26,2029.69,0.0917789
20,2,27,1975.79,0.109335
20,2,28,1926.33,0.126202
20,2,29,1878.62,0.138516
20,2,30,1830.59,0.143299
20,2,31,1780.97,0.139243
20,2,32,1728.32,0.127059
20,2,33,1671.69,0.109117
20,2,34,1611.09,0.0886215
20,2,35,1547.91,0.06857
20,2,36,1484.86,0.0511107
20,2,37,1425.68,0.0375535
20,2,38,1373.9,0.0281192
20,2,39,1331.63,0.0228414
20,2,40,1298.99,0.021456
20,2,41,1274.38,0.0236272
20,2,42,1255.56,0.0288988
20,2,43,1240.29,0.0365599
20,2,44,1226.57,0.0453292
20,2,45,1212.94,0.0533692
20,2,46,1197.78,0.0584365
20,2,47,1179.83,0.0587618
20,2,48,1158.17,0.0537988
20,2,49,1133,0.0445764
20,3,0,3144.02,0.273114
20,3,1,3311.54,0.299506
20,3,2,3402.27,0.309621
20,3,3,3435.47,0.309526
20,3,4,3431.7,0.308706
20,3,5,3409.17,0.315356
20,3,6,3382.2,0.333653
20,3,7,3359.48,0.362774
20,3,8,3343.51,0.399015
20,3,9,3331.83,0.437808
20,3,10,3319.05,0.474734
20,3,11,3298.82,0.505158
20,3,12,3267.29,0.524373
20,3,13,3221.6,0.52706
20,3,14,3161.38,0.50933
20,3,15,3088.37,0.470575
20,3,16,3005.07,0.414278
20,3,17,2913.95,0.347372
20,3,18,2816.22,0.278062
20,3,19,2712.04,0.214032
20,3,20,2602.48,0.160682
20,3,21,2490.6,0.120916
20,3,22,2381.49,0.0955257
20,3,23,2281.11,0.0838107
20,3,24,2194.01,0.0840846
20,3,25,2120.69,0.0939129
20,3,26,2059.4,0.110321
20,3,27,2006.66,0.129453
20,3,28,1958.93,0.147258
20,3,29,1913.52,0.159538
20,3,30,1868.11,0.163123
20,3,31,1820.98,0.156711
20,3,32,1770.05,0.141227
20,3,33,1713.85,0.119494
20,3,34,1652.24,0.0953062
20,3,35,1586.87,0.072261
20,3,36,1521.14,0.0529513
20,3,37,1459.58,0.0388164
20,3,38,1406.4,0.0299636
20,3,39,1363.98,0.0259754
20,3,40,1332.23,0.0259625
20,3,41,1309.05,0.0288888
20,3,42,1291.57,0.033721
20,3,43,1277.11,0.0394867
20,3,44,1263.43,0.0450805
20,3,45,1249.08,0.0493419
20,3,46,1232.51,0.0509834
20,3,47,1212.43,0.0491025
20,3,48,1187.78,0.0435953
20,3,49,1158.73,0.035362
20,4,0,3150.74,0.284398
20,4,1,3323.83,0.313508
20,4,2,3419.47,0.325301
20,4,3,3456.15,0.325405
20,4,4,3453.5,0.323329
20,4,5,3429.12,0.327855
20,4,6,3397.51,0.344144
20,4,7,3368.5,0.37237
20,4,8,3346.24,0.409524
20,4,9,3329.7,0.451173
20,4,10,3314.14,0.492426
20,4,11,3293.11,0.527726
20,4,12,3262.22,0.551304
20,4,13,3217.9,0.556978
20,4,14,3159.19,0.540427
20,4,15,3087.31,0.501117
20,4,16,3004.4,0.442891
20,4,17,2912.85,0.373183
20,4,18,2814.05,0.300699
20,4,19,2708.65,0.233578
20,4,20,2598.3,0.177587
20,4,21,2486.45,0.13592
20,4,22,2378.34,0.109476
20,4,23,2279.82,0.0975327
20,4,24,2194.94,0.0982117
20,4,25,2123.93,0.10886
20,4,26,2064.93,0.126288
20,4,27,2014.64,0.146447
20,4,28,1969.82,0.165117
20,4,29,1927.96,0.177875
20,4,30,1886.55,0.181302
20,4,31,1843.33,0.173872
20,4,32,1795.5,0.156414
20,4,33,1741.07,0.131915
20,4,34,1679.74,0.104606
20,4,35,1613.49,0.0787066
20,4,36,1546.46,0.0574081
20,4,37,1484,0.0424782
20,4,38,1430.92,0.034057
20,4,39,1389.79,0.0313171
20,4,40,1360.24,0.032696
20,4,41,1339.6,0.0363678
20,4,42,1324.4,0.0406476
20,4,43,1311.5,0.0442793
20,4,44,1298.5,0.0463593
20,4,45,1284.06,0.0464631
20,4,46,1266.66,0.04432
20,4,47,1244.98,0.0399359
20,4,48,1217.83,0.0336691
20,4,49,1185.22,0.0262875
20,5,0,3130.69,0.295698
20,5,1,3308.62,0.32735
20,5,2,3408.54,0.340384
20,5,3,3447.76,0.339792
20,5,4,3444.79,0.334884
20,5,5,3416.65,0.334931
20,5,6,3378.09,0.346154
20,5,7,3340.17,0.369986
20,5,8,3308.87,0.404493
20,5,9,3284.73,0.445751
20,5,10,3263.92,0.488658
20,5,11,3240.08,0.52688
20,5,12,3208.44,0.553657
20,5,13,3164.96,0.562052
20,5,14,3108.19,0.547417
20,5,15,3038.86,0.509384
20,5,16,2958.6,0.452084
20,5,17,2869.49,0.38316
20,5,18,2772.87,0.311375
20,5,19,2669.78,0.244828
20,5,20,2562.39,0.189245
20,5,21,2454.36,0.14785
20,5,22,2350.84,0.121557
20,5,23,2257.14,0.109682
20,5,24,2176.6,0.110353
20,5,25,2109.2,0.121031
20,5,26,2053.2,0.13869
20,5,27,2005.89,0.159476
20,5,28,1964.59,0.179291
20,5,29,1927.15,0.193593
20,5,30,1890.87,0.198589
20,5,31,1852.82,0.192197
20,5,32,1809.41,0.174709
20,5,33,1758.03,0.148874
20,5,34,1698.2,0.119139
20,5,35,1632.25,0.0903702
20,5,36,1565.03,0.0665564
20,5,37,1502.67,0.0500778
20,5,38,1450.52,0.0413337
20,5,39,1411.32,0.0392103
20,5,40,1384.4,0.0415025
20,5,41,1366.59,0.0455918
20,5,42,1353.87,0.0491443
20,5,43,1342.76,0.0506367
20,5,44,1330.77,0.049359
20,5,45,1316.67,0.0455599
20,5,46,1299,0.0398666
20,5,47,1276.33,0.0330676
20,5,48,1247.21,0.0259147
20,5,49,1211.45,0.0190592
20,6,0,3100.05,0.310568
20,6,1,3280.3,0.344477
20,6,2,3382.06,0.357963
20,6,3,3421.32,0.355363
20,6,4,3415.45,0.345764
20,6,5,3380.93,0.338931
20,6,6,3332.83,0.342203
20,6,7,3283.48,0.358401
20,6,8,3240.67,0.386874
20,6,9,3206.61,0.424431
20,6,10,3178.45,0.466003
20,6,11,3150.12,0.504712
20,6,12,3116.69,0.533075
20,6,13,3073.91,0.543633
20,6,14,3019.95,0.531538
20,6,15,2955.03,0.496569
20,6,16,2880.14,0.442928
20,6,17,2796.7,0.378088
20,6,18,2705.76,0.310465
20,6,19,2608.55,0.247742
20,6,20,2507.6,0.195326
20,6,21,2406.56,0.156274
20,6,22,2310.21,0.1314
20,6,23,2223.02,0.120043
20,6,24,2147.56,0.120463
20,6,25,2083.74,0.13049
20,6,26,2030.33,0.147617
20,6,27,1985.54,0.168579
20,6,28,1947.61,0.189724
20,6,29,1914.81,0.206537
20,6,30,1884.3,0.214788
20,6,31,1852.37,0.21154
20,6,32,1814.6,0.196106
20,6,33,1767.62,0.17056
20,6,34,1710.69,0.139271
20,6,35,1646.37,0.107704
20,6,36,1580.09,0.0807887
20,6,37,1518.63,0.0617843
20,6,38,1467.8,0.0515943
20,6,39,1430.48,0.0489987
20,6,40,1405.77,0.0512657
20,6,41,1390.2,0.0550844
20,6,42,1379.39,0.0575686
20,6,43,1369.67,0.056998
20,6,44,1358.61,0.0528403
20,6,45,1345.07,0.0458724
20,6,46,1327.61,0.0373786
20,6,47,1304.55,0.0286792
20,6,48,1274.13,0.0207756
20,6,49,1235.83,0.0142066
20,7,0,3070.08,0.331329
20,7,1,3249.22,0.367044
20,7,2,3349.43,0.379901
20,7,3,3385.46,0.37376
20,7,4,3373.68,0.357685
20,7,5,3330.18,0.342052
20,7,6,3270.39,0.335347
20,7,7,3207.86,0.341738
20,7,8,3152.02,0.361815
20,7,9,3106.57,0.393138
20,7,10,3069.68,0.43081
20,7,11,3035.68,0.467704
20,7,12,2999.82,0.496015
20,7,13,2957.89,0.508123
20,7,14,2907.83,0.499099
20,7,15,2849.33,0.468734
20,7,16,2782.48,0.420945
20,7,17,2707.79,0.362618
20,7,18,2625.74,0.301516
20,7,19,2537.56,0.244739
20,7,20,2445.86,0.197318
20,7,21,2354.07,0.162086
20,7,22,2266.36,0.139663
20,7,23,2186.17,0.129312
20,7,24,2115.35,0.129407
20,7,25,2054,0.138222
20,7,26,2001.68,0.153978
20,7,27,1957.94,0.174293
20,7,28,1922.17,0.196287
20,7,29,1893.24,0.21572
20,7,30,1868.26,0.228032
20,7,31,1842.79,0.229329
20,7,32,1811.56,0.217661
20,7,33,1770.36,0.194032
20,7,34,1717.99,0.162374
20,7,35,1656.99,0.128543
20,7,36,1593.09,0.0983817
20,7,37,1533.45,0.0761655
20,7,38,1484.17,0.0634999
20,7,39,1448.28,0.0592742
20,7,40,1424.81,0.0604363
20,7,41,1410.22,0.0631857
20,7,42,1400.13,0.0642564
20,7,43,1390.92,0.0618238
20,7,44,1380.32,0.0554954
20,7,45,1367.33,0.0463785
20,7,46,1350.42,0.0361209
20,7,47,1327.55,0.0262854
20,7,48,1296.52,0.0179586
20,7,49,1256.46,0.0115704
20,8,0,3045.47,0.358544
20,8,1,3220.69,0.395544
20,8,2,3316.44,0.406652
20,8,3,3346.6,0.395584
20,8,4,3326.79,0.371742
20,8,5,3272.91,0.346319
20,8,6,3200.81,0.328937
20,8,7,3125.04,0.324889
20,8,8,3056.28,0.33574
20,8,9,2999.34,0.359597
20,8,10,2953.25,0.391768
20,8,11,2912.92,0.425157
20,8,12,2874.14,0.452111
20,8,13,2833.05,0.465245
20,8,14,2787.52,0.459671
20,8,15,2736.63,0.43496
20,8,16,2679.45,0.394341
20,8,17,2615.4,0.343724
20,8,18,2544.2,0.290039
20,8,19,2466.92,0.239848
20,8,20,2386.06,0.197954
20,8,21,2304.65,0.167067
20,8,22,2226.01,0.147585
20,8,23,2152.5,0.138551
20,8,24,2085.27,0.138298
20,8,25,2024.74,0.1454
20,8,26,1971.47,0.158793
20,8,27,1926.57,0.177109
20,8,28,1890.85,0.198518
20,8,29,1864.05,0.219394
20,8,30,1843.43,0.235178
20,8,31,1824.05,0.241205
20,8,32,1799.82,0.234231
20,8,33,1765.64,0.213942
20,8,34,1719.6,0.183444
20,8,35,1663.87,0.148598
20,8,36,1604.07,0.115895
20,8,37,1547.36,0.0905481
20,8,38,1499.93,0.0749597
20,8,39,1464.94,0.0683462
20,8,40,1441.53,0.0676129
20,8,41,1426.45,0.0687463
20,8,42,1415.6,0.0683045
20,8,43,1405.75,0.0644301
20,8,44,1394.93,0.0567989
20,8,45,1382.23,0.046628
20,8,46,1365.98,0.035657
20,8,47,1343.7,0.0254448
20,8,48,1312.7,0.0170393
20,8,49,1271.75,0.0107827
20,9,0,3025.17,0.389842
20,9,1,3195.44,0.427708
20,9,2,3285.71,0.436363
20,9,3,3309.31,0.419725
20,9,4,3281.45,0.3879
20,9,5,3218.07,0.353057
20,9,6,3135.4,0.325842
20,9,7,3048.58,0.312332
20,9,8,2968.88,0.31464
20,9,9,2901.71,0.331119
20,9,10,2846.75,0.357238
20,9,11,2799.68,0.386196
20,9,12,2757.22,0.410933
20,9,13,2716.18,0.424657
20,9,14,2674.5,0.422613
20,9,15,2630.67,0.40393
20,9,16,2582.71,0.370806
20,9,17,2528.97,0.327896
20,9,18,2468.51,0.281248
20,9,19,2402.17,0.237043
20,9,20,2332.21,0.200101
20,9,21,2261.13,0.173181
20,9,22,2191.27,0.156493
20,9,23,2123.83,0.148726
20,9,24,2059.28,0.147954
20,9,25,1998.21,0.152767
20,9,26,1942.24,0.162639
20,9,27,1894.04,0.177173
20,9,28,1856.03,0.195763
20,9,29,1829.12,0.215764
20,9,30,1811.11,0.233093
20,9,31,1796.8,0.242744
20,9,32,1779.5,0.240435
20,9,33,1753.17,0.224478
20,9,34,1714.96,0.19683
20,9,35,1666.34,0.162863
20,9,36,1612.34,0.129248
20,9,37,1559.75,0.101839
20,9,38,1514.59,0.0837978
20,9,39,1480.14,0.0748439
20,9,40,1455.84,0.0721342
20,9,41,1439,0.0717277
20,9,42,1426.17,0.0701786
20,9,43,1414.66,0.0656038
20,9,44,1402.91,0.0576286
20,9,45,1390.08,0.047371
20,9,46,1374.33,0.0364692
20,9,47,1352.74,0.0263453
20,9,48,1322.16,0.0179755
20,9,49,1281.01,0.0116774
20,10,0,3005.18,0.419957
20,10,1,3171.55,0.458593
20,10,2,3257.62,0.465
20,10,3,3276.41,0.443473
20,10,4,3243.04,0.404964
20,10,5,3173.61,0.36257
20,10,6,3084.52,0.327718
20,10,7,2990.91,0.306881
20,10,8,2903.89,0.302316
20,10,9,2828.84,0.312355
20,10,10,2765.94,0.332615
20,10,11,2711.86,0.356817
20,10,12,2664.56,0.378812
20,10,13,2621.73,0.392635
20,10,14,2581.53,0.393743
20,10,15,2541.94,0.380683
20,10,16,2500.19,0.354464
20,10,17,2453.84,0.318404
20,10,18,2401.55,0.277714
20,10,19,2344.06,0.238346
20,10,20,2283.39,0.205301
20,10,21,2221.36,0.181509
20,10,22,2159.31,0.167027
20,10,23,2097.24,0.160108
20,10,24,2034.88,0.158403
20,10,25,1972.85,0.160261
20,10,26,1913.53,0.165452
20,10,27,1861.03,0.174407
20,10,28,1819.38,0.187779
20,10,29,1790.82,0.20417
20,10,30,1773.98,0.220424
20,10,31,1763.76,0.231725
20,10,32,1753.01,0.233185
20,10,33,1734.81,0.221925
20,10,34,1705.29,0.198585
20,10,35,1664.91,0.167592
20,10,36,1617.82,0.13526
20,10,37,1570.1,0.107654
20,10,38,1527.46,0.0885303
20,10,39,1493.32,0.0781984
20,10,40,1467.58,0.0743012
20,10,41,1448.3,0.0731872
20,10,42,1432.85,0.0714944
20,10,43,1419.19,0.0672407
20,10,44,1406.1,0.0598502
20,10,45,1392.78,0.0501768
20,10,46,1377.18,0.0396726
20,10,47,1356.04,0.0296301
20,10,48,1325.87,0.0210282
20,10,49,1284.86,0.0142727
20,11,0,2981.15,0.442373
20,11,1,3146.12,0.482171
20,11,2,3230.97,0.487707
20,11,3,3248.54,0.463514
20,11,4,3214.03,0.421126
20,11,5,3143.64,0.374226
20,11,6,3053.63,0.334653
20,11,7,2958.5,0.308972
20,11,8,2868.52,0.299354
20,11,9,2788.56,0.304034
20,11,10,2719.16,0.318857
20,11,11,2658.07,0.338234
20,11,12,2604.57,0.357073
20,11,13,2557.36,0.370304
20,11,14,2514.91,0.37365
20,11,15,2474.95,0.365097
20,11,16,2434.36,0.344556
20,11,17,2390.45,0.314149
20,11,18,2341.88,0.278361
20,11,19,2289.51,0.242934
20,11,20,2235.07,0.213013
20,11,21,2179.79,0.191631
20,11,22,2123.96,0.178666
20,11,23,2066.49,0.171936
20,11,24,2006.42,0.168655
20,11,25,1944.17,0.166853
20,11,26,1882.59,0.166467
20,11,27,1826.79,0.168589
20,11,28,1782.11,0.175006
20,11,29,1752.04,0.185619
20,11,30,1736.1,0.198439
20,11,31,1729.5,0.209265
20,11,32,1724.83,0.213089
20,11,33,1714.45,0.206192
20,11,34,1693.52,0.187971
20,11,35,1661.42,0.161643
20,11,36,1621.27,0.132723
20,11,37,1578.38,0.107053
20,11,38,1538.1,0.0887294
20,11,39,1504.02,0.078628
20,11,40,1476.69,0.0749816
20,11,41,1455,0.0745246
20,11,42,1437.11,0.0739686
20,11,43,1421.53,0.0711097
20,11,44,1407.26,0.0650284
20,11,45,1393.37,0.0562246
20,11,46,1377.57,0.045984
20,11,47,1356.4,0.0355917
20,11,48,1326.24,0.0261792
20,11,49,1285.25,0.0183782
20,12,0,2951.47,0.452515
20,12,1,3117.82,0.494485
20,12,2,3204.86,0.501635
20,12,3,3225.22,0.478238
20,12,4,3194.21,0.435757
20,12,5,3127.99,0.387854
20,12,6,3042.33,0.34637
20,12,7,2950.66,0.317835
20,12,8,2861.95,0.304378
20,12,9,2780.27,0.304317
20,12,10,2706.25,0.313895
20,12,11,2638.63,0.328311
20,12,12,2577.86,0.343472
20,12,13,2523.62,0.355114
20,12,14,2474.86,0.359265
20,12,15,2429.44,0.353549
20,12,16,2384.41,0.337109
20,12,17,2337.4,0.311217
20,12,18,2287.52,0.27975
20,12,19,2235.85,0.248115
20,12,20,2183.93,0.221297
20,12,21,2132.38,0.202145
20,12,22,2080.61,0.190244
20,12,23,2026.77,0.183031
20,12,24,1969.34,0.177456
20,12,25,1908.5,0.171399
20,12,26,1847.22,0.165003
20,12,27,1791.05,0.159913
20,12,28,1746.04,0.158799
20,12,29,1716.44,0.162676
20,12,30,1702.47,0.170669
20,12,31,1699.7,0.179388
20,12,32,1700.64,0.184099
20,12,33,1697.21,0.180677
20,12,34,1683.8,0.167559
20,12,35,1658.84,0.146746
20,12,36,1624.52,0.122717
20,12,37,1585.46,0.100762
20,12,38,1546.77,0.0850375
20,12,39,1512.35,0.0768534
20,12,40,1483.46,0.0750008
20,12,41,1459.84,0.0765817
20,12,42,1440.33,0.0783206
20,12,43,1423.75,0.0776887
20,12,44,1409.04,0.0733403
20,12,45,1394.93,0.0654075
20,12,46,1378.86,0.0550782
20,12,47,1357.24,0.0437793
20,12,48,1326.51,0.0329413
20,12,49,1285.02,0.0235389
20,13,0,2915.99,0.449193
20,13,1,3085.73,0.494871
20,13,2,3177.53,0.506773
20,13,3,3203.72,0.488164
20,13,4,3179.59,0.449512
20,13,5,3121.16,0.403731
20,13,6,3043.57,0.362286
20,13,7,2959.03,0.331758
20,13,8,2875.1,0.31455
20,13,9,2794.8,0.309462
20,13,10,2718.53,0.313408
20,13,11,2645.57,0.322416
20,13,12,2577.19,0.333196
20,13,13,2513.91,0.342085
20,13,14,2455.38,0.345437
20,13,15,2400.05,0.3408
20,13,16,2345.72,0.326991
20,13,17,2290.81,0.304847
20,13,18,2235.16,0.277738
20,13,19,2180.13,0.25048
20,13,20,2127.04,0.227456
20,13,21,2076.03,0.210909
20,13,22,2025.97,0.199969
20,13,23,1974.66,0.19181
20,13,24,1920.36,0.183409
20,13,25,1863.11,0.17285
20,13,26,1805.63,0.160656
20,13,27,1753.32,0.148979
20,13,28,1712.1,0.14105
20,13,29,1686.32,0.138632
20,13,30,1676.46,0.141657
20,13,31,1678.38,0.147491
20,13,32,1684.68,0.151901
20,13,33,1687.11,0.150763
20,13,34,1679.63,0.141966
20,13,35,1659.99,0.126519
20,13,36,1629.67,0.107869
20,13,37,1592.83,0.0905786
20,13,38,1554.53,0.0786087
20,13,39,1519.13,0.0735015
20,13,40,1488.69,0.0744605
20,13,41,1463.75,0.0788676
20,13,42,1443.65,0.0834153
20,13,43,1427.29,0.0852413
20,13,44,1413.25,0.0826025
20,13,45,1399.72,0.0753343
20,13,46,1383.69,0.0646057
20,13,47,1361.49,0.052088
20,13,48,1329.71,0.039578
20,13,49,1287.07,0.0284263
20,14,0,2876.58,0.435746
20,14,1,3050.32,0.486867
20,14,2,3147.85,0.506507
20,14,3,3181.07,0.496169
20,14,4,3165.16,0.464437
20,14,5,3115.96,0.422829
20,14,6,3048.05,0.382183
20,14,7,2972.53,0.349352
20,14,8,2895.61,0.327463
20,14,9,2819.15,0.316281
20,14,10,2742.88,0.31368
20,14,11,2666.14,0.316527
20,14,12,2590.55,0.322093
20,14,13,2517.33,0.327091
20,14,14,2447.02,0.328196
20,14,15,2379.11,0.323147
20,14,16,2312.58,0.310831
20,14,17,2246.95,0.292002
20,14,18,2182.81,0.269568
20,14,19,2121.71,0.247489
20,14,20,2064.71,0.229119
20,14,21,2011.65,0.215738
20,14,22,1961.26,0.205902
20,14,23,1911.47,0.196669
20,14,24,1860.78,0.185351
20,14,25,1809.17,0.17058
20,14,26,1758.91,0.153437
20,14,27,1714.58,0.136538
20,14,28,1681.23,0.123367
20,14,29,1662.6,0.116032
20,14,30,1659.04,0.114883
20,14,31,1666.56,0.117854
20,14,32,1678.02,0.121275
20,14,33,1685.31,0.121327
20,14,34,1682.23,0.115735
20,14,35,1666.11,0.104844
20,14,36,1637.98,0.0912054
20,14,37,1601.76,0.0786255
20,14,38,1562.66,0.0706687
20,14,39,1525.63,0.0688982
20,14,40,1493.53,0.0727551
20,14,41,1467.69,0.0798263
20,14,42,1447.83,0.0868123
20,14,43,1432.77,0.0906446
20,14,44,1420.55,0.089331
20,14,45,1408.6,0.0825311
20,14,46,1393.33,0.0714298
20,14,47,1370.86,0.0579275
20,14,48,1337.91,0.0441187
20,14,49,1293.62,0.0316506
20,15,0,2836.54,0.417854
20,15,1,3013.45,0.475772
20,15,2,3115.93,0.505149
20,15,3,3155.46,0.50522
20,15,4,3147.08,0.482107
20,15,5,3106.56,0.445532
20,15,6,3048.04,0.40557
20,15,7,2981.76,0.369535
20,15,8,2912.71,0.341644
20,15,9,2841.51,0.323016
20,15,10,2766.95,0.312722
20,15,11,2687.96,0.308487
20,15,12,2606.13,0.307977
20,15,13,2523.23,0.308135
20,15,14,2440.78,0.30595
20,15,15,2359.65,0.299508
20,15,16,2280.26,0.287983
20,15,17,2203.28,0.272215
20,15,18,2129.96,0.254626
20,15,19,2061.8,0.238134
20,15,20,1999.58,0.224837
20,15,21,1942.97,0.214912
20,15,22,1890.94,0.206377
20,15,23,1842.07,0.196333
20,15,24,1795.39,0.182621
20,15,25,1750.98,0.164594
20,15,26,1710.37,0.143911
20,15,27,1676.85,0.123555
20,15,28,1654.07,0.107016
20,15,29,1644.7,0.0964499
20,15,30,1648.66,0.0923252
20,15,31,1662.2,0.0929466
20,15,32,1678.56,0.0951799
20,15,33,1689.95,0.0956571
20,15,34,1690.23,0.0922104
20,15,35,1676.45,0.0847982
20,15,36,1649.35,0.0752717
20,15,37,1612.75,0.0667231
20,15,38,1572.13,0.062197
20,15,39,1533.01,0.0631113
20,15,40,1499.12,0.0690104
20,15,41,1472.5,0.0776753
20,15,42,1453.26,0.0859533
20,15,43,1440.09,0.0908106
20,15,44,1430.48,0.0902351
20,15,45,1421.02,0.0838434
20,15,46,1407.36,0.0728099
20,15,47,1385.28,0.0591272
20,15,48,1351.5,0.0449932
20,15,49,1305.43,0.0321723
20,16,0,2799.6,0.401048
20,16,1,2977.88,0.466133
20,16,2,3083.32,0.505597
20,16,3,3127.08,0.516336
20,16,4,3124.16,0.50191
20,16,5,3090.35,0.470166
20,16,6,3039.57,0.430388
20,16,7,2981.37,0.390396
20,16,8,2919.66,0.355629
20,16,9,2853.86,0.328707
20,16,10,2781.74,0.310001
20,16,11,2701.59,0.298097
20,16,12,2614.74,0.290989
20,16,13,2523.32,0.285789
20,16,14,2429.84,0.279781
20,16,15,2336.62,0.271424
20,16,16,2245.55,0.260209
20,16,17,2158.39,0.247054
20,16,18,2076.81,0.233859
20,16,19,2002.06,0.222486
20,16,20,1934.62,0.213836
20,16,21,1874.19,0.207145
20,16,22,1820.26,0.200079
20,16,23,1772.34,0.189926
20,16,24,1730.12,0.175058
20,16,25,1693.75,0.155436
20,16,26,1663.83,0.133097
20,16,27,1642.11,0.111188
20,16,28,1630.56,0.0930433
20,16,29,1630.69,0.0807289
20,16,30,1642.04,0.0747211
20,16,31,1661.16,0.0735947
20,16,32,1681.88,0.0747029
20,16,33,1696.85,0.075164
20,16,34,1700.04,0.0730397
20,16,35,1688.3,0.0680815
20,16,36,1662.09,0.0615933
20,16,37,1625.14,0.056025
20,16,38,1583.1,0.053845
20,16,39,1542.02,0.0562292
20,16,40,1506.35,0.0627632
20,16,41,1478.9,0.071478
20,16,42,1460.17,0.0795625
20,16,43,1448.9,0.0842942
20,16,44,1442.1,0.0838784
20,16,45,1435.59,0.077996
20,16,46,1424.24,0.0677381
20,16,47,1403.32,0.0549851
20,16,48,1369.32,0.0417843
20,16,49,1321.75,0.0297978
20,17,0,2769.79,0.387955
20,17,1,2947.44,0.459174
20,17,2,3053.41,0.507234
20,17,3,3098.77,0.527105
20,17,4,3098.65,0.520152
20,17,5,3068.97,0.492551
20,17,6,3023.53,0.452807
20,17,7,2971.33,0.40909
20,17,8,2915.34,0.367877
20,17,9,2853.96,0.333128
20,17,10,2784.06,0.306408
20,17,11,2703.24,0.287096
20,17,12,2612.54,0.273511
20,17,13,2514.25,0.262946
20,17,14,2411.72,0.252998
20,17,15,2308.57,0.242454
20,17,16,2208.07,0.231054
20,17,17,2112.81,0.219698
20,17,18,2024.69,0.209759
20,17,19,1944.65,0.202189
20,17,20,1872.88,0.196982
20,17,21,1809.32,0.192807
20,17,22,1754.13,0.187272
20,17,23,1707.76,0.177939
20,17,24,1670.45,0.163542
20,17,25,1642.24,0.144311
20,17,26,1622.66,0.122288
20,17,27,1611.86,0.100522
20,17,28,1610.29,0.082111
20,17,29,1618.46,0.0690477
20,17,30,1635.76,0.0618699
20,17,31,1659.22,0.0594314
20,17,32,1683.39,0.059538
20,17,33,1701.48,0.0597574
20,17,34,1707.59,0.0583907
20,17,35,1698.34,0.0550577
20,17,36,1673.82,0.0506173
20,17,37,1637.51,0.0469496
20,17,38,1595.05,0.0459519
20,17,39,1552.76,0.0485339
20,17,40,1515.72,0.0543224
20,17,41,1487.38,0.0616798
20,17,42,1468.81,0.0683054
20,17,43,1458.92,0.0720015
20,17,44,1454.52,0.0713599
20,17,45,1450.84,0.0661819
20,17,46,1442.05,0.0573942
20,17,47,1422.86,0.0465752
20,17,48,1389.3,0.0354024
20,17,49,1340.73,0.0252511
20,18,0,2750.96,0.379072
20,18,1,2926.53,0.454208
20,18,2,3031.01,0.507992
20,18,3,3075.59,0.534202
20,18,4,3075.62,0.532706
20,18,5,3047.28,0.508407
20,18,6,3004.33,0.469063
20,18,7,2955.35,0.422885
20,18,8,2902.65,0.376969
20,18,9,2843.93,0.336199
20,18,10,2775.4,0.303038
20,18,11,2694.09,0.277505
20,18,12,2600.68,0.258246
20,18,13,2497.42,0.242795
20,18,14,2388.25,0.229108
20,18,15,2277.77,0.216274
20,18,16,2170.31,0.204204
20,18,17,2069.11,0.193676
20,18,18,1976.16,0.185557
20,18,19,1892.13,0.1801
20,18,20,1817.17,0.176766
20,18,21,1751.59,0.174085
20,18,22,1696.25,0.169905
20,18,23,1652.31,0.162124
20,18,24,1620.27,0.149616
20,18,25,1599.75,0.132499
20,18,26,1589.15,0.112439
20,18,27,1587.2,0.0921312
20,18,28,1593.15,0.0743965
20,18,29,1606.87,0.0612103
20,18,30,1627.83,0.0532776
20,18,31,1653.78,0.0497805
20,18,32,1680.12,0.0489631
20,18,33,1700.74,0.0487993
20,18,34,1709.91,0.0478049
20,18,35,1703.99,0.0454977
20,18,36,1682.59,0.0423585
20,18,37,1648.67,0.0397551
20,18,38,1607.54,0.0390531
20,18,39,1565.49,0.0409131
20,18,40,1527.93,0.0450335
20,18,41,1498.9,0.0501681
20,18,42,1480.04,0.0546171
20,18,43,1470.69,0.0568022
20,18,44,1467.72,0.0557643
20,18,45,1466.12,0.0514302
20,18,46,1459.56,0.044509
20,18,47,1442.18,0.0361664
20,18,48,1409.5,0.0275956
20,18,49,1360.45,0.0197885
20,19,0,2745.35,0.37322
20,19,1,2918.63,0.449534
20,19,2,3020.76,0.505671
20,19,3,3063.19,0.535068
20,19,4,3061.57,0.536889
20,19,5,3032.32,0.515224
20,19,6,2989.24,0.477137
20,19,7,2940.71,0.430538
20,19,8,2888.74,0.382627
20,19,9,2830.72,0.33867
20,19,10,2762.5,0.301597
20,19,11,2680.66,0.271806
20,19,12,2585.51,0.248227
20,19,13,2479.04,0.22869
20,19,14,2365.44,0.211596
20,19,15,2249.91,0.196378
20,19,16,2137.54,0.183128
20,19,17,2031.98,0.172463
20,19,18,1935.35,0.164798
20,19,19,1848.2,0.159876
20,19,20,1770.89,0.156931
20,19,21,1704.27,0.154675
20,19,22,1649.8,0.151416
20,19,23,1609.03,0.145426
20,19,24,1582.37,0.135571
20,19,25,1568.75,0.121603
20,19,26,1565.44,0.104571
20,19,27,1570,0.0866342
20,19,28,1580.87,0.0702895
20,19,29,1597.51,0.0574929
20,19,30,1619.71,0.0491454
20,19,31,1646.01,0.0447638
20,19,32,1672.81,0.0430132
20,19,33,1694.88,0.0422606
20,19,34,1706.83,0.0412499
20,19,35,1704.83,0.0394511
20,19,36,1687.89,0.0370383
20,19,37,1658.21,0.034922
20,19,38,1620.4,0.0339874
20,19,39,1580.37,0.0346747
20,19,40,1543.53,0.0367739
20,19,41,1514.33,0.0394401
20,19,42,1494.97,0.0415664
20,19,43,1485.34,0.042167
20,19,44,1482.66,0.0406955
20,19,45,1482.01,0.037175
20,19,46,1476.87,0.0320871
20,19,47,1460.95,0.0261764
20,19,48,1429.19,0.0201568
20,19,49,1379.95,0.0146394
20,20,0,2752.5,0.369072
20,20,1,2924.41,0.444219
20,20,2,3024.58,0.499895
20,20,3,3064.7,0.52989
20,20,4,3060.67,0.533335
20,20,5,3029.11,0.513921
20,20,6,2983.97,0.478099
20,20,7,2933.7,0.433226
20,20,8,2880.45,0.386163
20,20,9,2821.6,0.342048
20,20,10,2752.9,0.303821
20,20,11,2670.57,0.271964
20,20,12,2574.52,0.245595
20,20,13,2466.31,0.222895
20,20,14,2350.12,0.202812
20,20,15,2231.37,0.185245
20,20,16,2115.58,0.170554
20,20,17,2006.72,0.159213
20,20,18,1907.03,0.151213
20,20,19,1817.23,0.145869
20,20,20,1738.11,0.142307
20,20,21,1671.09,0.139562
20,20,22,1618.13,0.136504
20,20,23,1580.88,0.131839
20,20,24,1559.35,0.124431
20,20,25,1551.63,0.11365
20,20,26,1553.99,0.0998974
20,20,27,1563.09,0.0847355
20,20,28,1576.76,0.0702761
20,20,29,1594.23,0.0583573
20,20,30,1615.58,0.0499808
20,20,31,1640.11,0.0449217
20,20,32,1665.35,0.0422178
20,20,33,1687.19,0.0406398
20,20,34,1700.89,0.039216
20,20,35,1702.64,0.0374599
20,20,36,1690.88,0.0353245
20,20,37,1666.86,0.0333156
20,20,38,1634.18,0.0318866
20,20,39,1597.99,0.0312795
20,20,40,1563.38,0.031375
20,20,41,1534.9,0.0316972
20,20,42,1515.19,0.0316611
20,20,43,1504.71,0.0307764
20,20,44,1501.28,0.0288211
20,20,45,1500.37,0.0258728
20,20,46,1495.59,0.0222132
20,20,47,1480.38,0.01823
20,20,48,1449.14,0.014246
20,20,49,1399.59,0.0105603
20,21,0,2769.72,0.365613
20,21,1,2941.99,0.43837
20,21,2,3041.57,0.492125
20,21,3,3080.3,0.521403
20,21,4,3074.21,0.525685
20,21,5,3040.09,0.508542
20,21,6,2992.09,0.475917
20,21,7,2939.05,0.434501
20,21,8,2883.49,0.390542
20,21,9,2823.07,0.348681
20,21,10,2753.53,0.311508
20,21,11,2670.84,0.27935
20,21,12,2574.53,0.251447
20,21,13,2465.67,0.226398
20,21,14,2348.28,0.203814
20,21,15,2227.71,0.184194
20,21,16,2109.64,0.16825
20,21,17,1998.22,0.156327
20,21,18,1895.94,0.14795
20,21,19,1803.82,0.141961
20,21,20,1723.21,0.137341
20,21,21,1656.1,0.133438
20,21,22,1604.77,0.129714
20,21,23,1570.8,0.1254
20,21,24,1553.67,0.11951
20,21,25,1550.68,0.11121
20,21,26,1557.31,0.100389
20,21,27,1569.55,0.0880424
20,21,28,1584.72,0.0758202
20,21,29,1601.74,0.0652708
20,21,30,1620.74,0.0573041
20,21,31,1641.65,0.0518037
20,21,32,1663.14,0.048096
20,21,33,1682.47,0.0453705
20,21,34,1695.99,0.0430266
20,21,35,1700.29,0.0407491
20,21,36,1693.41,0.0383787
20,21,37,1675.62,0.0360814
20,21,38,1649.32,0.0339231
20,21,39,1618.55,0.0319574
20,21,40,1587.72,0.0301315
20,21,41,1561.13,0.0282813
20,21,42,1541.64,0.0262495
20,21,43,1530.22,0.0239286
20,21,44,1525.39,0.021327
20,21,45,1523.26,0.018541
20,21,46,1517.78,0.0156962
20,21,47,1502.33,0.0129167
20,21,48,1470.86,0.0102498
20,21,49,1420.47,0.00777393
20,22,0,2793.39,0.362103
20,22,1,2967.81,0.432526
20,22,2,3068.47,0.484419
20,22,3,3107.26,0.513078
20,22,4,3100.22,0.518418
20,22,5,3064.22,0.504011
20,22,6,3013.74,0.4754
20,22,7,2958.07,0.438619
20,22,8,2900.26,0.399192
20,22,9,2838.25,0.36106
20,22,10,2767.88,0.326231
20,22,11,2684.95,0.294755
20,22,12,2588.73,0.265988
20,22,13,2479.98,0.239082
20,22,14,2362.5,0.214432
20,22,15,2241.44,0.193255
20,22,16,2122.41,0.176645
20,22,17,2009.6,0.164784
20,22,18,1905.63,0.15661
20,22,19,1811.89,0.150371
20,22,20,1730.24,0.144776
20,22,21,1663.14,0.139394
20,22,22,1613.07,0.134268
20,22,23,1581.46,0.129245
20,22,24,1567.42,0.123691
20,22,25,1567.64,0.116806
20,22,26,1577.18,0.108176
20,22,27,1591.5,0.0983123
20,22,28,1607.45,0.0883614
20,22,29,1623.45,0.0794293
20,22,30,1639.35,0.0721429
20,22,31,1655.3,0.0663369
20,22,32,1671,0.0615222
20,22,33,1685.27,0.0573009
20,22,34,1695.95,0.0535118
20,22,35,1700.57,0.0501236
20,22,36,1697.16,0.0469649
20,22,37,1685.16,0.0439247
20,22,38,1665.67,0.0407191
20,22,39,1641.42,0.0372191
20,22,40,1615.71,0.0334136
20,22,41,1592.3,0.0294024
20,22,42,1573.95,0.0253824
20,22,43,1562,0.0215465
20,22,44,1555.65,0.0180609
20,22,45,1551.75,0.0150074
20,22,46,1544.79,0.0123848
20,22,47,1528.19,0.0101265
20,22,48,1495.6,0.00809878
20,22,49,1443.6,0.00623844
20,23,0,2819.01,0.357651
20,23,1,2997.03,0.426538
20,23,2,3100.3,0.47754
20,23,3,3140.7,0.506542
20,23,4,3134.23,0.513782
20,23,5,3097.82,0.502844
20,23,6,3046.19,0.478966
20,23,7,2989.07,0.4476
20,23,8,2929.91,0.41353
20,23,9,2866.87,0.379885
20,23,10,2795.88,0.347971
20,23,11,2712.74,0.317529
20,23,12,2616.71,0.288113
20,23,13,2508.55,0.259605
20,23,14,2391.99,0.233308
20,23,15,2271.96,0.211222
20,23,16,2153.73,0.194775
20,23,17,2041.29,0.183893
20,23,18,1937.19,0.176788
20,23,19,1843.03,0.171002
20,23,20,1760.99,0.16486
20,23,21,1693.86,0.158088
20,23,22,1644.31,0.151285
20,23,23,1613.7,0.144968
20,23,24,1600.98,0.138982
20,23,25,1602.62,0.132729
20,23,26,1613.52,0.125632
20,23,27,1628.9,0.11779
20,23,28,1645.1,0.109844
20,23,29,1659.89,0.10239
20,23,30,1672.42,0.0956679
20,23,31,1682.68,0.0893643
20,23,32,1691.06,0.0830876
20,23,33,1697.89,0.0768226
20,23,34,1702.87,0.0708773
20,23,35,1704.99,0.065586
20,23,36,1702.82,0.0608616
20,23,37,1695.29,0.0563997
20,23,38,1682.26,0.0516211
20,23,39,1664.98,0.0462325
20,23,40,1645.38,0.0402422
20,23,41,1626.3,0.0339731
20,23,42,1610.13,0.0279142
20,23,43,1598.39,0.0224998
20,23,44,1590.87,0.0179944
20,23,45,1585.14,0.0144248
20,23,46,1576.27,0.011658
20,23,47,1557.82,0.00946792
20,23,48,1523.28,0.00759248
20,23,49,1468.82,0.00588487
20,24,0,2842.47,0.351239
20,24,1,3024.83,0.419251
20,24,2,3131.72,0.470253
20,24,3,3174.97,0.500515
20,24,4,3170.6,0.510465
20,24,5,3135.5,0.50369
20,24,6,3084.54,0.485203
20,24,7,3027.71,0.45995
20,24,8,2968.64,0.431955
20,24,9,2905.54,0.403443
20,24,10,2834.37,0.37491
20,24,11,2751.16,0.345796
20,24,12,2655.44,0.315945
20,24,13,2548.36,0.286124
20,24,14,2433.87,0.258624
20,24,15,2316.67,0.23622
20,24,16,2201.53,0.220565
20,24,17,2091.84,0.21125
20,24,18,1989.7,0.205718
20,24,19,1896.59,0.200841
20,24,20,1814.8,0.194592
20,24,21,1747.43,0.186872
20,24,22,1697.39,0.17881
20,24,23,1666.19,0.171549
20,24,24,1652.86,0.165363
20,24,25,1653.91,0.159819
20,24,26,1664.42,0.154148
20,24,27,1679.52,0.148037
20,24,28,1695.17,0.14164
20,24,29,1708.4,0.135083
20,24,30,1717.43,0.128264
20,24,31,1721.67,0.120747
20,24,32,1721.77,0.112227
20,24,33,1719.38,0.103055
20,24,34,1716.14,0.0940098
20,24,35,1712.94,0.0858337
20,24,36,1709.44,0.0786032
20,24,37,1704.49,0.0719108
20,24,38,1696.93,0.0649452
20,24,39,1686.48,0.0572708
20,24,40,1673.48,0.0488943
20,24,41,1659.59,0.0403197
20,24,42,1646.59,0.0322739
20,24,43,1635.96,0.0253862
20,24,44,1627.96,0.0199666
20,24,45,1620.75,0.0159298
20,24,46,1609.93,0.0129667
20,24,47,1589.25,0.0106744
20,24,48,1552.16,0.00867579
20,24,49,1494.59,0.00678175
20,25,0,2860.29,0.342134
20,25,1,3046.97,0.409036
20,25,2,3157.77,0.459947
20,25,3,3204.56,0.491491
20,25,4,3203.35,0.504294
20,25,5,3171.02,0.502005
20,25,6,3122.51,0.489487
20,25,7,3067.84,0.471198
20,25,8,3010.53,0.450318
20,25,9,2948.68,0.428012
20,25,10,2878.25,0.403823
20,25,11,2795.58,0.376824
20,25,12,2700.75,0.347185
20,25,13,2595.7,0.316611
20,25,14,2484.82,0.288393
20,25,15,2372.66,0.266019
20,25,16,2263.25,0.251281
20,25,17,2159,0.243447
20,25,18,2061.03,0.239319
20,25,19,1970.37,0.235308
20,25,20,1889.3,0.229211
20,25,21,1821.24,0.221191
20,25,22,1769.62,0.212864
20,25,23,1736.29,0.20584
20,25,24,1720.54,0.200634
20,25,25,1719.1,0.196762
20,25,26,1727.31,0.19308
20,25,27,1740.39,0.188754
20,25,28,1754.1,0.183452
20,25,29,1764.83,0.176929
20,25,30,1769.85,0.168903
20,25,31,1767.76,0.158977
20,25,32,1759.12,0.147041
20,25,33,1746.53,0.133842
20,25,34,1733.41,0.120624
20,25,35,1722.71,0.108533
20,25,36,1715.57,0.0978524
20,25,37,1711.21,0.0881502
20,25,38,1707.72,0.0784506
20,25,39,1703.41,0.0682054
20,25,40,1696.94,0.057401
20,25,41,1688.67,0.0466788
20,25,42,1679.56,0.0369424
20,25,43,1670.92,0.0289679
20,25,44,1663.24,0.0230532
20,25,45,1655.15,0.0189302
20,25,46,1642.65,0.0160365
20,25,47,1619.68,0.0137374
20,25,48,1579.74,0.0115228
20,25,49,1518.71,0.00919275
20,26,0,2869.41,0.330217
20,26,1,3059.62,0.394621
20,26,2,3173.86,0.44404
20,26,3,3224.08,0.475672
20,26,4,3226.4,0.490557
20,26,5,3197.77,0.492557
20,26,6,3153.1,0.486428
20,26,7,3102.3,0.476068
20,26,8,3048.6,0.46364
20,26,9,2989.79,0.449047
20,26,10,2921.72,0.430714
20,26,11,2841.07,0.407239
20,26,12,2748.61,0.379063
20,26,13,2647.26,0.34873
20,26,14,2542.02,0.320418
20,26,15,2437.37,0.298199
20,26,16,2336.35,0.283962
20,26,17,2239.98,0.276795
20,26,18,2148.03,0.273184
20,26,19,2060.84,0.269465
20,26,20,1980.58,0.263549
20,26,21,1911.24,0.255964
20,26,22,1857.02,0.248726
20,26,23,1820.35,0.243685
20,26,24,1800.85,0.241305
20,26,25,1795.41,0.240742
20,26,26,1799.58,0.240212
20,26,27,1808.71,0.23817
20,26,28,1818.54,0.233736
20,26,29,1825.09,0.22639
20,26,30,1824.88,0.215885
20,26,31,1815.81,0.202124
20,26,32,1798.19,0.185415
20,26,33,1775.16,0.16701
20,26,34,1751.57,0.148613
20,26,35,1732.25,0.131726
20,26,36,1719.88,0.116827
20,26,37,1714.37,0.1035
20,26,38,1713.38,0.090666
20,26,39,1714.03,0.0777048
20,26,40,1713.45,0.0645789
20,26,41,1710.67,0.0520285
20,26,42,1705.82,0.0410723
20,26,43,1699.83,0.0325792
20,26,44,1693.33,0.0267769
20,26,45,1685.15,0.0231438
20,26,46,1671.56,0.0207753
20,26,47,1646.62,0.0187295
20,26,48,1603.95,0.0163251
20,26,49,1539.51,0.01337
20,27,0,2867.9,0.316724
20,27,1,3060.18,0.376565
20,27,2,3176.65,0.422212
20,27,3,3229.39,0.451857
20,27,4,3234.76,0.467341
20,27,5,3209.9,0.472936
20,27,6,3169.79,0.473291
20,27,7,3124.2,0.471582
20,27,8,3075.93,0.468738
20,27,9,3022.31,0.463225
20,27,10,2958.95,0.452263
20,27,11,2882.76,0.43389
20,27,12,2795.14,0.408724
20,27,13,2699.98,0.379906
20,27,14,2602.88,0.352263
20,27,15,2508.16,0.330253
20,27,16,2417.77,0.315852
20,27,17,2331.1,0.308198
20,27,18,2246.41,0.303904
20,27,19,2163.27,0.299682
20,27,20,2083.83,0.293866
20,27,21,2012.83,0.287422
20,27,22,1955.46,0.282635
20,27,23,1914.84,0.281344
20,27,24,1890.9,0.283681
20,27,25,1880.53,0.28817
20,27,26,1879.32,0.292143
20,27,27,1882.66,0.293146
20,27,28,1886.4,0.289648
20,27,29,1886.53,0.280895
20,27,30,1879.28,0.266873
20,27,31,1862.18,0.24807
20,27,32,1835.36,0.225504
20,27,33,1802.29,0.201076
20,27,34,1768.75,0.176942
20,27,35,1740.9,0.154844
20,27,36,1722.73,0.13535
20,27,37,1714.86,0.118044
20,27,38,1714.83,0.101799
20,27,39,1718.92,0.0859904
20,27,40,1723.04,0.0706044
20,27,41,1725.14,0.0564845
20,27,42,1724.48,0.044725
20,27,43,1721.59,0.0362365
20,27,44,1717.02,0.0311206
20,27,45,1709.63,0.0285389
20,27,46,1695.71,0.0271612
20,27,47,1669.4,0.0256613
20,27,48,1624.38,0.0231384
20,27,49,1556.81,0.0194108
20,28,0,2855.22,0.303898
20,28,1,3047.58,0.357319
20,28,2,3164.42,0.396962
20,28,3,3218.05,0.422466
20,28,4,3225.18,0.43688
20,28,5,3203.37,0.445085
20,28,6,3167.84,0.451562
20,28,7,3128.29,0.458562
20,28,8,3087.04,0.465591
20,28,9,3040.84,0.469629
20,28,10,2984.89,0.466757
20,28,11,2916.14,0.45448
20,28,12,2836.37,0.433522
20,28,13,2750.23,0.407338
20,28,14,2663.72,0.381093
20,28,15,2580.92,0.35941
20,28,16,2502.67,0.344353
20,28,17,2426.79,0.335333
20,28,18,2350.16,0.329498
20,28,19,2271.68,0.324302
20,28,20,2193.57,0.318711
20,28,21,2121.29,0.314098
20,28,22,2061.02,0.312861
20,28,23,2016.56,0.316598
20,28,24,1988.07,0.324926
20,28,25,1972.35,0.335606
20,28,26,1964.8,0.344994
20,28,27,1960.84,0.349632
20,28,28,1956.46,0.347278
20,28,29,1947.94,0.336936
20,28,30,1931.7,0.318947
20,28,31,1905.43,0.294594
20,28,32,1869.39,0.265843
20,28,33,1827.24,0.235358
20,28,34,1785.18,0.205689
20,28,35,1750.01,0.17863
20,28,36,1726.45,0.154656
20,28,37,1715.61,0.133273
20,28,38,1715.15,0.113359
20,28,39,1720.95,0.094402
20,28,40,1728.16,0.0765327
20,28,41,1734.01,0.0607691
20,28,42,1737.08,0.0482888
20,28,43,1737.47,0.0400169
20,28,44,1735.46,0.0358921
20,28,45,1729.71,0.0347213
20,28,46,1716.35,0.0346851
20,28,47,1689.39,0.0340031
20,28,48,1642.56,0.0314943
20,28,49,1572.21,0.0269565
20,29,0,2832.76,0.293694
20,29,1,3023.03,0.339941
20,29,2,3138.16,0.372457
20,29,3,3190.68,0.392593
20,29,4,3197.8,0.404836
20,29,5,3177.69,0.414737
20,29,6,3146.02,0.426484
20,29,7,3112.52,0.441226
20,29,8,3079.11,0.457005
20,29,9,3041.93,0.469484
20,29,10,2995.63,0.473912
20,29,11,2936.95,0.467488
20,29,12,2867.83,0.451053
20,29,13,2793.23,0.428138
20,29,14,2719.28,0.403935
20,29,15,2649.71,0.382999
20,29,16,2584.35,0.367435
20,29,17,2519.77,0.357033
20,29,18,2451.87,0.349706
20,29,19,2379.06,0.343807
20,29,20,2303.64,0.338972
20,29,21,2231.59,0.336852
20,29,22,2169.7,0.339769
20,29,23,2122.26,0.348924
20,29,24,2089.6,0.363364
20,29,25,2068.39,0.380159
20,29,26,2053.91,0.394828
20,29,27,2041.59,0.403042
20,29,28,2027.65,0.4019
20,29,29,2008.86,0.390178
20,29,30,1982.25,0.368574
20,29,31,1946.15,0.339213
20,29,32,1901.3,0.305073
20,29,33,1851.55,0.269568
20,29,34,1803.08,0.235492
20,29,35,1762.59,0.20444
20,29,36,1734.76,0.176555
20,29,37,1720.91,0.151171
20,29,38,1718.87,0.127252
20,29,39,1724.62,0.104577
20,29,40,1733.11,0.0836206
20,29,41,1741.3,0.0657153
20,29,42,1747.41,0.0521706
20,29,43,1751.09,0.0439135
20,29,44,1752.25,0.0406972
20,29,45,1749.05,0.0409657
20,29,46,1737.17,0.0423894
20,29,47,1710.31,0.0427006
20,29,48,1662.12,0.0403839
20,29,49,1589.14,0.0351546
20,30,0,2803.34,0.287274
20,30,1,2989.68,0.327128
20,30,2,3101.28,0.353041
20,30,3,3150.88,0.367996
20,30,4,3156.23,0.377844
20,30,5,3136.19,0.388692
20,30,6,3107,0.404296
20,30,7,3078.62,0.424664
20,30,8,3052.68,0.446547
20,30,9,3024.81,0.464709
20,30,10,2989.09,0.474086
20,30,11,2941.94,0.471955
20,30,12,2885.15,0.45939
20,30,13,2823.65,0.439863
20,30,14,2763.38,0.418326
20,30,15,2707.55,0.399033
20,30,16,2655.23,0.383988
20,30,17,2602.2,0.373276
20,30,18,2543.81,0.36554
20,30,19,2478.29,0.359955
20,30,20,2407.85,0.356705
20,30,21,2338.56,0.357538
20,30,22,2277.27,0.36453
20,30,23,2228.32,0.378413
20,30,24,2192.07,0.397733
20,30,25,2165.27,0.419124
20,30,26,2143.38,0.437642
20,30,27,2122.05,0.448467
20,30,28,2097.98,0.448299
20,30,29,2068.51,0.435746
20,30,30,2031.51,0.411767
20,30,31,1986.23,0.379146
20,30,32,1934.05,0.341676
20,30,33,1878.96,0.303285
20,30,34,1826.74,0.266747
20,30,35,1783.33,0.233178
20,30,36,1752.76,0.202175
20,30,37,1736.14,0.172866
20,30,38,1731.57,0.14445
20,30,39,1735.54,0.117249
20,30,40,1743.41,0.0923407
20,30,41,1752.44,0.0715476
20,30,42,1760.78,0.0563701
20,30,43,1767.76,0.0477166
20,30,44,1772.69,0.0451196
20,30,45,1772.94,0.0466585
20,30,46,1763.44,0.0494993
20,30,47,1737.3,0.0508876
20,30,48,1687.94,0.0489399
20,30,49,1612.06,0.0432245
20,31,0,2769.99,0.284297
20,31,1,2951.43,0.319866
20,31,2,3058.61,0.341232
20,31,3,3104.38,0.352566
20,31,4,3106.87,0.360675
20,31,5,3085.53,0.371931
20,31,6,3057.16,0.389534
20,31,7,3032,0.412475
20,31,8,3011.68,0.436631
20,31,9,2991.56,0.456499
20,31,10,2965.41,0.467364
20,31,11,2929.36,0.467076
20,31,12,2884.94,0.457121
20,31,13,2836.75,0.440872
20,31,14,2790.23,0.422809
20,31,15,2748.04,0.406621
20,31,16,2708.64,0.393933
20,31,17,2667.46,0.384835
20,31,18,2619.71,0.378436
20,31,19,2563.59,0.374489
20,31,20,2501.1,0.37355
20,31,21,2437.81,0.377313
20,31,22,2379.92,0.38752
20,31,23,2331.26,0.404451
20,31,24,2292.07,0.426314
20,31,25,2259.46,0.449659
20,31,26,2229.57,0.469595
20,31,27,2198.84,0.481364
20,31,28,2164.76,0.481671
20,31,29,2125.44,0.469081
20,31,30,2079.59,0.44464
20,31,31,2027.34,0.411428
20,31,32,1970.6,0.373601
20,31,33,1913.32,0.335176
20,31,34,1860.5,0.298556
20,31,35,1816.84,0.264137
20,31,36,1785.24,0.230852
20,31,37,1766.34,0.197685
20,31,38,1758.54,0.164286
20,31,39,1759.24,0.131798
20,31,40,1764.74,0.10216
20,31,41,1773.16,0.0778492
20,31,42,1782.97,0.0605981
20,31,43,1793.3,0.0512553
20,31,44,1802.68,0.0490699
20,31,45,1807.34,0.0517339
20,31,46,1801.06,0.055914
20,31,47,1776.08,0.0583877
20,31,48,1725.39,0.0569011
20,31,49,1645.78,0.0508457
20,32,0,2734.55,0.283074
20,32,1,2911.36,0.31709
20,32,2,3014.59,0.336828
20,32,3,3057.01,0.346947
20,32,4,3056.82,0.354551
20,32,5,3033.7,0.365851
20,32,6,3004.71,0.383398
20,32,7,2980.34,0.405465
20,32,8,2962.5,0.427646
20,32,9,2946.84,0.444928
20,32,10,2927.27,0.453632
20,32,11,2899.95,0.452673
20,32,12,2866.23,0.44412
20,32,13,2830.26,0.431228
20,32,14,2796.8,0.417772
20,32,15,2767.77,0.406555
20,32,16,2741.16,0.398431
20,32,17,2712.21,0.393071
20,32,18,2676.32,0.389678
20,32,19,2631.74,0.388324
20,32,20,2580.1,0.389812
20,32,21,2525.96,0.39577
20,32,22,2474.18,0.40763
20,32,23,2427.53,0.425328
20,32,24,2385.94,0.446918
20,32,25,2347.11,0.469205
20,32,26,2308.48,0.487838
20,32,27,2268,0.498687
20,32,28,2224.48,0.498899
20,32,29,2177.08,0.487168
20,32,30,2125.28,0.464454
20,32,31,2069.79,0.4337
20,32,32,2012.64,0.398848
20,32,33,1957.25,0.363464
20,32,34,1907.46,0.329197
20,32,35,1866.4,0.295538
20,32,36,1835.57,0.26076
20,32,37,1815.06,0.223858
20,32,38,1803.63,0.185177
20,32,39,1799.88,0.146941
20,32,40,1801.54,0.112168
20,32,41,1808.13,0.0841096
20,32,42,1818.81,0.064755
20,32,43,1832.59,0.0548324
20,32,44,1847.06,0.0532069
20,32,45,1856.96,0.057107
20,32,46,1854.54,0.0626596
20,32,47,1830.84,0.0661732
20,32,48,1778.28,0.0650489
20,32,49,1693.65,0.0585426
20,33,0,2697.53,0.281541
20,33,1,2871.13,0.316564
20,33,2,2972.26,0.337605
20,33,3,3013.25,0.349049
20,33,4,3011.96,0.357555
20,33,5,2987.76,0.368701
20,33,6,2957.49,0.384347
20,33,7,2931.68,0.402432
20,33,8,2912.78,0.418915
20,33,9,2897.32,0.429997
20,33,10,2880.06,0.433614
20,33,11,2857.77,0.43011
20,33,12,2831.92,0.422224
20,33,13,2806.23,0.413036
20,33,14,2784.61,0.405392
20,33,15,2768.07,0.40086
20,33,16,2753.98,0.399119
20,33,17,2737.52,0.399013
20,33,18,2714.34,0.399509
20,33,19,2682.81,0.400829
20,33,20,2644.05,0.404036
20,33,21,2601.34,0.410831
20,33,22,2557.71,0.422474
20,33,23,2514.4,0.438716
20,33,24,2470.81,0.45762
20,33,25,2425.41,0.476458
20,33,26,2377.4,0.491746
20,33,27,2326.92,0.500378
20,33,28,2274.8,0.500288
20,33,29,2221.56,0.490473
20,33,30,2167.5,0.471697
20,33,31,2113.43,0.446401
20,33,32,2060.87,0.417749
20,33,33,2012.1,0.388307
20,33,34,1969.27,0.358595
20,33,35,1933.72,0.327077
20,33,36,1905.51,0.291458
20,33,37,1884.16,0.250952
20,33,38,1868.94,0.206834
20,33,39,1859.96,0.162626
20,33,40,1856.75,0.122594
20,33,41,1860.61,0.0908656
20,33,42,1871.72,0.0697176
20,33,43,1889.06,0.0597079
20,33,44,1909.06,0.0591882
20,33,45,1924.71,0.0647681
20,33,46,1926.4,0.071902
20,33,47,1903.76,0.0763614
20,33,48,1848.45,0.0752303
20,33,49,1757.19,0.0677472
20,34,0,2658.94,0.27905
20,34,1,2831.53,0.316991
20,34,2,2933.23,0.341648
20,34,3,2975.66,0.356504
20,34,4,2975.89,0.367144
20,34,5,2952.42,0.378112
20,34,6,2921.3,0.390568
20,34,7,2892.8,0.402489
20,34,8,2869.97,0.410753
20,34,9,2850.71,0.41332
20,34,10,2831.35,0.410091
20,34,11,2809.94,0.402991
20,34,12,2788.56,0.3954
20,34,13,2770.67,0.390121
20,34,14,2759.2,0.388889
20,34,15,2754,0.391792
20,34,16,2751.66,0.397081
20,34,17,2747.19,0.402536
20,34,18,2736.52,0.406728
20,34,19,2718.21,0.409998
20,34,20,2692.89,0.413775
20,34,21,2662.43,0.420033
20,34,22,2627.87,0.430042
20,34,23,2588.68,0.443494
20,34,24,2543.56,0.458543
20,34,25,2491.7,0.472957
20,34,26,2434.3,0.4842
20,34,27,2374.14,0.49034
20,34,28,2314.61,0.490282
20,34,29,2258.1,0.483489
20,34,30,2205.69,0.470554
20,34,31,2157.97,0.453222
20,34,32,2115.22,0.433471
20,34,33,2077.84,0.412413
20,34,34,2045.85,0.3891
20,34,35,2018.57,0.360864
20,34,36,1994.69,0.324946
20,34,37,1973.34,0.280959
20,34,38,1954.49,0.23128
20,34,39,1939.96,0.1809
20,34,40,1931.4,0.135467
20,34,41,1932.11,0.100107
20,34,42,1943.47,0.0774668
20,34,43,1964.42,0.0679185
20,34,44,1990.11,0.0691674
20,34,45,2011.54,0.0769843
20,34,46,2017.09,0.0859331
20,34,47,1994.85,0.0911115
20,34,48,1935.63,0.0893067
20,34,49,1836.01,0.0799114
20,35,0,2620.83,0.276459
20,35,1,2794.66,0.318476
20,35,2,2899.63,0.348235
20,35,3,2946.38,0.367953
20,35,4,2950.88,0.38174
20,35,5,2930.34,0.39284
20,35,6,2899.58,0.401714
20,35,7,2868.29,0.406638
20,35,8,2840.02,0.405751
20,35,9,2814.23,0.399019
20,35,10,2789.31,0.388371
20,35,11,2765.19,0.37723
20,35,12,2745.02,0.369462
20,35,13,2732.21,0.367483
20,35,14,2728.71,0.37189
20,35,15,2733.02,0.381304
20,35,16,2740.71,0.392602
20,35,17,2746.56,0.402563
20,35,18,2746.78,0.409394
20,35,19,2740.16,0.413602
20,35,20,2727.04,0.417049
20,35,21,2708,0.422119
20,35,22,2682.19,0.430193
20,35,23,2647.36,0.440954
20,35,24,2601.38,0.452615
20,35,25,2544.01,0.463299
20,35,26,2478.34,0.471277
20,35,27,2409.91,0.475718
20,35,28,2344.97,0.476536
20,35,29,2288.03,0.473822
20,35,30,2241.09,0.468146
20,35,31,2204.17,0.460572
20,35,32,2175.75,0.451698
20,35,33,2153.81,0.44087
20,35,34,2135.77,0.425402
20,35,35,2118.94,0.401383
20,35,36,2100.78,0.365636
20,35,37,2080.28,0.318268
20,35,38,2058.33,0.262838
20,35,39,2038.64,0.205912
20,35,40,2025.05,0.15465
20,35,41,2022.92,0.115322
20,35,42,2034.81,0.0910879
20,35,43,2059.56,0.0821797
20,35,44,2090.9,0.0855574
20,35,45,2117.77,0.0959273
20,35,46,2126.52,0.106714
20,35,47,2103.7,0.112167
20,35,48,2039.24,0.108777
20,35,49,1929.53,0.0962593
20,36,0,2588.29,0.276357
20,36,1,2765.12,0.323141
20,36,2,2875.3,0.358825
20,36,3,2928.37,0.384264
20,36,4,2939.06,0.401963
20,36,5,2923.11,0.413776
20,36,6,2893.92,0.419492
20,36,7,2860.38,0.417801
20,36,8,2826.36,0.408196
20,36,9,2792.83,0.392597
20,36,10,2760.34,0.374751
20,36,11,2731.03,0.359273
20,36,12,2709.35,0.350293
20,36,13,2698.93,0.349764
20,36,14,2700.74,0.357331
20,36,15,2711.86,0.370493
20,36,16,2726.82,0.38519
20,36,17,2740.05,0.397573
20,36,18,2748.09,0.40567
20,36,19,2750.11,0.410174
20,36,20,2746.33,0.413316
20,36,21,2736.4,0.417827
20,36,22,2717.93,0.425159
20,36,23,2687.19,0.434904
20,36,24,2641.3,0.445186
20,36,25,2580.39,0.45423
20,36,26,2509.1,0.460852
20,36,27,2435.41,0.465123
20,36,28,2368.27,0.467952
20,36,29,2314.34,0.470221
20,36,30,2276.41,0.472716
20,36,31,2253.73,0.475967
20,36,32,2242.67,0.479162
20,36,33,2238.51,0.479723
20,36,34,2236.07,0.473048
20,36,35,2230.74,0.453875
20,36,36,2219.11,0.418586
20,36,37,2200.3,0.367774
20,36,38,2176.31,0.306176
20,36,39,2152.74,0.241991
20,36,40,2135.58,0.184005
20,36,41,2132.05,0.139805
20,36,42,2145.7,0.113245
20,36,43,2175.06,0.1045
20,36,44,2212.33,0.109746
20,36,45,2244.43,0.122454
20,36,46,2255.72,0.134711
20,36,47,2231.35,0.139772
20,36,48,2160.38,0.133815
20,36,49,2038.87,0.116991
20,37,0,2568.17,0.281993
20,37,1,2748.88,0.33406
20,37,2,2864.87,0.376017
20,37,3,2924.72,0.407472
20,37,4,2941.96,0.429456
20,37,5,2930.93,0.442542
20,37,6,2903.69,0.445935
20,37,7,2868.31,0.438749
20,37,8,2828.85,0.421718
20,37,9,2787.55,0.398407
20,37,10,2746.94,0.373949
20,37,11,2711.23,0.353715
20,37,12,2686.25,0.34185
20,37,13,2675.85,0.339869
20,37,14,2680.12,0.346858
20,37,15,2694.88,0.359836
20,37,16,2713.64,0.374529
20,37,17,2730.61,0.387015
20,37,18,2742.63,0.395363
20,37,19,2749.33,0.400359
20,37,20,2751.05,0.404343
20,37,21,2746.92,0.410127
20,37,22,2733.54,0.419045
20,37,23,2706.21,0.430439
20,37,24,2661.5,0.442157
20,37,25,2599.84,0.45227
20,37,26,2526.92,0.459874
20,37,27,2452.59,0.465753
20,37,28,2387.83,0.471792
20,37,29,2340.94,0.479798
20,37,30,2315.17,0.490986
20,37,31,2308.86,0.505495
20,37,32,2316.26,0.521152
20,37,33,2330.11,0.533427
20,37,34,2342.99,0.535757
20,37,35,2348.84,0.52152
20,37,36,2343.8,0.486654
20,37,37,2327.45,0.432204
20,37,38,2302.99,0.364034
20,37,39,2277.81,0.291935
20,37,40,2259.75,0.226334
20,37,41,2257.52,0.1762
20,37,42,2275.3,0.146192
20,37,43,2311.02,0.136515
20,37,44,2355.26,0.14261
20,37,45,2392.93,0.156715
20,37,46,2406.61,0.169549
20,37,47,2380.18,0.173337
20,37,48,2301.81,0.163919
20,37,49,2167.12,0.141871
20,38,0,2566.31,0.296316
20,38,1,2750.83,0.354262
20,38,2,2871.88,0.402529
20,38,3,2937.4,0.439689
20,38,4,2959.96,0.465633
20,38,5,2952.75,0.480003
20,38,6,2926.71,0.481676
20,38,7,2889.26,0.470218
20,38,8,2844.61,0.447373
20,38,9,2796.03,0.417853
20,38,10,2747.69,0.387584
20,38,11,2705.52,0.362162
20,38,12,2676.41,0.345509
20,38,13,2664.33,0.338815
20,38,14,2668.6,0.34113
20,38,15,2684,0.349791
20,38,16,2703.27,0.361132
20,38,17,2720.46,0.371755
20,38,18,2732.72,0.379948
20,38,19,2740.14,0.386389
20,38,20,2743.33,0.393149
20,38,21,2741.35,0.402723
20,38,22,2730.44,0.416054
20,38,23,2705.57,0.432044
20,38,24,2663.16,0.448108
20,38,25,2603.95,0.461984
20,38,26,2534.28,0.472886
20,38,27,2464.98,0.482189
20,38,28,2408.05,0.49272
20,38,29,2372.48,0.507241
20,38,30,2361.41,0.527452
20,38,31,2372.05,0.553122
20,38,32,2396.88,0.580767
20,38,33,2426.74,0.604003
20,38,34,2452.69,0.614482
20,38,35,2468,0.604424
20,38,36,2468.9,0.569458
20,38,37,2455.68,0.511104
20,38,38,2432.76,0.436264
20,38,39,2409.01,0.356139
20,38,40,2393.72,0.282617
20,38,41,2396.56,0.225904
20,38,42,2421.87,0.191447
20,38,43,2466.65,0.179544
20,38,44,2519.71,0.18507
20,38,45,2564.09,0.199226
20,38,46,2580.79,0.211526
20,38,47,2552.61,0.213205
20,38,48,2466.88,0.199691
20,38,49,2318.4,0.171819
20,39,0,2585.36,0.320523
20,39,1,2772.88,0.384949
20,39,2,2897.32,0.439213
20,39,3,2966.35,0.481065
20,39,4,2991.91,0.50974
20,39,5,2986.4,0.524532
20,39,6,2959.94,0.524459
20,39,7,2919.54,0.509659
20,39,8,2869.65,0.48262
20,39,9,2814.44,0.448579
20,39,10,2759.38,0.413549
20,39,11,2711.58,0.382785
20,39,12,2678.57,0.359789
20,39,13,2664.17,0.345623
20,39,14,2666.93,0.339857
20,39,15,2680.85,0.340914
20,39,16,2698.2,0.346465
20,39,17,2713.01,0.354104
20,39,18,2722.69,0.362425
20,39,19,2727.63,0.371756
20,39,20,2728.83,0.383513
20,39,21,2725.6,0.399481
20,39,22,2714.53,0.419948
20,39,23,2690.98,0.443242
20,39,24,2651.79,0.466266
20,39,25,2598.13,0.486365
20,39,26,2536.59,0.502811
20,39,27,2478.12,0.517464
20,39,28,2434.48,0.533965
20,39,29,2414.17,0.555857
20,39,30,2419.39,0.585137
20,39,31,2446.16,0.62107
20,39,32,2485.69,0.658928
20,39,33,2527.83,0.690771
20,39,34,2563.21,0.706973
20,39,35,2585.23,0.699134
20,39,36,2590.86,0.662968
20,39,37,2581.31,0.6006
20,39,38,2562.11,0.519832
20,39,39,2543.2,0.432863
20,39,40,2534.74,0.352529
20,39,41,2546.78,0.289825
20,39,42,2583.33,0.250753
20,39,43,2640.06,0.235745
20,39,44,2703.96,0.239398
20,39,45,2756.38,0.252282
20,39,46,2777.14,0.263023
20,39,47,2748.28,0.26195
20,39,48,2656.26,0.243907
20,39,49,2494.62,0.209676
20,40,0,2622.08,0.353725
20,40,1,2811.6,0.425176
20,40,2,2937.59,0.48489
20,40,3,3007.82,0.529952
20,40,4,3033.92,0.559457
20,40,5,3027.78,0.573077
20,40,6,2999.02,0.570596
20,40,7,2954.54,0.552942
20,40,8,2899.22,0.523078
20,40,9,2838.11,0.486111
20,40,10,2777.73,0.44743
20,40,11,2725.93,0.411439
20,40,12,2690.32,0.381114
20,40,13,2674.12,0.357644
20,40,14,2675.07,0.341602
20,40,15,2686.6,0.333079
20,40,16,2700.83,0.331544
20,40,17,2711.91,0.335852
20,40,18,2717.45,0.344915
20,40,19,2717.98,0.35853
20,40,20,2714.8,0.377205
20,40,21,2707.77,0.40174
20,40,22,2694.4,0.43158
20,40,23,2671.17,0.464424
20,40,24,2635.87,0.49668
20,40,25,2590.29,0.525358
20,40,26,2540.96,0.549773
20,40,27,2498.08,0.572119
20,40,28,2472.05,0.596546
20,40,29,2469.7,0.626933
20,40,30,2491.62,0.665141
20,40,31,2532.53,0.709682
20,40,32,2583.01,0.754713
20,40,33,2632.89,0.791273
20,40,34,2673.41,0.809287
20,40,35,2699.02,0.800607
20,40,36,2707.89,0.761655
20,40,37,2702.3,0.695395
20,40,38,2688.68,0.61031
20,40,39,2677.54,0.518986
20,40,40,2679.34,0.43441
20,40,41,2703.92,0.367676
20,40,42,2754.4,0.324966
20,40,43,2824.9,0.306872
20,40,44,2900.65,0.308085
20,40,45,2961.71,0.319039
20,40,46,2987.28,0.327815
20,40,47,2959.14,0.323835
20,40,48,2862.95,0.301046
20,40,49,2690.49,0.259763
20,41,0,2671.94,0.392732
20,41,1,2862.74,0.471579
20,41,2,2988.96,0.536156
20,41,3,3058.67,0.582953
20,41,4,3083.44,0.611368
20,41,5,3074.83,0.622133
20,41,6,3042.28,0.61641
20,41,7,2992.85,0.596143
20,41,8,2932.12,0.564517
20,41,9,2866.11,0.52592
20,41,10,2802.26,0.484526
20,41,11,2748.72,0.443559
20,41,12,2712.61,0.405494
20,41,13,2696.1,0.371942
20,41,14,2695.91,0.344816
20,41,15,2705.1,0.326164
20,41,16,2715.89,0.317377
20,41,17,2722.78,0.318617
20,41,18,2723.54,0.329098
20,41,19,2718.74,0.348063
20,41,20,2709.9,0.375081
20,41,21,2697.57,0.409895
20,41,22,2680.62,0.451041
20,41,23,2657.14,0.495619
20,41,24,2626.3,0.5396
20,41,25,2590.61,0.579725
20,41,26,2556.24,0.615273
20,41,27,2532,0.648465
20,41,28,2526.04,0.683396
20,41,29,2542.75,0.723606
20,41,30,2580.63,0.770236
20,41,31,2633.2,0.820811
20,41,32,2690.89,0.86867
20,41,33,2744.37,0.904639
20,41,34,2786.3,0.919312
20,41,35,2812.84,0.905883
20,41,36,2823.65,0.862239
20,41,37,2822.14,0.792421
20,41,38,2815.33,0.705284
20,41,39,2813.86,0.613043
20,41,40,2827.89,0.527885
20,41,41,2866.49,0.460212
20,41,42,2931.54,0.415955
20,41,43,3015.45,0.395898
20,41,44,3102.01,0.395165
20,41,45,3170.6,0.40448
20,41,46,3200.56,0.411582
20,41,47,3174.01,0.404833
20,41,48,3076.02,0.376878
20,41,49,2896.17,0.32718
20,42,0,2728.58,0.431961
20,42,1,2920.45,0.518196
20,42,2,3046.31,0.587189
20,42,3,3114.66,0.634826
20,42,4,3137.07,0.661035
20,42,5,3125.01,0.668022
20,42,6,3087.92,0.658685
20,42,7,3033.32,0.63608
20,42,8,2967.71,0.603388
20,42,9,2898.25,0.563888
20,42,10,2833.18,0.520245
20,42,11,2780.53,0.474462
20,42,12,2746.46,0.428714
20,42,13,2731.56,0.385308
20,42,14,2731.38,0.34763
20,42,15,2738.73,0.319634
20,42,16,2746.15,0.304419
20,42,17,2748.7,0.303306
20,42,18,2744.42,0.315805
20,42,19,2733.91,0.340754
20,42,20,2718.95,0.376972
20,42,21,2700.89,0.423294
20,42,22,2680.13,0.477411
20,42,23,2656.54,0.535903
20,42,24,2630.78,0.594359
20,42,25,2606,0.649262
20,42,26,2587.76,0.699645
20,42,27,2583.07,0.747277
20,42,28,2597.44,0.795476
20,42,29,2632.55,0.846662
20,42,30,2684.77,0.900697
20,42,31,2746.59,0.954037
20,42,32,2808.68,0.99971
20,42,33,2863.03,1.02931
20,42,34,2904.15,1.0353
20,42,35,2930.15,1.01329
20,42,36,2942.23,0.963259
20,42,37,2944.76,0.890458
20,42,38,2945.1,0.803692
20,42,39,2953.63,0.714073
20,42,40,2979.72,0.632125
20,42,41,3031.34,0.566925
20,42,42,3108.89,0.523815
20,42,43,3203.25,0.503792
20,42,44,3297.28,0.502613
20,42,45,3370.43,0.511472
20,42,46,3403,0.517717
20,42,47,3377.95,0.508366
20,42,48,3280.08,0.47438
20,42,49,3096.58,0.414166
20,43,0,2785.25,0.464132
20,43,1,2978.32,0.557054
20,43,2,3103.8,0.630098
20,43,3,3170.62,0.678497
20,43,4,3190.46,0.702656
20,43,5,3174.78,0.706221
20,43,6,3133.22,0.693754
20,43,7,3073.97,0.669291
20,43,8,3004.66,0.63584
20,43,9,2933.61,0.595496
20,43,10,2869.74,0.549539
20,43,11,2820.61,0.49908
20,43,12,2790.92,0.446334
20,43,13,2779.39,0.394483
20,43,14,2780.29,0.348252
20,43,15,2786.16,0.313092
20,43,16,2790.08,0.293297
20,43,17,2787.84,0.291039
20,43,18,2777.95,0.30613
20,43,19,2761.29,0.337283
20,43,20,2740.07,0.382932
20,43,21,2716.53,0.441339
20,43,22,2692.56,0.509546
20,43,23,2669.67,0.583737
20,43,24,2649.7,0.659152
20,43,25,2636.16,0.731953
20,43,26,2633.74,0.8006
20,43,27,2647.57,0.865846
20,43,28,2680.57,0.929477
20,43,29,2731.99,0.992101
20,43,30,2796.38,1.05194
20,43,31,2865.53,1.10453
20,43,32,2930.59,1.14325
20,43,33,2984.94,1.16146
20,43,34,3024.93,1.15452
20,43,35,3050.41,1.12114
20,43,36,3063.89,1.06376
20,43,37,3070.42,0.988684
20,43,38,3077.41,0.90423
20,43,39,3094.68,0.819871
20,43,40,3130.64,0.743983
20,43,41,3192,0.684047
20,43,42,3277.77,0.644693
20,43,43,3377.73,0.62712
20,43,44,3474.46,0.627656
20,43,45,3548.25,0.637778
20,43,46,3580.84,0.644131
20,43,47,3556.39,0.632079
20,43,48,3459.62,0.590716
20,43,49,3275.5,0.517499
20,44,0,2833.83,0.481628
20,44,1,3028.17,0.579462
20,44,2,3153.42,0.65589
20,44,3,3218.87,0.705486
20,44,4,3236.32,0.728819
20,44,5,3217.37,0.730495
20,44,6,3172.01,0.716219
20,44,7,3109.25,0.690638
20,44,8,3037.87,0.656496
20,44,9,2967.3,0.614978
20,44,10,2906.86,0.566509
20,44,11,2863.36,0.511915
20,44,12,2839.75,0.453836
20,44,13,2832.74,0.396332
20,44,14,2835.3,0.345059
20,44,15,2839.76,0.306273
20,44,16,2839.76,0.284762
20,44,17,2831.93,0.283135
20,44,18,2815.5,0.301491
20,44,19,2791.98,0.338721
20,44,20,2764.28,0.393304
20,44,21,2735.71,0.463338
20,44,22,2709.47,0.545514
20,44,23,2688.27,0.635787
20,44,24,2674.68,0.729097
20,44,25,2672.04,0.821219
20,44,26,2683.99,0.909746
20,44,27,2713.86,0.993934
20,44,28,2762.48,1.07347
20,44,29,2827.26,1.14673
20,44,30,2901.48,1.21019
20,44,31,2976.61,1.25888
20,44,32,3044.35,1.28719
20,44,33,3099.34,1.29102
20,44,34,3139.34,1.26917
20,44,35,3165.47,1.22367
20,44,36,3181.09,1.15919
20,44,37,3191.56,1.08275
20,44,38,3204.11,1.00173
20,44,39,3227.89,0.923815
20,44,40,3270.38,0.855257
20,44,41,3337.12,0.802143
20,44,42,3426.08,0.76851
20,44,43,3526.49,0.755681
20,44,44,3621.34,0.760207
20,44,45,3692.2,0.773327
20,44,46,3722.41,0.780516
20,44,47,3697.29,0.765315
20,44,48,3601.55,0.715123
20,44,49,3418.32,0.6269
20,45,0,2863.89,0.478384
20,45,1,3059.17,0.578062
20,45,2,3184.15,0.656386
20,45,3,3248.31,0.70736
20,45,4,3263.62,0.731303
20,45,5,3241.91,0.733022
20,45,6,3193.68,0.718567
20,45,7,3128.83,0.692706
20,45,8,3057.18,0.657941
20,45,9,2989.04,0.615067
20,45,10,2933.79,0.564418
20,45,11,2897.2,0.50722
20,45,12,2880.48,0.446803
20,45,13,2878.38,0.387884
20,45,14,2882.73,0.336427
20,45,15,2885.64,0.298659
20,45,16,2881.24,0.27911
20,45,17,2867.01,0.280373
20,45,18,2843.07,0.302777
20,45,19,2811.85,0.345599
20,45,20,2777.35,0.407719
20,45,21,2744.02,0.487455
20,45,22,2716.23,0.581493
20,45,23,2697.44,0.68577
20,45,24,2690.31,0.79506
20,45,25,2697.57,0.904799
20,45,26,2721.64,1.01159
20,45,27,2764.32,1.11298
20,45,28,2824.97,1.20636
20,45,29,2899.84,1.28777
20,45,30,2981.61,1.35221
20,45,31,3061.74,1.39462
20,45,32,3132.45,1.41096
20,45,33,3189.28,1.40003
20,45,34,3230.94,1.36401
20,45,35,3259.22,1.30783
20,45,36,3277.83,1.23777
20,45,37,3292.12,1.16101
20,45,38,3309.04,1.08378
20,45,39,3337.08,1.01212
20,45,40,3382.92,0.950716
20,45,41,3451.23,0.904783
20,45,42,3539.33,0.878004
20,45,43,3636.47,0.871651
20,45,44,3726.5,0.881957
20,45,45,3792.33,0.899279
20,45,46,3818.64,0.907557
20,45,47,3791.57,0.888672
20,45,48,3695.79,0.828907
20,45,49,3513.11,0.725432
20,46,0,2862.77,0.451706
20,46,1,3058.09,0.549004
20,46,2,3182.43,0.626591
20,46,3,3245.2,0.678131
20,46,4,3258.48,0.703348
20,46,5,3234.45,0.706495
20,46,6,3184.25,0.693177
20,46,7,3118.66,0.667831
20,46,8,3048.36,0.632815
20,46,9,2984.17,0.589117
20,46,10,2935.18,0.537678
20,46,11,2905.97,0.480626
20,46,12,2896.09,0.422003
20,46,13,2898.67,0.366762
20,46,14,2904.63,0.320467
20,46,15,2905.87,0.288525
20,46,16,2896.87,0.274578
20,46,17,2875.86,0.280808
20,46,18,2843.88,0.307677
20,46,19,2804.49,0.354932
20,46,20,2762.94,0.422068
20,46,21,2724.94,0.507898
20,46,22,2695.85,0.609428
20,46,23,2679.5,0.722814
20,46,24,2678.19,0.842875
20,46,25,2693.66,0.96489
20,46,26,2727.11,1.0846
20,46,27,2779.12,1.198
20,46,28,2848.14,1.30035
20,46,29,2929.97,1.38574
20,46,30,3017.14,1.44813
20,46,31,3101.37,1.48284
20,46,32,3175.31,1.48762
20,46,33,3235.04,1.46399
20,46,34,3279.68,1.41695
20,46,35,3311.24,1.35341
20,46,36,3333.43,1.2804
20,46,37,3351.42,1.20472
20,46,38,3371.81,1.13141
20,46,39,3402.57,1.06532
20,46,40,3449.77,1.01028
20,46,41,3517.45,0.971199
20,46,42,3602.7,0.951602
20,46,43,3695.14,0.952461
20,46,44,3779.59,0.969198
20,46,45,3840.03,0.990861
20,46,46,3861.94,0.999902
20,46,47,3831.77,0.977158
20,46,48,3733.98,0.908714
20,46,49,3549.77,0.792667
20,47,0,2816.58,0.403175
20,47,1,3010.33,0.493341
20,47,2,3133.36,0.566639
20,47,3,3194.5,0.616726
20,47,4,3205.79,0.642599
20,47,5,3179.8,0.647464
20,47,6,3128.41,0.635939
20,47,7,3063.26,0.611854
20,47,8,2995.62,0.577549
20,47,9,2936.45,0.534599
20,47,10,2894.18,0.484923
20,47,11,2872.15,0.431651
20,47,12,2868.51,0.379269
20,47,13,2875.18,0.332457
20,47,14,2882.46,0.29579
20,47,15,2882.08,0.273318
20,47,16,2868.78,0.267439
20,47,17,2841.34,0.27968
20,47,18,2801.65,0.310519
20,47,19,2754.38,0.360113
20,47,20,2706.02,0.428602
20,47,21,2663.53,0.515403
20,47,22,2633.04,0.618082
20,47,23,2618.46,0.733239
20,47,24,2621.56,0.856027
20,47,25,2642.93,0.981854
20,47,26,2682.65,1.10597
20,47,27,2740.42,1.22327
20,47,28,2814.24,1.32752
20,47,29,2899.95,1.41149
20,47,30,2990.35,1.46869
20,47,31,3077.56,1.49516
20,47,32,3154.56,1.49034
20,47,33,3217.62,1.45789
20,47,34,3265.93,1.40457
20,47,35,3301.37,1.33823
20,47,36,3327.44,1.26578
20,47,37,3349.04,1.19324
20,47,38,3372.49,1.12459
20,47,39,3405.34,1.06394
20,47,40,3453.22,1.01486
20,47,41,3519.78,0.98224
20,47,42,3602.14,0.969488
20,47,43,3690.43,0.977037
20,47,44,3770.27,0.999308
20,47,45,3826.21,1.02414
20,47,46,3843.87,1.03314
20,47,47,3809.43,1.00717
20,47,48,3707.13,0.933141
20,47,49,3518.29,0.810564
20,48,0,2712.98,0.338521
20,48,1,2902.4,0.417208
20,48,2,3022.82,0.482454
20,48,3,3081.83,0.528295
20,48,4,3091.12,0.553126
20,48,5,3063.63,0.55898
20,48,6,3011.94,0.549306
20,48,7,2948.41,0.527244
20,48,8,2884.64,0.495173
20,48,9,2831.25,0.455322
20,48,10,2795.74,0.410507
20,48,11,2780.23,0.364552
20,48,12,2781.81,0.321928
20,48,13,2791.68,0.286602
20,48,14,2799.89,0.26185
20,48,15,2798.12,0.250195
20,48,16,2781.29,0.252773
20,48,17,2748.59,0.2704
20,48,18,2702.58,0.303478
20,48,19,2648.83,0.352433
20,48,20,2594.88,0.417911
20,48,21,2548.61,0.499884
20,48,22,2516.7,0.596583
20,48,23,2502.97,0.705216
20,48,24,2508.58,0.821533
20,48,25,2533.12,0.941394
20,48,26,2575.76,1.06004
20,48,27,2635.59,1.17193
20,48,28,2710.54,1.27016
20,48,29,2796.83,1.34706
20,48,30,2887.83,1.39628
20,48,31,2976.22,1.41477
20,48,32,3055.26,1.40327
20,48,33,3121.22,1.36669
20,48,34,3173.08,1.31241
20,48,35,3212.37,1.24821
20,48,36,3242.25,1.18025
20,48,37,3267.32,1.11356
20,48,38,3293.65,1.05125
20,48,39,3328.46,0.996996
20,48,40,3377.07,0.954315
20,48,41,3442.9,0.928001
20,48,42,3523.24,0.9212
20,48,43,3608.75,0.93369
20,48,44,3685.58,0.959129
20,48,45,3738.31,0.984863
20,48,46,3752.04,0.992828
20,48,47,3712.29,0.965185
20,48,48,3603.13,0.890624
20,48,49,3407.16,0.770092
20,49,0,2544.66,0.266189
20,49,1,2725.1,0.330419
20,49,2,2840.39,0.384626
20,49,3,2896.21,0.423585
20,49,4,2903.5,0.445381
20,49,5,2875.29,0.451061
20,49,6,2824.66,0.443012
20,49,7,2764.36,0.423736
20,49,8,2705.85,0.395591
20,49,9,2658.97,0.361232
20,49,10,2630.05,0.323934
20,49,11,2620.09,0.287669
20,49,12,2625.55,0.256416
20,49,13,2637.47,0.233184
20,49,14,2646.09,0.219952
20,49,15,2643.26,0.217905
20,49,16,2624.12,0.227172
20,49,17,2588.18,0.247969
20,49,18,2538.42,0.280578
20,49,19,2480.98,0.325526
20,49,20,2423.95,0.383742
20,49,21,2375.68,0.45559
20,49,22,2342.96,0.539942
20,49,23,2329.38,0.634678
20,49,24,2335.6,0.736336
20,49,25,2360.46,0.841461
20,49,26,2402.51,0.945743
20,49,27,2460.51,1.04388
20,49,28,2532.53,1.12916
20,49,29,2615.41,1.19432
20,49,30,2703.39,1.23371
20,49,31,2789.91,1.24517
20,49,32,2868.64,1.23022
20,49,33,2935.74,1.19407
20,49,34,2989.87,1.14377
20,49,35,3032.08,1.08621
20,49,36,3065.07,1.02647
20,49,37,3093.06,0.968537
20,49,38,3121.83,0.914852
20,49,39,3158.25,0.868656
20,49,40,3207.37,0.833327
20,49,41,3272.45,0.81324
20,49,42,3351.07,0.811026
20,49,43,3434.43,0.825893
20,49,44,3509.1,0.851336
20,49,45,3559.35,0.875293
20,49,46,3569.36,0.881413
20,49,47,3523.8,0.85434
20,49,48,3407.1,0.785097
20,49,49,3204.73,0.67572
21,0,0,2793.1,0.239314
21,0,1,2947.5,0.25763
21,0,2,3030.42,0.259524
21,0,3,3058.88,0.250673
21,0,4,3054.21,0.239903
21,0,5,3035.91,0.235077
21,0,6,3018.01,0.240553
21,0,7,3006.85,0.256443
21,0,8,3001.95,0.280233
21,0,9,2998.71,0.308273
21,0,10,2991.07,0.336511
21,0,11,2973.15,0.360376
21,0,12,2942.31,0.375496
21,0,13,2897.02,0.377712
21,0,14,2838.15,0.364617
21,0,15,2768.59,0.336632
21,0,16,2691.96,0.296946
21,0,17,2611.39,0.250538
21,0,18,2528.26,0.202614
21,0,19,2442.16,0.157668
21,0,20,2352.77,0.11877
21,0,21,2261.42,0.0876605
21,0,22,2171.21,0.065269
21,0,23,2086.66,0.0517399
21,0,24,2012.09,0.0467709
21,0,25,1948.59,0.0494639
21,0,26,1895.07,0.0582917
21,0,27,1848.25,0.0709542
21,0,28,1804.26,0.0848064
21,0,29,1759.87,0.0968832
21,0,30,1713.03,0.104724
21,0,31,1663.16,0.106976
21,0,32,1610.37,0.103625
21,0,33,1555.35,0.095674
21,0,34,1499.21,0.0846445
21,0,35,1443.46,0.0719567
21,0,36,1389.79,0.0587329
21,0,37,1340.19,0.0461096
21,0,38,1296.54,0.0348671
21,0,39,1260.02,0.0261643
21,0,40,1230.81,0.0210172
21,0,41,1208.11,0.0202334
21,0,42,1190.7,0.0241491
21,0,43,1177.17,0.0323377
21,0,44,1165.95,0.0433079
21,0,45,1155.73,0.0545002
21,0,46,1144.94,0.0626932
21,0,47,1132.25,0.0652502
21,0,48,1116.71,0.0611474
21,0,49,1098.36,0.0514535
21,1,0,2977.03,0.278633
21,1,1,3137.53,0.3012
21,1,2,3223.51,0.304859
21,1,3,3253.6,0.295968
21,1,4,3249.44,0.284706
21,1,5,3230.47,0.280313
21,1,6,3211.06,0.288082
21,1,7,3198.43,0.308315
21,1,8,3193.01,0.338111
21,1,9,3190.7,0.37309
21,1,10,3185.32,0.408355
21,1,11,3170.41,0.438459
21,1,12,3142.38,0.458198
21,1,13,3098.72,0.462511
21,1,14,3039.45,0.448235
21,1,15,2966.94,0.415392
21,1,16,2884.64,0.367379
21,1,17,2795.99,0.310089
21,1,18,2702.85,0.250137
21,1,19,2605.34,0.193614
21,1,20,2503.66,0.144911
21,1,21,2399.69,0.106588
21,1,22,2297.26,0.0798281
21,1,23,2201.71,0.0645894
21,1,24,2118.02,0.0601111
21,1,25,2047.52,0.0648572
21,1,26,1989.11,0.0766167
21,1,27,1939.14,0.0923253
21,1,28,1893.34,0.108608
21,1,29,1848.04,0.121834
21,1,30,1800.69,0.129141
21,1,31,1750.18,0.129139
21,1,32,1695.91,0.122157
21,1,33,1638.07,0.109842
21,1,34,1577.52,0.0944614
21,1,35,1515.96,0.0780833
21,1,36,1455.69,0.0622378
21,1,37,1399.54,0.0481602
21,1,38,1350.23,0.0364912
21,1,39,1309.38,0.0280738
21,1,40,1277.23,0.0235297
21,1,41,1252.62,0.0232711
21,1,42,1233.89,0.0273194
21,1,43,1219.17,0.0350796
21,1,44,1206.6,0.0450753
21,1,45,1194.67,0.0549715
21,1,46,1181.7,0.0618794
21,1,47,1166.17,0.0634786
21,1,48,1146.97,0.0589238
21,1,49,1124.16,0.0492742
21,2,0,3087.23,0.30918
21,2,1,3252.57,0.33584
21,2,2,3341.91,0.341696
21,2,3,3374.57,0.333434
21,2,4,3371.87,0.32217
21,2,5,3352.79,0.31826
21,2,6,3331.81,0.327901
21,2,7,3316.95,0.351745
21,2,8,3309.72,0.386728
21,2,9,3306.8,0.427925
21,2,10,3302.27,0.469701
21,2,11,3289.37,0.505801
21,2,12,3263.83,0.530219
21,2,13,3222.33,0.537032
21,2,14,3164.08,0.522356
21,2,15,3090.76,0.485787
21,2,16,3005.46,0.430823
21,2,17,2911.66,0.364117
21,2,18,2811.57,0.293536
21,2,19,2705.88,0.226663
21,2,20,2595.46,0.16917
21,2,21,2482.77,0.124451
21,2,22,2372.25,0.0939615
21,2,23,2269.83,0.0774852
21,2,24,2180.79,0.0737644
21,2,25,2106.54,0.0805893
21,2,26,2045.87,0.0950374
21,2,27,1994.95,0.113299
21,2,28,1949.33,0.131336
21,2,29,1905.16,0.144963
21,2,30,1859.49,0.15103
21,2,31,1810.65,0.148197
21,2,32,1757.31,0.137175
21,2,33,1699.01,0.120272
21,2,34,1636.36,0.100524
21,2,35,1571.22,0.0806884
21,2,36,1506.58,0.0627426
21,2,37,1446.15,0.0479983
21,2,38,1393.44,0.0368911
21,2,39,1350.52,0.0297751
21,2,40,1317.53,0.0266605
21,2,41,1292.9,0.0273347
21,2,42,1274.4,0.0313364
21,2,43,1259.68,0.0378607
21,2,44,1246.63,0.0455722
21,2,45,1233.66,0.0526637
21,2,46,1218.99,0.0569789
21,2,47,1201.02,0.0568587
21,2,48,1178.51,0.0517994
21,2,49,1151.43,0.0427774
21,3,0,3135.99,0.331525
21,3,1,3306.69,0.36206
21,3,2,3400.56,0.370377
21,3,3,3436.75,0.36312
21,3,4,3435.94,0.351889
21,3,5,3416.55,0.347871
21,3,6,3393.13,0.358135
21,3,7,3374.55,0.38389
21,3,8,3363.56,0.422225
21,3,9,3357.89,0.467961
21,3,10,3352.13,0.514908
21,3,11,3339.5,0.556077
21,3,12,3315.26,0.584672
21,3,13,3275.49,0.593969
21,3,14,3218.69,0.579472
21,3,15,3145.9,0.540472
21,3,16,3059.68,0.48057
21,3,17,2963.34,0.406999
21,3,18,2859.31,0.328562
21,3,19,2748.8,0.253956
21,3,20,2633.41,0.189836
21,3,21,2516.13,0.140279
21,3,22,2401.9,0.106997
21,3,23,2296.89,0.0896754
21,3,24,2206.28,0.0866529
21,3,25,2131.33,0.0951802
21,3,26,2070.74,0.111753
21,3,27,2020.64,0.131978
21,3,28,1976.72,0.151313
21,3,29,1935.17,0.165156
21,3,30,1892.77,0.17012
21,3,31,1847.3,0.16486
21,3,32,1796.62,0.150333
21,3,33,1739.62,0.129359
21,3,34,1676.63,0.10566
21,3,35,1609.75,0.0827016
21,3,36,1542.68,0.0629979
21,3,37,1480.04,0.0480254
21,3,38,1426.07,0.0380535
21,3,39,1383.16,0.0328726
21,3,40,1351.27,0.0317311
21,3,41,1328.32,0.033612
21,3,42,1311.44,0.0374316
21,3,43,1297.83,0.0421402
21,3,44,1285.14,0.0466302
21,3,45,1271.81,0.0498295
21,3,46,1256.04,0.0505765
21,3,47,1236.18,0.0480932
21,3,48,1210.78,0.0423235
21,3,49,1179.73,0.0341218
21,4,0,3140.25,0.347706
21,4,1,3316.67,0.38183
21,4,2,3415.61,0.392604
21,4,3,3455.46,0.386294
21,4,4,3456.07,0.374564
21,4,5,3435.26,0.369154
21,4,6,3407.72,0.377977
21,4,7,3383.26,0.403034
21,4,8,3366.05,0.441937
21,4,9,3355.09,0.48962
21,4,10,3345.71,0.539582
21,4,11,3331.31,0.584206
21,4,12,3306.9,0.615932
21,4,13,3268.12,0.627317
21,4,14,3212.96,0.613412
21,4,15,3141.82,0.573406
21,4,16,3056.7,0.511061
21,4,17,2960.55,0.433993
21,4,18,2855.79,0.351509
21,4,19,2744.08,0.27286
21,4,20,2627.66,0.2052
21,4,21,2509.97,0.153005
21,4,22,2396.25,0.118163
21,4,23,2292.54,0.100373
21,4,24,2203.6,0.0977681
21,4,25,2130.42,0.10735
21,4,26,2071.64,0.125329
21,4,27,2023.66,0.147032
21,4,28,1982.53,0.167662
21,4,29,1944.69,0.18233
21,4,30,1906.75,0.187369
21,4,31,1865.87,0.181197
21,4,32,1819.09,0.164674
21,4,33,1764.64,0.140818
21,4,34,1702.59,0.113859
21,4,35,1635.35,0.087993
21,4,36,1567.35,0.0664413
21,4,37,1504.09,0.0510627
21,4,38,1450.47,0.0421167
21,4,39,1409.1,0.0388627
21,4,40,1379.67,0.039722
21,4,41,1359.53,0.0427679
21,4,42,1345.19,0.0462159
21,4,43,1333.42,0.0487629
21,4,44,1321.72,0.0495755
21,4,45,1308.61,0.0483973
21,4,46,1292.35,0.0451346
21,4,47,1271.15,0.0399342
21,4,48,1243.36,0.0332023
21,4,49,1208.68,0.0256608
21,5,0,3118.15,0.360727
21,5,1,3299.13,0.397992
21,5,2,3402.09,0.41079
21,5,3,3444.31,0.404786
21,5,4,3444.59,0.391399
21,5,5,3420.27,0.382718
21,5,6,3386.2,0.387489
21,5,7,3353.24,0.40871
21,5,8,3327.09,0.444861
21,5,9,3308.18,0.491336
21,5,10,3292.76,0.541582
21,5,11,3274.59,0.5875
21,5,12,3248.61,0.620865
21,5,13,3210.22,0.633661
21,5,14,3157.05,0.620671
21,5,15,3088.97,0.581178
21,5,16,3007.31,0.519125
21,5,17,2914.48,0.442272
21,5,18,2812.62,0.359962
21,5,19,2703.63,0.281414
21,5,20,2590.22,0.213758
21,5,21,2476.13,0.161524
21,5,22,2366.6,0.126648
21,5,23,2267.28,0.108918
21,5,24,2182.3,0.106483
21,5,25,2112.43,0.116452
21,5,26,2056.42,0.135147
21,5,27,2011.22,0.158016
21,5,28,1973.53,0.180325
21,5,29,1940.14,0.197028
21,5,30,1907.52,0.20407
21,5,31,1872.14,0.19929
21,5,32,1830.23,0.182975
21,5,33,1779.3,0.15789
21,5,34,1719.23,0.12852
21,5,35,1652.72,0.0997967
21,5,36,1584.94,0.0758601
21,5,37,1522.18,0.0592573
21,5,38,1469.9,0.0504839
21,5,39,1430.87,0.0484023
21,5,40,1404.42,0.0506384
21,5,41,1387.44,0.0543534
21,5,42,1375.85,0.0570719
21,5,43,1366.11,0.0572719
21,5,44,1355.68,0.054406
21,5,45,1343.19,0.0489866
21,5,46,1326.94,0.0418751
21,5,47,1304.96,0.0340127
21,5,48,1275.31,0.0261889
21,5,49,1237.4,0.018995
21,6,0,3085.68,0.373647
21,6,1,3268.38,0.41336
21,6,2,3372.65,0.427247
21,6,3,3414.49,0.420311
21,6,4,3411.69,0.403619
21,6,5,3381.09,0.389529
21,6,6,3337.82,0.387633
21,6,7,3293.82,0.402051
21,6,8,3256.31,0.432351
21,6,9,3227.16,0.474605
21,6,10,3203.66,0.522403
21,6,11,3180.02,0.567339
21,6,12,3151.38,0.600722
21,6,13,3113.13,0.6142
21,6,14,3062.7,0.602473
21,6,15,2999.47,0.565027
21,6,16,2924,0.505898
21,6,17,2837.89,0.432695
21,6,18,2742.73,0.354386
21,6,19,2640.38,0.279692
21,6,20,2533.74,0.215326
21,6,21,2426.62,0.165585
21,6,22,2324.03,0.132297
21,6,23,2231.01,0.115329
21,6,24,2151.04,0.113004
21,6,25,2084.83,0.122819
21,6,26,2031.54,0.141589
21,6,27,1988.99,0.165293
21,6,28,1954.68,0.189602
21,6,29,1925.88,0.209487
21,6,30,1898.93,0.220446
21,6,31,1869.58,0.219423
21,6,32,1833.27,0.205659
21,6,33,1786.82,0.181186
21,6,34,1729.8,0.15041
21,6,35,1665.19,0.118929
21,6,36,1598.73,0.0919498
21,6,37,1537.35,0.0729907
21,6,38,1486.93,0.0630523
21,6,39,1450.34,0.0608037
21,6,40,1426.64,0.063212
21,6,41,1412.31,0.0666471
21,6,42,1402.93,0.0680618
21,6,43,1394.82,0.0658064
21,6,44,1385.51,0.0596147
21,6,45,1373.8,0.0506254
21,6,46,1357.97,0.0404038
21,6,47,1335.78,0.0304188
21,6,48,1304.86,0.0216806
21,6,49,1264.31,0.0146388
21,7,0,3053.63,0.388928
21,7,1,3234.55,0.430188
21,7,2,3336.65,0.443844
21,7,3,3374.84,0.434378
21,7,4,3365.95,0.41263
21,7,5,3326.48,0.391285
21,7,6,3271.86,0.380794
21,7,7,3215.03,0.386395
21,7,8,3164.61,0.408745
21,7,9,3123.78,0.44462
21,7,10,3090.82,0.487842
21,7,11,3060.56,0.529892
21,7,12,3028.56,0.561922
21,7,13,2990.5,0.575555
21,7,14,2943.75,0.565563
21,7,15,2887.21,0.531594
21,7,16,2820.53,0.477547
21,7,17,2744.24,0.410546
21,7,18,2659.07,0.33889
21,7,19,2566.6,0.270585
21,7,20,2469.67,0.211777
21,7,21,2371.9,0.166396
21,7,22,2277.89,0.136025
21,7,23,2191.93,0.120504
21,7,24,2116.88,0.118342
21,7,25,2053.65,0.127534
21,7,26,2002,0.145627
21,7,27,1960.92,0.169453
21,7,28,1928.94,0.195426
21,7,29,1903.9,0.218785
21,7,30,1882.14,0.234679
21,7,31,1858.82,0.239042
21,7,32,1828.63,0.229756
21,7,33,1787.64,0.207695
21,7,34,1735.05,0.176797
21,7,35,1673.84,0.143092
21,7,36,1610.06,0.112815
21,7,37,1551,0.0905963
21,7,38,1502.78,0.0781625
21,7,39,1468.31,0.0742416
21,7,40,1446.48,0.0753919
21,7,41,1433.64,0.0774394
21,7,42,1425.32,0.0769758
21,7,43,1417.94,0.0723357
21,7,44,1409.26,0.0634968
21,7,45,1398.25,0.0520059
21,7,46,1383.11,0.0398098
21,7,47,1361.22,0.0285829
21,7,48,1329.73,0.0193659
21,7,49,1287.31,0.0124541
21,8,0,3026.18,0.407834
21,8,1,3202.6,0.449724
21,8,2,3299.83,0.461772
21,8,3,3331.94,0.448246
21,8,4,3315.06,0.42008
21,8,5,3265.48,0.390454
21,8,6,3198.94,0.370671
21,8,7,3129.23,0.366908
21,8,8,3065.99,0.380688
21,8,9,3013.37,0.40931
21,8,10,2970.54,0.446821
21,8,11,2933.04,0.484793
21,8,12,2897.22,0.514598
21,8,13,2859.29,0.528174
21,8,14,2816.72,0.520471
21,8,15,2767.89,0.491112
21,8,16,2711.44,0.443523
21,8,17,2646.63,0.384015
21,8,18,2573.21,0.320079
21,8,19,2492.34,0.259038
21,8,20,2406.6,0.206583
21,8,21,2319.28,0.166328
21,8,22,2234.39,0.139526
21,8,23,2155.36,0.125833
21,8,24,2084.51,0.123807
21,8,25,2022.92,0.131834
21,8,26,1971.16,0.148238
21,8,27,1929.54,0.170867
21,8,28,1897.85,0.197161
21,8,29,1874.79,0.22295
21,8,30,1856.94,0.243344
21,8,31,1839.08,0.253427
21,8,32,1815.28,0.249688
21,8,33,1780.83,0.231574
21,8,34,1734.31,0.202144
21,8,35,1678.36,0.167446
21,8,36,1618.93,0.134446
21,8,37,1563.29,0.108801
21,8,38,1517.55,0.0930768
21,8,39,1484.68,0.0863275
21,8,40,1463.55,0.0850481
21,8,41,1450.69,0.0848633
21,8,42,1441.96,0.0822552
21,8,43,1434.13,0.075629
21,8,44,1425.35,0.0651155
21,8,45,1414.73,0.0524073
21,8,46,1400.36,0.0395125
21,8,47,1379.16,0.0280191
21,8,48,1347.74,0.0188428
21,8,49,1304.37,0.0121301
21,9,0,3002.07,0.429003
21,9,1,3173.16,0.470815
21,9,2,3264.78,0.480336
21,9,3,3290.46,0.461958
21,9,4,3265.88,0.427068
21,9,5,3207.29,0.389483
21,9,6,3130.68,0.361252
21,9,7,3050.27,0.349158
21,9,8,2976.16,0.355196
21,9,9,2913.04,0.376894
21,9,10,2860.78,0.408491
21,9,11,2815.83,0.44189
21,9,12,2775.6,0.469073
21,9,13,2737.11,0.482603
21,9,14,2698.03,0.477651
21,9,15,2656.22,0.453561
21,9,16,2609.28,0.412933
21,9,17,2555.27,0.361022
21,9,18,2493.08,0.304497
21,9,19,2423.44,0.250202
21,9,20,2348.68,0.203628
21,9,21,2271.63,0.168211
21,9,22,2195.59,0.144859
21,9,23,2123,0.132864
21,9,24,2055.54,0.130625
21,9,25,1994.34,0.136688
21,9,26,1940.74,0.150043
21,9,27,1896.43,0.169566
21,9,28,1862.66,0.19391
21,9,29,1839.29,0.219828
21,9,30,1823.55,0.24283
21,9,31,1810.16,0.257564
21,9,32,1792.74,0.259371
21,9,33,1765.74,0.24623
21,9,34,1726.9,0.219977
21,9,35,1678.12,0.186153
21,9,36,1624.77,0.151938
21,9,37,1573.68,0.123698
21,9,38,1530.73,0.104813
21,9,39,1498.94,0.0949
21,9,40,1477.39,0.0907645
21,9,41,1463.13,0.0881937
21,9,42,1452.62,0.0837803
21,9,43,1443.25,0.0760107
21,9,44,1433.61,0.0650174
21,9,45,1422.93,0.0523709
21,9,46,1409.15,0.0398885
21,9,47,1388.74,0.0288875
21,9,48,1357.85,0.0200917
21,9,49,1314.36,0.0135494
21,10,0,2977.49,0.448201
21,10,1,3144.43,0.489675
21,10,2,3231.95,0.496726
21,10,3,3253.21,0.474075
21,10,4,3223.71,0.433708
21,10,5,3159.71,0.390034
21,10,6,3077.21,0.355587
21,10,7,2990.3,0.337342
21,10,8,2908.89,0.337355
21,10,9,2837.7,0.353142
21,10,10,2777.19,0.379161
21,10,11,2724.86,0.407915
21,10,12,2679.39,0.432325
21,10,13,2638.78,0.445794
21,10,14,2600.97,0.443711
21,10,15,2563.34,0.424914
21,10,16,2522.68,0.39096
21,10,17,2476.18,0.345948
21,10,18,2422.19,0.295819
21,10,19,2361.28,0.247148
21,10,20,2295.53,0.205434
21,10,21,2227.33,0.174046
21,10,22,2159.1,0.153522
21,10,23,2092.25,0.142652
21,10,24,2027.66,0.139503
21,10,25,1966.29,0.142566
21,10,26,1910.05,0.151344
21,10,27,1861.86,0.165659
21,10,28,1824.5,0.185439
21,10,29,1799.21,0.208606
21,10,30,1784.18,0.231478
21,10,31,1774.42,0.248775
21,10,32,1763.24,0.255136
21,10,33,1744.27,0.247258
21,10,34,1714.21,0.225585
21,10,35,1673.93,0.194664
21,10,36,1627.81,0.161305
21,10,37,1581.95,0.132126
21,10,38,1541.85,0.111164
21,10,39,1510.62,0.0987444
21,10,40,1487.8,0.0922949
21,10,41,1471.21,0.0880516
21,10,42,1458.1,0.0828417
21,10,43,1446.56,0.0751513
21,10,44,1435.56,0.0649218
21,10,45,1424.38,0.0533771
21,10,46,1410.79,0.0420019
21,10,47,1390.95,0.0318043
21,10,48,1360.64,0.0233608
21,10,49,1317.53,0.0167247
21,11,0,2948.48,0.459743
21,11,1,3113.79,0.501213
21,11,2,3200.27,0.507114
21,11,3,3220.78,0.482386
21,11,4,3190.76,0.439377
21,11,5,3126.4,0.39273
21,11,6,3043.38,0.355049
21,11,7,2955.12,0.33314
21,11,8,2870.73,0.328869
21,11,9,2794.56,0.339697
21,11,10,2727.5,0.360453
21,11,11,2668.16,0.384501
21,11,12,2616.53,0.405911
21,11,13,2571.6,0.418993
21,11,14,2531.62,0.419339
21,11,15,2493.71,0.405195
21,11,16,2454.23,0.377069
21,11,17,2410.05,0.33801
21,11,18,2359.49,0.293358
21,11,19,2303.26,0.249511
21,11,20,2243.27,0.211978
21,11,21,2181.47,0.183989
21,11,22,2119.43,0.165634
21,11,23,2057.5,0.15513
21,11,24,1995.74,0.150169
21,11,25,1934.75,0.149143
21,11,26,1876.67,0.152005
21,11,27,1825.35,0.159434
21,11,28,1784.83,0.172547
21,11,29,1757.7,0.190482
21,11,30,1743.21,0.210588
21,11,31,1736.82,0.228063
21,11,32,1731.7,0.23733
21,11,33,1720.78,0.234175
21,11,34,1699.69,0.217728
21,11,35,1668.1,0.191269
21,11,36,1629.28,0.160758
21,11,37,1588.48,0.132608
21,11,38,1550.81,0.111271
21,11,39,1519.6,0.0977874
21,11,40,1495.04,0.0903672
21,11,41,1475.85,0.085833
21,11,42,1460.12,0.0812487
21,11,43,1446.49,0.0749574
21,11,44,1434.16,0.0665284
21,11,45,1422.3,0.0567018
21,11,46,1408.48,0.0466104
21,11,47,1388.68,0.0370474
21,11,48,1358.58,0.0285746
21,11,49,1315.82,0.0213849
21,12,0,2913.75,0.459718
21,12,1,3080.15,0.502241
21,12,2,3168.93,0.50951
21,12,3,3192.63,0.486221
21,12,4,3166.57,0.444435
21,12,5,3106.77,0.398398
21,12,6,3028.31,0.36031
21,12,7,2943.52,0.336631
21,12,8,2860.35,0.329065
21,12,9,2782.49,0.33524
21,12,10,2710.98,0.350627
21,12,11,2645.42,0.369651
21,12,12,2586.92,0.38754
21,12,13,2535.39,0.399438
21,12,14,2489.5,0.401132
21,12,15,2446.42,0.390379
21,12,16,2402.62,0.366892
21,12,17,2355.2,0.332959
21,12,18,2302.94,0.293441
21,12,19,2246.88,0.254463
21,12,20,2188.88,0.221285
21,12,21,2130.49,0.196708
21,12,22,2072.51,0.180226
21,12,23,2014.49,0.16948
21,12,24,1955.81,0.161902
21,12,25,1896.63,0.155946
21,12,26,1839.08,0.152081
21,12,27,1787.4,0.151794
21,12,28,1746.33,0.157199
21,12,29,1719.38,0.168501
21,12,30,1706.64,0.184028
21,12,31,1704.06,0.199658
21,12,32,1704.78,0.209994
21,12,33,1701.21,0.210359
21,12,34,1688.13,0.198865
21,12,35,1664.13,0.177525
21,12,36,1631.42,0.151203
21,12,37,1594.51,0.125766
21,12,38,1558.28,0.105799
21,12,39,1526.44,0.0929427
21,12,40,1499.96,0.0861688
21,12,41,1478.49,0.0828715
21,12,42,1460.82,0.0802746
21,12,43,1445.92,0.0764442
21,12,44,1432.9,0.0704633
21,12,45,1420.6,0.062552
21,12,46,1406.3,0.0535486
21,12,47,1385.97,0.0441832
21,12,48,1355.4,0.0351561
21,12,49,1312.44,0.0269244
21,13,0,2872.93,0.447445
21,13,1,3042.4,0.492726
21,13,2,3135.99,0.504647
21,13,3,3165.79,0.486925
21,13,4,3146.96,0.450394
21,13,5,3095.21,0.408126
21,13,6,3024.91,0.371485
21,13,7,2947.2,0.346643
21,13,8,2868.75,0.335485
21,13,9,2792.34,0.336278
21,13,10,2718.82,0.345497
21,13,11,2648.33,0.358749
21,13,12,2582.75,0.372273
21,13,13,2522.78,0.381853
21,13,14,2467.72,0.383461
21,13,15,2415.21,0.374609
21,13,16,2362.38,0.354599
21,13,17,2307.04,0.325321
21,13,18,2248.69,0.291237
21,13,19,2188.8,0.257945
21,13,20,2129.2,0.230038
21,13,21,2071.16,0.209496
21,13,22,2014.99,0.195048
21,13,23,1959.83,0.183836
21,13,24,1904.7,0.173253
21,13,25,1849.44,0.162104
21,13,26,1795.86,0.151521
21,13,27,1748.02,0.143778
21,13,28,1710.64,0.141721
21,13,29,1687.4,0.146322
21,13,30,1678.78,0.156634
21,13,31,1681.07,0.169177
21,13,32,1687.48,0.178972
21,13,33,1690.2,0.181299
21,13,34,1683.46,0.173682
21,13,35,1665.07,0.157114
21,13,36,1636.44,0.135374
21,13,37,1601.6,0.113609
21,13,38,1565.45,0.0962807
21,13,39,1532.24,0.0854039
21,13,40,1503.84,0.0805454
21,13,41,1480.74,0.0795459
21,13,42,1462.27,0.0796992
21,13,43,1447.39,0.0787451
21,13,44,1434.8,0.075286
21,13,45,1422.74,0.0690942
21,13,46,1408.1,0.0608149
21,13,47,1386.84,0.0512566
21,13,48,1355.05,0.0413608
21,13,49,1311.04,0.0319053
21,14,0,2827.34,0.426666
21,14,1,3000.55,0.476733
21,14,2,3099.95,0.49654
21,14,3,3137.08,0.488041
21,14,4,3126.84,0.459918
21,14,5,3084.65,0.42338
21,14,6,3024.19,0.388681
21,14,7,2955.56,0.361951
21,14,8,2884.14,0.345772
21,14,9,2811.64,0.339632
21,14,10,2738.33,0.341368
21,14,11,2664.38,0.347816
21,14,12,2592.05,0.355982
21,14,13,2522.7,0.362057
21,14,14,2456.43,0.362187
21,14,15,2391.87,0.353891
21,14,16,2327.16,0.336428
21,14,17,2261.15,0.31159
21,14,18,2194.11,0.28344
21,14,19,2127.82,0.256769
21,14,20,2064.08,0.235112
21,14,21,2003.99,0.219317
21,14,22,1947.75,0.207288
21,14,23,1894.57,0.195798
21,14,24,1843.51,0.182429
21,14,25,1794.29,0.166575
21,14,26,1748.15,0.150117
21,14,27,1708.41,0.136047
21,14,28,1678.99,0.127686
21,14,29,1663.08,0.126465
21,14,30,1661.04,0.131856
21,14,31,1669.3,0.140882
21,14,32,1681.26,0.149069
21,14,33,1689.16,0.151961
21,14,34,1687,0.146896
21,14,35,1672.12,0.134185
21,14,36,1645.48,0.11668
21,14,37,1610.93,0.09878
21,14,38,1573.59,0.0846106
21,14,39,1538.4,0.0763184
21,14,40,1508.14,0.0738426
21,14,41,1484.12,0.0753338
21,14,42,1465.96,0.0781308
21,14,43,1452.45,0.0797258
21,14,44,1441.59,0.0783708
21,14,45,1430.79,0.073531
21,14,46,1416.34,0.0657423
21,14,47,1394.17,0.0559469
21,14,48,1360.68,0.0453228
21,14,49,1314.75,0.0349288
21,15,0,2779.61,0.403345
21,15,1,2955.89,0.459926
21,15,2,3060.52,0.489888
21,15,3,3104.46,0.492865
21,15,4,3102.38,0.47477
21,15,5,3069.44,0.444545
21,15,6,3018.84,0.411236
21,15,7,2959.74,0.381202
21,15,8,2896.35,0.358198
21,15,9,2829.22,0.343401
21,15,10,2757.76,0.336282
21,15,11,2681.75,0.334893
21,15,12,2603.45,0.3368
21,15,13,2524.74,0.338411
21,15,14,2446.71,0.336044
21,15,15,2369.28,0.327389
21,15,16,2291.92,0.311868
21,15,17,2214.58,0.291297
21,15,18,2138.21,0.269261
21,15,19,2064.68,0.249543
21,15,20,1995.65,0.234432
21,15,21,1932.22,0.223606
21,15,22,1874.82,0.214266
21,15,23,1823.2,0.203004
21,15,24,1776.77,0.187713
21,15,25,1735.23,0.168414
21,15,26,1699.07,0.14762
21,15,27,1670.42,0.128886
21,15,28,1651.89,0.115788
21,15,29,1645.67,0.110012
21,15,30,1651.69,0.111257
21,15,31,1666.49,0.116929
21,15,32,1683.73,0.123059
21,15,33,1695.92,0.125607
21,15,34,1697.04,0.121995
21,15,35,1684.21,0.112128
21,15,36,1658.15,0.0981329
21,15,37,1622.73,0.0837008
21,15,38,1583.45,0.072487
21,15,39,1545.96,0.0665639
21,15,40,1513.99,0.0660568
21,15,41,1489.56,0.0693469
21,15,42,1472.55,0.0738888
21,15,43,1461.43,0.0771183
21,15,44,1453.4,0.0771522
21,15,45,1444.89,0.0733112
21,15,46,1431.44,0.0660588
21,15,47,1408.77,0.0564205
21,15,48,1373.52,0.0456934
21,15,49,1325.1,0.0350872
21,16,0,2733.14,0.38294
21,16,1,2910.91,0.446749
21,16,2,3019.02,0.48739
21,16,3,3067.99,0.502056
21,16,4,3072.31,0.493788
21,16,5,3047.03,0.469236
21,16,6,3004.97,0.436312
21,16,7,2954.53,0.401775
21,16,8,2898.83,0.370778
21,16,9,2837.33,0.346381
21,16,10,2768.47,0.329758
21,16,11,2691.43,0.320093
21,16,12,2608.22,0.315359
21,16,13,2521.08,0.312073
21,16,14,2432.11,0.306716
21,16,15,2342.62,0.297201
21,16,16,2253.57,0.283143
21,16,17,2165.93,0.266333
21,16,18,2081.12,0.249798
21,16,19,2000.9,0.23628
21,16,20,1926.76,0.226935
21,16,21,1859.93,0.220543
21,16,22,1801.35,0.213912
21,16,23,1751.52,0.203644
21,16,24,1710.34,0.187899
21,16,25,1677.42,0.167089
21,16,26,1652.37,0.144017
21,16,27,1635.84,0.122514
21,16,28,1628.97,0.106253
21,16,29,1632.83,0.0971149
21,16,30,1646.91,0.0950116
21,16,31,1667.92,0.0977174
21,16,32,1689.93,0.10176
21,16,33,1705.8,0.103558
21,16,34,1709.64,0.100719
21,16,35,1698.39,0.0929059
21,16,36,1672.62,0.0816639
21,16,37,1636.23,0.0700347
21,16,38,1595.08,0.0611274
21,16,39,1555.49,0.05681
21,16,40,1522.06,0.0572845
21,16,41,1497.49,0.0611618
21,16,42,1481.95,0.0661509
21,16,43,1473.63,0.0698713
21,16,44,1468.99,0.0705381
21,16,45,1463.47,0.0674676
21,16,46,1451.77,0.0610405
21,16,47,1429.27,0.0522396
21,16,48,1392.63,0.0422978
21,16,49,1341.61,0.0324
21,17,0,2692.29,0.367504
21,17,1,2869.71,0.437652
21,17,2,2979.07,0.487437
21,17,3,3030.67,0.51198
21,17,4,3038.98,0.511868
21,17,5,3019.03,0.491788
21,17,6,2983.38,0.458684
21,17,7,2939.72,0.419679
21,17,8,2890.3,0.3812
21,17,9,2833.61,0.347989
21,17,10,2767.26,0.322708
21,17,11,2689.76,0.305482
21,17,12,2602.77,0.294578
21,17,13,2508.7,0.286588
21,17,14,2410.5,0.278184
21,17,15,2310.86,0.267506
21,17,16,2212.1,0.254304
21,17,17,2116.09,0.240238
21,17,18,2024.53,0.227743
21,17,19,1938.95,0.218657
21,17,20,1860.74,0.213352
21,17,21,1791.4,0.210182
21,17,22,1732.48,0.205972
21,17,23,1685.22,0.197483
21,17,24,1649.84,0.182968
21,17,25,1625.72,0.162797
21,17,26,1611.39,0.139581
21,17,27,1606.09,0.117078
21,17,28,1609.6,0.0989529
21,17,29,1622.1,0.0873348
21,17,30,1642.84,0.0824759
21,17,31,1668.87,0.0825942
21,17,32,1694.8,0.0847209
21,17,33,1713.94,0.0857004
21,17,34,1720.51,0.0833283
21,17,35,1711.25,0.0770679
21,17,36,1686.49,0.0679678
21,17,37,1650,0.0584703
21,17,38,1607.87,0.0511182
21,17,39,1566.89,0.0475185
21,17,40,1532.39,0.0479148
21,17,41,1507.78,0.0511917
21,17,42,1493.54,0.0554535
21,17,43,1487.79,0.0587044
21,17,44,1486.39,0.0594377
21,17,45,1483.96,0.0570532
21,17,46,1474.45,0.0518139
21,17,47,1452.74,0.0445215
21,17,48,1415.34,0.0361704
21,17,49,1362.12,0.0277625
21,18,0,2662.19,0.356638
21,18,1,2837.87,0.430781
21,18,2,2946.48,0.486513
21,18,3,2998.31,0.51764
21,18,4,3007.92,0.523098
21,18,5,2990.44,0.50618
21,18,6,2958.26,0.473055
21,18,7,2918.62,0.430999
21,18,8,2873.14,0.387268
21,18,9,2819.7,0.347748
21,18,10,2755.25,0.316134
21,18,11,2677.69,0.293181
21,18,12,2588.2,0.27736
21,18,13,2489.13,0.265374
21,18,14,2384.01,0.254157
21,18,15,2276.62,0.2421
21,18,16,2170.47,0.229057
21,18,17,2068.14,0.216461
21,18,18,1971.53,0.206183
21,18,19,1881.99,0.199376
21,18,20,1800.98,0.196027
21,18,21,1730.38,0.194562
21,18,22,1672.38,0.192195
21,18,23,1628.68,0.185969
21,18,24,1599.51,0.174024
21,18,25,1583.7,0.156278
21,18,26,1578.69,0.134706
21,18,27,1582.47,0.112668
21,18,28,1593.83,0.0937354
21,18,29,1612.39,0.0803307
21,18,30,1637.48,0.073177
21,18,31,1666.69,0.0710244
21,18,32,1695.32,0.0714274
21,18,33,1717.22,0.0716322
21,18,34,1726.72,0.0695943
21,18,35,1720.32,0.0645936
21,18,36,1697.91,0.0572263
21,18,37,1662.92,0.0493652
21,18,38,1621.33,0.0429909
21,18,39,1580.13,0.0394378
21,18,40,1545.19,0.0389945
21,18,41,1520.52,0.0408688
21,18,42,1507.05,0.0436537
21,18,43,1503,0.0458505
21,18,44,1503.97,0.0463198
21,18,45,1504.05,0.0445766
21,18,46,1496.59,0.0407356
21,18,47,1476.03,0.0353229
21,18,48,1438.51,0.0289901
21,18,49,1383.75,0.022464
21,19,0,2647.14,0.348367
21,19,1,2820.84,0.42337
21,19,2,2927.68,0.481132
21,19,3,2978.05,0.515052
21,19,4,2986.7,0.523361
21,19,5,2968.92,0.508597
21,19,6,2937.11,0.47635
21,19,7,2898.39,0.433734
21,19,8,2854.22,0.388226
21,19,9,2802.21,0.346134
21,19,10,2738.91,0.311562
21,19,11,2661.6,0.285507
21,19,12,2570.88,0.266541
21,19,13,2468.75,0.251538
21,19,14,2359,0.237814
21,19,15,2246.15,0.224105
21,19,16,2134.59,0.210429
21,19,17,2027.48,0.198001
21,19,18,1926.94,0.188202
21,19,19,1834.34,0.181713
21,19,20,1751.43,0.178444
21,19,21,1680.62,0.177235
21,19,22,1624.57,0.175937
21,19,23,1585.16,0.171957
21,19,24,1562.27,0.163219
21,19,25,1553.93,0.148954
21,19,26,1556.53,0.130249
21,19,27,1567.05,0.109839
21,19,28,1583.63,0.0910905
21,19,29,1605.62,0.0766637
21,19,30,1632.6,0.0677558
21,19,31,1662.85,0.0636594
21,19,32,1692.5,0.0624585
21,19,33,1716.12,0.0618165
21,19,34,1728.28,0.0598805
21,19,35,1725.25,0.0558056
21,19,36,1706.37,0.0497963
21,19,37,1674.47,0.0431837
21,19,38,1635.06,0.0374029
21,19,39,1595,0.0335177
21,19,40,1560.41,0.0318673
21,19,41,1535.75,0.0320024
21,19,42,1522.42,0.0330265
21,19,43,1518.95,0.03395
21,19,44,1521,0.0339983
21,19,45,1522.52,0.0327882
21,19,46,1516.56,0.0302769
21,19,47,1497.16,0.0266901
21,19,48,1459.98,0.0223254
21,19,49,1404.36,0.0176236
21,20,0,2648.75,0.341237
21,20,1,2821.36,0.414252
21,20,2,2926.53,0.470599
21,20,3,2974.73,0.504079
21,20,4,2980.9,0.51304
21,20,5,2960.55,0.499839
21,20,6,2926.38,0.469658
21,20,7,2885.81,0.429168
21,20,8,2840.64,0.385479
21,20,9,2788.55,0.344625
21,20,10,2725.83,0.310509
21,20,11,2649.15,0.283996
21,20,12,2558.4,0.26366
21,20,13,2454.98,0.246628
21,20,14,2342.64,0.230729
21,20,15,2226.24,0.215199
21,20,16,2110.79,0.200347
21,20,17,1999.91,0.187246
21,20,18,1896.05,0.176857
21,20,19,1800.81,0.169491
21,20,20,1716.46,0.165096
21,20,21,1646,0.163037
21,20,22,1592.41,0.16189
21,20,23,1557.49,0.159506
21,20,24,1540.53,0.153664
21,20,25,1538.66,0.142948
21,20,26,1547.31,0.127565
21,20,27,1562.71,0.109538
21,20,28,1582.54,0.0918988
21,20,29,1605.93,0.0773582
21,20,30,1632.74,0.0674272
21,20,31,1661.89,0.0618352
21,20,32,1690.48,0.0591544
21,20,33,1714.04,0.0575035
21,20,34,1727.68,0.0553082
21,20,35,1727.62,0.0517144
21,20,36,1712.7,0.0466243
21,20,37,1684.95,0.0408661
21,20,38,1649.12,0.0353544
21,20,39,1611.57,0.0308916
21,20,40,1578.3,0.0278667
21,20,41,1553.97,0.0261669
21,20,42,1540.38,0.0253799
21,20,43,1536.48,0.0249723
21,20,44,1538.29,0.0244742
21,20,45,1539.99,0.0235648
21,20,46,1534.65,0.0220517
21,20,47,1516.02,0.0198899
21,20,48,1479.3,0.0170808
21,20,49,1423.25,0.0138271
21,21,0,2665.62,0.33492
21,21,1,2838.86,0.404316
21,21,2,2943.41,0.457264
21,21,3,2989.81,0.488463
21,21,4,2993.07,0.496903
21,21,5,2969.02,0.485148
21,21,6,2930.84,0.458108
21,21,7,2886.7,0.421826
21,21,8,2839.09,0.382641
21,21,9,2785.98,0.345805
21,21,10,2723.52,0.31458
21,21,11,2647.79,0.289459
21,21,12,2557.9,0.268995
21,21,13,2454.56,0.25068
21,21,14,2341.21,0.232983
21,21,15,2222.75,0.215772
21,21,16,2104.48,0.199744
21,21,17,1990.47,0.185887
21,21,18,1883.56,0.174737
21,21,19,1785.83,0.166217
21,21,20,1700.19,0.16025
21,21,21,1630.17,0.156667
21,21,22,1578.96,0.154756
21,21,23,1548.07,0.152916
21,21,24,1536.22,0.148993
21,21,25,1539.68,0.141191
21,21,26,1553.16,0.129029
21,21,27,1572.27,0.113844
21,21,28,1594.25,0.0981878
21,21,29,1617.92,0.0845497
21,21,30,1643.13,0.0744739
21,21,31,1669.3,0.0679263
21,21,32,1694.5,0.0638716
21,21,33,1715.51,0.060919
21,21,34,1728.38,0.0578915
21,21,35,1729.75,0.0540871
21,21,36,1718.11,0.0492346
21,21,37,1694.73,0.0437277
21,21,38,1663.37,0.0380017
21,21,39,1629.52,0.0326125
21,21,40,1598.7,0.0279895
21,21,41,1575.38,0.024333
21,21,42,1561.58,0.0216633
21,21,43,1556.67,0.0198269
21,21,44,1557.25,0.0185799
21,21,45,1558.03,0.0176165
21,21,46,1552.36,0.0166096
21,21,47,1533.88,0.0152979
21,21,48,1497.36,0.0134705
21,21,49,1440.92,0.011162
21,22,0,2694.14,0.329818
21,22,1,2869.8,0.395501
21,22,2,2975.17,0.444835
21,22,3,3020.78,0.473544
21,22,4,3021.72,0.481436
21,22,5,2994.06,0.471447
21,22,6,2951.63,0.448306
21,22,7,2903.54,0.417369
21,22,8,2853.08,0.384012
21,22,9,2798.65,0.352457
21,22,10,2736.28,0.325118
21,22,11,2661.55,0.302057
21,22,12,2572.93,0.281881
21,22,13,2470.52,0.26262
21,22,14,2357.34,0.243489
21,22,15,2238.11,0.225065
21,22,16,2118.2,0.208444
21,22,17,2001.93,0.194499
21,22,18,1892.56,0.183236
21,22,19,1792.73,0.174076
21,22,20,1705.95,0.166763
21,22,21,1636.19,0.161452
21,22,22,1586.73,0.158092
21,22,23,1558.83,0.15573
21,22,24,1550.72,0.152545
21,22,25,1558.09,0.146693
21,22,26,1575.23,0.137278
21,22,27,1597.25,0.125041
21,22,28,1620.91,0.111945
21,22,29,1644.44,0.100014
21,22,30,1667.33,0.0905421
21,22,31,1689.09,0.0835134
21,22,32,1708.69,0.078157
21,22,33,1724.3,0.0735712
21,22,34,1733.42,0.0690666
21,22,35,1733.63,0.0642388
21,22,36,1723.57,0.0587731
21,22,37,1703.88,0.0527157
21,22,38,1677.25,0.0460812
21,22,39,1648.05,0.0392105
21,22,40,1620.83,0.0325742
21,22,41,1599.53,0.0266711
21,22,42,1586.08,0.0219115
21,22,43,1580.18,0.0184581
21,22,44,1579.11,0.0162194
21,22,45,1578.28,0.0148497
21,22,46,1571.52,0.013883
21,22,47,1552.49,0.0128787
21,22,48,1515.62,0.0114812
21,22,49,1458.47,0.00962188
21,23,0,2728.8,0.325961
21,23,1,2908.26,0.388893
21,23,2,3015.83,0.435639
21,23,3,3062.04,0.462805
21,23,4,3062,0.470913
21,23,5,3032,0.463266
21,23,6,2986.48,0.444451
21,23,7,2935.35,0.419173
21,23,8,2882.65,0.391827
21,23,9,2827.1,0.365562
21,23,10,2764.67,0.341917
21,23,11,2690.64,0.320614
21,23,12,2603.16,0.300484
21,23,13,2501.95,0.2803
21,23,14,2389.79,0.260124
21,23,15,2271.08,0.241251
21,23,16,2150.99,0.225066
21,23,17,2033.9,0.2122
21,23,18,1923.3,0.20197
21,23,19,1822.26,0.193161
21,23,20,1734.74,0.185196
21,23,21,1665.02,0.178442
21,23,22,1616.43,0.173461
21,23,23,1590.06,0.170019
21,23,24,1583.93,0.16682
21,23,25,1593.47,0.162231
21,23,26,1612.84,0.155141
21,23,27,1636.89,0.145775
21,23,28,1661.8,0.135456
21,23,29,1685.04,0.125588
21,23,30,1705.28,0.117026
21,23,31,1721.74,0.109623
21,23,32,1733.96,0.102754
21,23,33,1741.55,0.0959758
21,23,34,1743.82,0.0891309
21,23,35,1739.89,0.0822237
21,23,36,1729.11,0.0750288
21,23,37,1711.82,0.0673647
21,23,38,1689.7,0.0589162
21,23,39,1665.78,0.0498598
21,23,40,1643.24,0.0407111
21,23,41,1625.09,0.0322455
21,23,42,1612.9,0.0252142
21,23,43,1606.57,0.0200376
21,23,44,1604,0.016706
21,23,45,1601.34,0.0147682
21,23,46,1593.02,0.0135846
21,23,47,1572.79,0.0125377
21,23,48,1534.91,0.0111599
21,23,49,1476.47,0.00932955
21,24,0,2763.94,0.322432
21,24,1,2947.86,0.383694
21,24,2,3058.55,0.429123
21,24,3,3106.62,0.455961
21,24,4,3107.24,0.465242
21,24,5,3076.83,0.460531
21,24,6,3030.23,0.446283
21,24,7,2977.91,0.426624
21,24,8,2924.31,0.405031
21,24,9,2868.29,0.383628
21,24,10,2805.8,0.363135
21,24,11,2732.1,0.343054
21,24,12,2645.35,0.322615
21,24,13,2545.39,0.301508
21,24,14,2434.98,0.280709
21,24,15,2318.22,0.262161
21,24,16,2199.87,0.247368
21,24,17,2084.03,0.236573
21,24,18,1974.02,0.228301
21,24,19,1873.06,0.220682
21,24,20,1785.34,0.212808
21,24,21,1715.37,0.205245
21,24,22,1666.61,0.199139
21,24,23,1640.14,0.194959
21,24,24,1634,0.191962
21,24,25,1643.69,0.188768
21,24,26,1663.52,0.184078
21,24,27,1688.22,0.177598
21,24,28,1713.51,0.169982
21,24,29,1735.98,0.161977
21,24,30,1753.26,0.153979
21,24,31,1763.88,0.145686
21,24,32,1767.57,0.1366
21,24,33,1765.23,0.126721
21,24,34,1758.11,0.116444
21,24,35,1747.32,0.106251
21,24,36,1733.48,0.0961191
21,24,37,1717.09,0.0857627
21,24,38,1698.93,0.0746338
21,24,39,1680.56,0.0627905
21,24,40,1663.53,0.050786
21,24,41,1649.62,0.0396355
21,24,42,1639.75,0.0303715
21,24,43,1633.85,0.0236178
21,24,44,1630.39,0.0193802
21,24,45,1626.16,0.0170242
21,24,46,1616.15,0.015666
21,24,47,1594.31,0.0144691
21,24,48,1554.81,0.0128509
21,24,49,1494.46,0.0106766
21,25,0,2794.57,0.317848
21,25,1,2982.78,0.377752
21,25,2,3096.87,0.42237
21,25,3,3147.58,0.44945
21,25,4,3150.21,0.460405
21,25,5,3121.28,0.458981
21,25,6,3075.8,0.449498
21,25,7,3024.44,0.435556
21,25,8,2971.71,0.419757
21,25,9,2916.36,0.403218
21,25,10,2854.3,0.38584
21,25,11,2780.98,0.366941
21,25,12,2694.92,0.346233
21,25,13,2596.53,0.324394
21,25,14,2488.83,0.303335
21,25,15,2375.78,0.285559
21,25,16,2261.51,0.272563
21,25,17,2149.42,0.264142
21,25,18,2042.18,0.25808
21,25,19,1942.79,0.251994
21,25,20,1855.41,0.244761
21,25,21,1784.82,0.237203
21,25,22,1734.8,0.231003
21,25,23,1706.64,0.227228
21,25,24,1698.58,0.225562
21,25,25,1706.34,0.224732
21,25,26,1724.54,0.223115
21,25,27,1747.96,0.21978
21,25,28,1772,0.214662
21,25,29,1792.5,0.207891
21,25,30,1806,0.199505
21,25,31,1810.2,0.189192
21,25,32,1804.73,0.176693
21,25,33,1791.43,0.16251
21,25,34,1773.41,0.14761
21,25,35,1753.94,0.132975
21,25,36,1735.28,0.118849
21,25,37,1718.44,0.104941
21,25,38,1703.54,0.0905528
21,25,39,1690.66,0.0756551
21,25,40,1679.56,0.0608179
21,25,41,1670.65,0.04724
21,25,42,1664.04,0.0361623
21,25,43,1659.54,0.0283534
21,25,44,1655.99,0.0237684
21,25,45,1650.74,0.0215047
21,25,46,1639.22,0.0203351
21,25,47,1615.58,0.0191248
21,25,48,1574.02,0.0171422
21,25,49,1511.28,0.0142737
21,26,0,2816.53,0.311054
21,26,1,3008.12,0.368765
21,26,2,3125.12,0.411854
21,26,3,3178.54,0.438674
21,26,4,3183.87,0.451059
21,26,5,3157.77,0.452933
21,26,6,3115.29,0.448462
21,26,7,3067.06,0.440693
21,26,8,3017.26,0.431305
21,26,9,2964.36,0.420342
21,26,10,2904.07,0.406831
21,26,11,2832.12,0.389839
21,26,12,2747.62,0.369534
21,26,13,2651.85,0.347498
21,26,14,2548.38,0.326508
21,26,15,2441.11,0.309526
21,26,16,2333.42,0.297987
21,26,17,2227.56,0.291337
21,26,18,2125.13,0.286879
21,26,19,2028.54,0.282025
21,26,20,1941.81,0.275661
21,26,21,1870.09,0.268933
21,26,22,1817.75,0.263978
21,26,23,1786.52,0.26226
21,26,24,1774.96,0.263656
21,26,25,1779.02,0.266752
21,26,26,1793.57,0.269352
21,26,27,1813.47,0.269695
21,26,28,1833.98,0.266897
21,26,29,1850.46,0.260519
21,26,30,1858.61,0.250436
21,26,31,1855.42,0.236588
21,26,32,1840.33,0.21922
21,26,33,1815.85,0.19948
21,26,34,1786.59,0.178945
21,26,35,1757.8,0.159052
21,26,36,1733.43,0.140302
21,26,37,1715.2,0.122423
21,26,38,1702.77,0.104611
21,26,39,1694.9,0.0867712
21,26,40,1689.66,0.0694686
21,26,41,1686.06,0.0540331
21,26,42,1683.33,0.0418431
21,26,43,1681.06,0.0337585
21,26,44,1678.33,0.0296242
21,26,45,1672.82,0.0281936
21,26,46,1660.29,0.0277865
21,26,47,1635.02,0.026868
21,26,48,1591.3,0.0245009
21,26,49,1525.96,0.0206143
21,27,0,2827.31,0.302436
21,27,1,3020.76,0.356337
21,27,2,3139.48,0.396234
21,27,3,3194.84,0.421382
21,27,4,3202.66,0.434282
21,27,5,3179.86,0.439127
21,27,6,3141.58,0.439879
21,27,7,3098.22,0.438901
21,27,8,3053.48,0.436801
21,27,9,3005.24,0.432446
21,27,10,2948.92,0.423923
21,27,11,2880.43,0.409966
21,27,12,2799.49,0.391108
21,27,13,2708.31,0.369628
21,27,14,2611.15,0.348995
21,27,15,2511.87,0.332496
21,27,16,2412.98,0.321531
21,27,17,2315.38,0.315418
21,27,18,2219.3,0.311386
21,27,19,2126.38,0.307035
21,27,20,2040.5,0.301517
21,27,21,1967.31,0.296323
21,27,22,1911.99,0.293905
21,27,23,1876.89,0.295882
21,27,24,1860.92,0.302064
21,27,25,1860.09,0.31064
21,27,26,1869.33,0.318616
21,27,27,1883.53,0.3232
21,27,28,1897.93,0.322582
21,27,29,1907.73,0.315797
21,27,30,1908.28,0.302769
21,27,31,1896.29,0.284018
21,27,32,1871.16,0.260625
21,27,33,1835.86,0.23457
21,27,34,1796.09,0.20804
21,27,35,1758.58,0.182794
21,27,36,1728.62,0.159445
21,27,37,1708.58,0.13768
21,27,38,1697.85,0.116606
21,27,39,1694.15,0.096096
21,27,40,1694.14,0.0767443
21,27,41,1695.61,0.0600077
21,27,42,1697,0.0473681
21,27,43,1697.57,0.0397382
21,27,44,1696.48,0.0368077
21,27,45,1691.57,0.0369272
21,27,46,1678.7,0.0378662
21,27,47,1652.22,0.0375875
21,27,48,1606.52,0.0348812
21,27,49,1538.59,0.0297203
21,28,0,2826.24,0.293874
21,28,1,3019.53,0.342416
21,28,2,3138.19,0.377325
21,28,3,3194,0.399147
21,28,4,3203.26,0.411383
21,28,5,3183.36,0.418646
21,28,6,3149.66,0.424625
21,28,7,3112.37,0.430794
21,28,8,3074.54,0.436497
21,28,9,3033.33,0.439336
21,28,10,2983.62,0.436487
21,28,11,2921.32,0.426347
21,28,12,2846.63,0.409739
21,28,13,2762.56,0.389401
21,28,14,2673.94,0.369262
21,28,15,2584.62,0.3528
21,28,16,2496.19,0.341449
21,28,17,2408.19,0.334655
21,28,18,2319.55,0.329984
21,28,19,2231.13,0.325557
21,28,20,2146.67,0.320953
21,28,21,2072.37,0.317936
21,28,22,2014.21,0.319067
21,28,23,1975.19,0.325876
21,28,24,1954.53,0.337899
21,28,25,1948.19,0.35278
21,28,26,1950.95,0.366636
21,28,27,1957.6,0.375577
21,28,28,1963.43,0.376851
21,28,29,1963.86,0.369033
21,28,30,1954.44,0.352285
21,28,31,1932.15,0.32797
21,28,32,1896.7,0.29828
21,28,33,1851.49,0.26614
21,28,34,1802.82,0.234255
21,28,35,1758.19,0.204461
21,28,36,1723.6,0.177225
21,28,37,1701.81,0.152056
21,28,38,1692.03,0.127977
21,28,39,1691.32,0.104924
21,28,40,1695.36,0.0836296
21,28,41,1701.12,0.0657576
21,28,42,1706.4,0.0529212
21,28,43,1710.12,0.0460829
21,28,44,1711.38,0.0447625
21,28,45,1707.92,0.0468851
21,28,46,1695.5,0.0496051
21,28,47,1668.41,0.0502971
21,28,48,1621.07,0.0474001
21,28,49,1550.69,0.0408903
21,29,0,2814.78,0.287355
21,29,1,3005.85,0.329926
21,29,2,3122.47,0.358933
21,29,3,3176.86,0.376457
21,29,4,3185.97,0.387244
21,29,5,3167.83,0.396415
21,29,6,3138.23,0.407273
21,29,7,3107.29,0.420197
21,29,8,3077.39,0.433139
21,29,9,3044.87,0.442506
21,29,10,3003.96,0.444784
21,29,11,2950.37,0.438211
21,29,12,2884.55,0.42392
21,29,13,2810.03,0.40492
21,29,14,2731.97,0.385361
21,29,15,2654.05,0.368764
21,29,16,2577.11,0.356622
21,29,17,2499.53,0.348674
21,29,18,2419.19,0.343078
21,29,19,2336.38,0.338633
21,29,20,2254.69,0.335352
21,29,21,2180.64,0.3351
21,29,22,2120.8,0.340308
21,29,23,2078.66,0.352205
21,29,24,2053.6,0.369938
21,29,25,2041.51,0.390631
21,29,26,2036.97,0.409642
21,29,27,2034.69,0.422172
21,29,28,2030.1,0.424696
21,29,29,2019.09,0.415476
21,29,30,1997.91,0.395031
21,29,31,1964.37,0.365669
21,29,32,1918.86,0.330751
21,29,33,1865.19,0.294062
21,29,34,1809.88,0.258585
21,29,35,1760.41,0.225879
21,29,36,1722.74,0.195947
21,29,37,1699.59,0.167978
21,29,38,1690.04,0.140968
21,29,39,1690.88,0.11509
21,29,40,1697.42,0.0914262
21,29,41,1706.25,0.0720014
21,29,42,1714.85,0.0586326
21,29,43,1721.84,0.0523471
21,29,44,1726.07,0.0525007
21,29,45,1724.93,0.0566165
21,29,46,1713.85,0.0612336
21,29,47,1686.83,0.0631099
21,29,48,1638.21,0.0602691
21,29,49,1565.39,0.0526077
21,30,0,2795.81,0.284191
21,30,1,2982.96,0.32157
21,30,2,3095.86,0.345188
21,30,3,3147.14,0.358612
21,30,4,3154.44,0.367828
21,30,5,3136.56,0.378439
21,30,6,3109.85,0.393252
21,30,7,3084.44,0.411462
21,30,8,3062.2,0.429686
21,30,9,3038.67,0.443419
21,30,10,3007.45,0.448873
21,30,11,2963.96,0.44448
21,30,12,2908.71,0.43181
21,30,13,2845.4,0.414045
21,30,14,2779.24,0.39534
21,30,15,2713.63,0.379087
21,30,16,2648.73,0.366751
21,30,17,2582.11,0.358336
21,30,18,2511.06,0.352594
21,30,19,2435.47,0.348934
21,30,20,2358.74,0.347685
21,30,21,2287.35,0.350596
21,30,22,2227.92,0.35976
21,30,23,2184.01,0.375963
21,30,24,2155.08,0.397945
21,30,25,2137.03,0.422496
21,30,26,2124.5,0.444586
21,30,27,2112.33,0.458964
21,30,28,2096.36,0.461747
21,30,29,2073.15,0.451127
21,30,30,2039.95,0.428011
21,30,31,1995.67,0.395501
21,30,32,1941.56,0.357855
21,30,33,1881.8,0.319358
21,30,34,1822.67,0.282859
21,30,35,1771.02,0.249258
21,30,36,1732.03,0.217824
21,30,37,1707.97,0.187384
21,30,38,1697.82,0.157084
21,30,39,1698.57,0.127613
21,30,40,1705.71,0.10068
21,30,41,1716.09,0.078854
21,30,42,1727.17,0.0642235
21,30,43,1737.39,0.0578732
21,30,44,1745.18,0.0589883
21,30,45,1747.26,0.064733
21,30,46,1738.41,0.0710863
21,30,47,1712.06,0.0742228
21,30,48,1662.34,0.0717226
21,30,49,1586.76,0.0633083
21,31,0,2772.19,0.283971
21,31,1,2954.58,0.318102
21,31,2,3062.98,0.338175
21,31,3,3110.3,0.348843
21,31,4,3114.72,0.357029
21,31,5,3095.75,0.36862
21,31,6,3070.27,0.385857
21,31,7,3048.54,0.406843
21,31,8,3032.11,0.427164
21,31,9,3016.05,0.441904
21,31,10,2993.51,0.447572
21,31,11,2959.73,0.44326
21,31,12,2915.2,0.431156
21,31,13,2863.6,0.414603
21,31,14,2809.9,0.397547
21,31,15,2757.04,0.383007
21,31,16,2704.62,0.372177
21,31,17,2649.7,0.365058
21,31,18,2589.3,0.360771
21,31,19,2523.11,0.359112
21,31,20,2454.21,0.36056
21,31,21,2388.57,0.366605
21,31,22,2332.16,0.378882
21,31,23,2288.12,0.397699
21,31,24,2255.8,0.42147
21,31,25,2231.34,0.446934
21,31,26,2209.95,0.469184
21,31,27,2187.2,0.483152
21,31,28,2159.72,0.485153
21,31,29,2124.98,0.473592
21,31,30,2081.27,0.449689
21,31,31,2028.57,0.416958
21,31,32,1968.84,0.379989
21,31,33,1906.37,0.342981
21,31,34,1846.82,0.308161
21,31,35,1795.82,0.275461
21,31,36,1757.28,0.24331
21,31,37,1732.74,0.210302
21,31,38,1721.14,0.176016
21,31,39,1720.07,0.141983
21,31,40,1725.81,0.110809
21,31,41,1736.05,0.0857499
21,31,42,1748.66,0.0691817
21,31,43,1762.02,0.0621923
21,31,44,1773.94,0.0637502
21,31,45,1780.17,0.0706881
21,31,46,1774.42,0.0784969
21,31,47,1749.25,0.0828444
21,31,48,1698.34,0.0808866
21,31,49,1619.22,0.0721165
21,32,0,2745.09,0.284737
21,32,1,2923.02,0.318039
21,32,2,3027.43,0.337099
21,32,3,3071.25,0.34701
21,32,4,3072.9,0.355057
21,32,5,3052.24,0.367085
21,32,6,3026.45,0.384755
21,32,7,3005.92,0.405377
21,32,8,2992.21,0.42404
21,32,9,2980.39,0.436077
21,32,10,2963.67,0.438903
21,32,11,2937.44,0.432718
21,32,12,2902.3,0.420483
21,32,13,2861.81,0.405676
21,32,14,2820.47,0.391791
21,32,15,2780.62,0.381141
21,32,16,2741.22,0.374244
21,32,17,2699,0.370681
21,32,18,2650.86,0.369577
21,32,19,2596.4,0.370879
21,32,20,2538.24,0.375135
21,32,21,2481.36,0.383597
21,32,22,2430.46,0.397483
21,32,23,2387.71,0.416702
21,32,24,2352.17,0.439477
21,32,25,2320.53,0.462778
21,32,26,2289.25,0.482302
21,32,27,2255.34,0.493782
21,32,28,2216.87,0.494269
21,32,29,2172.46,0.482644
21,32,30,2121.41,0.460293
21,32,31,2064.37,0.430642
21,32,32,2003.56,0.397901
21,32,33,1942.81,0.365505
21,32,34,1886.67,0.3346
21,32,35,1839.2,0.303978
21,32,36,1802.78,0.271322
21,32,37,1778.11,0.23528
21,32,38,1764.22,0.196207
21,32,39,1759.69,0.156786
21,32,40,1762.11,0.120722
21,32,41,1770.56,0.0920258
21,32,42,1783.75,0.0733159
21,32,43,1800.1,0.0655794
21,32,44,1816.67,0.0674611
21,32,45,1827.85,0.0754239
21,32,46,1825.88,0.0844981
21,32,47,1802.14,0.0899124
21,32,48,1749.6,0.0884621
21,32,49,1665.76,0.0794425
21,33,0,2714.05,0.284118
21,33,1,2888.86,0.318734
21,33,2,2990.99,0.339215
21,33,3,3033.08,0.350358
21,33,4,3033.34,0.359133
21,33,5,3011.47,0.370967
21,33,6,2984.54,0.38699
21,33,7,2962.91,0.404174
21,33,8,2948.45,0.417772
21,33,9,2936.83,0.424042
21,33,10,2922,0.421803
21,33,11,2900.06,0.412657
21,33,12,2872.01,0.400365
21,33,13,2841.33,0.388451
21,33,14,2811.92,0.379692
21,33,15,2785.22,0.375309
21,33,16,2759.43,0.374705
21,33,17,2730.86,0.376598
21,33,18,2696.4,0.379784
21,33,19,2655.54,0.38422
21,33,20,2610.3,0.390588
21,33,21,2564.39,0.400113
21,33,22,2520.79,0.413784
21,33,23,2480.26,0.43129
21,33,24,2441.44,0.450812
21,33,25,2401.84,0.469737
21,33,26,2359.71,0.48468
21,33,27,2314.32,0.492584
21,33,28,2265.81,0.491598
21,33,29,2214.36,0.481239
21,33,30,2160.11,0.462892
21,33,31,2103.93,0.439421
21,33,32,2047.48,0.413974
21,33,33,1993.45,0.388613
21,33,34,1944.74,0.363046
21,33,35,1903.55,0.334917
21,33,36,1870.69,0.301419
21,33,37,1846.14,0.261621
21,33,38,1829.21,0.216994
21,33,39,1819.83,0.17161
21,33,40,1817.32,0.130386
21,33,41,1822.62,0.0981022
21,33,42,1835.58,0.0775588
21,33,43,1854.78,0.0695241
21,33,44,1876.33,0.0721623
21,33,45,1892.96,0.0814287
21,33,46,1895.09,0.0918091
21,33,47,1872.63,0.0980854
21,33,48,1817.71,0.096766
21,33,49,1727.65,0.0870798
21,34,0,2678.13,0.281425
21,34,1,2851.73,0.318816
21,34,2,2954.02,0.34249
21,34,3,2996.96,0.356329
21,34,4,2998.15,0.366391
21,34,5,2976.59,0.377367
21,34,6,2948.73,0.389974
21,34,7,2924.68,0.401346
21,34,8,2906.73,0.40753
21,34,9,2891.68,0.406243
21,34,10,2874.88,0.39798
21,34,11,2853.76,0.385787
21,34,12,2830.16,0.374098
21,34,13,2807.59,0.366308
21,34,14,2789.24,0.364238
21,34,15,2775.4,0.367732
21,34,16,2763.27,0.374773
21,34,17,2748.62,0.382941
21,34,18,2728.27,0.390524
21,34,19,2701.62,0.397487
21,34,20,2670.09,0.404806
21,34,21,2636,0.413975
21,34,22,2600.44,0.426005
21,34,23,2562.6,0.440554
21,34,24,2520.55,0.455855
21,34,25,2472.73,0.469747
21,34,26,2419.54,0.479821
21,34,27,2363.03,0.484353
21,34,28,2306.03,0.482713
21,34,29,2250.6,0.475128
21,34,30,2197.69,0.462875
21,34,31,2147.8,0.447947
21,34,32,2101.27,0.431954
21,34,33,2058.85,0.415148
21,34,34,2021.25,0.39558
21,34,35,1988.68,0.36983
21,34,36,1960.51,0.334907
21,34,37,1936.23,0.290634
21,34,38,1915.73,0.239837
21,34,39,1900.56,0.188118
21,34,40,1892.11,0.141661
21,34,41,1893.42,0.106026
21,34,42,1905.69,0.0841728
21,34,43,1927.66,0.076568
21,34,44,1954.29,0.0807202
21,34,45,1976.43,0.0918514
21,34,46,1982.46,0.103703
21,34,47,1960.68,0.110514
21,34,48,1902.26,0.108565
21,34,49,1804.3,0.0972305
21,35,0,2638.86,0.278015
21,35,1,2813.12,0.318974
21,35,2,2917.91,0.346851
21,35,3,2964.27,0.364239
21,35,4,2968.79,0.375902
21,35,5,2949.45,0.38561
21,35,6,2921.64,0.393808
21,35,7,2894.99,0.398205
21,35,8,2872.21,0.396096
21,35,9,2851.43,0.386936
21,35,10,2829.88,0.372874
21,35,11,2806.82,0.358181
21,35,12,2785.28,0.347684
21,35,13,2768.98,0.344438
21,35,14,2760.3,0.349229
21,35,15,2758.19,0.360494
21,35,16,2758.65,0.374816
21,35,17,2756.86,0.388668
21,35,18,2749.53,0.39985
21,35,19,2736.01,0.408397
21,35,20,2717.26,0.415705
21,35,21,2694.3,0.423752
21,35,22,2666.47,0.433757
21,35,23,2631.41,0.44546
21,35,24,2586.63,0.457159
21,35,25,2531.39,0.467018
21,35,26,2468.25,0.473445
21,35,27,2402.23,0.475915
21,35,28,2339.15,0.474957
21,35,29,2283.15,0.471524
21,35,30,2235.91,0.466791
21,35,31,2197.13,0.461803
21,35,32,2165.16,0.456422
21,35,33,2138.22,0.448882
21,35,34,2114.45,0.435495
21,35,35,2092.08,0.411885
21,35,36,2069.29,0.375102
21,35,37,2045.41,0.325917
21,35,38,2021.23,0.268597
21,35,39,2000.13,0.2103
21,35,40,1985.7,0.158496
21,35,41,1983.11,0.119561
21,35,42,1994.88,0.0966751
21,35,43,2019.79,0.0899909
21,35,44,2051.5,0.09623
21,35,45,2078.85,0.109642
21,35,46,2088.13,0.122975
21,35,47,2066.01,0.129772
21,35,48,2002.72,0.126123
21,35,49,1895.1,0.111762
21,36,0,2601.53,0.277423
21,36,1,2777.86,0.32246
21,36,2,2886.77,0.355045
21,36,3,2938.24,0.376379
21,36,4,2947.75,0.389827
21,36,5,2932.01,0.398213
21,36,6,2905.26,0.401859
21,36,7,2876.45,0.39931
21,36,8,2848.64,0.389319
21,36,9,2821.35,0.37306
21,36,10,2793.76,0.354058
21,36,11,2767.18,0.337375
21,36,12,2745.94,0.327871
21,36,13,2734.04,0.328093
21,36,14,2733,0.337921
21,36,15,2740.37,0.354716
21,36,16,2750.95,0.374096
21,36,17,2759.34,0.391791
21,36,18,2762.22,0.405298
21,36,19,2759.04,0.414758
21,36,20,2750.47,0.421955
21,36,21,2736.58,0.429344
21,36,22,2715.25,0.438365
21,36,23,2682.85,0.448813
21,36,24,2636.39,0.458952
21,36,25,2575.83,0.467037
21,36,26,2505.56,0.472016
21,36,27,2433.34,0.474307
21,36,28,2367.79,0.475477
21,36,29,2315.08,0.477227
21,36,30,2277.41,0.48075
21,36,31,2253.32,0.486231
21,36,32,2238.83,0.491807
21,36,33,2229.4,0.493676
21,36,34,2220.59,0.486429
21,36,35,2208.88,0.464817
21,36,36,2191.65,0.426026
21,36,37,2168.42,0.371795
21,36,38,2141.12,0.307767
21,36,39,2115.04,0.242608
21,36,40,2095.94,0.185072
21,36,41,2090.88,0.142437
21,36,42,2103.49,0.118216
21,36,43,2132.28,0.112303
21,36,44,2169.46,0.120573
21,36,45,2201.81,0.136129
21,36,46,2213.59,0.150534
21,36,47,2190,0.156509
21,36,48,2120.36,0.149972
21,36,49,2001.22,0.131178
21,37,0,2574.07,0.284095
21,37,1,2753.13,0.333762
21,37,2,2866.59,0.371286
21,37,3,2923.48,0.396605
21,37,4,2938.16,0.411852
21,37,5,2926.2,0.419067
21,37,6,2900.69,0.418609
21,37,7,2870.01,0.409956
21,37,8,2837.51,0.393282
21,37,9,2803.95,0.371205
21,37,10,2770.37,0.34816
21,37,11,2739.9,0.329467
21,37,12,2718.02,0.319668
21,37,13,2708.84,0.320741
21,37,14,2713,0.332028
21,37,15,2726.74,0.35047
21,37,16,2743.87,0.371472
21,37,17,2758.58,0.390609
21,37,18,2767.67,0.405318
21,37,19,2770.86,0.415755
21,37,20,2768.76,0.423839
21,37,21,2760.87,0.432244
21,37,22,2744.12,0.442459
21,37,23,2714.05,0.454191
21,37,24,2667.37,0.465507
21,37,25,2604.59,0.474522
21,37,26,2531.52,0.480456
21,37,27,2458.02,0.484446
21,37,28,2394.88,0.488998
21,37,29,2349.74,0.496604
21,37,30,2324.88,0.508606
21,37,31,2317.55,0.524476
21,37,32,2321.4,0.540754
21,37,33,2329.35,0.551721
21,37,34,2334.84,0.550369
21,37,35,2333.04,0.530682
21,37,36,2321.05,0.490012
21,37,37,2298.93,0.430971
21,37,38,2269.89,0.360423
21,37,39,2241.04,0.288378
21,37,40,2220,0.224794
21,37,41,2215.38,0.177839
21,37,42,2231.39,0.151449
21,37,43,2265.98,0.14534
21,37,44,2309.69,0.154613
21,37,45,2347.26,0.171252
21,37,46,2361.16,0.18565
21,37,47,2335.29,0.189712
21,37,48,2258.13,0.179197
21,37,49,2125.83,0.154895
21,38,0,2563.9,0.301664
21,38,1,2745.68,0.356758
21,38,2,2863.03,0.399338
21,38,3,2924.27,0.428331
21,38,4,2942.93,0.445011
21,38,5,2933.57,0.451
21,38,6,2908.41,0.446947
21,38,7,2875.43,0.433286
21,38,8,2838.39,0.411406
21,38,9,2799.19,0.384905
21,38,10,2760.37,0.358542
21,38,11,2726.51,0.337325
21,38,12,2703.77,0.325183
21,38,13,2696.09,0.323592
21,38,14,2703.1,0.331872
21,38,15,2719.99,0.347381
21,38,16,2739.84,0.366204
21,38,17,2756.74,0.384413
21,38,18,2767.79,0.399605
21,38,19,2773.03,0.411756
21,38,20,2773.27,0.422512
21,38,21,2767.86,0.43433
21,38,22,2753.37,0.448438
21,38,23,2725.1,0.464239
21,38,24,2679.76,0.479456
21,38,25,2618.41,0.491918
21,38,26,2547.75,0.500979
21,38,27,2478.91,0.508371
21,38,28,2423.77,0.51748
21,38,29,2390.49,0.531563
21,38,30,2380.86,0.552141
21,38,31,2390.68,0.578018
21,38,32,2411.66,0.604276
21,38,33,2434.81,0.623498
21,38,34,2452.23,0.62735
21,38,35,2458.56,0.609277
21,38,36,2451.11,0.566879
21,38,37,2430.77,0.503546
21,38,38,2402.09,0.427157
21,38,39,2373.68,0.348785
21,38,40,2354.62,0.279339
21,38,41,2354.45,0.227708
21,38,42,2377.47,0.19821
21,38,43,2420.62,0.190466
21,38,44,2472.61,0.199016
21,38,45,2516.32,0.214994
21,38,46,2532.64,0.227872
21,38,47,2504.48,0.228868
21,38,48,2419.49,0.213551
21,38,49,2273.12,0.183087
21,39,0,2575.09,0.331305
21,39,1,2759.15,0.392728
21,39,2,2879.06,0.440313
21,39,3,2942.82,0.472244
21,39,4,2963.38,0.489437
21,39,5,2954.61,0.493631
21,39,6,2928.14,0.486147
21,39,7,2891.85,0.468414
21,39,8,2850.03,0.442748
21,39,9,2805.7,0.413149
21,39,10,2762.68,0.384057
21,39,11,2726.45,0.359637
21,39,12,2703.32,0.343004
21,39,13,2696.55,0.335308
21,39,14,2704.74,0.336407
21,39,15,2722.18,0.344893
21,39,16,2741.61,0.358333
21,39,17,2757.28,0.37385
21,39,18,2766.67,0.389341
21,39,19,2770.19,0.404363
21,39,20,2768.95,0.419875
21,39,21,2762.54,0.437641
21,39,22,2747.84,0.458286
21,39,23,2720.55,0.480709
21,39,24,2677.86,0.502199
21,39,25,2621.44,0.520284
21,39,26,2558.42,0.53445
21,39,27,2500.22,0.546969
21,39,28,2458.53,0.561997
21,39,29,2440.87,0.583368
21,39,30,2447.84,0.612587
21,39,31,2473.8,0.647692
21,39,32,2509.1,0.682436
21,39,33,2543.82,0.708064
21,39,34,2569.73,0.715438
21,39,35,2581.72,0.697949
21,39,36,2577.94,0.653712
21,39,37,2560.28,0.586895
21,39,38,2534.47,0.506143
21,39,39,2510.27,0.423127
21,39,40,2497.59,0.34918
21,39,41,2506.23,0.29346
21,39,42,2540.01,0.260453
21,39,43,2594.5,0.24975
21,39,44,2656.55,0.255685
21,39,45,2707.44,0.269036
21,39,46,2726.96,0.278793
21,39,47,2697.31,0.275673
21,39,48,2605.3,0.254941
21,39,49,2445.21,0.217822
21,40,0,2605.07,0.371164
21,40,1,2790.95,0.439784
21,40,2,2912.15,0.492249
21,40,3,2976.68,0.526184
21,40,4,2997.19,0.542635
21,40,5,2987.07,0.544059
21,40,6,2957.61,0.532902
21,40,7,2916.85,0.511669
21,40,8,2869.87,0.483302
21,40,9,2820.87,0.45162
21,40,10,2774.76,0.420158
21,40,11,2737.48,0.391826
21,40,12,2714.91,0.368856
21,40,13,2709.23,0.35234
21,40,14,2717.8,0.343161
21,40,15,2734.29,0.34175
21,40,16,2751.38,0.347674
21,40,17,2763.68,0.359452
21,40,18,2769.06,0.375344
21,40,19,2768.21,0.394328
21,40,20,2762.59,0.416387
21,40,21,2752.33,0.442233
21,40,22,2735.21,0.471603
21,40,23,2708,0.502759
21,40,24,2668.91,0.532561
21,40,25,2620.27,0.558338
21,40,26,2569.25,0.579779
21,40,27,2526.59,0.599621
21,40,28,2502.57,0.622518
21,40,29,2502.96,0.652455
21,40,30,2526.6,0.690497
21,40,31,2566.54,0.733683
21,40,32,2612.49,0.774609
21,40,33,2654.59,0.803722
21,40,34,2685.26,0.811861
21,40,35,2700.43,0.793096
21,40,36,2699.47,0.746533
21,40,37,2685.4,0.677192
21,40,38,2664.87,0.594202
21,40,39,2648.26,0.509218
21,40,40,2645.64,0.43325
21,40,41,2666.48,0.375084
21,40,42,2713.61,0.339053
21,40,43,2781.01,0.324787
21,40,44,2853.89,0.326845
21,40,45,2912.37,0.336223
21,40,46,2935.75,0.34186
21,40,47,2905.92,0.334063
21,40,48,2808.9,0.307528
21,40,49,2637.21,0.263125
21,41,0,2648.95,0.416398
21,41,1,2836.57,0.49285
21,41,2,2958.41,0.550126
21,41,3,3022.75,0.585358
21,41,4,3042.03,0.60005
21,41,5,3029.37,0.597869
21,41,6,2995.88,0.582773
21,41,7,2949.99,0.558407
21,41,8,2897.77,0.528059
21,41,9,2844.74,0.494874
21,41,10,2796.79,0.461068
21,41,11,2759.96,0.428113
21,41,12,2739.25,0.397476
21,41,13,2735.3,0.370509
21,41,14,2744.19,0.349447
21,41,15,2759.11,0.336836
21,41,16,2772.94,0.334377
21,41,17,2780.8,0.342069
21,41,18,2780.91,0.358576
21,41,19,2774.16,0.382304
21,41,20,2762.31,0.412217
21,41,21,2746.26,0.447853
21,41,22,2725.15,0.487909
21,41,23,2697.4,0.529967
21,41,24,2662.6,0.570502
21,41,25,2623.8,0.606743
21,41,26,2587.79,0.638568
21,41,27,2563.84,0.668924
21,41,28,2559.86,0.702446
21,41,29,2579.11,0.742603
21,41,30,2618.4,0.789462
21,41,31,2669.74,0.83887
21,41,32,2722.82,0.882594
21,41,33,2768.68,0.911069
21,41,34,2801.1,0.916126
21,41,35,2817.63,0.89344
21,41,36,2819.06,0.843669
21,41,37,2809.46,0.772788
21,41,38,2796.07,0.690042
21,41,39,2789.33,0.606368
21,41,40,2798.9,0.531606
21,41,41,2833.35,0.473503
21,41,42,2894.22,0.435901
21,41,43,2973.94,0.418564
21,41,44,3056.49,0.416658
21,41,45,3121.51,0.421843
21,41,46,3148.48,0.423228
21,41,47,3119.49,0.410584
21,41,48,3019.88,0.377655
21,41,49,2839.91,0.324583
21,42,0,2699.58,0.459757
21,42,1,2889.23,0.5442
21,42,2,3011.77,0.606389
21,42,3,3075.78,0.642891
21,42,4,3093.63,0.655738
21,42,5,3078.2,0.649972
21,42,6,3040.57,0.631181
21,42,7,2989.7,0.604094
21,42,8,2932.83,0.572098
21,42,9,2876.84,0.537384
21,42,10,2828.54,0.500749
21,42,11,2793.77,0.462385
21,42,12,2776.25,0.423309
21,42,13,2774.84,0.385461
21,42,14,2784.29,0.352526
21,42,15,2797.49,0.329052
21,42,16,2807.69,0.318609
21,42,17,2810.62,0.322532
21,42,18,2804.87,0.339909
21,42,19,2791.44,0.368779
21,42,20,2772.47,0.407314
21,42,21,2749.76,0.454012
21,42,22,2724.07,0.506558
21,42,23,2695.75,0.561891
21,42,24,2665.9,0.616131
21,42,25,2638.2,0.666414
21,42,26,2618.65,0.712602
21,42,27,2614.47,0.757371
21,42,28,2630.74,0.804603
21,42,29,2668,0.856491
21,42,30,2721.14,0.911611
21,42,31,2781.44,0.964609
21,42,32,2839.1,1.00699
21,42,33,2886.53,1.03014
21,42,34,2919.24,1.02798
21,42,35,2936.51,0.998652
21,42,36,2940.51,0.944811
21,42,37,2936.11,0.873364
21,42,38,2930.76,0.793212
21,42,39,2934.48,0.71392
21,42,40,2956.09,0.643461
21,42,41,3002.99,0.588079
21,42,42,3075.38,0.550947
21,42,43,3164.41,0.532075
21,42,44,3253.44,0.527439
21,42,45,3322.34,0.52948
21,42,46,3351.42,0.527351
21,42,47,3323.49,0.509926
21,42,48,3223.35,0.469605
21,42,49,3038.84,0.405616
21,43,0,2749.47,0.492889
21,43,1,2941.6,0.58466
21,43,2,3065.3,0.651854
21,43,3,3129.4,0.690357
21,43,4,3146.26,0.702482
21,43,5,3128.57,0.694384
21,43,6,3087.49,0.672989
21,43,7,3032.6,0.643839
21,43,8,2972.34,0.610227
21,43,9,2914.94,0.573406
21,43,10,2867.94,0.533056
21,43,11,2836.72,0.488614
21,43,12,2823.53,0.441136
21,43,13,2825.28,0.393389
21,43,14,2835.48,0.35034
21,43,15,2846.79,0.318036
21,43,16,2852.95,0.301313
21,43,17,2850.4,0.302492
21,43,18,2838.13,0.321112
21,43,19,2817.45,0.35519
21,43,20,2790.98,0.402536
21,43,21,2761.55,0.460985
21,43,22,2731.62,0.527427
21,43,23,2703.37,0.598272
21,43,24,2679.24,0.669294
21,43,25,2663.17,0.737415
21,43,26,2660.03,0.802066
21,43,27,2674.78,0.864991
21,43,28,2709.67,0.928494
21,43,29,2762.84,0.99282
21,43,30,2827.65,1.05478
21,43,31,2895.12,1.10813
21,43,32,2956.2,1.14489
21,43,33,3004.77,1.15841
21,43,34,3038.03,1.14562
21,43,35,3056.72,1.10766
21,43,36,3064.05,1.04931
21,43,37,3065.31,0.978156
21,43,38,3067.82,0.902246
21,43,39,3080.89,0.829332
21,43,40,3112.31,0.765203
21,43,41,3168.33,0.714559
21,43,42,3247.99,0.679957
21,43,43,3341.69,0.661748
21,43,44,3432.8,0.656642
21,43,45,3502.03,0.65755
21,43,46,3531.01,0.653182
21,43,47,3503.5,0.631056
21,43,48,3404.01,0.581965
21,43,49,3218.06,0.504354
21,44,0,2790.23,0.508042
21,44,1,2985.06,0.60525
21,44,2,3110.29,0.677029
21,44,3,3174.96,0.718513
21,44,4,3191.37,0.731853
21,44,5,3172.19,0.723664
21,44,6,3128.73,0.701534
21,44,7,3071.25,0.671333
21,44,8,3009.31,0.63612
21,44,9,2952.26,0.596514
21,44,10,2908.15,0.551727
21,44,11,2881.71,0.501214
21,44,12,2873.56,0.446601
21,44,13,2878.79,0.391553
21,44,14,2889.74,0.341886
21,44,15,2898.91,0.304358
21,44,16,2900.5,0.284264
21,44,17,2891.68,0.28445
21,44,18,2872.05,0.304895
21,44,19,2843.44,0.343966
21,44,20,2809.23,0.39962
21,44,21,2773.44,0.46952
21,44,22,2740.11,0.550119
21,44,23,2712.91,0.637503
21,44,24,2695.15,0.727121
21,44,25,2690.54,0.815515
21,44,26,2702.55,0.901222
21,44,27,2733.93,0.98439
21,44,28,2784.59,1.06505
21,44,29,2850.86,1.14106
21,44,30,2925.23,1.20754
21,44,31,2998.78,1.25789
21,44,32,3063.3,1.28552
21,44,33,3113.97,1.2866
21,44,34,3149.23,1.26152
21,44,35,3170.81,1.21451
21,44,36,3182.42,1.1521
21,44,37,3189.43,1.08202
21,44,38,3198.73,1.01105
21,44,39,3218.89,0.944999
21,44,40,3256.77,0.887692
21,44,41,3317.64,0.842677
21,44,42,3399.81,0.8122
21,44,43,3493.41,0.796967
21,44,44,3582.4,0.794047
21,44,45,3648.72,0.796163
21,44,46,3675.42,0.79091
21,44,47,3647.22,0.764075
21,44,48,3548.48,0.704902
21,44,49,3362.76,0.611495
21,45,0,2811.71,0.499864
21,45,1,3008.82,0.599175
21,45,2,3135.53,0.674004
21,45,3,3200.86,0.71882
21,45,4,3217.12,0.735144
21,45,5,3197.04,0.729232
21,45,6,3152.24,0.708456
21,45,7,3093.67,0.678445
21,45,8,3031.8,0.641953
21,45,9,2976.82,0.599445
21,45,10,2936.95,0.550452
21,45,11,2916.09,0.495231
21,45,12,2913.32,0.436356
21,45,13,2922.07,0.378238
21,45,14,2933.69,0.326914
21,45,15,2940.49,0.288958
21,45,16,2937.05,0.269302
21,45,17,2921.23,0.270819
21,45,18,2893.36,0.293868
21,45,19,2856.14,0.33743
21,45,20,2813.99,0.400028
21,45,21,2772.25,0.479622
21,45,22,2736.37,0.572659
21,45,23,2711.04,0.675161
21,45,24,2699.85,0.782375
21,45,25,2705.77,0.890395
21,45,26,2730.73,0.996547
21,45,27,2775.61,1.09896
21,45,28,2838.58,1.195
21,45,29,2914.98,1.28009
21,45,30,2996.95,1.34796
21,45,31,3075.95,1.39238
21,45,32,3144.5,1.40883
21,45,33,3198.65,1.39673
21,45,34,3237.6,1.35991
21,45,35,3263.47,1.30513
21,45,36,3280.06,1.23993
21,45,37,3292.46,1.17162
21,45,38,3307.15,1.10541
21,45,39,3332,1.04545
21,45,40,3373.18,0.994211
21,45,41,3435.28,0.954766
21,45,42,3516.23,0.929409
21,45,43,3606.38,0.919088
21,45,44,3690.58,0.92067
21,45,45,3752.03,0.925933
21,45,46,3774.99,0.920822
21,45,47,3744.9,0.889372
21,45,48,3645.96,0.819716
21,45,49,3460.37,0.710272
21,46,0,2801.88,0.46677
21,46,1,3000.02,0.563607
21,46,2,3127.58,0.638564
21,46,3,3193.24,0.685705
21,46,4,3209.27,0.705631
21,46,5,3188.55,0.703522
21,46,6,3143.16,0.68575
21,46,7,3084.74,0.6572
21,46,8,3024.47,0.620326
21,46,9,2972.98,0.57591
21,46,10,2938.32,0.524439
21,46,11,2923.43,0.467481
21,46,12,2926.03,0.408639
21,46,13,2938.17,0.352696
21,46,14,2950.39,0.305234
21,46,15,2954.78,0.271838
21,46,16,2946.17,0.256424
21,46,17,2923.03,0.261477
21,46,18,2886.51,0.287634
21,46,19,2840.36,0.334584
21,46,20,2790.27,0.401668
21,46,21,2742.95,0.487468
21,46,22,2705.07,0.58882
21,46,23,2681.86,0.701976
21,46,24,2676.68,0.822189
21,46,25,2691.38,0.945201
21,46,26,2726.45,1.06711
21,46,27,2781.27,1.18398
21,46,28,2853.01,1.29064
21,46,29,2936.63,1.38035
21,46,30,3024.41,1.44603
21,46,31,3108.31,1.48241
21,46,32,3181.35,1.4874
21,46,33,3240.06,1.46357
21,46,34,3283.88,1.41756
21,46,35,3314.86,1.35773
21,46,36,3336.59,1.29179
21,46,37,3353.82,1.22606
21,46,38,3372.64,1.1642
21,46,39,3400.45,1.10919
21,46,40,3442.95,1.06292
21,46,41,3504.28,1.02859
21,46,42,3582.28,1.00879
21,46,43,3667.76,1.00446
21,46,44,3746.49,1.01174
21,46,45,3802.68,1.02101
21,46,46,3821.34,1.01649
21,46,47,3788.18,0.980959
21,46,48,3687.23,0.902234
21,46,49,3499.98,0.77967
21,47,0,2747.65,0.411554
21,47,1,2944.65,0.50084
21,47,2,3071.86,0.571958
21,47,3,3137.2,0.618971
21,47,4,3152.67,0.641523
21,47,5,3131.38,0.643343
21,47,6,3085.93,0.629345
21,47,7,3028.64,0.603399
21,47,8,2971.15,0.567707
21,47,9,2924.21,0.523639
21,47,10,2895.34,0.472888
21,47,11,2886.47,0.418364
21,47,12,2894.19,0.364417
21,47,13,2909.47,0.31571
21,47,14,2922.3,0.276823
21,47,15,2924.51,0.251855
21,47,16,2911.1,0.243377
21,47,17,2881.05,0.253232
21,47,18,2836.29,0.282201
21,47,19,2781.69,0.33061
21,47,20,2724.25,0.398624
21,47,21,2671.96,0.485564
21,47,22,2632.37,0.588931
21,47,23,2610.91,0.705461
21,47,24,2610.36,0.830696
21,47,25,2631.37,0.960299
21,47,26,2673.16,1.08945
21,47,27,2734.13,1.21258
21,47,28,2811,1.32252
21,47,29,2898.91,1.4111
21,47,30,2990.56,1.47102
21,47,31,3078.42,1.49833
21,47,32,3155.87,1.49326
21,47,33,3219.49,1.46093
21,47,34,3268.58,1.40971
21,47,35,3304.86,1.34854
21,47,36,3331.54,1.28449
21,47,37,3353.06,1.2226
21,47,38,3375.27,1.16526
21,47,39,3405.24,1.11476
21,47,40,3448.39,1.07299
21,47,41,3508.57,1.04356
21,47,42,3583.7,1.02931
21,47,43,3665.07,1.03089
21,47,44,3739.23,1.04354
21,47,45,3790.93,1.05627
21,47,46,3805.34,1.05224
21,47,47,3767.98,1.01396
21,47,48,3662.64,0.929877
21,47,49,3471.03,0.800657
21,48,0,2637.72,0.340994
21,48,1,2830.03,0.418225
21,48,2,2954.93,0.481402
21,48,3,3018.89,0.525023
21,48,4,3033.36,0.548002
21,48,5,3011.58,0.552628
21,48,6,2966.65,0.542301
21,48,7,2911.45,0.519864
21,48,8,2857.84,0.487307
21,48,9,2816.24,0.446572
21,48,10,2793.38,0.400346
21,48,11,2790.21,0.35246
21,48,12,2802.44,0.307481
21,48,13,2820.38,0.269499
21,48,14,2833.73,0.241815
21,48,15,2834.17,0.226939
21,48,16,2816.83,0.226123
21,48,17,2781.11,0.240515
21,48,18,2729.66,0.270917
21,48,19,2668.33,0.318081
21,48,20,2605.18,0.382815
21,48,21,2549.16,0.465094
21,48,22,2508.34,0.563175
21,48,23,2487.97,0.674439
21,48,24,2490.15,0.794988
21,48,25,2514.48,0.920747
21,48,26,2559.24,1.04654
21,48,27,2622.32,1.1659
21,48,28,2700.44,1.27066
21,48,29,2789.28,1.35205
21,48,30,2882.21,1.40323
21,48,31,2972.27,1.42159
21,48,32,3053.03,1.40916
21,48,33,3120.91,1.37257
21,48,34,3174.81,1.32076
21,48,35,3215.94,1.26226
21,48,36,3247.09,1.20302
21,48,37,3272.42,1.14682
21,48,38,3297.59,1.0951
21,48,39,3329.5,1.04982
21,48,40,3373.34,1.01309
21,48,41,3432.8,0.988763
21,48,42,3505.95,0.979662
21,48,43,3584.52,0.985957
21,48,44,3655.57,1.00214
21,48,45,3703.93,1.01664
21,48,46,3714.35,1.01271
21,48,47,3671.76,0.973879
21,48,48,3559.92,0.89009
21,48,49,3361.85,0.763285
21,49,0,2466.28,0.264264
21,49,1,2648.39,0.326536
21,49,2,2767.7,0.378649
21,49,3,2828.61,0.415885
21,49,4,2841.58,0.436794
21,49,5,2819.67,0.442529
21,49,6,2776.28,0.435225
21,49,7,2724.49,0.416866
21,49,8,2675.94,0.389234
21,49,9,2640.33,0.354586
21,49,10,2623.38,0.316086
21,49,11,2625.11,0.277819
21,49,12,2640.73,0.243995
21,49,13,2660.4,0.217839
21,49,14,2673.93,0.201396
21,49,15,2673.07,0.195823
21,49,16,2653.18,0.201351
21,49,17,2613.97,0.218538
21,49,18,2558.68,0.248106
21,49,19,2493.79,0.290997
21,49,20,2428,0.348363
21,49,21,2370.64,0.420628
21,49,22,2329.7,0.50674
21,49,23,2310.03,0.604763
21,49,24,2313.05,0.711537
21,49,25,2337.59,0.823552
21,49,26,2381.43,0.935878
21,49,27,2442.31,1.04204
21,49,28,2517.32,1.1339
21,49,29,2602.89,1.20311
21,49,30,2693.31,1.24372
21,49,31,2782.32,1.25429
21,49,32,2863.79,1.23787
21,49,33,2933.86,1.20146
21,49,34,2990.92,1.15347
21,49,35,3035.59,1.10134
21,49,36,3070.17,1.0497
21,49,37,3098.52,1.00127
21,49,38,3126.1,0.956892
21,49,39,3159.58,0.918314
21,49,40,3203.95,0.88773
21,49,41,3262.75,0.868812
21,49,42,3334.24,0.864033
21,49,43,3410.61,0.873044
21,49,44,3479.3,0.890151
21,49,45,3524.94,0.904247
21,49,46,3531.56,0.90009
21,49,47,3483.39,0.863429
21,49,48,3364.67,0.786271
21,49,49,3161.31,0.671426
22,0,0,2774.52,0.276225
22,0,1,2929.78,0.297253
22,0,2,3013.69,0.297183
22,0,3,3043.18,0.281733
22,0,4,3039.84,0.261239
22,0,5,3023.67,0.246144
22,0,6,3009.34,0.24362
22,0,7,3003.72,0.256027
22,0,8,3006.68,0.28187
22,0,9,3013.56,0.317033
22,0,10,3017.71,0.355721
22,0,11,3012.29,0.391022
22,0,12,2993.2,0.416469
22,0,13,2957.62,0.426618
22,0,14,2905.25,0.418544
22,0,15,2838.38,0.392625
22,0,16,2760.83,0.352174
22,0,17,2676.54,0.302361
22,0,18,2587.98,0.248792
22,0,19,2495.65,0.196666
22,0,20,2399.72,0.150045
22,0,21,2301.64,0.111637
22,0,22,2204.76,0.0831211
22,0,23,2114.15,0.0649
22,0,24,2035.02,0.0565981
22,0,25,1969.22,0.0569512
22,0,26,1915.86,0.0640345
22,0,27,1871.03,0.0753305
22,0,28,1829.73,0.0881565
22,0,29,1787.45,0.0996658
22,0,30,1741.37,0.107594
22,0,31,1690.81,0.11077
22,0,32,1636.26,0.109194
22,0,33,1579.2,0.103605
22,0,34,1521.33,0.0949893
22,0,35,1464.37,0.08409
22,0,36,1409.85,0.0714863
22,0,37,1359.44,0.0580943
22,0,38,1314.83,0.044938
22,0,39,1277.2,0.0336579
22,0,40,1246.97,0.0257756
22,0,41,1223.55,0.0223989
22,0,42,1205.84,0.0239545
22,0,43,1192.31,0.0299452
22,0,44,1181.3,0.0388608
22,0,45,1171.31,0.0482702
22,0,46,1160.66,0.0552085
22,0,47,1147.75,0.0573083
22,0,48,1131.4,0.0536373
22,0,49,1111.52,0.0451042
22,1,0,2956.23,0.325152
22,1,1,3118.42,0.351385
22,1,2,3206.32,0.35319
22,1,3,3238.43,0.336994
22,1,4,3236.6,0.314722
22,1,5,3220.69,0.298549
22,1,6,3205.54,0.296942
22,1,7,3198.74,0.312734
22,1,8,3200.98,0.344217
22,1,9,3208.1,0.386584
22,1,10,3213.55,0.433116
22,1,11,3210.13,0.475861
22,1,12,3193.12,0.507333
22,1,13,3158.9,0.520971
22,1,14,3106.35,0.512873
22,1,15,3037.1,0.482784
22,1,16,2954.54,0.434029
22,1,17,2862.7,0.372618
22,1,18,2764.42,0.30565
22,1,19,2660.76,0.240168
22,1,20,2552.53,0.181867
22,1,21,2441.77,0.134537
22,1,22,2332.51,0.100291
22,1,23,2230.62,0.0793939
22,1,24,2141.98,0.0709809
22,1,25,2068.77,0.0730601
22,1,26,2010.16,0.082916
22,1,27,1961.94,0.0971809
22,1,28,1918.73,0.112373
22,1,29,1875.59,0.12493
22,1,30,1829.17,0.132168
22,1,31,1778.2,0.132889
22,1,32,1722.46,0.127463
22,1,33,1662.84,0.117306
22,1,34,1600.76,0.104187
22,1,35,1538.12,0.0895264
22,1,36,1477.08,0.0743231
22,1,37,1420.16,0.0595849
22,1,38,1369.9,0.0461637
22,1,39,1327.97,0.0353453
22,1,40,1294.85,0.0282213
22,1,41,1269.63,0.0254845
22,1,42,1250.74,0.0272536
22,1,43,1236.22,0.0328778
22,1,44,1224.06,0.0408788
22,1,45,1212.61,0.0490542
22,1,46,1199.99,0.0547603
22,1,47,1184.4,0.0559276
22,1,48,1164.44,0.0517898
22,1,49,1139.95,0.0432486
22,2,0,3064.45,0.364602
22,2,1,3232.05,0.39592
22,2,2,3324,0.400297
22,2,3,3359.4,0.384544
22,2,4,3359.79,0.361691
22,2,5,3344.47,0.345238
22,2,6,3328.27,0.34472
22,2,7,3319.39,0.363415
22,2,8,3319.47,0.39952
22,2,9,3325.16,0.447737
22,2,10,3330.29,0.50067
22,2,11,3327.69,0.549612
22,2,12,3312.24,0.5863
22,2,13,3279.71,0.603225
22,2,14,3228.27,0.595572
22,2,15,3158.73,0.562376
22,2,16,3073.88,0.506788
22,2,17,2977.53,0.435421
22,2,18,2872.77,0.356666
22,2,19,2761.23,0.279266
22,2,20,2644.45,0.210481
22,2,21,2525.07,0.155189
22,2,22,2407.77,0.115952
22,2,23,2298.92,0.092929
22,2,24,2204.68,0.084744
22,2,25,2127.35,0.0886663
22,2,26,2066.07,0.101168
22,2,27,2016.5,0.118038
22,2,28,1973.17,0.135037
22,2,29,1931.02,0.147966
22,2,30,1886.35,0.15382
22,2,31,1837.31,0.151447
22,2,32,1782.88,0.141629
22,2,33,1723.24,0.126507
22,2,34,1659.43,0.1087
22,2,35,1593.49,0.0904035
22,2,36,1528.25,0.0731213
22,2,37,1467.15,0.0579467
22,2,38,1413.56,0.0454662
22,2,39,1369.61,0.036387
22,2,40,1335.73,0.0310999
22,2,41,1310.59,0.0296233
22,2,42,1292.07,0.0315959
22,2,43,1277.73,0.0361894
22,2,44,1265.33,0.0420988
22,2,45,1253.11,0.0476522
22,2,46,1239.08,0.0509078
22,2,47,1221.3,0.0504117
22,2,48,1198.16,0.045714
22,2,49,1169.37,0.0376451
22,3,0,3111.23,0.39405
22,3,1,3284.4,0.43013
22,3,2,3381.17,0.437537
22,3,3,3420.49,0.42312
22,3,4,3423.24,0.400493
22,3,5,3408.12,0.38404
22,3,6,3389.88,0.384129
22,3,7,3377.39,0.404498
22,3,8,3373.36,0.443427
22,3,9,3375.47,0.495392
22,3,10,3378.23,0.552599
22,3,11,3374.7,0.60584
22,3,12,3359.62,0.646293
22,3,13,3328.34,0.665707
22,3,14,3278.39,0.658554
22,3,15,3209.84,0.623293
22,3,16,3124.78,0.562882
22,3,17,3026.65,0.484314
22,3,18,2918.59,0.396882
22,3,19,2802.73,0.310568
22,3,20,2681.36,0.233822
22,3,21,2557.69,0.172409
22,3,22,2436.85,0.129307
22,3,23,2325.43,0.104667
22,3,24,2229.47,0.0967312
22,3,25,2151.1,0.102198
22,3,26,2089.42,0.116873
22,3,27,2040.14,0.135857
22,3,28,1998.03,0.154299
22,3,29,1958.18,0.167497
22,3,30,1916.72,0.172166
22,3,31,1871.24,0.167144
22,3,32,1819.89,0.153486
22,3,33,1762.07,0.133914
22,3,34,1698.44,0.11183
22,3,35,1631.18,0.0902497
22,3,36,1563.81,0.0712942
22,3,37,1500.7,0.0562396
22,3,38,1445.98,0.0454296
22,3,39,1402.15,0.0388861
22,3,40,1369.45,0.0361147
22,3,41,1346.08,0.036262
22,3,42,1329.27,0.0383482
22,3,43,1316.19,0.041352
22,3,44,1304.36,0.0442484
22,3,45,1292.07,0.0461118
22,3,46,1277.27,0.0459581
22,3,47,1257.89,0.043154
22,3,48,1232.07,0.0376603
22,3,49,1199.36,0.0301979
22,4,0,3113.45,0.414393
22,4,1,3292.12,0.454686
22,4,2,3393.87,0.46519
22,4,3,3436.9,0.452477
22,4,4,3441.25,0.430245
22,4,5,3425.03,0.413347
22,4,6,3403,0.412785
22,4,7,3384.75,0.432824
22,4,8,3374.21,0.472075
22,4,9,3370.26,0.525102
22,4,10,3368.31,0.583988
22,4,11,3361.89,0.639231
22,4,12,3345.76,0.681608
22,4,13,3315,0.702337
22,4,14,3266.7,0.695453
22,4,15,3200.25,0.65914
22,4,16,3117.02,0.596276
22,4,17,3019.95,0.514043
22,4,18,2912.03,0.422141
22,4,19,2795.76,0.331119
22,4,20,2673.99,0.250004
22,4,21,2550.4,0.185075
22,4,22,2430.37,0.13962
22,4,23,2320.36,0.113912
22,4,24,2225.97,0.106045
22,4,25,2149.07,0.112475
22,4,26,2088.72,0.128665
22,4,27,2040.94,0.149332
22,4,28,2001.02,0.169273
22,4,29,1964.42,0.183418
22,4,30,1927.2,0.188176
22,4,31,1886.39,0.182146
22,4,32,1839.28,0.166311
22,4,33,1784.49,0.143638
22,4,34,1722.34,0.118127
22,4,35,1655.21,0.0936193
22,4,36,1587.33,0.0730252
22,4,37,1523.93,0.0580197
22,4,38,1469.82,0.0488534
22,4,39,1427.75,0.0448843
22,4,40,1397.65,0.0446561
22,4,41,1377.18,0.0463361
22,4,42,1362.99,0.0482554
22,4,43,1351.85,0.0492135
22,4,44,1341.21,0.0485345
22,4,45,1329.41,0.0461376
22,4,46,1314.44,0.0420753
22,4,47,1294.03,0.0365756
22,4,48,1266.03,0.0300165
22,4,49,1229.77,0.0229899
22,5,0,3089.18,0.427618
22,5,1,3271.81,0.47128
22,5,2,3377.16,0.48441
22,5,3,3422.32,0.473066
22,5,4,3426.35,0.450647
22,5,5,3406.82,0.432135
22,5,6,3378.56,0.429027
22,5,7,3351.97,0.446222
22,5,8,3332.25,0.482926
22,5,9,3319.64,0.534083
22,5,10,3310.6,0.591889
22,5,11,3299.28,0.646698
22,5,12,3280.67,0.689019
22,5,13,3249.82,0.709761
22,5,14,3203.48,0.702824
22,5,15,3140.49,0.666465
22,5,16,3061.47,0.603637
22,5,17,2968.73,0.521536
22,5,18,2864.84,0.42977
22,5,19,2752.39,0.338741
22,5,20,2634.58,0.257385
22,5,21,2515.3,0.19204
22,5,22,2399.93,0.146123
22,5,23,2294.54,0.120113
22,5,24,2204.12,0.112215
22,5,25,2130.34,0.119035
22,5,26,2072.37,0.136111
22,5,27,2026.83,0.158201
22,5,28,1989.74,0.180073
22,5,29,1957.04,0.196455
22,5,30,1924.76,0.203361
22,5,31,1889.3,0.198815
22,5,32,1847.16,0.183242
22,5,33,1796.21,0.159382
22,5,34,1736.44,0.131541
22,5,35,1670.5,0.104364
22,5,36,1603.3,0.0817415
22,5,37,1540.87,0.0660418
22,5,38,1488.54,0.0576696
22,5,39,1449.19,0.0554564
22,5,40,1422.38,0.0570233
22,5,41,1405.25,0.0595684
22,5,42,1393.94,0.0607596
22,5,43,1384.93,0.0592753
22,5,44,1375.7,0.0548242
22,5,45,1364.75,0.048145
22,5,46,1350.06,0.0402284
22,5,47,1329.14,0.0320369
22,5,48,1299.44,0.0242802
22,5,49,1259.99,0.0174079
22,6,0,3054.19,0.436187
22,6,1,3237.79,0.482072
22,6,2,3343.88,0.496789
22,6,3,3388.33,0.485792
22,6,4,3389.23,0.461969
22,6,5,3363.66,0.440234
22,6,6,3326.55,0.432507
22,6,7,3289.15,0.444414
22,6,8,3257.9,0.475949
22,6,9,3234.36,0.522635
22,6,10,3216.16,0.576921
22,6,11,3198.17,0.629128
22,6,12,3175.91,0.669637
22,6,13,3144.58,0.689296
22,6,14,3100.82,0.682147
22,6,15,3042.96,0.646789
22,6,16,2970.85,0.586331
22,6,17,2885.92,0.507802
22,6,18,2790.04,0.420301
22,6,19,2685.55,0.333524
22,6,20,2575.67,0.255786
22,6,21,2464.23,0.193082
22,6,22,2356.39,0.148732
22,6,23,2257.67,0.123414
22,6,24,2172.46,0.115617
22,6,25,2102.4,0.122417
22,6,26,2047.01,0.139838
22,6,27,2003.8,0.163104
22,6,28,1969.61,0.18732
22,6,29,1940.94,0.207207
22,6,30,1913.82,0.218334
22,6,31,1884.02,0.217841
22,6,32,1847.28,0.205114
22,6,33,1800.76,0.182161
22,6,34,1744.18,0.153231
22,6,35,1680.41,0.12367
22,6,36,1614.96,0.0984681
22,6,37,1554.45,0.0809569
22,6,38,1504.62,0.0719652
22,6,39,1468.35,0.0700168
22,6,40,1444.81,0.0719695
22,6,41,1430.72,0.0741983
22,6,42,1421.87,0.0738502
22,6,43,1414.66,0.0695936
22,6,44,1406.71,0.0615323
22,6,45,1396.71,0.0510951
22,6,46,1382.64,0.039969
22,6,47,1361.67,0.0295878
22,6,48,1330.79,0.0208229
22,6,49,1288.65,0.0139545
22,7,0,3018.94,0.442684
22,7,1,3200.12,0.489486
22,7,2,3303.59,0.504377
22,7,3,3344.21,0.492285
22,7,4,3339.16,0.465602
22,7,5,3305.12,0.439131
22,7,6,3257.18,0.425186
22,7,7,3207.32,0.430119
22,7,8,3163.09,0.454756
22,7,9,3127.21,0.49523
22,7,10,3098.42,0.544292
22,7,11,3072.5,0.592332
22,7,12,3045.7,0.629811
22,7,13,3013.71,0.647783
22,7,14,2973.22,0.64063
22,7,15,2922.12,0.607375
22,7,16,2859.36,0.551204
22,7,17,2785.22,0.478756
22,7,18,2700.61,0.398365
22,7,19,2607.33,0.318751
22,7,20,2508.3,0.247359
22,7,21,2407.08,0.189615
22,7,22,2308.44,0.148538
22,7,23,2217.26,0.124873
22,7,24,2137.44,0.117425
22,7,25,2070.7,0.123874
22,7,26,2017.18,0.141011
22,7,27,1975.44,0.164874
22,7,28,1943.33,0.191256
22,7,29,1918,0.215122
22,7,30,1895.53,0.231686
22,7,31,1871.21,0.237078
22,7,32,1840.11,0.22932
22,7,33,1798.7,0.209255
22,7,34,1746.36,0.180668
22,7,35,1686.04,0.149345
22,7,36,1623.58,0.121314
22,7,37,1565.97,0.100998
22,7,38,1519.09,0.0898781
22,7,39,1485.78,0.0864475
22,7,40,1464.9,0.0870887
22,7,41,1452.91,0.0876385
22,7,42,1445.53,0.0849616
22,7,43,1439.31,0.0778426
22,7,44,1432.19,0.0667436
22,7,45,1423.04,0.0535611
22,7,46,1409.8,0.0403505
22,7,47,1389.22,0.0286872
22,7,48,1357.75,0.0194026
22,7,49,1313.64,0.0125781
22,8,0,2987.43,0.449226
22,8,1,3163.72,0.495744
22,8,2,3262.19,0.509376
22,8,3,3296.91,0.494764
22,8,4,3284.35,0.464029
22,8,5,3240.93,0.431956
22,8,6,3181.86,0.411228
22,8,7,3119.67,0.408781
22,8,8,3062.67,0.426105
22,8,9,3014.43,0.459798
22,8,10,2974.67,0.50289
22,8,11,2940.15,0.545981
22,8,12,2908.19,0.579881
22,8,13,2875.22,0.596134
22,8,14,2838.2,0.589551
22,8,15,2794.55,0.559452
22,8,16,2742.25,0.508844
22,8,17,2680.27,0.443737
22,8,18,2608.37,0.371606
22,8,19,2527.67,0.300237
22,8,20,2440.68,0.236281
22,8,21,2350.55,0.184576
22,8,22,2261.55,0.1477
22,8,23,2177.88,0.126268
22,8,24,2102.9,0.119269
22,8,25,2038.48,0.124918
22,8,26,1985.42,0.140865
22,8,27,1943.48,0.164158
22,8,28,1911.71,0.191568
22,8,29,1888.13,0.218601
22,8,30,1869.13,0.240386
22,8,31,1849.7,0.252177
22,8,32,1824.39,0.250583
22,8,33,1788.96,0.23501
22,8,34,1742.28,0.208363
22,8,35,1687.08,0.176442
22,8,36,1629.14,0.146008
22,8,37,1575.46,0.122484
22,8,38,1531.87,0.108134
22,8,39,1501.1,0.101731
22,8,40,1481.82,0.0995791
22,8,41,1470.6,0.0973653
22,8,42,1463.36,0.0919518
22,8,43,1457.08,0.0823269
22,8,44,1450.09,0.0692019
22,8,45,1441.49,0.0546513
22,8,46,1429.11,0.0407528
22,8,47,1409.24,0.0289088
22,8,48,1377.82,0.0197359
22,8,49,1332.63,0.0131081
22,9,0,2958.58,0.455899
22,9,1,3129.42,0.501293
22,9,2,3222.48,0.512722
22,9,3,3251.3,0.494831
22,9,4,3231.87,0.459774
22,9,5,3180.45,0.422424
22,9,6,3112.31,0.395728
22,9,7,3040.13,0.386906
22,9,8,2972.47,0.397767
22,9,9,2913.35,0.425132
22,9,10,2863.28,0.462289
22,9,11,2820.08,0.500265
22,9,12,2782.36,0.530558
22,9,13,2747.59,0.545454
22,9,14,2713.06,0.540185
22,9,15,2675.83,0.514083
22,9,16,2632.87,0.469634
22,9,17,2581.9,0.412007
22,9,18,2521.65,0.347862
22,9,19,2452.66,0.284299
22,9,20,2376.98,0.227444
22,9,21,2297.39,0.181674
22,9,22,2217.58,0.149041
22,9,23,2140.88,0.129807
22,9,24,2070.05,0.122934
22,9,25,2006.91,0.126974
22,9,26,1952.81,0.140388
22,9,27,1908.78,0.161292
22,9,28,1875.2,0.187628
22,9,29,1851.29,0.215735
22,9,30,1834.11,0.241039
22,9,31,1818.7,0.258283
22,9,32,1799.24,0.262887
22,9,33,1770.74,0.25278
22,9,34,1731.32,0.229646
22,9,35,1683.07,0.198775
22,9,36,1631.28,0.167141
22,9,37,1582.57,0.140864
22,9,38,1542.47,0.122998
22,9,39,1513.63,0.11289
22,9,40,1494.82,0.107199
22,9,41,1482.97,0.101877
22,9,42,1474.55,0.0940227
22,9,43,1467.16,0.0828273
22,9,44,1459.57,0.0690631
22,9,45,1451.08,0.0546693
22,9,46,1439.38,0.041451
22,9,47,1420.34,0.0304168
22,9,48,1389.42,0.021875
22,9,49,1344.03,0.0155292
22,10,0,2929.08,0.460248
22,10,1,3095.74,0.504245
22,10,2,3185.07,0.51349
22,10,3,3210.17,0.492813
22,10,4,3186.77,0.45455
22,10,5,3131,0.413628
22,10,6,3057.93,0.383015
22,10,7,2979.96,0.369821
22,10,8,2905.34,0.3758
22,10,9,2838.07,0.397789
22,10,10,2779.24,0.429403
22,10,11,2727.81,0.462391
22,10,12,2683.78,0.489258
22,10,13,2645.72,0.503209
22,10,14,2611.4,0.499821
22,10,15,2577.54,0.478123
22,10,16,2540.37,0.439802
22,10,17,2496.68,0.389077
22,10,18,2444.54,0.331935
22,10,19,2384.17,0.27508
22,10,20,2317.36,0.224378
22,10,21,2246.5,0.183847
22,10,22,2174.61,0.154943
22,10,23,2104.1,0.137373
22,10,24,2036.92,0.129875
22,10,25,1974.55,0.131156
22,10,26,1918.7,0.140404
22,10,27,1871.48,0.156781
22,10,28,1834.7,0.179481
22,10,29,1808.97,0.205884
22,10,30,1792.39,0.232068
22,10,31,1780.35,0.252716
22,10,32,1766.79,0.262471
22,10,33,1745.99,0.257962
22,10,34,1715.1,0.239481
22,10,35,1675.21,0.211338
22,10,36,1630.71,0.180142
22,10,37,1587.51,0.152288
22,10,38,1550.75,0.131516
22,10,39,1523.11,0.117954
22,10,40,1503.71,0.108989
22,10,41,1490.14,0.101156
22,10,42,1479.63,0.0919262
22,10,43,1470.43,0.0805813
22,10,44,1461.73,0.067719
22,10,45,1452.89,0.0548651
22,10,46,1441.45,0.043363
22,10,47,1423.02,0.0337478
22,10,48,1392.71,0.0260344
22,10,49,1347.72,0.0198469
22,11,0,2895.51,0.458308
22,11,1,3060.42,0.501307
22,11,2,3148.97,0.509602
22,11,3,3173.91,0.488123
22,11,4,3150.75,0.449198
22,11,5,3095.39,0.4075
22,11,6,3022.47,0.375631
22,11,7,2943.66,0.360241
22,11,8,2866.42,0.362794
22,11,9,2794.36,0.380132
22,11,10,2728.95,0.406404
22,11,11,2670.19,0.434393
22,11,12,2619.37,0.457836
22,11,13,2576.16,0.47091
22,11,14,2538.8,0.469432
22,11,15,2503.9,0.451938
22,11,16,2467.34,0.419222
22,11,17,2425.53,0.374633
22,11,18,2376.39,0.323647
22,11,19,2320.23,0.272751
22,11,20,2258.69,0.227618
22,11,21,2193.9,0.191844
22,11,22,2128.16,0.16616
22,11,23,2062.94,0.149574
22,11,24,1999.3,0.140512
22,11,25,1938.18,0.137804
22,11,26,1881.34,0.141352
22,11,27,1831.64,0.151349
22,11,28,1792.09,0.168194
22,11,29,1764.68,0.190353
22,11,30,1748.63,0.214734
22,11,31,1739.88,0.236317
22,11,32,1732.31,0.249419
22,11,33,1719.5,0.249715
22,11,34,1697.54,0.236185
22,11,35,1666.36,0.211899
22,11,36,1629.24,0.182655
22,11,37,1591.26,0.154709
22,11,38,1557.18,0.132304
22,11,39,1529.91,0.116412
22,11,40,1509.15,0.105345
22,11,41,1493.36,0.0963745
22,11,42,1480.56,0.087328
22,11,43,1469.52,0.0774013
22,11,44,1459.64,0.0667912
22,11,45,1450.17,0.056431
22,11,46,1438.51,0.0471453
22,11,47,1420.13,0.0390596
22,11,48,1390.08,0.0320066
22,11,49,1345.52,0.0256571
22,12,0,2856.79,0.447546
22,12,1,3022.47,0.49072
22,12,2,3113.36,0.500457
22,12,3,3141.75,0.481376
22,12,4,3122.91,0.445232
22,12,5,3072.44,0.40588
22,12,6,3004.31,0.37512
22,12,7,2929.17,0.358978
22,12,8,2853.41,0.358681
22,12,9,2780.03,0.371336
22,12,10,2710.53,0.391948
22,12,11,2645.71,0.41458
22,12,12,2587.91,0.43423
22,12,13,2537.74,0.445945
22,12,14,2494.01,0.445694
22,12,15,2453.48,0.431528
22,12,16,2412.18,0.403521
22,12,17,2366.73,0.36441
22,12,18,2315.39,0.319326
22,12,19,2258.8,0.274507
22,12,20,2198.67,0.235246
22,12,21,2136.9,0.204445
22,12,22,2075.17,0.181916
22,12,23,2014.21,0.165893
22,12,24,1954.3,0.154535
22,12,25,1895.78,0.146919
22,12,26,1840.18,0.143754
22,12,27,1790.66,0.146271
22,12,28,1750.91,0.155941
22,12,29,1723.84,0.172201
22,12,30,1709.64,0.19275
22,12,31,1704.8,0.213032
22,12,32,1703.19,0.227399
22,12,33,1697.89,0.230996
22,12,34,1684.1,0.221777
22,12,35,1660.62,0.201597
22,12,36,1629.68,0.175229
22,12,37,1595.63,0.148502
22,12,38,1563.04,0.12593
22,12,39,1535.23,0.109247
22,12,40,1512.71,0.0976811
22,12,41,1494.83,0.0892068
22,12,42,1480.27,0.0818915
22,12,43,1468.08,0.0746689
22,12,44,1457.54,0.0671859
22,12,45,1447.56,0.059725
22,12,46,1435.28,0.0526405
22,12,47,1416.23,0.0457983
22,12,48,1385.62,0.0390027
22,12,49,1340.91,0.0320988
22,13,0,2812.2,0.42805
22,13,1,2980.5,0.47328
22,13,2,3076.01,0.487641
22,13,3,3110.49,0.474768
22,13,4,3098.91,0.444982
22,13,5,3056.46,0.410608
22,13,6,2996.38,0.382251
22,13,7,2928.28,0.365403
22,13,8,2857.38,0.361441
22,13,9,2785.79,0.368272
22,13,10,2714.76,0.382169
22,13,11,2645.43,0.398616
22,13,12,2580.8,0.413719
22,13,13,2522.26,0.423155
22,13,14,2469.3,0.422972
22,13,15,2419.28,0.410899
22,13,16,2368.85,0.386626
22,13,17,2315.27,0.352622
22,13,18,2257.48,0.313775
22,13,19,2196.6,0.275887
22,13,20,2134.41,0.243513
22,13,21,2072.72,0.218493
22,13,22,2012.86,0.199549
22,13,23,1955.15,0.184146
22,13,24,1899.39,0.170307
22,13,25,1845.45,0.157574
22,13,26,1794.41,0.14757
22,13,27,1749.17,0.142567
22,13,28,1713.41,0.144917
22,13,29,1690.3,0.154809
22,13,30,1680.45,0.170519
22,13,31,1680.72,0.187933
22,13,32,1685.08,0.201656
22,13,33,1686.33,0.206698
22,13,34,1679.08,0.200416
22,13,35,1661.29,0.183712
22,13,36,1634.43,0.160378
22,13,37,1602.4,0.135684
22,13,38,1569.82,0.114184
22,13,39,1540.64,0.0981522
22,13,40,1516.27,0.0875447
22,13,41,1496.93,0.0808645
22,13,42,1481.75,0.0762737
22,13,43,1469.7,0.072346
22,13,44,1459.56,0.0681594
22,13,45,1449.62,0.0634205
22,13,46,1436.65,0.0581371
22,13,47,1416.26,0.0520924
22,13,48,1384.1,0.0451986
22,13,49,1338.14,0.0375537
22,14,0,2762.32,0.403597
22,14,1,2933.91,0.453156
22,14,2,3035.02,0.475361
22,14,3,3076.77,0.472119
22,14,4,3073.75,0.451442
22,14,5,3040.77,0.423492
22,14,6,2990.41,0.39744
22,14,7,2931.25,0.37855
22,14,8,2867.39,0.368939
22,14,9,2799.94,0.367974
22,14,10,2729.49,0.373606
22,14,11,2657.15,0.382783
22,14,12,2586.14,0.392447
22,14,13,2518.51,0.398603
22,14,14,2454.61,0.397307
22,14,15,2392.76,0.38616
22,14,16,2330.64,0.364801
22,14,17,2266.41,0.335706
22,14,18,2199.78,0.303539
22,14,19,2132.23,0.273423
22,14,20,2065.64,0.248855
22,14,21,2001.85,0.230373
22,14,22,1942.14,0.21557
22,14,23,1886.89,0.201245
22,14,24,1835.79,0.185412
22,14,25,1788.43,0.168202
22,14,26,1745.28,0.152142
22,14,27,1708.52,0.14047
22,14,28,1681.09,0.136221
22,14,29,1665.71,0.140126
22,14,30,1662.87,0.150826
22,14,31,1669.56,0.164567
22,14,32,1679.85,0.176297
22,14,33,1686.54,0.181188
22,14,34,1683.98,0.176386
22,14,35,1669.68,0.162182
22,14,36,1644.67,0.141564
22,14,37,1612.75,0.119221
22,14,38,1578.86,0.0995467
22,14,39,1547.7,0.0850883
22,14,40,1521.67,0.0762645
22,14,41,1501.72,0.0719079
22,14,42,1487.22,0.0701853
22,14,43,1476.82,0.0693387
22,14,44,1468.47,0.067989
22,14,45,1459.52,0.0654278
22,14,46,1446.2,0.0614504
22,14,47,1424.16,0.0558836
22,14,48,1389.56,0.0488085
22,14,49,1341.09,0.0405783
22,15,0,2708.88,0.37956
22,15,1,2883.31,0.43546
22,15,2,2989.67,0.467849
22,15,3,3038.42,0.476354
22,15,4,3043.79,0.466087
22,15,5,3020.26,0.444677
22,15,6,2979.82,0.419828
22,15,7,2930.18,0.396924
22,15,8,2874.31,0.379389
22,15,9,2812.31,0.368599
22,15,10,2743.92,0.364486
22,15,11,2669.82,0.365426
22,15,12,2593.18,0.368929
22,15,13,2516.54,0.37107
22,15,14,2441.24,0.367851
22,15,15,2366.86,0.356878
22,15,16,2292.37,0.337904
22,15,17,2216.97,0.3135
22,15,18,2141,0.288022
22,15,19,2066.1,0.265741
22,15,20,1994.2,0.248986
22,15,21,1927.24,0.237055
22,15,22,1866.79,0.226618
22,15,23,1813.66,0.213995
22,15,24,1767.77,0.197234
22,15,25,1728.55,0.176955
22,15,26,1695.72,0.15636
22,15,27,1670.37,0.139436
22,15,28,1654.25,0.129724
22,15,29,1649.14,0.128401
22,15,30,1655.05,0.134396
22,15,31,1668.94,0.144274
22,15,32,1685.01,0.153366
22,15,33,1696.24,0.157152
22,15,34,1696.96,0.152822
22,15,35,1684.53,0.140311
22,15,36,1659.81,0.121985
22,15,37,1626.72,0.101981
22,15,38,1590.74,0.0843763
22,15,39,1557.35,0.0717507
22,15,40,1529.96,0.0647543
22,15,41,1510.19,0.0624122
22,15,42,1497.53,0.062905
22,15,43,1490.1,0.0642887
22,15,44,1484.84,0.0649293
22,15,45,1478,0.0638922
22,15,46,1465,0.0608604
22,15,47,1441.45,0.0557425
22,15,48,1403.94,0.0487548
22,15,49,1351.95,0.0404293
22,16,0,2654.76,0.360218
22,16,1,2830.76,0.423404
22,16,2,2941.02,0.466588
22,16,3,2995.43,0.486964
22,16,4,3007.9,0.486658
22,16,5,2992.64,0.470796
22,16,6,2961.16,0.445756
22,16,7,2920.34,0.417299
22,16,8,2872.19,0.390461
22,16,9,2815.83,0.36886
22,16,10,2750.16,0.354466
22,16,11,2675.25,0.346955
22,16,12,2593.99,0.344188
22,16,13,2509.24,0.342146
22,16,14,2423.31,0.336742
22,16,15,2337.2,0.325614
22,16,16,2251.25,0.308625
22,16,17,2165.67,0.288352
22,16,18,2081.28,0.268728
22,16,19,1999.69,0.253147
22,16,20,1922.8,0.242961
22,16,21,1852.79,0.236608
22,16,22,1791.74,0.230259
22,16,23,1741.05,0.219987
22,16,24,1700.94,0.203788
22,16,25,1670.71,0.18242
22,16,26,1649.21,0.15929
22,16,27,1636.26,0.13878
22,16,28,1632.28,0.124794
22,16,29,1638,0.118978
22,16,30,1652.88,0.12065
22,16,31,1673.84,0.126777
22,16,32,1695.29,0.133119
22,16,33,1710.5,0.135512
22,16,34,1713.9,0.131271
22,16,35,1702.75,0.120085
22,16,36,1677.87,0.103805
22,16,37,1643.38,0.0860263
22,16,38,1605.26,0.0704014
22,16,39,1569.82,0.059372
22,16,40,1541.4,0.0536759
22,16,41,1522.28,0.0524894
22,16,42,1512.05,0.054104
22,16,43,1508.33,0.0565988
22,16,44,1507,0.0583124
22,16,45,1503.12,0.0582503
22,16,46,1491.23,0.0560302
22,16,47,1466.71,0.0515978
22,16,48,1426.41,0.0451983
22,16,49,1370.45,0.0374187
22,17,0,2604.41,0.34614
22,17,1,2780.44,0.415778
22,17,2,2892.78,0.468184
22,17,3,2950.87,0.498468
22,17,4,2968.45,0.50622
22,17,5,2959.5,0.494464
22,17,6,2935.09,0.468516
22,17,7,2901.41,0.434554
22,17,8,2859.68,0.399118
22,17,9,2808.25,0.367835
22,17,10,2745.3,0.344433
22,17,11,2670.25,0.329614
22,17,12,2585.54,0.32142
22,17,13,2494.19,0.315682
22,17,14,2399.3,0.308252
22,17,15,2303.22,0.296811
22,17,16,2207.67,0.281259
22,17,17,2113.73,0.264024
22,17,18,2022.55,0.248549
22,17,19,1935.62,0.237484
22,17,20,1854.87,0.231594
22,17,21,1782.81,0.229042
22,17,22,1722.09,0.226013
22,17,23,1674.65,0.218557
22,17,24,1640.87,0.204431
22,17,25,1619.72,0.184037
22,17,26,1609.1,0.160408
22,17,27,1607.62,0.137902
22,17,28,1614.53,0.120668
22,17,29,1629.72,0.110919
22,17,30,1652.29,0.108572
22,17,31,1679.28,0.111161
22,17,32,1705.4,0.114939
22,17,33,1724.24,0.116086
22,17,34,1730.33,0.112019
22,17,35,1720.79,0.102175
22,17,36,1696.33,0.0879143
22,17,37,1661.11,0.072281
22,17,38,1621.53,0.0584307
22,17,39,1584.53,0.048578
22,17,40,1555.36,0.0434891
22,17,41,1536.95,0.0425203
22,17,42,1529.09,0.0442022
22,17,43,1528.99,0.0468312
22,17,44,1531.64,0.0489055
22,17,45,1531.03,0.0494798
22,17,46,1520.84,0.0481113
22,17,47,1496.06,0.0446957
22,17,48,1453.6,0.039383
22,17,49,1393.96,0.0326922
22,18,0,2563.92,0.335525
22,18,1,2738.82,0.409065
22,18,2,2851.45,0.467252
22,18,3,2911.02,0.50387
22,18,4,2931.13,0.516837
22,18,5,2925.65,0.507746
22,18,6,2905.38,0.481156
22,18,7,2876.08,0.443487
22,18,8,2838.57,0.402293
22,18,9,2790.73,0.364556
22,18,10,2730.17,0.335163
22,18,11,2655.66,0.315438
22,18,12,2569.03,0.303471
22,18,13,2473.13,0.294986
22,18,14,2371.6,0.285886
22,18,15,2267.91,0.27396
22,18,16,2164.95,0.259124
22,18,17,2064.59,0.243553
22,18,18,1968.24,0.230189
22,18,19,1877.34,0.221146
22,18,20,1794.01,0.217019
22,18,21,1721.22,0.216247
22,18,22,1662.12,0.215489
22,18,23,1618.96,0.210951
22,18,24,1591.9,0.199986
22,18,25,1579.35,0.182202
22,18,26,1578.21,0.159775
22,18,27,1586.05,0.136656
22,18,28,1601.35,0.117115
22,18,29,1623.45,0.103984
22,18,30,1651.42,0.097944
22,18,31,1682.61,0.0972474
22,18,32,1712.22,0.0987119
22,18,33,1734.2,0.0988667
22,18,34,1743.17,0.095196
22,18,35,1736.02,0.08686
22,18,36,1713.14,0.0747156
22,18,37,1678.5,0.0612228
22,18,38,1638.6,0.0489898
22,18,39,1600.83,0.03996
22,18,40,1571.15,0.034919
22,18,41,1553.15,0.0334595
22,18,42,1546.93,0.0344621
22,18,43,1549.53,0.0365739
22,18,44,1555.33,0.0385621
22,18,45,1557.56,0.0395784
22,18,46,1549.18,0.0391043
22,18,47,1524.78,0.036906
22,18,48,1481.08,0.0329494
22,18,49,1418.62,0.0276052
22,19,0,2539.52,0.325576
22,19,1,2713.11,0.399449
22,19,2,2824.94,0.459053
22,19,3,2884.08,0.497792
22,19,4,2904.09,0.512948
22,19,5,2898.87,0.505453
22,19,6,2879.24,0.479396
22,19,7,2851.03,0.441134
22,19,8,2815.12,0.398515
22,19,9,2769.3,0.358969
22,19,10,2710.77,0.327756
22,19,11,2637.55,0.306327
22,19,12,2550.66,0.292694
22,19,13,2452.45,0.282578
22,19,14,2346.71,0.272111
22,19,15,2237.69,0.259347
22,19,16,2129.24,0.244317
22,19,17,2023.9,0.228969
22,19,18,1923.42,0.215813
22,19,19,1829.38,0.20662
22,19,20,1744.34,0.202113
22,19,21,1671.82,0.201359
22,19,22,1615.35,0.201765
22,19,23,1577.18,0.199826
22,19,24,1556.97,0.192445
22,19,25,1552.26,0.178228
22,19,26,1559.01,0.158236
22,19,27,1573.93,0.135747
22,19,28,1595,0.114988
22,19,29,1621.33,0.099308
22,19,30,1652.14,0.0901547
22,19,31,1685.29,0.086527
22,19,32,1716.6,0.0858587
22,19,33,1740.6,0.0850786
22,19,34,1752.05,0.0817817
22,19,35,1747.64,0.0748974
22,19,36,1727.25,0.0648019
22,19,37,1694.41,0.0533494
22,19,38,1655.39,0.042568
22,19,39,1617.69,0.0341057
22,19,40,1587.76,0.0287673
22,19,41,1569.74,0.0264219
22,19,42,1564.11,0.0263587
22,19,43,1568,0.0276258
22,19,44,1575.56,0.0292851
22,19,45,1579.62,0.0305823
22,19,46,1572.74,0.0309097
22,19,47,1549.12,0.0298654
22,19,48,1505.11,0.0272084
22,19,49,1441.01,0.0231412
22,20,0,2534.93,0.315044
22,20,1,2708.08,0.385892
22,20,2,2818.89,0.442932
22,20,3,2876.3,0.480062
22,20,4,2893.92,0.494863
22,20,5,2885.85,0.488301
22,20,6,2863.41,0.464242
22,20,7,2833.05,0.428669
22,20,8,2796.29,0.389006
22,20,9,2751.12,0.35225
22,20,10,2694.39,0.323266
22,20,11,2623.27,0.303185
22,20,12,2537.73,0.289846
22,20,13,2439.31,0.279098
22,20,14,2331.63,0.267487
22,20,15,2219.27,0.253542
22,20,16,2106.81,0.23758
22,20,17,1997.39,0.221447
22,20,18,1893.27,0.207305
22,20,19,1796.43,0.19669
22,20,20,1710.05,0.190532
22,20,21,1638.27,0.188601
22,20,22,1584.89,0.189128
22,20,23,1551.88,0.189006
22,20,24,1538.22,0.184814
22,20,25,1540.48,0.17426
22,20,26,1553.75,0.157323
22,20,27,1574.04,0.1365
22,20,28,1598.94,0.115779
22,20,29,1627.39,0.0987639
22,20,30,1658.81,0.08746
22,20,31,1691.57,0.0814955
22,20,32,1722.29,0.0788979
22,20,33,1746.31,0.0770686
22,20,34,1758.83,0.0738263
22,20,35,1756.47,0.0679988
22,20,36,1738.65,0.059563
22,20,37,1708.29,0.0497822
22,20,38,1671.08,0.0401012
22,20,39,1634.32,0.0318697
22,20,40,1604.58,0.0259124
22,20,41,1586.32,0.0223964
22,20,42,1580.36,0.0210343
22,20,43,1584.09,0.021263
22,20,44,1591.82,0.0224045
22,20,45,1596.43,0.02376
22,20,46,1590.37,0.0246237
22,20,47,1567.55,0.0244265
22,20,48,1523.89,0.0227525
22,20,49,1459.21,0.0196659
22,21,0,2550.36,0.304775
22,21,1,2724.66,0.370586
22,21,2,2835.06,0.422621
22,21,3,2890.39,0.455846
22,21,4,2904.3,0.468771
22,21,5,2891.33,0.462882
22,21,6,2863.64,0.441996
22,21,7,2828.84,0.411502
22,21,8,2789.48,0.377884
22,21,9,2743.97,0.347073
22,21,10,2688.85,0.323006
22,21,11,2620.36,0.306226
22,21,12,2537.32,0.294402
22,21,13,2440.27,0.283661
22,21,14,2332.33,0.271118
22,21,15,2218.1,0.255929
22,21,16,2102.6,0.23884
22,21,17,1989.56,0.221697
22,21,18,1881.9,0.206346
22,21,19,1782.24,0.194072
22,21,20,1694.55,0.185918
22,21,21,1623.5,0.182234
22,21,22,1573.02,0.182024
22,21,23,1544.72,0.182691
22,21,24,1536.84,0.180762
22,21,25,1545.11,0.173392
22,21,26,1563.83,0.159719
22,21,27,1588.46,0.141472
22,21,28,1616.15,0.122181
22,21,29,1645.51,0.105347
22,21,30,1675.91,0.0931705
22,21,31,1706.15,0.0856679
22,21,32,1733.69,0.0813614
22,21,33,1754.97,0.0781823
22,21,34,1766.03,0.0743242
22,21,35,1763.85,0.0687077
22,21,36,1747.62,0.0610594
22,21,37,1719.6,0.0521272
22,21,38,1684.75,0.0428138
22,21,39,1649.79,0.0341919
22,21,40,1620.96,0.0271074
22,21,41,1602.69,0.0220275
22,21,42,1595.97,0.019071
22,21,43,1598.54,0.018018
22,21,44,1605.15,0.0183861
22,21,45,1609.08,0.0194786
22,21,46,1603.01,0.0204849
22,21,47,1580.69,0.0206923
22,21,48,1537.63,0.0195665
22,21,49,1473.05,0.017083
22,22,0,2582.58,0.296803
22,22,1,2759.65,0.357384
22,22,2,2870.65,0.403977
22,22,3,2924.31,0.432803
22,22,4,2934.4,0.443538
22,22,5,2915.96,0.438409
22,22,6,2882.21,0.421281
22,22,7,2842.12,0.396862
22,22,8,2799.42,0.370457
22,22,9,2753.02,0.346648
22,22,10,2699.17,0.328242
22,22,11,2633.26,0.315169
22,22,12,2553.08,0.305044
22,22,13,2458.18,0.294462
22,22,14,2351.06,0.281208
22,22,15,2236.09,0.265126
22,22,16,2118.43,0.2474
22,22,17,2002.36,0.229878
22,22,18,1891.46,0.214014
22,22,19,1789.16,0.200733
22,22,20,1700.13,0.190998
22,22,21,1629.53,0.185544
22,22,22,1581.28,0.18405
22,22,23,1556.61,0.184539
22,22,24,1553.23,0.183816
22,22,25,1566.19,0.178899
22,22,26,1589.33,0.168414
22,22,27,1617.58,0.153407
22,22,28,1647.59,0.136776
22,22,29,1677.34,0.121567
22,22,30,1705.83,0.109798
22,22,31,1731.92,0.10159
22,22,32,1753.85,0.0958068
22,22,33,1769.34,0.090916
22,22,34,1775.76,0.0856064
22,22,35,1770.98,0.0790822
22,22,36,1754.42,0.0709941
22,22,37,1727.91,0.0616993
22,22,38,1695.59,0.0516454
22,22,39,1663.25,0.0416841
22,22,40,1636.35,0.0327017
22,22,41,1618.82,0.0254719
22,22,42,1611.59,0.0204974
22,22,43,1612.68,0.0178521
22,22,44,1617.45,0.0171754
22,22,45,1619.84,0.0177026
22,22,46,1612.99,0.0184893
22,22,47,1590.66,0.0186863
22,22,48,1548.02,0.017684
22,22,49,1483.71,0.0154182
22,23,0,2625.4,0.292461
22,23,1,2806.43,0.349012
22,23,2,2919.05,0.391299
22,23,3,2972.06,0.416664
22,23,4,2979.38,0.42586
22,23,5,2956.54,0.421829
22,23,6,2917.7,0.4085
22,23,7,2873.06,0.389917
22,23,8,2827.36,0.370215
22,23,9,2779.93,0.352656
22,23,10,2726.8,0.338985
22,23,11,2662.75,0.328694
22,23,12,2584.86,0.319572
22,23,13,2491.99,0.308895
22,23,14,2386.13,0.295197
22,23,15,2271.26,0.27897
22,23,16,2152.49,0.261704
22,23,17,2034.43,0.24511
22,23,18,1921.2,0.230076
22,23,19,1816.93,0.21702
22,23,20,1726.87,0.206645
22,23,21,1656.46,0.199911
22,23,22,1609.58,0.197096
22,23,23,1587.13,0.196937
22,23,24,1586.5,0.19678
22,23,25,1602.44,0.193854
22,23,26,1628.6,0.186535
22,23,27,1659.55,0.175264
22,23,28,1691.36,0.162186
22,23,29,1721.22,0.149631
22,23,30,1747.32,0.13914
22,23,31,1768.21,0.130713
22,23,32,1782.64,0.123401
22,23,33,1789.64,0.116181
22,23,34,1788.28,0.108314
22,23,35,1777.95,0.0994527
22,23,36,1758.83,0.0893624
22,23,37,1732.69,0.0781807
22,23,38,1702.85,0.0660328
22,23,39,1673.92,0.0536296
22,23,40,1650.12,0.0419199
22,23,41,1634.47,0.0319741
22,23,42,1627.51,0.0246369
22,23,43,1627.46,0.0202188
22,23,44,1630.33,0.0184024
22,23,45,1630.81,0.0182704
22,23,46,1622.63,0.0186828
22,23,47,1599.69,0.0186274
22,23,48,1556.98,0.0174291
22,23,49,1492.67,0.0150214
22,24,0,2671.78,0.291174
22,24,1,2857.18,0.345295
22,24,2,2972.14,0.384996
22,24,3,3025.68,0.408461
22,24,4,3031.97,0.417242
22,24,5,3006.88,0.414806
22,24,6,2965.24,0.405086
22,24,7,2918.04,0.391536
22,24,8,2870.62,0.377272
22,24,9,2822.49,0.364425
22,24,10,2769.54,0.353887
22,24,11,2706.31,0.344954
22,24,12,2629.58,0.335831
22,24,13,2538.07,0.324668
22,24,14,2433.5,0.3108
22,24,15,2319.55,0.295258
22,24,16,2201.04,0.279615
22,24,17,2082.63,0.265241
22,24,18,1968.62,0.2523
22,24,19,1863.55,0.240624
22,24,20,1772.99,0.2306
22,24,21,1702.54,0.223365
22,24,22,1656.04,0.219774
22,24,23,1634.2,0.219304
22,24,24,1634.33,0.219957
22,24,25,1651.16,0.21931
22,24,26,1678.46,0.215572
22,24,27,1710.65,0.208569
22,24,28,1743.28,0.199593
22,24,29,1772.65,0.190112
22,24,30,1795.92,0.181058
22,24,31,1810.97,0.172211
22,24,32,1816.73,0.162767
22,24,33,1813.41,0.15221
22,24,34,1801.92,0.140444
22,24,35,1783.59,0.127692
22,24,36,1759.97,0.114006
22,24,37,1733.11,0.099471
22,24,38,1705.64,0.0840211
22,24,39,1680.79,0.0682902
22,24,40,1661.2,0.0532927
22,24,41,1648.64,0.0403641
22,24,42,1643.02,0.0306329
22,24,43,1642.63,0.0245903
22,24,44,1644.09,0.0218862
22,24,45,1642.8,0.021352
22,24,46,1633.09,0.0215505
22,24,47,1609.08,0.0212305
22,24,48,1565.71,0.0196216
22,24,49,1500.85,0.0166866
22,25,0,2715.17,0.291
22,25,1,2904.57,0.343674
22,25,2,3022.07,0.382001
22,25,3,3077.06,0.404784
22,25,4,3083.99,0.414104
22,25,5,3059.02,0.413728
22,25,6,3017.27,0.407505
22,25,7,2970.07,0.398362
22,25,8,2922.82,0.388545
22,25,9,2874.92,0.379241
22,25,10,2822.11,0.370653
22,25,11,2758.98,0.362031
22,25,12,2682.53,0.35216
22,25,13,2591.81,0.34017
22,25,14,2488.71,0.326243
22,25,15,2376.76,0.311846
22,25,16,2260.36,0.298462
22,25,17,2143.8,0.286971
22,25,18,2031.07,0.276773
22,25,19,1926.74,0.267165
22,25,20,1836.36,0.25827
22,25,21,1765.63,0.251435
22,25,22,1718.48,0.248069
22,25,23,1695.64,0.248348
22,25,24,1694.5,0.250887
22,25,25,1710.02,0.253555
22,25,26,1736.23,0.254303
22,25,27,1767.59,0.252219
22,25,28,1799.3,0.247614
22,25,29,1826.87,0.241034
22,25,30,1846.38,0.232804
22,25,31,1854.94,0.222576
22,25,32,1851.38,0.209795
22,25,33,1836.84,0.194554
22,25,34,1814.01,0.177481
22,25,35,1786.33,0.159447
22,25,36,1757.03,0.140898
22,25,37,1728.76,0.121986
22,25,38,1703.57,0.10254
22,25,39,1683.28,0.0831412
22,25,40,1668.71,0.0648466
22,25,41,1660.23,0.0491997
22,25,42,1656.99,0.0375432
22,25,43,1657.24,0.0304946
22,25,44,1658.07,0.0275998
22,25,45,1655.51,0.0273354
22,25,46,1644.4,0.0278323
22,25,47,1619.07,0.027479
22,25,48,1574.51,0.0253451
22,25,49,1508.5,0.0214508
22,26,0,2750.23,0.289705
22,26,1,2942.62,0.340781
22,26,2,3062.21,0.377833
22,26,3,3118.94,0.400248
22,26,4,3127.64,0.410515
22,26,5,3104.69,0.412543
22,26,6,3065.31,0.409982
22,26,7,3020.7,0.405221
22,26,8,2975.89,0.399684
22,26,9,2929.86,0.393689
22,26,10,2878.12,0.386811
22,26,11,2815.42,0.378281
22,26,12,2739.33,0.367511
22,26,13,2649.65,0.354596
22,26,14,2548.83,0.340557
22,26,15,2440.43,0.327219
22,26,16,2328.33,0.315892
22,26,17,2216.03,0.306981
22,26,18,2106.73,0.299269
22,26,19,2004.55,0.291717
22,26,20,1914.83,0.284342
22,26,21,1843.42,0.278747
22,26,22,1794.55,0.27684
22,26,23,1769.23,0.279361
22,26,24,1765.09,0.28538
22,26,25,1777.32,0.292867
22,26,26,1800.27,0.299301
22,26,27,1828.43,0.302817
22,26,28,1856.82,0.30259
22,26,29,1880.4,0.298219
22,26,30,1894.44,0.289558
22,26,31,1895.4,0.27638
22,26,32,1882,0.258677
22,26,33,1856.09,0.237359
22,26,34,1821.85,0.213873
22,26,35,1784.68,0.189739
22,26,36,1749.47,0.165786
22,26,37,1719.58,0.142235
22,26,38,1696.6,0.118825
22,26,39,1680.96,0.096071
22,26,40,1671.75,0.0750357
22,26,41,1667.92,0.0574172
22,26,42,1667.86,0.0447148
22,26,43,1669.68,0.0376334
22,26,44,1670.86,0.0355602
22,26,45,1667.83,0.0365262
22,26,46,1655.78,0.0380825
22,26,47,1629.23,0.0381078
22,26,48,1583.25,0.0354212
22,26,49,1515.66,0.030118
22,27,0,2773.86,0.286622
22,27,1,2967.69,0.335059
22,27,2,3088.33,0.369911
22,27,3,3146.32,0.391327
22,27,4,3156.98,0.402294
22,27,5,3137,0.406834
22,27,6,3101.63,0.408289
22,27,7,3061.73,0.40839
22,27,8,3021.63,0.407647
22,27,9,2979.6,0.405465
22,27,10,2930.76,0.400783
22,27,11,2870.06,0.392773
22,27,12,2795.7,0.381439
22,27,13,2708.46,0.367712
22,27,14,2611.54,0.353374
22,27,15,2508.66,0.340526
22,27,16,2403.08,0.330332
22,27,17,2297.24,0.322878
22,27,18,2193.19,0.316651
22,27,19,2094.29,0.310582
22,27,20,2005.59,0.304766
22,27,21,1933.17,0.301071
22,27,22,1881.85,0.301775
22,27,23,1853.09,0.307983
22,27,24,1844.85,0.318999
22,27,25,1852.47,0.332659
22,27,26,1870.37,0.345746
22,27,27,1893.04,0.35523
22,27,28,1915.36,0.359028
22,27,29,1932.1,0.355828
22,27,30,1938.21,0.34524
22,27,31,1929.92,0.327518
22,27,32,1906.08,0.303593
22,27,33,1869.11,0.275425
22,27,34,1824.34,0.245311
22,27,35,1778.63,0.215277
22,27,36,1738.2,0.186356
22,27,37,1706.96,0.15872
22,27,38,1686.08,0.131973
22,27,39,1674.81,0.106554
22,27,40,1670.75,0.0835453
22,27,41,1671.66,0.0647993
22,27,42,1675.22,0.0519588
22,27,43,1679.37,0.0458036
22,27,44,1681.83,0.0455319
22,27,45,1679.24,0.0486669
22,27,46,1666.96,0.0520524
22,27,47,1639.56,0.0529136
22,27,48,1592.18,0.0497205
22,27,49,1522.8,0.0426404
22,28,0,2785.22,0.282985
22,28,1,2978.65,0.327609
22,28,2,3098.79,0.358975
22,28,3,3156.84,0.37828
22,28,4,3168.74,0.389261
22,28,5,3151.65,0.396151
22,28,6,3120.96,0.401907
22,28,7,3087.13,0.407403
22,28,8,3053.61,0.412042
22,28,9,3017.78,0.414216
22,28,10,2974.21,0.412228
22,28,11,2917.87,0.405179
22,28,12,2847.57,0.393621
22,28,13,2765,0.379159
22,28,14,2674.1,0.364189
22,28,15,2578.79,0.351029
22,28,16,2481.67,0.340789
22,28,17,2384.01,0.333479
22,28,18,2286.61,0.327657
22,28,19,2192.03,0.322494
22,28,20,2104.98,0.318287
22,28,21,2031.84,0.317062
22,28,22,1978.06,0.321258
22,28,23,1945.67,0.332098
22,28,24,1932.97,0.348899
22,28,25,1935.26,0.369195
22,28,26,1946.83,0.388962
22,28,27,1962,0.40395
22,28,28,1975.58,0.410847
22,28,29,1982.51,0.40758
22,28,30,1977.97,0.393794
22,28,31,1958.61,0.370569
22,28,32,1923.76,0.340097
22,28,33,1876.43,0.305507
22,28,34,1822.72,0.269827
22,28,35,1770.28,0.235277
22,28,36,1725.99,0.202762
22,28,37,1693.97,0.172192
22,28,38,1674.98,0.142983
22,28,39,1667.39,0.115548
22,28,40,1667.72,0.0910885
22,28,41,1672.9,0.0716948
22,28,42,1680.09,0.0592065
22,28,43,1687.08,0.054504
22,28,44,1691.65,0.0566049
22,28,45,1690.45,0.0625131
22,28,46,1678.77,0.0682927
22,28,47,1651.09,0.0704067
22,28,48,1602.55,0.0668779
22,28,49,1531.31,0.0578975
22,29,0,2785.92,0.280614
22,29,1,2977.17,0.320954
22,29,2,3095.14,0.348106
22,29,3,3151.65,0.364519
22,29,4,3163.42,0.374915
22,29,5,3148.25,0.383868
22,29,6,3121.82,0.393872
22,29,7,3094.28,0.404752
22,29,8,3068.21,0.414632
22,29,9,3040.03,0.420867
22,29,10,3003.65,0.421264
22,29,11,2953.97,0.414984
22,29,12,2890.22,0.403147
22,29,13,2814.81,0.387886
22,29,14,2732.2,0.372032
22,29,15,2646.34,0.358039
22,29,16,2559.2,0.347031
22,29,17,2470.97,0.339136
22,29,18,2381.42,0.333242
22,29,19,2292.36,0.328908
22,29,20,2208.22,0.326627
22,29,21,2135.56,0.328379
22,29,22,2080.33,0.336495
22,29,23,2045,0.352056
22,29,24,2028.09,0.374216
22,29,25,2024.77,0.400163
22,29,26,2029.07,0.425176
22,29,27,2035.1,0.444014
22,29,28,2037.76,0.452429
22,29,29,2032.42,0.4479
22,29,30,2015.09,0.430385
22,29,31,1983.37,0.401983
22,29,32,1937.48,0.366208
22,29,33,1881.05,0.327203
22,29,34,1820.53,0.288377
22,29,35,1763.69,0.251683
22,29,36,1717.29,0.217483
22,29,37,1685.19,0.18523
22,29,38,1667.72,0.154178
22,29,39,1662.75,0.124882
22,29,40,1666.24,0.0988669
22,29,41,1674.76,0.0786238
22,29,42,1685.25,0.0662772
22,29,43,1695.36,0.0628443
22,29,44,1702.78,0.0671963
22,29,45,1703.92,0.075872
22,29,46,1693.75,0.0841789
22,29,47,1666.46,0.0877981
22,29,48,1617.05,0.0842375
22,29,49,1543.84,0.0736155
22,30,0,2778.94,0.280932
22,30,1,2966.65,0.317672
22,30,2,3081.07,0.340989
22,30,3,3134.6,0.354545
22,30,4,3144.68,0.364116
22,30,5,3129.92,0.374682
22,30,6,3106.42,0.388251
22,30,7,3084.18,0.403514
22,30,8,3065.05,0.417297
22,30,9,3044.59,0.426083
22,30,10,3016.11,0.427483
22,30,11,2974.4,0.421
22,30,12,2919.01,0.408414
22,30,13,2852.73,0.392301
22,30,14,2780.27,0.375734
22,30,15,2705.39,0.361163
22,30,16,2629.41,0.349693
22,30,17,2551.65,0.34159
22,30,18,2471.16,0.336132
22,30,19,2389.25,0.333229
22,30,20,2310.06,0.333458
22,30,21,2240.08,0.338525
22,30,22,2185.28,0.35039
22,30,23,2148.29,0.369774
22,30,24,2127.62,0.395555
22,30,25,2118.39,0.424679
22,30,26,2114.53,0.452076
22,30,27,2110.18,0.472054
22,30,28,2100.58,0.480015
22,30,29,2081.88,0.473449
22,30,30,2051.19,0.45283
22,30,31,2007.4,0.421186
22,30,32,1951.76,0.383023
22,30,33,1888.45,0.342987
22,30,34,1823.88,0.304286
22,30,35,1765.27,0.268096
22,30,36,1718.55,0.233902
22,30,37,1686.92,0.20066
22,30,38,1670.31,0.167659
22,30,39,1666.49,0.135904
22,30,40,1671.44,0.107536
22,30,41,1681.95,0.0856205
22,30,42,1695.05,0.0726293
22,30,43,1708.32,0.0697117
22,30,44,1719.2,0.0756126
22,30,45,1723.56,0.0864984
22,30,46,1715.78,0.0970355
22,30,47,1689.48,0.102203
22,30,48,1639.37,0.0989844
22,30,49,1563.81,0.087308
22,31,0,2766.99,0.283592
22,31,1,2950.62,0.318371
22,31,2,3060.94,0.339297
22,31,3,3110.75,0.350911
22,31,4,3118.09,0.359845
22,31,5,3102.24,0.371419
22,31,6,3079.8,0.387175
22,31,7,3060.77,0.404773
22,31,8,3046.56,0.419968
22,31,9,3032.17,0.428742
22,31,10,3010.57,0.428956
22,31,11,2976.59,0.420839
22,31,12,2930.02,0.406966
22,31,13,2873.86,0.390315
22,31,14,2812.74,0.373977
22,31,15,2749.99,0.36017
22,31,16,2686.27,0.349771
22,31,17,2620.2,0.342989
22,31,18,2550.39,0.339327
22,31,19,2477.82,0.338887
22,31,20,2406.29,0.342198
22,31,21,2341.82,0.35054
22,31,22,2289.85,0.365338
22,31,23,2252.61,0.386838
22,31,24,2228.49,0.413618
22,31,25,2212.68,0.442585
22,31,26,2199.54,0.468831
22,31,27,2183.8,0.486937
22,31,28,2161.54,0.492692
22,31,29,2129.94,0.484071
22,31,30,2087.32,0.462118
22,31,31,2033.77,0.430411
22,31,32,1971.41,0.393756
22,31,33,1904.64,0.356536
22,31,34,1839.39,0.321104
22,31,35,1781.77,0.287456
22,31,36,1736.41,0.254093
22,31,37,1705.6,0.219668
22,31,38,1688.93,0.183872
22,31,39,1684.49,0.148543
22,31,40,1688.88,0.116714
22,31,41,1699.68,0.0921432
22,31,42,1714.38,0.0776303
22,31,43,1730.64,0.0743797
22,31,44,1745.47,0.08098
22,31,45,1753.91,0.0933098
22,31,46,1749.34,0.105549
22,31,47,1724.51,0.112126
22,31,48,1673.61,0.109549
22,31,49,1594.95,0.0974794
22,32,0,2750.64,0.286573
22,32,1,2930.62,0.321344
22,32,2,3037.42,0.34185
22,32,3,3083.94,0.352937
22,32,4,3088.49,0.361639
22,32,5,3070.74,0.373415
22,32,6,3047.61,0.389417
22,32,7,3029.18,0.406588
22,32,8,3016.78,0.420088
22,32,9,3005.37,0.425953
22,32,10,2988.05,0.42279
22,32,11,2960,0.411909
22,32,12,2921.38,0.396775
22,32,13,2875.31,0.380698
22,32,14,2826.12,0.366515
22,32,15,2776.46,0.355871
22,32,16,2726.19,0.349031
22,32,17,2673.3,0.345769
22,32,18,2616.09,0.345514
22,32,19,2555.28,0.348388
22,32,20,2494.22,0.354837
22,32,21,2438.05,0.365764
22,32,22,2391.09,0.382074
22,32,23,2354.68,0.403556
22,32,24,2326.91,0.428544
22,32,25,2303.42,0.454138
22,32,26,2279.67,0.476076
22,32,27,2251.78,0.489914
22,32,28,2217.31,0.492492
22,32,29,2174.74,0.48265
22,32,30,2123.54,0.461893
22,32,31,2064.57,0.43378
22,32,32,2000.25,0.402555
22,32,33,1934.6,0.371502
22,32,34,1872.55,0.341542
22,32,35,1818.72,0.311305
22,32,36,1776.2,0.27848
22,32,37,1746.3,0.241825
22,32,38,1728.46,0.201901
22,32,39,1721.5,0.161754
22,32,40,1723.16,0.125512
22,32,41,1732.36,0.097643
22,32,42,1747.47,0.0811611
22,32,43,1766.37,0.0771729
22,32,44,1785.46,0.0840002
22,32,45,1798.61,0.0972445
22,32,46,1797.84,0.11071
22,32,47,1774.68,0.118421
22,32,48,1722.59,0.116522
22,32,49,1639.7,0.104418
22,33,0,2728.48,0.287362
22,33,1,2906.04,0.323744
22,33,2,3010.91,0.345657
22,33,3,3055.7,0.357597
22,33,4,3058.59,0.366414
22,33,5,3039.19,0.377424
22,33,6,3014.37,0.391524
22,33,7,2994.27,0.405433
22,33,8,2980.46,0.414357
22,33,9,2968.41,0.414989
22,33,10,2951.98,0.407081
22,33,11,2927.16,0.39323
22,33,12,2894.78,0.377748
22,33,13,2858.12,0.364137
22,33,14,2821.04,0.354677
22,33,15,2785.24,0.350041
22,33,16,2749.6,0.349435
22,33,17,2711.4,0.351764
22,33,18,2668.58,0.356082
22,33,19,2621.6,0.362433
22,33,20,2573.23,0.371311
22,33,21,2527.4,0.383497
22,33,22,2486.88,0.399583
22,33,23,2451.79,0.419063
22,33,24,2419.84,0.440138
22,33,25,2387.48,0.460262
22,33,26,2351.92,0.476147
22,33,27,2311.52,0.484771
22,33,28,2265.98,0.484436
22,33,29,2215.41,0.475011
22,33,30,2160.21,0.458235
22,33,31,2101.44,0.437064
22,33,32,2040.95,0.414368
22,33,33,1981.63,0.391632
22,33,34,1926.81,0.36798
22,33,35,1879.37,0.340744
22,33,36,1840.83,0.307195
22,33,37,1811.69,0.266718
22,33,38,1791.5,0.221196
22,33,39,1780.21,0.175165
22,33,40,1777.13,0.133941
22,33,41,1782.97,0.102641
22,33,42,1797.35,0.0843466
22,33,43,1818.43,0.0798856
22,33,44,1841.86,0.087135
22,33,45,1860.05,0.10131
22,33,46,1863.28,0.115814
22,33,47,1841.61,0.124332
22,33,48,1787.55,0.122752
22,33,49,1698.99,0.110356
22,34,0,2698.58,0.285214
22,34,1,2875.28,0.324175
22,34,2,2980.29,0.34872
22,34,3,3025.61,0.362426
22,34,4,3028.84,0.371417
22,34,5,3009.08,0.380619
22,34,6,2982.76,0.390864
22,34,7,2959.86,0.399208
22,34,8,2942.36,0.401564
22,34,9,2926.71,0.395783
22,34,10,2908.04,0.382955
22,34,11,2883.74,0.366917
22,34,12,2855.65,0.352622
22,34,13,2827.31,0.343539
22,34,14,2802.02,0.341122
22,34,15,2780.33,0.34476
22,34,16,2759.88,0.352265
22,34,17,2737.11,0.361371
22,34,18,2709.54,0.370572
22,34,19,2677.3,0.379862
22,34,20,2642.51,0.389998
22,34,21,2607.78,0.402007
22,34,22,2574.18,0.416473
22,34,23,2540.46,0.432818
22,34,24,2503.96,0.44921
22,34,25,2462.14,0.463492
22,34,26,2414.43,0.473405
22,34,27,2362.04,0.477466
22,34,28,2307.37,0.475519
22,34,29,2252.39,0.46845
22,34,30,2198.27,0.458003
22,34,31,2145.58,0.446101
22,34,32,2094.75,0.433698
22,34,33,2046.72,0.420055
22,34,34,2002.71,0.402374
22,34,35,1963.72,0.376926
22,34,36,1929.89,0.341024
22,34,37,1901.18,0.295151
22,34,38,1877.61,0.242826
22,34,39,1860.56,0.190216
22,34,40,1851.29,0.143821
22,34,41,1852.56,0.109338
22,34,42,1865.4,0.0897998
22,34,43,1888.32,0.0856149
22,34,44,1916.01,0.0940062
22,34,45,1939.17,0.109582
22,34,46,1946.1,0.125175
22,34,47,1925.23,0.134069
22,34,48,1868.04,0.131992
22,34,49,1772.12,0.118327
22,35,0,2661.59,0.281919
22,35,1,2838.83,0.323912
22,35,2,2945.91,0.351695
22,35,3,2993.91,0.36758
22,35,4,2999.59,0.376612
22,35,5,2981.21,0.383181
22,35,6,2954.44,0.388268
22,35,7,2928.88,0.389768
22,35,8,2906.91,0.384818
22,35,9,2886.11,0.372718
22,35,10,2863.31,0.355822
22,35,11,2837.62,0.338896
22,35,12,2812.16,0.32718
22,35,13,2790.88,0.323847
22,35,14,2776.43,0.329409
22,35,15,2768.08,0.341914
22,35,16,2762.13,0.357761
22,35,17,2754.06,0.373492
22,35,18,2740.98,0.387028
22,35,19,2722.71,0.398385
22,35,20,2700.76,0.408755
22,35,21,2676.52,0.419709
22,35,22,2649.46,0.432094
22,35,23,2617.03,0.445438
22,35,24,2576.25,0.457927
22,35,25,2525.64,0.467689
22,35,26,2466.94,0.473304
22,35,27,2404.43,0.474637
22,35,28,2343.48,0.472905
22,35,29,2288.06,0.469882
22,35,30,2239.83,0.467188
22,35,31,2198.35,0.46556
22,35,32,2161.92,0.463842
22,35,33,2128.95,0.458976
22,35,34,2098.21,0.446332
22,35,35,2068.88,0.421401
22,35,36,2040,0.381907
22,35,37,2011.38,0.329694
22,35,38,1983.83,0.270002
22,35,39,1960.46,0.210599
22,35,40,1944.59,0.159098
22,35,41,1941.11,0.121729
22,35,42,1952.44,0.101463
22,35,43,1977.25,0.0982321
22,35,44,2009.14,0.108448
22,35,45,2036.87,0.125869
22,35,46,2046.74,0.142513
22,35,47,2025.5,0.151134
22,35,48,1963.66,0.147354
22,35,49,1858.5,0.130907
22,36,0,2622.42,0.281846
22,36,1,2801.12,0.327263
22,36,2,2911.48,0.358583
22,36,3,2963.54,0.376756
22,36,4,2973.11,0.385652
22,36,5,2957.46,0.389134
22,36,6,2931.34,0.38855
22,36,7,2903.88,0.382982
22,36,8,2877.78,0.371082
22,36,9,2851.8,0.353622
22,36,10,2824.46,0.333906
22,36,11,2796.7,0.317132
22,36,12,2772.9,0.308391
22,36,13,2757.39,0.310331
22,36,14,2752.14,0.322626
22,36,15,2755.08,0.34229
22,36,16,2761.23,0.364704
22,36,17,2765.27,0.385538
22,36,18,2763.99,0.402291
22,36,19,2757.05,0.415032
22,36,20,2745.54,0.425385
22,36,21,2729.91,0.435537
22,36,22,2708.32,0.446692
22,36,23,2677.19,0.458544
22,36,24,2633.29,0.46925
22,36,25,2576.1,0.477005
22,36,26,2509.41,0.480909
22,36,27,2440.39,0.481828
22,36,28,2377.18,0.48209
22,36,29,2325.56,0.484232
22,36,30,2287.37,0.489757
22,36,31,2260.77,0.498293
22,36,32,2241.58,0.506687
22,36,33,2225.48,0.509718
22,36,34,2208.87,0.501145
22,36,35,2189.31,0.475922
22,36,36,2165.17,0.43236
22,36,37,2136.49,0.373675
22,36,38,2105.19,0.306697
22,36,39,2076.17,0.240635
22,36,40,2054.84,0.184118
22,36,41,2047.97,0.143906
22,36,42,2059.1,0.122975
22,36,43,2086.78,0.12081
22,36,44,2123.22,0.132941
22,36,45,2155.23,0.152102
22,36,46,2167.08,0.169312
22,36,47,2144.1,0.176694
22,36,48,2075.86,0.169809
22,36,49,1959.41,0.148941
22,37,0,2589.4,0.290597
22,37,1,2769.89,0.340109
22,37,2,2883.7,0.375188
22,37,3,2939.96,0.395556
22,37,4,2953.55,0.40409
22,37,5,2940.82,0.404317
22,37,6,2915.66,0.398158
22,37,7,2886.82,0.386044
22,37,8,2857.32,0.368174
22,37,9,2827.01,0.346564
22,37,10,2795.93,0.325007
22,37,11,2766.58,0.308547
22,37,12,2744.27,0.301721
22,37,13,2733.43,0.306541
22,37,14,2735.2,0.322184
22,37,15,2746.31,0.345273
22,37,16,2760.78,0.370923
22,37,17,2772.79,0.394496
22,37,18,2779.1,0.4133
22,37,19,2779.46,0.42736
22,37,20,2774.77,0.438492
22,37,21,2764.94,0.449284
22,37,22,2747.27,0.461186
22,37,23,2717.5,0.473969
22,37,24,2672.31,0.485647
22,37,25,2611.97,0.494262
22,37,26,2541.89,0.499118
22,37,27,2471.51,0.501762
22,37,28,2411.1,0.505403
22,37,29,2367.66,0.513259
22,37,30,2342.8,0.52679
22,37,31,2333.03,0.544706
22,37,32,2331.76,0.562123
22,37,33,2332.24,0.571978
22,37,34,2328.88,0.566725
22,37,35,2318.19,0.541
22,37,36,2298.31,0.493732
22,37,37,2269.86,0.429336
22,37,38,2236.05,0.355946
22,37,39,2203.54,0.283912
22,37,40,2179.53,0.22269
22,37,41,2172.28,0.179504
22,37,42,2185.92,0.157387
22,37,43,2218.43,0.155461
22,37,44,2260.42,0.16847
22,37,45,2296.73,0.188182
22,37,46,2309.88,0.204669
22,37,47,2283.96,0.209471
22,37,48,2207.78,0.198135
22,37,49,2078.07,0.171554
22,38,0,2571.22,0.312493
22,38,1,2753.39,0.367158
22,38,2,2870,0.406248
22,38,3,2929.47,0.42853
22,38,4,2945.94,0.436286
22,38,5,2935.04,0.433083
22,38,6,2910.02,0.421663
22,38,7,2879.46,0.403836
22,38,8,2846.84,0.381175
22,38,9,2813.11,0.356528
22,38,10,2779.57,0.333621
22,38,11,2749.78,0.316769
22,38,12,2729.41,0.309624
22,38,13,2722.46,0.31359
22,38,14,2729.08,0.327848
22,38,15,2744.92,0.34948
22,38,16,2763.41,0.374253
22,38,17,2778.7,0.397909
22,38,18,2787.81,0.417791
22,38,19,2790.82,0.433685
22,38,20,2788.78,0.447185
22,38,21,2781.43,0.460833
22,38,22,2765.77,0.476021
22,38,23,2737.33,0.492402
22,38,24,2692.91,0.507731
22,38,25,2633.46,0.519767
22,38,26,2565.47,0.527868
22,38,27,2499.78,0.534065
22,38,28,2447.72,0.542296
22,38,29,2416.63,0.556349
22,38,30,2407.3,0.577638
22,38,31,2414.59,0.604071
22,38,32,2429.94,0.629316
22,38,33,2444.79,0.644853
22,38,34,2452.42,0.642238
22,38,35,2448.88,0.616058
22,38,36,2432.64,0.565894
22,38,37,2405.19,0.497143
22,38,38,2371.07,0.418894
22,38,39,2338.45,0.342236
22,38,40,2315.89,0.277112
22,38,41,2312.48,0.230988
22,38,42,2332.36,0.206902
22,38,43,2372.45,0.203707
22,38,44,2421.6,0.215611
22,38,45,2462.82,0.233744
22,38,46,2477.22,0.247565
22,38,47,2447.94,0.248237
22,38,48,2363.1,0.231331
22,38,49,2218.85,0.198214
22,39,0,2573.56,0.348715
22,39,1,2757.25,0.40975
22,39,2,2875.61,0.453039
22,39,3,2936.74,0.476694
22,39,4,2954.29,0.482927
22,39,5,2943.35,0.475848
22,39,6,2916.81,0.459336
22,39,7,2883.37,0.436559
22,39,8,2847.27,0.410179
22,39,9,2810.6,0.383356
22,39,10,2775.75,0.359184
22,39,11,2746.81,0.340746
22,39,12,2729.15,0.330601
22,39,13,2725.75,0.329691
22,39,14,2735.49,0.337748
22,39,15,2753.15,0.353156
22,39,16,2771.95,0.373196
22,39,17,2786.37,0.394609
22,39,18,2793.99,0.41497
22,39,19,2795.37,0.43359
22,39,20,2791.92,0.451398
22,39,21,2783.66,0.470361
22,39,22,2767.83,0.491417
22,39,23,2740.33,0.513865
22,39,24,2698.45,0.53513
22,39,25,2643.75,0.55271
22,39,26,2583.27,0.566043
22,39,27,2528.22,0.577587
22,39,28,2489.77,0.591861
22,39,29,2474.45,0.612981
22,39,30,2481.72,0.642109
22,39,31,2504.92,0.676285
22,39,32,2534.14,0.707953
22,39,33,2560,0.727593
22,39,34,2575.52,0.726439
22,39,35,2577.09,0.699497
22,39,36,2564,0.647187
22,39,37,2538.79,0.575755
22,39,38,2507.23,0.49489
22,39,39,2478.58,0.415872
22,39,40,2462.13,0.348567
22,39,41,2467.12,0.300207
22,39,42,2497.02,0.273631
22,39,43,2547.36,0.267501
22,39,44,2605.21,0.275894
22,39,45,2652.15,0.28987
22,39,46,2668.29,0.298814
22,39,47,2636.18,0.29381
22,39,48,2543.17,0.270413
22,39,49,2384.37,0.230177
22,40,0,2595.27,0.396392
22,40,1,2780.52,0.464908
22,40,2,2899.89,0.512553
22,40,3,2961.44,0.537003
22,40,4,2978.54,0.540875
22,40,5,2965.87,0.529331
22,40,6,2936.17,0.507702
22,40,7,2898.52,0.48049
22,40,8,2858.22,0.451127
22,40,9,2818.67,0.422575
22,40,10,2783.27,0.396821
22,40,11,2756.23,0.375391
22,40,12,2742.05,0.359697
22,40,13,2742.16,0.350464
22,40,14,2753.98,0.348447
22,40,15,2771.57,0.353956
22,40,16,2788.24,0.366371
22,40,17,2799.04,0.383858
22,40,18,2802.2,0.404357
22,40,19,2798.78,0.426556
22,40,20,2790.69,0.450394
22,40,21,2778.53,0.476815
22,40,22,2760.4,0.505931
22,40,23,2733.19,0.536489
22,40,24,2695.06,0.5656
22,40,25,2648.19,0.590659
22,40,26,2599.66,0.61134
22,40,27,2560.02,0.630511
22,40,28,2539.06,0.653008
22,40,29,2541.55,0.682822
22,40,30,2565.2,0.720413
22,40,31,2602.09,0.76172
22,40,32,2641.75,0.798152
22,40,33,2674.91,0.819741
22,40,34,2695.23,0.818162
22,40,35,2700.08,0.789505
22,40,36,2689.93,0.735399
22,40,37,2668.45,0.662919
22,40,38,2642.32,0.582
22,40,39,2621.38,0.503491
22,40,40,2614.98,0.436451
22,40,41,2631.81,0.387277
22,40,42,2674.24,0.358308
22,40,43,2736.25,0.348118
22,40,44,2803.45,0.351119
22,40,45,2856.47,0.358927
22,40,46,2875.04,0.361369
22,40,47,2841.43,0.349629
22,40,48,2742.16,0.319065
22,40,49,2570.66,0.271031
22,41,0,2632.01,0.448997
22,41,1,2819.31,0.525742
22,41,2,2939.67,0.577964
22,41,3,3001.29,0.602978
22,41,4,3017.33,0.604075
22,41,5,3002.17,0.587811
22,41,6,2968.43,0.561177
22,41,7,2925.78,0.529939
22,41,8,2880.78,0.497994
22,41,9,2838.37,0.467696
22,41,10,2802.91,0.43966
22,41,11,2778.49,0.413788
22,41,12,2768.32,0.390504
22,41,13,2771.96,0.370636
22,41,14,2785.27,0.356264
22,41,15,2801.78,0.349899
22,41,16,2815.07,0.353184
22,41,17,2820.87,0.365872
22,41,18,2817.97,0.38636
22,41,19,2807.86,0.412752
22,41,20,2792.93,0.443926
22,41,21,2774.68,0.479595
22,41,22,2752.53,0.518806
22,41,23,2724.93,0.559645
22,41,24,2691.29,0.598948
22,41,25,2654.4,0.634177
22,41,26,2620.84,0.665328
22,41,27,2599.63,0.695499
22,41,28,2598.21,0.729358
22,41,29,2618.96,0.770097
22,41,30,2657.71,0.816888
22,41,31,2705.71,0.86434
22,41,32,2752.62,0.903137
22,41,33,2790.05,0.923602
22,41,34,2812.93,0.918792
22,41,35,2820.06,0.886696
22,41,36,2813.2,0.830608
22,41,37,2796.99,0.758445
22,41,38,2778.67,0.679995
22,41,39,2768.04,0.605019
22,41,40,2773.91,0.541019
22,41,41,2803.94,0.492976
22,41,42,2859.19,0.462478
22,41,43,2932.26,0.448145
22,41,44,3007.79,0.445127
22,41,45,3066.13,0.44604
22,41,46,3087.24,0.441394
22,41,47,3053.49,0.42238
22,41,48,2950.52,0.383827
22,41,49,2769.55,0.326553
22,42,0,2676.37,0.497609
22,42,1,2866.51,0.582725
22,42,2,2988.5,0.6399
22,42,3,3050.69,0.665997
22,42,4,3066.09,0.664929
22,42,5,3048.73,0.644636
22,42,6,3011.16,0.613694
22,42,7,2963.68,0.578946
22,42,8,2914.21,0.544483
22,42,9,2869.27,0.511862
22,42,10,2834.21,0.480376
22,42,11,2812.83,0.448599
22,42,12,2806.87,0.416362
22,42,13,2813.89,0.384941
22,42,14,2828.32,0.357811
22,42,15,2843.28,0.339528
22,42,16,2852.72,0.333725
22,42,17,2853.05,0.341619
22,42,18,2843.51,0.362131
22,42,19,2825.85,0.393018
22,42,20,2802.98,0.432325
22,42,21,2777.43,0.478635
22,42,22,2750.34,0.529896
22,42,23,2722.05,0.583518
22,42,24,2693.43,0.636098
22,42,25,2667.72,0.685201
22,42,26,2650.55,0.730998
22,42,27,2648.75,0.776386
22,42,28,2666.88,0.825151
22,42,29,2704.79,0.878932
22,42,30,2756.68,0.935108
22,42,31,2813.43,0.98695
22,42,32,2865.35,1.02496
22,42,33,2905.41,1.04065
22,42,34,2930.08,1.02947
22,42,35,2939.62,0.992024
22,42,36,2936.96,0.933597
22,42,37,2927.36,0.86283
22,42,38,2918.14,0.788898
22,42,39,2918.61,0.719905
22,42,40,2936.62,0.661244
22,42,41,2978.65,0.616185
22,42,42,3044.52,0.585516
22,42,43,3125.87,0.568089
22,42,44,3206.97,0.559998
22,42,45,3268.57,0.554914
22,42,46,3291.37,0.54382
22,42,47,3258.21,0.517503
22,42,48,3153.97,0.469859
22,42,49,2967.33,0.401023
22,43,0,2720.21,0.53283
22,43,1,2913.98,0.625555
22,43,2,3038.48,0.688022
22,43,3,3102.19,0.716462
22,43,4,3117.92,0.715034
22,43,5,3099.37,0.692625
22,43,6,3059.05,0.658942
22,43,7,3007.82,0.621525
22,43,8,2954.9,0.584443
22,43,9,2908.28,0.548518
22,43,10,2874.2,0.51215
22,43,11,2856.1,0.473245
22,43,12,2854.24,0.431632
22,43,13,2864.28,0.389326
22,43,14,2879.37,0.351007
22,43,15,2892.42,0.322719
22,43,16,2897.72,0.309421
22,43,17,2892.3,0.31344
22,43,18,2875.76,0.334254
22,43,19,2850.15,0.369663
22,43,20,2818.92,0.417345
22,43,21,2785.77,0.475143
22,43,22,2753.68,0.540116
22,43,23,2724.99,0.609108
22,43,24,2701.9,0.678461
22,43,25,2687.81,0.745697
22,43,26,2686.96,0.810722
22,43,27,2703.71,0.875536
22,43,28,2739.74,0.942198
22,43,29,2792.66,1.01013
22,43,30,2855.54,1.07469
22,43,31,2919.36,1.12818
22,43,32,2975.37,1.16173
22,43,33,3018.01,1.16907
22,43,34,3045.19,1.14882
22,43,35,3058.33,1.10464
22,43,36,3061.09,1.04375
22,43,37,3058.91,0.975165
22,43,38,3058.81,0.906911
22,43,39,3069.32,0.845089
22,43,40,3097.24,0.79284
22,43,41,3148,0.75188
22,43,42,3220.52,0.72244
22,43,43,3305.97,0.703798
22,43,44,3388.89,0.692905
22,43,45,3450.88,0.684081
22,43,46,3473.77,0.668136
22,43,47,3441.07,0.634848
22,43,48,3337.14,0.576845
22,43,49,3148.16,0.493708
22,44,0,2754.57,0.546788
22,44,1,2952.31,0.645095
22,44,2,3079.94,0.712612
22,44,3,3145.93,0.744808
22,44,4,3162.89,0.745528
22,44,5,3144.29,0.723824
22,44,6,3102.58,0.689749
22,44,7,3049.17,0.650978
22,44,8,2994.32,0.611364
22,44,9,2947.27,0.571305
22,44,10,2914.91,0.529009
22,44,11,2900.26,0.482603
22,44,12,2902.24,0.432552
22,44,13,2914.87,0.381754
22,44,14,2930.24,0.335666
22,44,15,2941.03,0.300982
22,44,16,2941.85,0.283118
22,44,17,2930.26,0.284999
22,44,18,2906.26,0.306654
22,44,19,2872.31,0.34634
22,44,20,2832.58,0.401935
22,44,21,2792.07,0.471094
22,44,22,2755.58,0.550399
22,44,23,2727.17,0.636339
22,44,24,2710.04,0.724997
22,44,25,2707.28,0.813595
22,44,26,2721.5,0.901182
22,44,27,2754.61,0.988075
22,44,28,2805.81,1.07383
22,44,29,2871.12,1.15523
22,44,30,2943.05,1.22578
22,44,31,3013.04,1.2775
22,44,32,3073.36,1.30314
22,44,33,3119.7,1.29952
22,44,34,3151.01,1.26888
22,44,35,3169.34,1.21783
22,44,36,3178.57,1.15504
22,44,37,3183.91,1.08924
22,44,38,3191.82,1.02683
22,44,39,3210.04,0.971884
22,44,40,3244.55,0.92564
22,44,41,3299.98,0.888873
22,44,42,3374.78,0.861731
22,44,43,3460.15,0.844054
22,44,44,3541.29,0.833279
22,44,45,3600.93,0.823605
22,44,46,3622.12,0.804825
22,44,47,3589.11,0.765138
22,44,48,3485.91,0.695821
22,44,49,3296.61,0.596295
22,45,0,2769.1,0.53476
22,45,1,2970.31,0.635164
22,45,2,3101.02,0.706286
22,45,3,3169.49,0.742876
22,45,4,3188.11,0.747931
22,45,5,3170.2,0.729787
22,45,6,3128.28,0.697915
22,45,7,3074.24,0.65949
22,45,8,3019.13,0.618009
22,45,9,2973.04,0.573855
22,45,10,2943.25,0.525821
22,45,11,2932.3,0.473096
22,45,12,2937.95,0.41726
22,45,13,2952.86,0.362026
22,45,14,2968.26,0.313044
22,45,15,2976.58,0.276739
22,45,16,2972.62,0.258115
22,45,17,2954.39,0.260166
22,45,18,2922.39,0.2834
22,45,19,2879.7,0.326827
22,45,20,2831.48,0.389009
22,45,21,2784.09,0.467951
22,45,22,2744,0.560256
22,45,23,2716.57,0.662352
22,45,24,2705.46,0.770136
22,45,25,2713.04,0.88034
22,45,26,2740.15,0.990655
22,45,27,2786.59,1.09911
22,45,28,2849.75,1.20227
22,45,29,2924.75,1.29424
22,45,30,3004.07,1.36712
22,45,31,3079.83,1.41355
22,45,32,3145.17,1.42876
22,45,33,3196.63,1.41319
22,45,34,3233.66,1.37261
22,45,35,3258.4,1.31595
22,45,36,3274.51,1.25245
22,45,37,3286.74,1.18986
22,45,38,3300.99,1.13268
22,45,39,3324.39,1.08323
22,45,40,3362.36,1.0416
22,45,41,3419.1,1.00844
22,45,42,3492.89,0.98431
22,45,43,3575.27,0.969587
22,45,44,3652.29,0.961653
22,45,45,3707.83,0.953761
22,45,46,3725.98,0.93401
22,45,47,3691.58,0.888813
22,45,48,3588.38,0.808363
22,45,49,3399.04,0.692469
22,46,0,2751.94,0.496074
22,46,1,2955.11,0.593839
22,46,2,3088.1,0.665639
22,46,3,3158.61,0.705763
22,46,4,3178.74,0.716049
22,46,5,3161.76,0.703401
22,46,6,3120.39,0.675906
22,46,7,3066.95,0.639694
22,46,8,3013.07,0.597814
22,46,9,2969.27,0.550997
22,46,10,2942.91,0.499194
22,46,11,2935.98,0.443168
22,46,12,2945.27,0.385761
22,46,13,2962.37,0.331207
22,46,14,2977.78,0.284734
22,46,15,2983.64,0.251718
22,46,16,2974.82,0.236094
22,46,17,2949.72,0.240492
22,46,18,2909.44,0.265781
22,46,19,2857.91,0.31184
22,46,20,2801.44,0.378189
22,46,21,2747.8,0.463559
22,46,22,2704.82,0.565022
22,46,23,2678.7,0.679262
22,46,24,2673.05,0.802158
22,46,25,2689.17,0.929932
22,46,26,2726.3,1.05874
22,46,27,2782.59,1.18412
22,46,28,2854.33,1.2997
22,46,29,2936.4,1.39721
22,46,30,3021.63,1.46808
22,46,31,3102.82,1.5063
22,46,32,3173.73,1.51012
22,46,33,3231.27,1.48354
22,46,34,3274.93,1.4352
22,46,35,3306.52,1.37538
22,46,36,3329.23,1.31291
22,46,37,3347.33,1.254
22,46,38,3366.36,1.20127
22,46,39,3393.03,1.15583
22,46,40,3432.5,1.11744
22,46,41,3488.7,1.08728
22,46,42,3560,1.06663
22,46,43,3638.33,1.05619
22,46,44,3710.64,1.0528
22,46,45,3761.64,1.04826
22,46,46,3776.11,1.02884
22,46,47,3739.14,0.979533
22,46,48,3634.29,0.890069
22,46,49,3443.48,0.761133
22,47,0,2690.64,0.43447
22,47,1,2893.07,0.524377
22,47,2,3026.77,0.592811
22,47,3,3098.38,0.634028
22,47,4,3119.5,0.648705
22,47,5,3103.35,0.641963
22,47,6,3062.94,0.620058
22,47,7,3011.04,0.587779
22,47,8,2959.59,0.547695
22,47,9,2919.25,0.501054
22,47,10,2897.1,0.449121
22,47,11,2894.52,0.39423
22,47,12,2907.5,0.340223
22,47,13,2926.8,0.291413
22,47,14,2942.38,0.252121
22,47,15,2946.05,0.226226
22,47,16,2932.71,0.216298
22,47,17,2901.11,0.224349
22,47,18,2853,0.251465
22,47,19,2793.28,0.298303
22,47,20,2729.43,0.365337
22,47,21,2670.48,0.452146
22,47,22,2625.26,0.556553
22,47,23,2600.31,0.675749
22,47,24,2598.82,0.805847
22,47,25,2620.94,0.942766
22,47,26,2664.61,1.08137
22,47,27,2726.92,1.21509
22,47,28,2803.71,1.33518
22,47,29,2890.1,1.43178
22,47,30,2979.48,1.49635
22,47,31,3065.3,1.5247
22,47,32,3141.65,1.51801
22,47,33,3205.42,1.48317
22,47,34,3255.76,1.43062
22,47,35,3293.91,1.37083
22,47,36,3322.55,1.31152
22,47,37,3345.57,1.25711
22,47,38,3368.3,1.20867
22,47,39,3397.28,1.16664
22,47,40,3437.55,1.13103
22,47,41,3492.91,1.10386
22,47,42,3561.82,1.08705
22,47,43,3636.65,1.0813
22,47,44,3705,1.08268
22,47,45,3752.05,1.08166
22,47,46,3762.75,1.06327
22,47,47,3722.02,1.01198
22,47,48,3613.3,0.91791
22,47,49,3418.68,0.782853
22,48,0,2574.89,0.357545
22,48,1,2772.33,0.435001
22,48,2,2904.17,0.495881
22,48,3,2975.37,0.534872
22,48,4,2996.7,0.551747
22,48,5,2981.22,0.5499
22,48,6,2942.19,0.533726
22,48,7,2892.7,0.506663
22,48,8,2844.8,0.470808
22,48,9,2808.9,0.427851
22,48,10,2791.55,0.380088
22,48,11,2793.43,0.33095
22,48,12,2809.93,0.284729
22,48,13,2831.28,0.245364
22,48,14,2847.11,0.216031
22,48,15,2849.03,0.199067
22,48,16,2831.97,0.195738
22,48,17,2795.05,0.20739
22,48,18,2740.65,0.235184
22,48,19,2674.58,0.2803
22,48,20,2605.3,0.343931
22,48,21,2542.75,0.426376
22,48,22,2496.2,0.526271
22,48,23,2472.08,0.641445
22,48,24,2472.96,0.768492
22,48,25,2498,0.903381
22,48,26,2544.3,1.04029
22,48,27,2608.46,1.17138
22,48,28,2686.39,1.28662
22,48,29,2773.79,1.37558
22,48,30,2864.79,1.43042
22,48,31,2953.43,1.44878
22,48,32,3033.98,1.43409
22,48,33,3103.03,1.39502
22,48,34,3159.17,1.34247
22,48,35,3202.98,1.28618
22,48,36,3236.63,1.23232
22,48,37,3263.73,1.18369
22,48,38,3289.51,1.14029
22,48,39,3320.46,1.10232
22,48,40,3361.54,1.07026
22,48,41,3416.46,1.04673
22,48,42,3483.8,1.03395
22,48,43,3556.3,1.03237
22,48,44,3621.93,1.03742
22,48,45,3665.98,1.03894
22,48,46,3673.04,1.02188
22,48,47,3627.56,0.971454
22,48,48,3513.02,0.878972
22,48,49,3312.9,0.747234
22,49,0,2400.33,0.275124
22,49,1,2586.5,0.337234
22,49,2,2712.43,0.387382
22,49,3,2780.94,0.421057
22,49,4,2801.49,0.437514
22,49,5,2786.68,0.438759
22,49,6,2749.75,0.427622
22,49,7,2703.83,0.406391
22,49,8,2660.67,0.376731
22,49,9,2630.05,0.340524
22,49,10,2617.69,0.30055
22,49,11,2623.62,0.260614
22,49,12,2642.88,0.224834
22,49,13,2665.61,0.196447
22,49,14,2681.48,0.177502
22,49,15,2682.13,0.169059
22,49,16,2662.67,0.171404
22,49,17,2622.55,0.185314
22,49,18,2564.74,0.211895
22,49,19,2495.69,0.252548
22,49,20,2424.41,0.308827
22,49,21,2361.08,0.381484
22,49,22,2314.8,0.469843
22,49,23,2291.45,0.572373
22,49,24,2292.94,0.686308
22,49,25,2317.74,0.80803
22,49,26,2362.6,0.931769
22,49,27,2424.16,1.04952
22,49,28,2498.76,1.15123
22,49,29,2582.94,1.227
22,49,30,2671.73,1.27018
22,49,31,2759.82,1.27989
22,49,32,2841.69,1.2608
22,49,33,2913.57,1.22197
22,49,34,2973.41,1.17359
22,49,35,3021.13,1.12397
22,49,36,3058.38,1.07768
22,49,37,3088.51,1.03631
22,49,38,3116.63,0.999293
22,49,39,3149.13,0.9668
22,49,40,3190.84,0.939674
22,49,41,3245.36,0.920632
22,49,42,3311.39,0.911779
22,49,43,3382,0.913139
22,49,44,3445.51,0.919992
22,49,45,3487.04,0.922539
22,49,46,3490.59,0.907051
22,49,47,3440.08,0.860674
22,49,48,3319.61,0.776451
22,49,49,3115.52,0.65777
23,0,0,2734.47,0.311985
23,0,1,2889.8,0.336903
23,0,2,2974.6,0.336262
23,0,3,3005.65,0.315487
23,0,4,3004.93,0.286136
23,0,5,2993.09,0.26105
23,0,6,2985.3,0.250151
23,0,7,2988.54,0.258096
23,0,8,3002.49,0.284578
23,0,9,3021.95,0.32532
23,0,10,3039.65,0.373228
23,0,11,3048.14,0.419544
23,0,12,3042.46,0.456018
23,0,13,3018.98,0.475907
23,0,14,2976.41,0.475348
23,0,15,2916.1,0.453971
23,0,16,2841.22,0.414553
23,0,17,2755.67,0.362103
23,0,18,2662.45,0.302695
23,0,19,2563.01,0.242621
23,0,20,2458.52,0.187415
23,0,21,2351.2,0.141092
23,0,22,2245.1,0.106175
23,0,23,2146.04,0.0832112
23,0,24,2060.13,0.0715011
23,0,25,1990.04,0.0691614
23,0,26,1935.13,0.0737337
23,0,27,1890.92,0.0825018
23,0,28,1851.36,0.0928631
23,0,29,1810.73,0.10228
23,0,30,1765.49,0.108879
23,0,31,1714.82,0.11184
23,0,32,1659.55,0.111294
23,0,33,1601.78,0.107775
23,0,34,1543.56,0.101708
23,0,35,1486.57,0.0930624
23,0,36,1432,0.0817298
23,0,37,1381.13,0.068236
23,0,38,1335.53,0.0537237
23,0,39,1296.57,0.0402248
23,0,40,1265.08,0.0297333
23,0,41,1240.78,0.0236542
23,0,42,1222.7,0.0225366
23,0,43,1209.18,0.0258494
23,0,44,1198.35,0.0321396
23,0,45,1188.5,0.0392198
23,0,46,1177.77,0.0445257
23,0,47,1164.36,0.0460746
23,0,48,1146.9,0.0430653
23,0,49,1125.2,0.0361922
23,1,0,2914.85,0.37005
23,1,1,3077.93,0.401281
23,1,2,3167.55,0.402841
23,1,3,3202.06,0.38084
23,1,4,3203.68,0.348602
23,1,5,3192.79,0.321028
23,1,6,3184.6,0.309686
23,1,7,3186.64,0.320012
23,1,8,3199.29,0.351702
23,1,9,3217.98,0.39988
23,1,10,3235.71,0.456498
23,1,11,3244.99,0.511632
23,1,12,3240.48,0.555838
23,1,13,3217.98,0.581015
23,1,14,3175.44,0.582039
23,1,15,3113.43,0.557592
23,1,16,3034.53,0.510207
23,1,17,2942.47,0.445618
23,1,18,2840.44,0.371492
23,1,19,2730.42,0.296228
23,1,20,2614.21,0.22734
23,1,21,2494.6,0.170224
23,1,22,2376.33,0.128039
23,1,23,2266.02,0.101259
23,1,24,2170.48,0.088656
23,1,25,2092.75,0.0875151
23,1,26,2032.3,0.0944707
23,1,27,1984.37,0.105877
23,1,28,1942.56,0.11828
23,1,29,1900.73,0.128393
23,1,30,1854.83,0.133929
23,1,31,1803.52,0.134059
23,1,32,1746.94,0.129316
23,1,33,1686.62,0.120945
23,1,34,1624.3,0.110188
23,1,35,1561.75,0.0977055
23,1,36,1500.76,0.0837984
23,1,37,1443.42,0.0690569
23,1,38,1392.13,0.0544072
23,1,39,1348.8,0.0414873
23,1,40,1314.35,0.0318399
23,1,41,1288.23,0.0264554
23,1,42,1269.03,0.0256063
23,1,43,1254.63,0.0286347
23,1,44,1242.82,0.0341366
23,1,45,1231.72,0.0401411
23,1,46,1219.25,0.0443699
23,1,47,1203.34,0.0450955
23,1,48,1182.36,0.0416569
23,1,49,1155.97,0.034742
23,2,0,3022.42,0.417547
23,2,1,3191.34,0.454871
23,2,2,3285.52,0.459491
23,2,3,3323.89,0.437915
23,2,4,3328.28,0.404687
23,2,5,3318.44,0.376205
23,2,6,3309.37,0.365253
23,2,7,3309.08,0.377834
23,2,8,3318.82,0.413649
23,2,9,3334.89,0.467421
23,2,10,3350.92,0.530506
23,2,11,3359.68,0.59228
23,2,12,3355.71,0.642544
23,2,13,3334.36,0.672142
23,2,14,3292.9,0.674821
23,2,15,3231.07,0.64824
23,2,16,3150.71,0.594461
23,2,17,3055.14,0.519646
23,2,18,2947.67,0.432765
23,2,19,2830.74,0.344099
23,2,20,2706.84,0.263005
23,2,21,2579.38,0.196225
23,2,22,2453.66,0.147584
23,2,23,2336.79,0.117548
23,2,24,2235.85,0.104396
23,2,25,2153.96,0.104618
23,2,26,2090.61,0.113935
23,2,27,2040.91,0.127765
23,2,28,1998.43,0.141802
23,2,29,1956.99,0.152055
23,2,30,1912.32,0.155883
23,2,31,1862.56,0.152504
23,2,32,1807.13,0.142899
23,2,33,1746.81,0.129098
23,2,34,1682.9,0.113274
23,2,35,1617.24,0.0969342
23,2,36,1552.2,0.0809206
23,2,37,1490.76,0.0659001
23,2,38,1436.15,0.0524636
23,2,39,1390.76,0.0415889
23,2,40,1355.49,0.0340546
23,2,41,1329.42,0.030162
23,2,42,1310.58,0.0297424
23,2,43,1296.44,0.0320094
23,2,44,1284.55,0.0357579
23,2,45,1272.93,0.0395157
23,2,46,1259.36,0.0416268
23,2,47,1241.57,0.0408892
23,2,48,1217.61,0.0369077
23,2,49,1186.99,0.0303117
23,3,0,3068.56,0.452813
23,3,1,3242.99,0.495649
23,3,2,3342.09,0.503854
23,3,3,3384.61,0.484036
23,3,4,3391.66,0.451377
23,3,5,3382.27,0.423167
23,3,6,3371.23,0.412963
23,3,7,3367.02,0.42714
23,3,8,3371.9,0.465445
23,3,9,3383.27,0.522414
23,3,10,3395.62,0.589152
23,3,11,3402.21,0.654748
23,3,12,3397.67,0.708651
23,3,13,3377.04,0.741022
23,3,14,3337.01,0.744804
23,3,15,3276.52,0.716844
23,3,16,3196.63,0.658716
23,3,17,3100.23,0.576743
23,3,18,2990.53,0.480708
23,3,19,2870.42,0.382177
23,3,20,2743.03,0.291853
23,3,21,2612.28,0.217558
23,3,22,2483.89,0.16374
23,3,23,2365.1,0.131009
23,3,24,2262.79,0.117338
23,3,25,2179.92,0.118646
23,3,26,2115.89,0.129917
23,3,27,2065.9,0.14577
23,3,28,2023.86,0.161177
23,3,29,1983.89,0.171545
23,3,30,1941.7,0.173919
23,3,31,1895.02,0.167508
23,3,32,1842.47,0.153607
23,3,33,1784.04,0.134899
23,3,34,1720.51,0.114436
23,3,35,1653.8,0.0946306
23,3,36,1586.88,0.0769923
23,3,37,1523.61,0.0623602
23,3,38,1467.98,0.0509915
23,3,39,1422.75,0.0430722
23,3,40,1388.63,0.0384132
23,3,41,1364.23,0.0364295
23,3,42,1347.04,0.0363878
23,3,43,1334.15,0.0373841
23,3,44,1322.96,0.0385338
23,3,45,1311.51,0.039073
23,3,46,1297.53,0.0381984
23,3,47,1278.5,0.0354073
23,3,48,1252.19,0.0306454
23,3,49,1217.84,0.0244472
23,4,0,3069.74,0.475705
23,4,1,3249.14,0.523106
23,4,2,3352.95,0.534923
23,4,3,3399.12,0.517588
23,4,4,3407.89,0.486358
23,4,5,3397.55,0.458847
23,4,6,3382.75,0.449004
23,4,7,3372.52,0.46347
23,4,8,3370.22,0.502145
23,4,9,3374.48,0.559618
23,4,10,3380.91,0.62703
23,4,11,3383.47,0.69347
23,4,12,3377.05,0.74833
23,4,13,3356.5,0.781449
23,4,14,3318.05,0.785392
23,4,15,3259.94,0.75662
23,4,16,3182.5,0.69642
23,4,17,3088.08,0.611082
23,4,18,2979.7,0.510611
23,4,19,2860.49,0.407039
23,4,20,2734.05,0.311646
23,4,21,2604.64,0.232863
23,4,22,2478.12,0.175627
23,4,23,2361.51,0.140855
23,4,24,2261.21,0.12651
23,4,25,2179.84,0.128326
23,4,26,2116.75,0.140894
23,4,27,2067.52,0.15835
23,4,28,2026.68,0.175183
23,4,29,1988.92,0.186354
23,4,30,1950.1,0.18858
23,4,31,1907.48,0.180856
23,4,32,1858.93,0.164462
23,4,33,1803.61,0.142396
23,4,34,1741.84,0.118379
23,4,35,1675.63,0.0957133
23,4,36,1608.58,0.0767141
23,4,37,1545.36,0.0625833
23,4,38,1490.6,0.0533759
23,4,39,1447.29,0.0484992
23,4,40,1415.8,0.0467228
23,4,41,1394.25,0.046487
23,4,42,1379.57,0.0464456
23,4,43,1368.57,0.0456197
23,4,44,1358.64,0.0435344
23,4,45,1347.92,0.0402407
23,4,46,1334.1,0.0358642
23,4,47,1314.42,0.0306319
23,4,48,1286.26,0.024826
23,4,49,1248.59,0.0188585
23,5,0,3043.72,0.487355
23,5,1,3226.3,0.538008
23,5,2,3333.21,0.55287
23,5,3,3381.3,0.537974
23,5,4,3389.78,0.508185
23,5,5,3376.31,0.48097
23,5,6,3355.4,0.470387
23,5,7,3336.68,0.483329
23,5,8,3324.62,0.520005
23,5,9,3319.21,0.575295
23,5,10,3317.34,0.640578
23,5,11,3313.86,0.705101
23,5,12,3304.14,0.758374
23,5,13,3283.04,0.790223
23,5,14,3246.46,0.793289
23,5,15,3192.04,0.764156
23,5,16,3119.39,0.70412
23,5,17,3030.23,0.619325
23,5,18,2927.19,0.519444
23,5,19,2813.35,0.416126
23,5,20,2692.49,0.320396
23,5,21,2568.87,0.240723
23,5,22,2448.22,0.1823
23,5,23,2337.07,0.146447
23,5,24,2241.18,0.131415
23,5,25,2162.91,0.133188
23,5,26,2101.73,0.146421
23,5,27,2053.89,0.165187
23,5,28,2014.79,0.183839
23,5,29,1979.79,0.197078
23,5,30,1944.91,0.201239
23,5,31,1906.97,0.194806
23,5,32,1863.08,0.178574
23,5,33,1811.6,0.155375
23,5,34,1752.46,0.129278
23,5,35,1687.84,0.104392
23,5,36,1621.95,0.083972
23,5,37,1560.2,0.0698334
23,5,38,1507.69,0.0620547
23,5,39,1467.46,0.0594043
23,5,40,1439.48,0.0596698
23,5,41,1421.32,0.0603561
23,5,42,1409.48,0.0595569
23,5,43,1400.59,0.0563046
23,5,44,1392.13,0.0505917
23,5,45,1382.44,0.0432798
23,5,46,1369.19,0.0353411
23,5,47,1349.29,0.0276161
23,5,48,1319.69,0.0206348
23,5,49,1279.02,0.0146587
23,6,0,3006.01,0.48975
23,6,1,3188.79,0.542071
23,6,2,3295.97,0.558872
23,6,3,3343.22,0.545667
23,6,4,3348.76,0.516615
23,6,5,3329.63,0.488711
23,6,6,3300.23,0.475944
23,6,7,3270.74,0.485489
23,6,8,3246.68,0.518023
23,6,9,3229.36,0.568882
23,6,10,3217.02,0.62979
23,6,11,3205.58,0.690209
23,6,12,3191.19,0.73988
23,6,13,3168.97,0.768884
23,6,14,3134.71,0.770309
23,6,15,3085.51,0.7413
23,6,16,3020.25,0.683408
23,6,17,2939.84,0.602548
23,6,18,2846.19,0.507652
23,6,19,2742.02,0.40933
23,6,20,2630.85,0.317685
23,6,21,2516.68,0.240704
23,6,22,2404.82,0.183539
23,6,23,2301.2,0.147886
23,6,24,2210.95,0.132477
23,6,25,2136.38,0.133898
23,6,26,2077.35,0.147302
23,6,27,2031.03,0.167149
23,6,28,1993.81,0.18804
23,6,29,1961.77,0.204636
23,6,30,1931.08,0.212866
23,6,31,1898.07,0.21042
23,6,32,1859.16,0.197146
23,6,33,1811.97,0.175206
23,6,34,1756.12,0.148627
23,6,35,1693.98,0.122168
23,6,36,1630.32,0.100091
23,6,37,1571.12,0.0850395
23,6,38,1521.78,0.0773668
23,6,39,1485.26,0.075426
23,6,40,1461.03,0.0762078
23,6,41,1446.21,0.0764599
23,6,42,1436.96,0.0738831
23,6,43,1429.94,0.0676514
23,6,44,1422.86,0.0582522
23,6,45,1414.28,0.0472478
23,6,46,1401.83,0.036239
23,6,47,1382.08,0.0264357
23,6,48,1351.44,0.0184494
23,6,49,1308.16,0.0123493
23,7,0,2966.99,0.485661
23,7,1,3146.83,0.538033
23,7,2,3251.22,0.555382
23,7,3,3294.83,0.542711
23,7,4,3294.96,0.513372
23,7,5,3268.13,0.483717
23,7,6,3228.64,0.467573
23,7,7,3187.07,0.472384
23,7,8,3149.78,0.499357
23,7,9,3119.17,0.544334
23,7,10,3094.83,0.599409
23,7,11,3073.9,0.654313
23,7,12,3053.6,0.699132
23,7,13,3029.68,0.724453
23,7,14,2998.05,0.724049
23,7,15,2955.37,0.695827
23,7,16,2899.7,0.641651
23,7,17,2830.87,0.567101
23,7,18,2749.79,0.480148
23,7,19,2658.45,0.390055
23,7,20,2559.81,0.305673
23,7,21,2457.35,0.234185
23,7,22,2355.85,0.180416
23,7,23,2260.59,0.146272
23,7,24,2176.18,0.130989
23,7,25,2105.04,0.131912
23,7,26,2047.62,0.145011
23,7,27,2002.24,0.165501
23,7,28,1966.35,0.188595
23,7,29,1936.84,0.209171
23,7,30,1910.04,0.222838
23,7,31,1881.86,0.226364
23,7,32,1848.09,0.218339
23,7,33,1805.68,0.199826
23,7,34,1753.94,0.174397
23,7,35,1695.35,0.14718
23,7,36,1635.05,0.123348
23,7,37,1579.39,0.106469
23,7,38,1533.84,0.0973851
23,7,39,1501.16,0.0943221
23,7,40,1480.35,0.0937867
23,7,41,1468.22,0.0920814
23,7,42,1460.85,0.0867699
23,7,43,1455.08,0.0773023
23,7,44,1449.01,0.0646277
23,7,45,1441.42,0.0507983
23,7,46,1429.91,0.0377322
23,7,47,1410.61,0.0266946
23,7,48,1379.38,0.0181796
23,7,49,1334.08,0.0120219
23,8,0,2930.91,0.478082
23,8,1,3105.72,0.529155
23,8,2,3205.34,0.545719
23,8,3,3243.67,0.532417
23,8,4,3237.28,0.501904
23,8,5,3202.29,0.469893
23,8,6,3152.85,0.449986
23,8,7,3099.73,0.449774
23,8,8,3049.72,0.470878
23,8,9,3006,0.50955
23,8,10,2969.27,0.558234
23,8,11,2937.97,0.607026
23,8,12,2910.72,0.646554
23,8,13,2884.27,0.668142
23,8,14,2854.88,0.666337
23,8,15,2818.92,0.639729
23,8,16,2773.52,0.590329
23,8,17,2717.27,0.523218
23,8,18,2649.87,0.44537
23,8,19,2572.38,0.364761
23,8,20,2487.08,0.289035
23,8,21,2396.86,0.224504
23,8,22,2305.93,0.175452
23,8,23,2218.86,0.143746
23,8,24,2139.82,0.128982
23,8,25,2071.31,0.129209
23,8,26,2014.45,0.141341
23,8,27,1968.77,0.161578
23,8,28,1932.95,0.186039
23,8,29,1904.81,0.21009
23,8,30,1881.04,0.229245
23,8,31,1857.28,0.239445
23,8,32,1828.82,0.237953
23,8,33,1791.92,0.224482
23,8,34,1745.48,0.201747
23,8,35,1691.85,0.174838
23,8,36,1636.26,0.149538
23,8,37,1585.09,0.130256
23,8,38,1543.7,0.118466
23,8,39,1514.58,0.112598
23,8,40,1496.39,0.109094
23,8,41,1485.88,0.104217
23,8,42,1479.3,0.0956771
23,8,43,1473.92,0.0832775
23,8,44,1468.27,0.0683078
23,8,45,1461.41,0.0530139
23,8,46,1450.81,0.0392856
23,8,47,1432.21,0.028131
23,8,48,1400.92,0.0197468
23,8,49,1354.39,0.013713
23,9,0,2897.36,0.468694
23,9,1,3066.82,0.517628
23,9,2,3161.55,0.532568
23,9,3,3194.9,0.518012
23,9,4,3182.93,0.486146
23,9,5,3141.46,0.452117
23,9,6,3084.38,0.429201
23,9,7,3022.35,0.42487
23,9,8,2962.1,0.440877
23,9,9,2907.09,0.473682
23,9,10,2858.87,0.516083
23,9,11,2817.15,0.558745
23,9,12,2782.12,0.593121
23,9,13,2751.82,0.611487
23,9,14,2723.16,0.60912
23,9,15,2692.32,0.584995
23,9,16,2655.58,0.540935
23,9,17,2610.29,0.481347
23,9,18,2554.99,0.412303
23,9,19,2489.9,0.340799
23,9,20,2416.67,0.273567
23,9,21,2337.65,0.216159
23,9,22,2256.46,0.172185
23,9,23,2176.93,0.143194
23,9,24,2102.61,0.128899
23,9,25,2035.95,0.127875
23,9,26,1978.56,0.137972
23,9,27,1931.17,0.156466
23,9,28,1893.78,0.18058
23,9,29,1865.41,0.206411
23,9,30,1843.42,0.229684
23,9,31,1823.48,0.245809
23,9,32,1800.49,0.250908
23,9,33,1770.02,0.243295
23,9,34,1730.35,0.224519
23,9,35,1683.34,0.199155
23,9,36,1633.9,0.173129
23,9,37,1588.09,0.151443
23,9,38,1550.95,0.136256
23,9,39,1524.8,0.126532
23,9,40,1508.17,0.119108
23,9,41,1498.03,0.110619
23,9,42,1491.09,0.0991526
23,9,43,1485.19,0.0848353
23,9,44,1479.33,0.0690797
23,9,45,1472.77,0.0539889
23,9,46,1462.91,0.0411108
23,9,47,1445.07,0.0309593
23,9,48,1414.17,0.023324
23,9,49,1367.26,0.0175552
23,10,0,2863.78,0.457134
23,10,1,3029.2,0.503738
23,10,2,3120.7,0.517073
23,10,3,3151.24,0.501637
23,10,4,3136.51,0.469308
23,10,5,3092.04,0.434663
23,10,6,3031.38,0.410464
23,10,7,2964.66,0.403725
23,10,8,2898.09,0.415997
23,10,9,2834.97,0.443773
23,10,10,2777.32,0.480291
23,10,11,2726,0.517074
23,10,12,2682.72,0.546695
23,10,13,2646.96,0.562526
23,10,14,2616.43,0.560436
23,10,15,2587.3,0.539421
23,10,16,2555.29,0.500789
23,10,17,2516.81,0.44817
23,10,18,2469.56,0.386921
23,10,19,2413.26,0.323425
23,10,20,2349.07,0.263834
23,10,21,2278.97,0.213053
23,10,22,2205.96,0.173901
23,10,23,2133.04,0.147349
23,10,24,2063.01,0.132999
23,10,25,1997.92,0.129772
23,10,26,1939.62,0.136413
23,10,27,1889.83,0.151307
23,10,28,1849.89,0.172863
23,10,29,1820.18,0.198076
23,10,30,1799.06,0.223159
23,10,31,1782.53,0.243346
23,10,32,1765.24,0.253961
23,10,33,1742.08,0.252067
23,10,34,1710.45,0.237898
23,10,35,1671.42,0.215107
23,10,36,1629.13,0.189277
23,10,37,1589.07,0.165673
23,10,38,1555.87,0.14712
23,10,39,1531.8,0.133379
23,10,40,1515.58,0.122069
23,10,41,1504.71,0.110514
23,10,42,1496.5,0.0972709
23,10,43,1489.42,0.0826416
23,10,44,1482.86,0.0678838
23,10,45,1476.16,0.0546467
23,10,46,1466.63,0.0439171
23,10,47,1449.35,0.035605
23,10,48,1418.95,0.0290837
23,10,49,1372.28,0.0235514
23,11,0,2827.25,0.441581
23,11,1,2990.82,0.486359
23,11,2,3081.78,0.499156
23,11,3,3112.67,0.484412
23,11,4,3098.87,0.453593
23,11,5,3055.62,0.420514
23,11,6,2995.93,0.39713
23,11,7,2929.16,0.3897
23,11,8,2860.67,0.399375
23,11,9,2793.21,0.422679
23,11,10,2728.91,0.453495
23,11,11,2669.49,0.484512
23,11,12,2617.97,0.509621
23,11,13,2575.15,0.52331
23,11,14,2539.61,0.521872
23,11,15,2507.79,0.50405
23,11,16,2475.25,0.470492
23,11,17,2437.99,0.424117
23,11,18,2393.42,0.36979
23,11,19,2341.12,0.313545
23,11,20,2282.01,0.261096
23,11,21,2217.84,0.216655
23,11,22,2151.03,0.182078
23,11,23,2083.77,0.157545
23,11,24,2017.97,0.142406
23,11,25,1955.07,0.135884
23,11,26,1896.8,0.137646
23,11,27,1845.51,0.14722
23,11,28,1803.67,0.164191
23,11,29,1772.95,0.186481
23,11,30,1752.81,0.210911
23,11,31,1739.79,0.23281
23,11,32,1728.47,0.247064
23,11,33,1713.07,0.249782
23,11,34,1690.04,0.23996
23,11,35,1659.41,0.220135
23,11,36,1624.35,0.195198
23,11,37,1589.63,0.170393
23,11,38,1559.54,0.149125
23,11,39,1536.5,0.132082
23,11,40,1519.75,0.117873
23,11,41,1507.48,0.104627
23,11,42,1497.71,0.0913104
23,11,43,1489.34,0.0781714
23,11,44,1481.96,0.0660454
23,11,45,1474.83,0.055916
23,11,46,1465.1,0.0481243
23,11,47,1447.81,0.0420124
23,11,48,1417.53,0.0366257
23,11,49,1371.14,0.0311267
23,12,0,2786.64,0.421191
23,12,1,2950.57,0.465406
23,12,2,3043.65,0.479734
23,12,3,3077.92,0.468231
23,12,4,3068.46,0.441533
23,12,5,3030.15,0.412292
23,12,6,2975.39,0.391332
23,12,7,2912.64,0.384066
23,12,8,2846.22,0.391325
23,12,9,2778.1,0.409933
23,12,10,2710.16,0.434729
23,12,11,2644.58,0.459788
23,12,12,2585.28,0.480314
23,12,13,2534.18,0.491748
23,12,14,2490.78,0.49064
23,12,15,2452.04,0.475406
23,12,16,2413.88,0.446158
23,12,17,2372.42,0.405369
23,12,18,2325.28,0.357639
23,12,19,2272.22,0.30872
23,12,20,2214.18,0.263779
23,12,21,2152.79,0.226081
23,12,22,2090.01,0.196286
23,12,23,2027.37,0.173631
23,12,24,1966.01,0.15718
23,12,25,1906.66,0.146549
23,12,26,1850.67,0.142421
23,12,27,1800.57,0.145529
23,12,28,1759.4,0.156564
23,12,29,1729.74,0.174288
23,12,30,1711.97,0.196076
23,12,31,1703.16,0.217458
23,12,32,1697.92,0.233163
23,12,33,1690,0.238699
23,12,34,1675,0.232098
23,12,35,1651.9,0.214844
23,12,36,1622.93,0.191021
23,12,37,1592.21,0.165674
23,12,38,1563.9,0.142664
23,12,39,1540.81,0.123565
23,12,40,1522.91,0.107973
23,12,41,1509.21,0.0947361
23,12,42,1498.27,0.0830595
23,12,43,1489.21,0.0729041
23,12,44,1481.44,0.0644983
23,12,45,1473.87,0.0580849
23,12,46,1463.46,0.0533999
23,12,47,1445.33,0.0493614
23,12,48,1414.28,0.0448377
23,12,49,1367.49,0.039083
23,13,0,2740.6,0.396824
23,13,1,2906.47,0.442438
23,13,2,3003.59,0.461111
23,13,3,3043.44,0.45595
23,13,4,3040.72,0.436064
23,13,5,3009.94,0.412386
23,13,6,2962.89,0.394332
23,13,7,2907.11,0.386623
23,13,8,2845.88,0.390204
23,13,9,2780.19,0.402753
23,13,10,2711.36,0.42048
23,13,11,2641.58,0.438947
23,13,12,2575.24,0.454467
23,13,13,2515.11,0.463105
23,13,14,2461.67,0.461499
23,13,15,2412.75,0.447825
23,13,16,2365.01,0.421961
23,13,17,2315.18,0.386299
23,13,18,2261.4,0.34535
23,13,19,2203.8,0.30449
23,13,20,2143.44,0.26806
23,13,21,2081.97,0.238041
23,13,22,2021.15,0.213691
23,13,23,1962.18,0.193238
23,13,24,1905.66,0.175503
23,13,25,1851.74,0.16063
23,13,26,1801.21,0.15041
23,13,27,1756.26,0.146813
23,13,28,1719.84,0.151517
23,13,29,1694.79,0.163977
23,13,30,1681.9,0.181946
23,13,31,1678.59,0.20112
23,13,32,1679.56,0.216232
23,13,33,1678.3,0.222528
23,13,34,1669.84,0.217465
23,13,35,1652.41,0.201765
23,13,36,1627.49,0.178807
23,13,37,1598.87,0.153388
23,13,38,1570.81,0.129661
23,13,39,1546.75,0.109896
23,13,40,1527.54,0.0944593
23,13,41,1512.96,0.0826976
23,13,42,1501.93,0.0738399
23,13,43,1493.42,0.0674122
23,13,44,1486.25,0.0629902
23,13,45,1478.71,0.0601507
23,13,46,1467.38,0.0581675
23,13,47,1447.53,0.0557387
23,13,48,1414.46,0.0517181
23,13,49,1365.96,0.0455476
23,14,0,2688.76,0.371896
23,14,1,2857.24,0.421281
23,14,2,2959.32,0.447241
23,14,3,3005.81,0.45128
23,14,4,3011.03,0.440241
23,14,5,2989.1,0.422814
23,14,6,2951.24,0.406854
23,14,7,2904.12,0.396751
23,14,8,2849.99,0.394213
23,14,9,2788.83,0.398488
23,14,10,2721.13,0.40759
23,14,11,2648.77,0.418588
23,14,12,2576.21,0.428573
23,14,13,2506.87,0.433829
23,14,14,2442.29,0.4309
23,14,15,2381.41,0.417831
23,14,16,2321.99,0.394561
23,14,17,2261.61,0.363689
23,14,18,2199.03,0.329725
23,14,19,2134.71,0.297517
23,14,20,2069.86,0.270344
23,14,21,2006.3,0.248716
23,14,22,1945.86,0.23046
23,14,23,1889.81,0.212837
23,14,24,1838.57,0.194458
23,14,25,1791.91,0.176022
23,14,26,1749.94,0.160349
23,14,27,1714.11,0.150578
23,14,28,1686.66,0.149246
23,14,29,1669.98,0.156396
23,14,30,1664.7,0.170028
23,14,31,1668.32,0.185954
23,14,32,1675.59,0.198992
23,14,33,1679.99,0.204375
23,14,34,1676.31,0.199345
23,14,35,1662.36,0.184182
23,14,36,1639.3,0.161757
23,14,37,1610.87,0.136625
23,14,38,1581.72,0.113058
23,14,39,1556.07,0.0937482
23,14,40,1535.74,0.0795434
23,14,41,1521.19,0.0700359
23,14,42,1511.47,0.064331
23,14,43,1505.08,0.0615018
23,14,44,1499.93,0.0605647
23,14,45,1493.3,0.0606056
23,14,46,1481.21,0.0606141
23,14,47,1459.07,0.0592548
23,14,48,1422.76,0.0554857
23,14,49,1370.94,0.0489748
23,15,0,2631.93,0.350522
23,15,1,2802.84,0.405827
23,15,2,2909.84,0.441305
23,15,3,2963.04,0.456359
23,15,4,2976.34,0.455041
23,15,5,2963.5,0.443494
23,15,6,2935.17,0.42802
23,15,7,2897.23,0.413082
23,15,8,2850.93,0.401778
23,15,9,2795.3,0.395554
23,15,10,2729.95,0.394569
23,15,11,2656.19,0.397362
23,15,12,2578.3,0.401482
23,15,13,2500.18,0.403074
23,15,14,2424.4,0.39842
23,15,15,2351.26,0.385472
23,15,16,2279.82,0.364341
23,15,17,2208.58,0.33791
23,15,18,2136.87,0.31065
23,15,19,2065.31,0.286776
23,15,20,1995.23,0.268498
23,15,21,1928.69,0.254991
23,15,22,1867.87,0.242903
23,15,23,1814.43,0.2287
23,15,24,1768.9,0.210744
23,15,25,1730.82,0.190087
23,15,26,1699.58,0.170259
23,15,27,1675.6,0.155332
23,15,28,1660.02,0.14858
23,15,29,1654.3,0.150635
23,15,30,1658.53,0.159774
23,15,31,1670.03,0.171969
23,15,32,1683.61,0.182186
23,15,33,1692.86,0.18578
23,15,34,1692.6,0.179993
23,15,35,1680.51,0.164872
23,15,36,1657.7,0.142931
23,15,37,1628.12,0.118479
23,15,38,1597.04,0.0957346
23,15,39,1569.54,0.0775483
23,15,40,1548.45,0.064993
23,15,41,1534.82,0.0577324
23,15,42,1527.7,0.0547154
23,15,43,1524.94,0.0546721
23,15,44,1523.25,0.0562499
23,15,45,1518.67,0.0582536
23,15,46,1506.41,0.0595422
23,15,47,1481.86,0.0588626
23,15,48,1441.51,0.0553179
23,15,49,1384.94,0.048775
23,16,0,2572.55,0.335164
23,16,1,2745.06,0.397473
23,16,2,2856.2,0.443129
23,16,3,2915.38,0.469287
23,16,4,2936.06,0.477135
23,16,5,2931.62,0.470308
23,16,6,2912.13,0.453725
23,16,7,2882.74,0.432215
23,16,8,2843.86,0.41062
23,16,9,2793.72,0.392864
23,16,10,2731.16,0.381355
23,16,11,2656.85,0.375981
23,16,12,2574.71,0.374504
23,16,13,2488.89,0.372705
23,16,14,2402.91,0.366487
23,16,15,2318.5,0.353657
23,16,16,2236.05,0.334426
23,16,17,2155.01,0.311826
23,16,18,2075.13,0.29018
23,16,19,1997.04,0.273088
23,16,20,1922.17,0.261959
23,16,21,1852.9,0.255115
23,16,22,1791.91,0.248524
23,16,23,1741.38,0.238108
23,16,24,1702,0.22185
23,16,25,1673.15,0.200721
23,16,26,1653.4,0.178414
23,16,27,1642.1,0.159538
23,16,28,1639.2,0.147991
23,16,29,1645.11,0.145105
23,16,30,1659.25,0.149644
23,16,31,1678.75,0.157923
23,16,32,1698.42,0.16516
23,16,33,1712.06,0.166885
23,16,34,1714.6,0.160386
23,16,35,1703.72,0.145518
23,16,36,1680.59,0.124463
23,16,37,1649.46,0.101226
23,16,38,1616.26,0.0798085
23,16,39,1586.95,0.0630189
23,16,40,1565.36,0.0519957
23,16,41,1553.15,0.0464198
23,16,42,1549.36,0.0451629
23,16,43,1551.13,0.0468021
23,16,44,1553.89,0.0498393
23,16,45,1552.33,0.0529813
23,16,46,1540.69,0.0550511
23,16,47,1514.17,0.0549034
23,16,48,1469.68,0.051751
23,16,49,1407.66,0.0455839
23,17,0,2515.22,0.324604
23,17,1,2688.31,0.393138
23,17,2,2802.39,0.44749
23,17,3,2866.24,0.482878
23,17,4,2892.88,0.498062
23,17,5,2895.27,0.494578
23,17,6,2882.96,0.476251
23,17,7,2860.46,0.448336
23,17,8,2827.65,0.417323
23,17,9,2782.22,0.389388
23,17,10,2722.41,0.3689
23,17,11,2648.26,0.356821
23,17,12,2563.17,0.350952
23,17,13,2471.3,0.346631
23,17,14,2376.95,0.339377
23,17,15,2283.11,0.326815
23,17,16,2191.48,0.309124
23,17,17,2102.39,0.28928
23,17,18,2015.9,0.271354
23,17,19,1932.6,0.258475
23,17,20,1854.08,0.251697
23,17,21,1783.11,0.249161
23,17,22,1722.91,0.246756
23,17,23,1676.06,0.240131
23,17,24,1643.28,0.226703
23,17,25,1623.58,0.20682
23,17,26,1614.77,0.183705
23,17,27,1615.15,0.162038
23,17,28,1623.7,0.146228
23,17,29,1639.99,0.138454
23,17,30,1662.95,0.138266
23,17,31,1689.55,0.142584
23,17,32,1714.73,0.14702
23,17,33,1732.47,0.147293
23,17,34,1737.8,0.14068
23,17,35,1728.35,0.126763
23,17,36,1705.25,0.107315
23,17,37,1672.98,0.0859305
23,17,38,1637.99,0.0662541
23,17,39,1607.06,0.0509284
23,17,40,1584.98,0.0410948
23,17,41,1574.11,0.0364909
23,17,42,1573.53,0.0360492
23,17,43,1579.8,0.0383912
23,17,44,1587.18,0.0420656
23,17,45,1589.07,0.0458016
23,17,46,1578.76,0.0484185
23,17,47,1551.09,0.0488373
23,17,48,1503.13,0.0463035
23,17,49,1435.9,0.0408432
23,18,0,2466.87,0.315679
23,18,1,2639.79,0.387807
23,18,2,2755.49,0.447426
23,18,3,2822.19,0.488534
23,18,4,2852.48,0.508313
23,18,5,2858.97,0.506901
23,18,6,2850.89,0.487368
23,18,7,2832.5,0.455244
23,18,8,2803.54,0.41814
23,18,9,2761.56,0.38376
23,18,10,2704.36,0.35777
23,18,11,2631.3,0.341771
23,18,12,2545.03,0.333469
23,18,13,2449.43,0.327827
23,18,14,2349.16,0.32011
23,18,15,2248.27,0.307829
23,18,16,2149.62,0.291078
23,18,17,2054.28,0.27264
23,18,18,1962.67,0.256285
23,18,19,1875.46,0.244859
23,18,20,1794.53,0.239498
23,18,21,1723.17,0.238767
23,18,22,1665.03,0.239002
23,18,23,1622.85,0.235807
23,18,24,1597.04,0.225904
23,18,25,1586.03,0.208574
23,18,26,1586.77,0.18605
23,18,27,1596.75,0.162669
23,18,28,1614.28,0.1432
23,18,29,1638.44,0.130736
23,18,30,1667.93,0.12584
23,18,31,1699.83,0.12626
23,18,32,1729.32,0.128149
23,18,33,1750.62,0.12746
23,18,34,1758.82,0.121408
23,18,35,1751.38,0.109207
23,18,36,1729.2,0.0921176
23,18,37,1696.69,0.0731919
23,18,38,1660.6,0.055595
23,18,39,1628.33,0.0417306
23,18,40,1605.55,0.0327388
23,18,41,1595.34,0.0284995
23,18,42,1597.01,0.0281487
23,18,43,1606.72,0.0305092
23,18,44,1617.88,0.0343004
23,18,45,1622.91,0.0383267
23,18,46,1614.24,0.041395
23,18,47,1586.3,0.0424269
23,18,48,1536.06,0.0406309
23,18,49,1464.77,0.0360049
23,19,0,2435.27,0.305051
23,19,1,2608.03,0.376985
23,19,2,2724.35,0.437373
23,19,3,2791.91,0.479914
23,19,4,2822.98,0.501258
23,19,5,2830,0.500968
23,19,6,2822.32,0.481716
23,19,7,2804.53,0.449009
23,19,8,2776.83,0.410793
23,19,9,2736.93,0.375269
23,19,10,2682.33,0.348494
23,19,11,2611.53,0.332159
23,19,12,2526.16,0.323745
23,19,13,2429.4,0.317996
23,19,14,2325.9,0.310151
23,19,15,2220.34,0.297809
23,19,16,2116.52,0.281094
23,19,17,2016.24,0.262612
23,19,18,1920.42,0.24587
23,19,19,1830.01,0.233609
23,19,20,1747.46,0.227324
23,19,21,1676.64,0.226363
23,19,22,1621.55,0.227821
23,19,23,1584.78,0.227435
23,19,24,1566.13,0.221227
23,19,25,1563.19,0.207222
23,19,26,1572.05,0.186404
23,19,27,1589.48,0.162465
23,19,28,1613.4,0.14033
23,19,29,1642.64,0.123886
23,19,30,1675.95,0.114721
23,19,31,1710.72,0.111496
23,19,32,1742.55,0.111015
23,19,33,1766.09,0.109558
23,19,34,1776.56,0.104322
23,19,35,1771.19,0.0941627
23,19,36,1750.49,0.0797796
23,19,37,1718.54,0.0635892
23,19,38,1682.03,0.0481867
23,19,39,1648.7,0.0356917
23,19,40,1624.94,0.0272497
23,19,41,1614.47,0.0229555
23,19,42,1616.93,0.0222481
23,19,43,1628.38,0.0242353
23,19,44,1641.8,0.0278518
23,19,45,1648.97,0.0319751
23,19,46,1641.82,0.0353789
23,19,47,1614.35,0.0369388
23,19,48,1563.21,0.0357998
23,19,49,1489.52,0.0319134
23,20,0,2425.85,0.291925
23,20,1,2599.27,0.360033
23,20,2,2715.66,0.416962
23,20,3,2782.24,0.456979
23,20,4,2811.08,0.477176
23,20,5,2814.83,0.477318
23,20,6,2803.52,0.459992
23,20,7,2782.77,0.430385
23,20,8,2753.82,0.395991
23,20,9,2714.83,0.364486
23,20,10,2662.93,0.341434
23,20,11,2595.64,0.328094
23,20,12,2513.24,0.321626
23,20,13,2417.84,0.316733
23,20,14,2313.6,0.30887
23,20,15,2205.48,0.295981
23,20,16,2097.94,0.278437
23,20,17,1993.54,0.258821
23,20,18,1893.84,0.240465
23,20,19,1800.43,0.226094
23,20,20,1716.54,0.217612
23,20,21,1646.67,0.2152
23,20,22,1595.04,0.216778
23,20,23,1563.88,0.218354
23,20,24,1552.23,0.215418
23,20,25,1556.69,0.204886
23,20,26,1572.48,0.186528
23,20,27,1595.74,0.16326
23,20,28,1624.06,0.13991
23,20,29,1656.07,0.120849
23,20,30,1690.66,0.108465
23,20,31,1725.62,0.102226
23,20,32,1757.19,0.0996
23,20,33,1780.71,0.0973032
23,20,34,1791.75,0.092642
23,20,35,1787.47,0.0842355
23,20,36,1767.97,0.0722763
23,20,37,1736.82,0.0585265
23,20,38,1700.36,0.0449794
23,20,39,1666.35,0.0334624
23,20,40,1641.55,0.0251369
23,20,41,1630.09,0.0203626
23,20,42,1631.97,0.0189315
23,20,43,1643.36,0.0202557
23,20,44,1657.21,0.0234643
23,20,45,1665.18,0.0274671
23,20,46,1659.01,0.0309814
23,20,47,1632.35,0.0328199
23,20,48,1581.48,0.0320832
23,20,49,1507.06,0.028698
23,21,0,2440.17,0.278408
23,21,1,2615.58,0.34048
23,21,2,2732.06,0.391256
23,21,3,2796.48,0.426155
23,21,4,2820.89,0.443389
23,21,5,2818.49,0.443489
23,21,6,2800.51,0.429205
23,21,7,2774.16,0.405201
23,21,8,2742.1,0.377948
23,21,9,2703.11,0.353876
23,21,10,2653.96,0.337432
23,21,11,2591,0.329127
23,21,12,2513,0.325793
23,21,13,2420.75,0.322263
23,21,14,2317.59,0.314392
23,21,15,2208.36,0.300667
23,21,16,2097.95,0.281895
23,21,17,1989.7,0.260793
23,21,18,1886.07,0.240577
23,21,19,1789.52,0.223943
23,21,20,1704.18,0.213066
23,21,21,1635.18,0.208785
23,21,22,1586.82,0.209764
23,21,23,1560.87,0.212399
23,21,24,1555.58,0.211973
23,21,25,1566.61,0.204677
23,21,26,1588.4,0.189339
23,21,27,1616.48,0.168083
23,21,28,1647.99,0.145367
23,21,29,1681.27,0.125616
23,21,30,1715.17,0.111604
23,21,31,1747.85,0.103342
23,21,32,1776.3,0.0988713
23,21,33,1796.81,0.0954197
23,21,34,1805.68,0.0905741
23,21,35,1800.38,0.0829328
23,21,36,1780.81,0.0723437
23,21,37,1750.04,0.0599999
23,21,38,1713.87,0.0473403
23,21,39,1679.72,0.0359347
23,21,40,1654.24,0.0269726
23,21,41,1641.67,0.0211002
23,21,42,1642.15,0.0184671
23,21,43,1652.11,0.0187624
23,21,44,1664.81,0.021253
23,21,45,1672.21,0.0248222
23,21,46,1666.21,0.0281106
23,21,47,1640.32,0.0298744
23,21,48,1590.4,0.0292104
23,21,49,1516.56,0.0260575
23,22,0,2475.45,0.268099
23,22,1,2654.07,0.323931
23,22,2,2770.97,0.367983
23,22,3,2832.87,0.397028
23,22,4,2852,0.410679
23,22,5,2842.3,0.410504
23,22,6,2816.42,0.399554
23,22,7,2783.37,0.3819
23,22,8,2747.34,0.362746
23,22,9,2707.75,0.346979
23,22,10,2661.01,0.337711
23,22,11,2602.34,0.334673
23,22,12,2529.1,0.334479
23,22,13,2440.7,0.332274
23,22,14,2339.55,0.324417
23,22,15,2230.08,0.310001
23,22,16,2117.39,0.290316
23,22,17,2005.58,0.268268
23,22,18,1898.05,0.246906
23,22,19,1798.33,0.228791
23,22,20,1711.4,0.216144
23,22,21,1642.92,0.210203
23,22,22,1597.13,0.210239
23,22,23,1575.34,0.213161
23,22,24,1575.18,0.214417
23,22,25,1591.57,0.209965
23,22,26,1618.34,0.198049
23,22,27,1650.44,0.180077
23,22,28,1684.5,0.159892
23,22,29,1718.27,0.141534
23,22,30,1750.3,0.127698
23,22,31,1778.84,0.118599
23,22,32,1801.59,0.112666
23,22,33,1815.96,0.107651
23,22,34,1819.43,0.101568
23,22,35,1810.28,0.093232
23,22,36,1788.66,0.0823718
23,22,37,1757.36,0.0697841
23,22,38,1721.56,0.0564783
23,22,39,1688.01,0.0438505
23,22,40,1662.76,0.0331508
23,22,41,1649.64,0.0253277
23,22,42,1648.69,0.0208732
23,22,43,1656.6,0.0197094
23,22,44,1667.14,0.0211642
23,22,45,1672.92,0.0240153
23,22,46,1666.27,0.0267818
23,22,47,1640.75,0.0281524
23,22,48,1591.93,0.0272455
23,22,49,1519.36,0.0240473
23,23,0,2525.13,0.263544
23,23,1,2707.7,0.314554
23,23,2,2825.48,0.353103
23,23,3,2885.33,0.377193
23,23,4,2899.84,0.387756
23,23,5,2883.71,0.387372
23,23,6,2850.86,0.379398
23,23,7,2811.86,0.367341
23,23,8,2772.17,0.355185
23,23,9,2731.71,0.346357
23,23,10,2686.58,0.342772
23,23,11,2631.15,0.343595
23,23,12,2561.69,0.345473
23,23,13,2476.56,0.344062
23,23,14,2377.34,0.336282
23,23,15,2267.96,0.321782
23,23,16,2153.53,0.302215
23,23,17,2038.76,0.280549
23,23,18,1927.92,0.259504
23,23,19,1825.5,0.241337
23,23,20,1737.19,0.228086
23,23,21,1668.93,0.221177
23,23,22,1624.85,0.220391
23,23,23,1605.84,0.223263
23,23,24,1609.08,0.225739
23,23,25,1629.07,0.223974
23,23,26,1659.35,0.215945
23,23,27,1694.43,0.202417
23,23,28,1730.35,0.186427
23,23,29,1764.14,0.171256
23,23,30,1793.66,0.159116
23,23,31,1816.92,0.150099
23,23,32,1832.08,0.142833
23,23,33,1837.74,0.135561
23,23,34,1832.84,0.126848
23,23,35,1817.06,0.115951
23,23,36,1791.35,0.102745
23,23,37,1758.55,0.087867
23,23,38,1723.25,0.0720766
23,23,39,1691.25,0.0567036
23,23,40,1667.5,0.0430928
23,23,41,1654.93,0.0324885
23,23,42,1653.22,0.0256838
23,23,43,1659.21,0.0227761
23,23,44,1667.31,0.0230706
23,23,45,1670.89,0.0251435
23,23,46,1662.93,0.0273129
23,23,47,1637.2,0.0281488
23,23,48,1589.16,0.0267779
23,23,49,1517.9,0.023254
23,24,0,2581.17,0.264511
23,24,1,2767.72,0.312722
23,24,2,2886.72,0.347845
23,24,3,2945.52,0.368813
23,24,4,2957.17,0.377556
23,24,5,2936.97,0.377406
23,24,6,2899.76,0.371906
23,24,7,2857.08,0.364056
23,24,8,2815.1,0.356826
23,24,9,2773.95,0.352493
23,24,10,2729.49,0.352105
23,24,11,2675.62,0.354598
23,24,12,2608.07,0.356947
23,24,13,2524.71,0.355519
23,24,14,2426.63,0.347853
23,24,15,2317.38,0.334029
23,24,16,2201.93,0.315824
23,24,17,2085.34,0.296028
23,24,18,1972.4,0.276825
23,24,19,1868.29,0.260027
23,24,20,1779.1,0.247367
23,24,21,1710.87,0.24038
23,24,22,1667.56,0.239333
23,24,23,1649.72,0.242473
23,24,24,1654.32,0.24645
23,24,25,1675.75,0.247852
23,24,26,1707.57,0.244539
23,24,27,1744.07,0.236618
23,24,28,1780.8,0.226141
23,24,29,1813.96,0.215359
23,24,30,1840.52,0.20572
23,24,31,1857.92,0.197002
23,24,32,1864.48,0.187934
23,24,33,1859.82,0.177274
23,24,34,1844.53,0.164263
23,24,35,1820.08,0.148813
23,24,36,1788.73,0.131193
23,24,37,1753.76,0.112102
23,24,38,1719.24,0.0922144
23,24,39,1689.8,0.0728684
23,24,40,1668.85,0.0555119
23,24,41,1658.15,0.0416551
23,24,42,1656.73,0.0323382
23,24,43,1661.49,0.0277825
23,24,44,1667.5,0.0271917
23,24,45,1668.89,0.0288291
23,24,46,1659.32,0.0306821
23,24,47,1632.88,0.0310887
23,24,48,1585.06,0.0291199
23,24,49,1514.68,0.0249087
23,25,0,2635.82,0.268607
23,25,1,2825.71,0.315552
23,25,2,2946.01,0.349041
23,25,3,3004.74,0.36867
23,25,4,3015.52,0.376998
23,25,5,2994.1,0.377764
23,25,6,2955.77,0.374499
23,25,7,2912.4,0.369728
23,25,8,2870.2,0.365621
23,25,9,2829.11,0.363612
23,25,10,2784.77,0.364197
23,25,11,2730.98,0.366347
23,25,12,2663.52,0.367621
23,25,13,2580.39,0.36526
23,25,14,2482.69,0.35751
23,25,15,2373.83,0.344783
23,25,16,2258.58,0.328772
23,25,17,2141.95,0.311856
23,25,18,2028.8,0.295535
23,25,19,1924.51,0.281111
23,25,20,1835.21,0.269999
23,25,21,1766.89,0.263851
23,25,22,1723.39,0.263436
23,25,23,1705.1,0.267752
23,25,24,1708.97,0.274213
23,25,25,1729.54,0.279888
23,25,26,1760.61,0.282486
23,25,27,1796.46,0.281327
23,25,28,1832.3,0.277269
23,25,29,1863.59,0.271335
23,25,30,1886.33,0.264086
23,25,31,1897.29,0.254971
23,25,32,1894.73,0.242913
23,25,33,1879.09,0.227324
23,25,34,1852.55,0.208296
23,25,35,1818.53,0.18656
23,25,36,1780.93,0.162952
23,25,37,1743.68,0.138377
23,25,38,1710.4,0.113508
23,25,39,1684.37,0.0896985
23,25,40,1667.33,0.0684668
23,25,41,1659.61,0.051537
23,25,42,1659.55,0.0401403
23,25,43,1664.05,0.0345834
23,25,44,1668.74,0.0339022
23,25,45,1668.41,0.0359301
23,25,46,1657.34,0.0381506
23,25,47,1629.91,0.0384978
23,25,48,1581.74,0.035878
23,25,49,1511.58,0.0305112
23,26,0,2682.8,0.272628
23,26,1,2874.9,0.318734
23,26,2,2996.15,0.351387
23,26,3,3055.4,0.370727
23,26,4,3066.88,0.379692
23,26,5,3046.72,0.38213
23,26,6,3010.29,0.381333
23,26,7,2969.23,0.379306
23,26,8,2929.21,0.377508
23,26,9,2889.62,0.376713
23,26,10,2845.78,0.377039
23,26,11,2791.63,0.377641
23,26,12,2723.44,0.376813
23,26,13,2639.85,0.372759
23,26,14,2542.52,0.364512
23,26,15,2434.98,0.352764
23,26,16,2321.71,0.339001
23,26,17,2207.32,0.325083
23,26,18,2096.14,0.311828
23,26,19,1993.26,0.300095
23,26,20,1904.51,0.291055
23,26,21,1835.83,0.28652
23,26,22,1791.14,0.287766
23,26,23,1770.87,0.2945
23,26,24,1772.17,0.304845
23,26,25,1789.85,0.316231
23,26,26,1817.95,0.326042
23,26,27,1850.84,0.332572
23,26,28,1883.47,0.335256
23,26,29,1910.8,0.333769
23,26,30,1928.06,0.327817
23,26,31,1931.48,0.316732
23,26,32,1919.28,0.29994
23,26,33,1892.57,0.277794
23,26,34,1854.95,0.251426
23,26,35,1811.63,0.222459
23,26,36,1768.1,0.192314
23,26,37,1728.97,0.162083
23,26,38,1697.41,0.132406
23,26,39,1675.37,0.104583
23,26,40,1662.85,0.0801496
23,26,41,1658.87,0.0609929
23,26,42,1661.07,0.0485037
23,26,43,1666.33,0.0430635
23,26,44,1670.73,0.0434996
23,26,45,1669.59,0.0471105
23,26,46,1657.56,0.0506845
23,26,47,1629.27,0.051542
23,26,48,1580.46,0.0482857
23,26,49,1509.92,0.0412248
23,27,0,2718.46,0.27487
23,27,1,2911.37,0.319591
23,27,2,3032.77,0.351131
23,27,3,3092.44,0.370248
23,27,4,3105.29,0.380228
23,27,5,3087.82,0.384879
23,27,6,3055.32,0.387074
23,27,7,3018.89,0.38816
23,27,8,2983.28,0.388821
23,27,9,2947.01,0.389173
23,27,10,2904.97,0.389012
23,27,11,2851.3,0.387709
23,27,12,2782.99,0.384356
23,27,13,2699.68,0.378121
23,27,14,2603.83,0.368841
23,27,15,2499.3,0.357463
23,27,16,2390.24,0.345249
23,27,17,2280.45,0.333584
23,27,18,2173.33,0.322779
23,27,19,2073.27,0.313422
23,27,20,1985.68,0.306565
23,27,21,1916.46,0.304192
23,27,22,1869.84,0.308018
23,27,23,1846.6,0.318337
23,27,24,1844.18,0.333827
23,27,25,1857.57,0.352078
23,27,26,1880.95,0.369918
23,27,27,1908.62,0.38438
23,27,28,1935.36,0.393314
23,27,29,1955.89,0.39505
23,27,30,1965.13,0.388658
23,27,31,1959.21,0.373733
23,27,32,1936.55,0.350651
23,27,33,1898.95,0.321005
23,27,34,1851.1,0.287068
23,27,35,1799.66,0.25124
23,27,36,1751.3,0.215325
23,27,37,1711.08,0.180422
23,27,38,1681.67,0.14702
23,27,39,1663.76,0.11629
23,27,40,1655.89,0.0897664
23,27,41,1655.95,0.0695024
23,27,42,1661.03,0.057065
23,27,43,1667.98,0.0529324
23,27,44,1673.24,0.0557133
23,27,45,1672.38,0.0621026
23,27,46,1660.24,0.0680306
23,27,47,1631.53,0.0700071
23,27,48,1582.05,0.066193
23,27,49,1510.72,0.0569724
23,28,0,2741.83,0.275804
23,28,1,2934.03,0.318287
23,28,2,3054.45,0.347865
23,28,3,3113.77,0.366104
23,28,4,3127.67,0.376796
23,28,5,3113.1,0.383769
23,28,6,3085.33,0.389389
23,28,7,3054.83,0.394167
23,28,8,3025.22,0.397825
23,28,9,2994.03,0.399711
23,28,10,2955.61,0.399285
23,28,11,2904.24,0.396135
23,28,12,2837.65,0.390168
23,28,13,2756.52,0.381446
23,28,14,2664.22,0.370568
23,28,15,2564.92,0.358721
23,28,16,2462.35,0.347016
23,28,17,2359.33,0.336525
23,28,18,2258.1,0.327317
23,28,19,2162.2,0.319898
23,28,20,2076.53,0.31528
23,28,21,2007.08,0.315521
23,28,22,1958.52,0.322604
23,28,23,1932.12,0.337207
23,28,24,1925.61,0.358353
23,28,25,1934.04,0.383601
23,28,26,1951.42,0.409073
23,28,27,1971.84,0.430469
23,28,28,1989.93,0.444095
23,28,29,2000.49,0.447155
23,28,30,1998.74,0.438446
23,28,31,1981.31,0.418259
23,28,32,1947.26,0.38831
23,28,33,1899.12,0.351589
23,28,34,1842.42,0.31139
23,28,35,1784.63,0.270546
23,28,36,1733,0.230847
23,28,37,1692.61,0.193107
23,28,38,1665.56,0.157528
23,28,39,1651.51,0.125144
23,28,40,1647.89,0.0975509
23,28,41,1651.84,0.0770537
23,28,42,1660.11,0.0654703
23,28,43,1669.53,0.0634301
23,28,44,1676.72,0.0693549
23,28,45,1677.31,0.0793318
23,28,46,1666.09,0.0883463
23,28,47,1637.64,0.0919639
23,28,48,1587.71,0.0877847
23,28,49,1515.34,0.076217
23,29,0,2754.53,0.276997
23,29,1,2944.73,0.31686
23,29,2,3062.98,0.343864
23,29,3,3120.8,0.360516
23,29,4,3134.66,0.371332
23,29,5,3122.1,0.380324
23,29,6,3098.52,0.389351
23,29,7,3073.84,0.39795
23,29,8,3050.66,0.4047
23,29,9,3025.5,0.4081
23,29,10,2992.16,0.407324
23,29,11,2945.04,0.402257
23,29,12,2882.52,0.393634
23,29,13,2806.14,0.382311
23,29,14,2719.96,0.369527
23,29,15,2628.32,0.356657
23,29,16,2534.39,0.344739
23,29,17,2439.94,0.334704
23,29,18,2346.18,0.326618
23,29,19,2255.8,0.321028
23,29,20,2173.34,0.318899
23,29,21,2104.82,0.322163
23,29,22,2055.3,0.332805
23,29,23,2026.45,0.35161
23,29,24,2016.19,0.377726
23,29,25,2019.41,0.40856
23,29,26,2029.83,0.43959
23,29,27,2041.2,0.46541
23,29,28,2048.16,0.481167
23,29,29,2045.97,0.483408
23,29,30,2030.71,0.4711
23,29,31,2000.09,0.445548
23,29,32,1954.19,0.409911
23,29,33,1896.35,0.368386
23,29,34,1832.6,0.324852
23,29,35,1770.6,0.28202
23,29,36,1717.43,0.241164
23,29,37,1677.74,0.202551
23,29,38,1652.97,0.166076
23,29,39,1642.07,0.13277
23,29,40,1641.84,0.104483
23,29,41,1649.14,0.0839182
23,29,42,1660.58,0.0732428
23,29,43,1673.03,0.0732877
23,29,44,1683.12,0.0823456
23,29,45,1686.3,0.0959725
23,29,46,1677.06,0.108253
23,29,47,1649.62,0.113797
23,29,48,1599.52,0.109581
23,29,49,1525.86,0.0959393
23,30,0,2759.48,0.280001
23,30,1,2946.88,0.317772
23,30,2,3062.09,0.342357
23,30,3,3117.29,0.357153
23,30,4,3129.7,0.367518
23,30,5,3117.56,0.377823
23,30,6,3096.54,0.38952
23,30,7,3076.27,0.40116
23,30,8,3058.53,0.410142
23,30,9,3039.07,0.414178
23,30,10,3011.25,0.412327
23,30,11,2969.62,0.404946
23,30,12,2913.11,0.393631
23,30,13,2843.84,0.379933
23,30,14,2766.25,0.365533
23,30,15,2684.51,0.35188
23,30,16,2601.09,0.339923
23,30,17,2516.79,0.330524
23,30,18,2431.98,0.323849
23,30,19,2348.78,0.320506
23,30,20,2271.43,0.321328
23,30,21,2205.86,0.327898
23,30,22,2157.19,0.341899
23,30,23,2127.19,0.363945
23,30,24,2113.74,0.393097
23,30,25,2111.49,0.426615
23,30,26,2113.93,0.459631
23,30,27,2114.75,0.486214
23,30,28,2108.92,0.501087
23,30,29,2092.5,0.500799
23,30,30,2062.81,0.484898
23,30,31,2018.94,0.455721
23,30,32,1962.17,0.417518
23,30,33,1896.53,0.375069
23,30,34,1828.19,0.332105
23,30,35,1764.34,0.290573
23,30,36,1711.29,0.250818
23,30,37,1672.85,0.212506
23,30,38,1649.83,0.175426
23,30,39,1640.86,0.140933
23,30,40,1642.66,0.111413
23,30,41,1652.25,0.0901338
23,30,42,1666.43,0.0796571
23,30,43,1682.13,0.0810066
23,30,44,1695.84,0.0923867
23,30,45,1702.57,0.108957
23,30,46,1696.21,0.124076
23,30,47,1670.37,0.131528
23,30,48,1620.22,0.127686
23,30,49,1544.82,0.112691
23,31,0,2759.23,0.284732
23,31,1,2943.74,0.32169
23,31,2,3055.71,0.344824
23,31,3,3107.75,0.358125
23,31,4,3117.65,0.367699
23,31,5,3104.24,0.378356
23,31,6,3083.59,0.391295
23,31,7,3065.28,0.404243
23,31,8,3050.7,0.41361
23,31,9,3035.15,0.416575
23,31,10,3011.86,0.412378
23,31,11,2975.68,0.402106
23,31,12,2926.02,0.388256
23,31,13,2865.42,0.372973
23,31,14,2798.29,0.358125
23,31,15,2728.31,0.345013
23,31,16,2657.1,0.334331
23,31,17,2584.56,0.326764
23,31,18,2510.46,0.322515
23,31,19,2436.52,0.322185
23,31,20,2366.74,0.326409
23,31,21,2306.72,0.336263
23,31,22,2261.12,0.352914
23,31,23,2231.34,0.376575
23,31,24,2214.97,0.40608
23,31,25,2206.54,0.438651
23,31,26,2199.74,0.469551
23,31,27,2188.78,0.493122
23,31,28,2169.46,0.504558
23,31,29,2139.03,0.501098
23,31,30,2096.15,0.48308
23,31,31,2041.22,0.453542
23,31,32,1976.5,0.417062
23,31,33,1906.32,0.378077
23,31,34,1836.56,0.339344
23,31,35,1773.44,0.301526
23,31,36,1722,0.263899
23,31,37,1685.06,0.225756
23,31,38,1662.87,0.187211
23,31,39,1654.17,0.150377
23,31,40,1656.1,0.118469
23,31,41,1666.4,0.0954117
23,31,42,1682.39,0.0841102
23,31,43,1701.14,0.0856824
23,31,44,1718.86,0.0982283
23,31,45,1729.84,0.11665
23,31,46,1727.04,0.133814
23,31,47,1703.19,0.142908
23,31,48,1652.84,0.139795
23,31,49,1574.92,0.124327
23,32,0,2753.9,0.289357
23,32,1,2936.11,0.32698
23,32,2,3045.54,0.350041
23,32,3,3094.85,0.36264
23,32,4,3102.07,0.371297
23,32,5,3086.36,0.38119
23,32,6,3064.1,0.39345
23,32,7,3045.04,0.405328
23,32,8,3030.56,0.412675
23,32,9,3016.04,0.412577
23,32,10,2995.05,0.404811
23,32,11,2962.97,0.391431
23,32,12,2919.85,0.375836
23,32,13,2868.48,0.360624
23,32,14,2813.01,0.347544
23,32,15,2756.31,0.337404
23,32,16,2698.94,0.330303
23,32,17,2639.91,0.326452
23,32,18,2578.48,0.325909
23,32,19,2516.12,0.329197
23,32,20,2456.47,0.336794
23,32,21,2404.47,0.349322
23,32,22,2363.84,0.367391
23,32,23,2335.12,0.390732
23,32,24,2315.46,0.417888
23,32,25,2299.59,0.446197
23,32,26,2282.11,0.471543
23,32,27,2258.5,0.489316
23,32,28,2226.1,0.495997
23,32,29,2183.62,0.490029
23,32,30,2130.98,0.472511
23,32,31,2069.47,0.446595
23,32,32,2001.65,0.416201
23,32,33,1931.59,0.384429
23,32,34,1864.25,0.352343
23,32,35,1804.54,0.319072
23,32,36,1756.02,0.283016
23,32,37,1720.5,0.243589
23,32,38,1697.91,0.201803
23,32,39,1687.47,0.160984
23,32,40,1687.27,0.125397
23,32,41,1696.28,0.099615
23,32,42,1712.68,0.086724
23,32,43,1733.86,0.0877452
23,32,44,1755.59,0.100566
23,32,45,1771.15,0.119894
23,32,46,1772.24,0.138297
23,32,47,1750.4,0.148601
23,32,48,1699.36,0.146305
23,32,49,1617.78,0.130969
23,33,0,2741.36,0.291431
23,33,1,2922.38,0.330862
23,33,2,3030.7,0.355134
23,33,3,3078.66,0.367895
23,33,4,3084.09,0.375596
23,33,5,3066.15,0.38359
23,33,6,3041.27,0.393131
23,33,7,3019.37,0.401492
23,33,8,3002.18,0.404563
23,33,9,2985.66,0.39985
23,33,10,2964.2,0.387968
23,33,11,2934.17,0.37205
23,33,12,2896.46,0.356287
23,33,13,2854.13,0.343545
23,33,14,2810.92,0.335122
23,33,15,2768.62,0.330937
23,33,16,2726.55,0.330067
23,33,17,2682.71,0.331869
23,33,18,2635.84,0.336022
23,33,19,2587.08,0.342968
23,33,20,2539.6,0.353211
23,33,21,2497.37,0.367208
23,33,22,2462.78,0.385181
23,33,23,2435.21,0.406468
23,33,24,2411.4,0.429348
23,33,25,2386.69,0.451393
23,33,26,2357.25,0.469445
23,33,27,2320.71,0.480465
23,33,28,2276.6,0.482716
23,33,29,2225.33,0.47606
23,33,30,2167.87,0.462122
23,33,31,2105.7,0.443496
23,33,32,2040.85,0.422529
23,33,33,1976.26,0.400175
23,33,34,1915.44,0.37538
23,33,35,1861.68,0.345809
23,33,36,1817.11,0.309443
23,33,37,1782.68,0.266445
23,33,38,1758.28,0.219288
23,33,39,1744.03,0.172855
23,33,40,1739.41,0.132573
23,33,41,1745.02,0.10357
23,33,42,1760.29,0.0889106
23,33,43,1783,0.0892956
23,33,44,1808.39,0.102213
23,33,45,1828.48,0.122103
23,33,46,1833.37,0.141279
23,33,47,1813.13,0.152329
23,33,48,1760.52,0.150533
23,33,49,1673.84,0.135269
23,34,0,2718.8,0.290144
23,34,1,2899.83,0.331959
23,34,2,3008.75,0.358267
23,34,3,3057.26,0.371782
23,34,4,3062.66,0.378397
23,34,5,3043.68,0.383424
23,34,6,3016.51,0.388442
23,34,7,2991.08,0.391295
23,34,8,2969.58,0.388546
23,34,9,2948.9,0.378577
23,34,10,2924.7,0.362981
23,34,11,2894.75,0.345867
23,34,12,2861.03,0.331985
23,34,13,2827.04,0.324222
23,34,14,2796.01,0.323149
23,34,15,2768.51,0.327481
23,34,16,2742.45,0.33493
23,34,17,2714.7,0.343689
23,34,18,2683.37,0.352894
23,34,19,2649.17,0.362965
23,34,20,2614.72,0.374707
23,34,21,2582.83,0.388819
23,34,22,2554.42,0.405453
23,34,23,2527.65,0.423751
23,34,24,2498.93,0.441789
23,34,25,2464.57,0.457398
23,34,26,2422.83,0.468442
23,34,27,2374.12,0.473597
23,34,28,2320.64,0.473007
23,34,29,2264.66,0.467904
23,34,30,2207.91,0.460136
23,34,31,2151.32,0.451228
23,34,32,2095.5,0.441339
23,34,33,2041.47,0.428843
23,34,34,1990.76,0.41047
23,34,35,1944.98,0.382712
23,34,36,1904.93,0.343684
23,34,37,1871.06,0.294851
23,34,38,1843.56,0.240531
23,34,39,1823.78,0.187342
23,34,40,1812.91,0.141864
23,34,41,1813.49,0.109665
23,34,42,1826.4,0.0936216
23,34,43,1849.9,0.0939313
23,34,44,1878.5,0.107459
23,34,45,1902.73,0.128178
23,34,46,1910.85,0.148008
23,34,47,1891.34,0.159283
23,34,48,1835.87,0.157168
23,34,49,1742.37,0.141073
23,35,0,2685.96,0.287561
23,35,1,2867.88,0.331996
23,35,2,2978.86,0.360748
23,35,3,3029.7,0.375291
23,35,4,3036.95,0.380623
23,35,5,3018.69,0.381862
23,35,6,2990.57,0.381114
23,35,7,2962.3,0.377291
23,35,8,2936.5,0.368154
23,35,9,2911.05,0.353257
23,35,10,2883.09,0.335083
23,35,11,2852.05,0.318395
23,35,12,2821.19,0.308144
23,35,13,2794.56,0.306968
23,35,14,2774.87,0.314598
23,35,15,2761.44,0.328468
23,35,16,2750.71,0.344871
23,35,17,2738.43,0.360754
23,35,18,2722.03,0.37466
23,35,19,2701.79,0.387061
23,35,20,2679.72,0.399269
23,35,21,2657.55,0.412582
23,35,22,2634.77,0.427407
23,35,23,2608.47,0.442907
23,35,24,2574.86,0.457016
23,35,25,2531.37,0.467723
23,35,26,2478.56,0.473714
23,35,27,2419.86,0.475164
23,35,28,2360.29,0.473864
23,35,29,2304.04,0.472203
23,35,30,2253.19,0.472026
23,35,31,2207.54,0.473584
23,35,32,2165.57,0.474675
23,35,33,2125.87,0.471076
23,35,34,2087.7,0.457494
23,35,35,2051.01,0.429635
23,35,36,2015.6,0.386172
23,35,37,1981.74,0.330174
23,35,38,1950.31,0.267901
23,35,39,1924.13,0.20765
23,35,40,1906.29,0.157043
23,35,41,1901.36,0.121998
23,35,42,1911.64,0.105133
23,35,43,1935.74,0.106062
23,35,44,1967.26,0.120855
23,35,45,1995.05,0.142784
23,35,46,2005.42,0.163148
23,35,47,1985.26,0.173914
23,35,48,1925.23,0.170194
23,35,49,1822.94,0.151688
23,36,0,2646.94,0.288634
23,36,1,2830.14,0.33607
23,36,2,2943.97,0.367545
23,36,3,2998.24,0.383212
23,36,4,3008.67,0.38707
23,36,5,2992.58,0.384029
23,36,6,2964.96,0.376926
23,36,7,2935.2,0.366097
23,36,8,2906.19,0.350829
23,36,9,2876.78,0.331914
23,36,10,2845.54,0.312441
23,36,11,2813.47,0.297336
23,36,12,2785.06,0.291317
23,36,13,2764.8,0.296547
23,36,14,2754.89,0.312006
23,36,15,2753.42,0.334131
23,36,16,2755.58,0.358131
23,36,17,2756.14,0.379952
23,36,18,2752.06,0.397634
23,36,19,2743.3,0.411709
23,36,20,2731.4,0.424012
23,36,21,2717.22,0.436587
23,36,22,2699.11,0.45027
23,36,23,2673.3,0.464385
23,36,24,2635.92,0.476721
23,36,25,2585.51,0.485228
23,36,26,2524.74,0.48905
23,36,27,2459.87,0.489438
23,36,28,2398.56,0.489446
23,36,29,2346.55,0.492373
23,36,30,2305.93,0.499985
23,36,31,2274.94,0.51135
23,36,32,2249.62,0.522112
23,36,33,2225.99,0.525761
23,36,34,2201.11,0.515355
23,36,35,2173.53,0.486157
23,36,36,2142.43,0.437609
23,36,37,2108.27,0.374376
23,36,38,2072.92,0.304473
23,36,39,2040.84,0.237636
23,36,40,2017,0.18236
23,36,41,2007.8,0.144851
23,36,42,2016.69,0.127498
23,36,43,2042.29,0.129336
23,36,44,2077.01,0.145565
23,36,45,2107.9,0.168589
23,36,46,2119.39,0.188915
23,36,47,2096.94,0.198057
23,36,48,2030.35,0.19114
23,36,49,1917,0.168379
23,37,0,2609.83,0.299919
23,37,1,2794.24,0.351209
23,37,2,2910.83,0.385741
23,37,3,2968.55,0.402485
23,37,4,2982.31,0.404612
23,37,5,2968.77,0.397003
23,37,6,2942.3,0.383426
23,37,7,2912.03,0.365822
23,37,8,2881.13,0.345083
23,37,9,2849.3,0.32308
23,37,10,2816.33,0.30309
23,37,11,2784.44,0.289639
23,37,12,2758.88,0.286806
23,37,13,2744.27,0.296149
23,37,14,2742.1,0.316225
23,37,15,2749.4,0.343085
23,37,16,2760.47,0.371561
23,37,17,2769.56,0.397107
23,37,18,2773.47,0.41744
23,37,19,2772.18,0.433033
23,37,20,2767,0.446021
23,37,21,2758.27,0.45903
23,37,22,2743.58,0.473298
23,37,23,2718.59,0.488299
23,37,24,2679.5,0.501631
23,37,25,2625.74,0.510992
23,37,26,2561.7,0.51562
23,37,27,2495.89,0.517402
23,37,28,2437.95,0.520283
23,37,29,2394.61,0.528256
23,37,30,2367.44,0.543033
23,37,31,2352.97,0.562743
23,37,32,2344.9,0.5813
23,37,33,2336.97,0.590417
23,37,34,2324.51,0.58198
23,37,35,2305.12,0.551113
23,37,36,2277.8,0.498062
23,37,37,2243.56,0.428839
23,37,38,2205.46,0.352818
23,37,39,2169.58,0.28076
23,37,40,2142.56,0.221746
23,37,41,2132.18,0.182145
23,37,42,2142.47,0.164131
23,37,43,2171.57,0.166243
23,37,44,2210.45,0.182913
23,37,45,2244.31,0.205754
23,37,46,2255.95,0.224563
23,37,47,2229.67,0.230489
23,37,48,2154.61,0.218748
23,37,49,2027.93,0.190171
23,38,0,2584.08,0.326355
23,38,1,2769.41,0.382825
23,38,2,2888.06,0.420831
23,38,3,2948.28,0.438437
23,38,4,2964.4,0.438401
23,38,5,2952.54,0.425934
23,38,6,2926.63,0.405963
23,38,7,2895.75,0.382074
23,38,8,2863.56,0.356624
23,38,9,2830.65,0.332221
23,38,10,2797.74,0.311838
23,38,11,2767.77,0.299053
23,38,12,2746.09,0.296972
23,38,13,2736.77,0.306544
23,38,14,2740.35,0.326381
23,38,15,2752.92,0.352977
23,38,16,2768.31,0.381702
23,38,17,2780.81,0.408189
23,38,18,2787.59,0.430051
23,38,19,2788.94,0.447491
23,38,20,2786.36,0.462527
23,38,21,2780.04,0.477938
23,38,22,2767.26,0.495105
23,38,23,2743.49,0.513518
23,38,24,2705.1,0.530529
23,38,25,2652.25,0.543486
23,38,26,2590.47,0.551525
23,38,27,2529.69,0.556877
23,38,28,2480.49,0.564075
23,38,29,2449.73,0.577578
23,38,30,2438.03,0.598992
23,38,31,2440.21,0.625694
23,38,32,2448.06,0.650297
23,38,33,2453.75,0.663296
23,38,34,2451.6,0.655962
23,38,35,2438.84,0.623616
23,38,36,2414.78,0.567326
23,38,37,2381.29,0.494152
23,38,38,2342.7,0.414362
23,38,39,2306.52,0.339219
23,38,40,2280.6,0.277953
23,38,41,2273.44,0.236809
23,38,42,2289,0.217658
23,38,43,2324.42,0.218622
23,38,44,2368.97,0.233635
23,38,45,2406.21,0.253886
23,38,46,2417.63,0.268853
23,38,47,2386.74,0.269601
23,38,48,2302.06,0.251537
23,38,49,2160.38,0.216032
23,39,0,2576.96,0.369214
23,39,1,2763.18,0.432342
23,39,2,2883.05,0.474166
23,39,3,2944.46,0.492169
23,39,4,2961.34,0.489243
23,39,5,2949.43,0.471419
23,39,6,2922.48,0.445055
23,39,7,2889.82,0.41533
23,39,8,2855.93,0.385802
23,39,9,2822.45,0.359361
23,39,10,2790.93,0.338192
23,39,11,2764.5,0.324462
23,39,12,2747.86,0.320076
23,39,13,2743.82,0.325482
23,39,14,2751.57,0.339862
23,39,15,2766.4,0.360991
23,39,16,2782.05,0.385673
23,39,17,2793.36,0.410389
23,39,18,2798.23,0.432873
23,39,19,2797.62,0.452833
23,39,20,2793.49,0.471697
23,39,21,2786.33,0.491837
23,39,22,2773.63,0.514372
23,39,23,2751.13,0.538588
23,39,24,2715.56,0.561574
23,39,25,2667.67,0.580398
23,39,26,2613.54,0.594138
23,39,27,2563.49,0.605255
23,39,28,2527.9,0.618618
23,39,29,2512.79,0.638809
23,39,30,2517.37,0.667068
23,39,31,2534.99,0.699972
23,39,32,2556.2,0.729141
23,39,33,2572.47,0.744425
23,39,34,2577.92,0.737146
23,39,35,2570.09,0.70333
23,39,36,2549.11,0.645047
23,39,37,2517.85,0.570203
23,39,38,2481.88,0.489517
23,39,39,2449.7,0.414124
23,39,40,2429.79,0.352774
23,39,41,2430.61,0.311066
23,39,42,2455.34,0.290334
23,39,43,2499.73,0.288357
23,39,44,2551.43,0.298991
23,39,45,2592.7,0.313609
23,39,46,2604.2,0.321986
23,39,47,2568.95,0.315489
23,39,48,2474.81,0.289768
23,39,49,2317.69,0.246505
23,40,0,2589.25,0.424752
23,40,1,2776.75,0.495774
23,40,2,2897.47,0.541651
23,40,3,2959.18,0.559554
23,40,4,2975.57,0.552998
23,40,5,2962.05,0.529307
23,40,6,2932.35,0.496504
23,40,7,2896.35,0.461272
23,40,8,2859.69,0.428042
23,40,9,2825.35,0.399546
23,40,10,2795.71,0.376798
23,40,11,2773.74,0.360272
23,40,12,2762.88,0.350611
23,40,13,2764.12,0.347958
23,40,14,2775.02,0.352498
23,40,15,2790.12,0.36392
23,40,16,2803.36,0.381107
23,40,17,2810.37,0.401898
23,40,18,2809.96,0.424343
23,40,19,2803.88,0.447511
23,40,20,2794.75,0.471878
23,40,21,2783.78,0.498888
23,40,22,2769.17,0.528962
23,40,23,2747.5,0.560967
23,40,24,2716.16,0.591792
23,40,25,2676.37,0.618465
23,40,26,2634.18,0.640238
23,40,27,2599.28,0.659804
23,40,28,2580.73,0.682066
23,40,29,2582.89,0.711187
23,40,30,2603.3,0.747515
23,40,31,2634.2,0.786547
23,40,32,2665.68,0.819095
23,40,33,2689.34,0.834937
23,40,34,2699.88,0.826229
23,40,35,2695.74,0.790387
23,40,36,2678.12,0.730843
23,40,37,2651.01,0.656302
23,40,38,2620.87,0.577544
23,40,39,2596.73,0.504931
23,40,40,2586.96,0.445995
23,40,41,2599.32,0.405076
23,40,42,2635.78,0.382674
23,40,43,2690.6,0.376318
23,40,44,2750.13,0.380259
23,40,45,2795.88,0.386698
23,40,46,2808.26,0.386287
23,40,47,2770.02,0.370957
23,40,48,2668.18,0.336514
23,40,49,2497.12,0.284625
23,41,0,2617.93,0.484989
23,41,1,2807.65,0.564593
23,41,2,2929.65,0.61474
23,41,3,2991.71,0.632393
23,41,4,3007.31,0.621961
23,41,5,2991.56,0.592343
23,41,6,2958.14,0.553329
23,41,7,2917.68,0.512948
23,41,8,2877.22,0.476186
23,41,9,2841.36,0.445261
23,41,10,2813.39,0.419839
23,41,11,2795.95,0.398694
23,41,12,2790.92,0.381358
23,41,13,2797.12,0.367955
23,41,14,2810.41,0.359939
23,41,15,2824.7,0.359197
23,41,16,2834.25,0.366909
23,41,17,2835.51,0.382522
23,41,18,2828.11,0.404558
23,41,19,2814.49,0.431493
23,41,20,2797.99,0.462733
23,41,21,2780.81,0.498499
23,41,22,2762.47,0.538197
23,41,23,2740.89,0.580124
23,41,24,2714.48,0.621062
23,41,25,2684.81,0.658255
23,41,26,2657.34,0.691333
23,41,27,2640.22,0.723112
23,41,28,2640.32,0.758048
23,41,29,2659.81,0.799156
23,41,30,2694.62,0.845215
23,41,31,2736.35,0.890321
23,41,32,2775.3,0.924711
23,41,33,2803.91,0.938778
23,41,34,2818,0.926425
23,41,35,2817.22,0.88725
23,41,36,2803.95,0.826491
23,41,37,2783.04,0.753655
23,41,38,2761.49,0.679194
23,41,39,2748.23,0.612076
23,41,40,2750.96,0.557918
23,41,41,2776.3,0.519276
23,41,42,2824.86,0.495605
23,41,43,2889.66,0.484339
23,41,44,2956.31,0.480521
23,41,45,3006.24,0.477615
23,41,46,3020.08,0.467395
23,41,47,2980.57,0.4423
23,41,48,2873.76,0.398035
23,41,49,2691.81,0.335967
23,42,0,2656.03,0.539503
23,42,1,2849.15,0.627638
23,42,2,2973.44,0.682379
23,42,3,3036.77,0.700397
23,42,4,3052.31,0.686919
23,42,5,3034.82,0.652328
23,42,6,2997.9,0.60801
23,42,7,2952.86,0.563069
23,42,8,2908.23,0.522756
23,42,9,2870.33,0.488613
23,42,10,2843.46,0.459085
23,42,11,2829.93,0.431605
23,42,12,2830.02,0.405001
23,42,13,2840.42,0.379706
23,42,14,2855.42,0.358491
23,42,15,2868.46,0.345283
23,42,16,2874.09,0.343311
23,42,17,2869.46,0.353567
23,42,18,2854.74,0.37515
23,42,19,2832.83,0.406191
23,42,20,2807.75,0.445217
23,42,21,2782.92,0.491266
23,42,22,2759.57,0.542633
23,42,23,2737.42,0.59701
23,42,24,2716.12,0.651126
23,42,25,2697.48,0.702557
23,42,26,2685.83,0.75126
23,42,27,2687.15,0.799823
23,42,28,2705.6,0.851566
23,42,29,2741.09,0.907574
23,42,30,2788.25,0.964482
23,42,31,2838.58,1.01488
23,42,32,2883.11,1.0489
23,42,33,2915.54,1.05838
23,42,34,2933,1.03988
23,42,35,2936.35,0.995872
23,42,36,2928.9,0.933671
23,42,37,2916.01,0.863441
23,42,38,2904.65,0.794852
23,42,39,2903.24,0.734983
23,42,40,2918.41,0.687099
23,42,41,2955.6,0.651803
23,42,42,3014.26,0.627562
23,42,43,3086.65,0.611956
23,42,44,3158.28,0.601021
23,42,45,3211.04,0.589485
23,42,46,3226.22,0.56997
23,42,47,3186.79,0.534981
23,42,48,3077.82,0.47972
23,42,49,2888.87,0.405143
23,43,0,2695.04,0.577939
23,43,1,2892.58,0.673619
23,43,2,3020.32,0.733268
23,43,3,3086.12,0.753059
23,43,4,3102.88,0.7386
23,43,5,3084.92,0.701252
23,43,6,3045.66,0.653472
23,43,7,2996.98,0.605008
23,43,8,2948.72,0.561119
23,43,9,2908.8,0.522744
23,43,10,2882.53,0.48756
23,43,11,2871.96,0.452366
23,43,12,2876,0.415913
23,43,13,2889.5,0.379256
23,43,14,2905.47,0.346298
23,43,15,2916.96,0.322443
23,43,16,2918.78,0.312313
23,43,17,2908.53,0.318101
23,43,18,2886.7,0.339531
23,43,19,2856.45,0.374778
23,43,20,2822.46,0.421957
23,43,21,2789.42,0.479291
23,43,22,2760.55,0.544159
23,43,23,2737.56,0.613742
23,43,24,2721.38,0.684711
23,43,25,2713.8,0.754836
23,43,26,2717.63,0.823999
23,43,27,2736.35,0.893883
23,43,28,2771.38,0.965843
23,43,29,2820.68,1.03836
23,43,30,2878.1,1.1057
23,43,31,2935.48,1.15928
23,43,32,2984.9,1.1899
23,43,33,3021.41,1.19182
23,43,34,3043.32,1.16502
23,43,35,3052.35,1.11515
23,43,36,3052.29,1.05149
23,43,37,3048.49,0.984403
23,43,38,3047.5,0.922254
23,43,39,3056.91,0.869955
23,43,40,3082.37,0.828423
23,43,41,3128.3,0.796639
23,43,42,3193.47,0.772485
23,43,43,3269.89,0.753981
23,43,44,3343.47,0.738082
23,43,45,3396.96,0.720297
23,43,46,3412.58,0.693342
23,43,47,3373.73,0.649058
23,43,48,3264.67,0.58175
23,43,49,3072.36,0.492075
23,44,0,2725.25,0.592248
23,44,1,2927.59,0.693295
23,44,2,3059.52,0.757679
23,44,3,3128.76,0.780888
23,44,4,3147.87,0.768276
23,44,5,3130.76,0.731344
23,44,6,3090.68,0.682802
23,44,7,3039.89,0.632448
23,44,8,2989.23,0.585322
23,44,9,2947.88,0.542014
23,44,10,2922.03,0.50013
23,44,11,2913.6,0.456739
23,44,12,2920.45,0.411204
23,44,13,2936.01,0.365415
23,44,14,2952.28,0.324014
23,44,15,2962.01,0.293056
23,44,16,2960.08,0.277668
23,44,17,2944.4,0.280727
23,44,18,2915.6,0.302557
23,44,19,2877.11,0.341805
23,44,20,2834.28,0.396757
23,44,21,2793.16,0.465409
23,44,22,2758.94,0.544658
23,44,23,2735.26,0.63139
23,44,24,2724.11,0.722186
23,44,25,2726.94,0.8147
23,44,26,2744.82,0.908068
23,44,27,2778.75,1.00223
23,44,28,2827.74,1.09578
23,44,29,2888.4,1.1842
23,44,30,2954.3,1.25957
23,44,31,3017.98,1.31293
23,44,32,3072.61,1.33682
23,44,33,3114.39,1.32879
23,44,34,3142.46,1.29266
23,44,35,3158.83,1.23705
23,44,36,3167.24,1.17255
23,44,37,3172.59,1.10902
23,44,38,3180.8,1.05295
23,44,39,3198.67,1.00713
23,44,40,3231.13,0.970613
23,44,41,3282.01,0.941549
23,44,42,3349.78,0.917891
23,44,43,3426.65,0.898349
23,44,44,3499.22,0.88047
23,44,45,3551.26,0.859716
23,44,46,3566.01,0.827918
23,44,47,3527.37,0.775528
23,44,48,3419.1,0.695728
23,44,49,3225.89,0.589196
23,45,0,2735.63,0.578128
23,45,1,2942.18,0.681016
23,45,2,3078.28,0.748871
23,45,3,3151.23,0.776477
23,45,4,3173.23,0.768322
23,45,5,3157.88,0.735123
23,45,6,3118.28,0.688895
23,45,7,3066.95,0.638827
23,45,8,3015.4,0.589541
23,45,9,2973.67,0.541616
23,45,10,2948.54,0.493299
23,45,11,2941.88,0.442782
23,45,12,2950.82,0.390577
23,45,13,2967.79,0.33943
23,45,14,2983.98,0.294212
23,45,15,2991.82,0.260741
23,45,16,2986.12,0.24378
23,45,17,2964.95,0.246335
23,45,18,2929.13,0.269241
23,45,19,2882.46,0.311926
23,45,20,2831.06,0.373365
23,45,21,2782.37,0.451914
23,45,22,2743.41,0.54453
23,45,23,2719.39,0.648111
23,45,24,2712.97,0.759161
23,45,25,2724.98,0.874906
23,45,26,2754.7,0.993097
23,45,27,2800.94,1.1112
23,45,28,2860.94,1.22453
23,45,29,2930.54,1.32553
23,45,30,3003.5,1.40472
23,45,31,3073.22,1.4538
23,45,32,3133.8,1.46802
23,45,33,3182.2,1.44886
23,45,34,3217.84,1.40384
23,45,35,3242.56,1.34385
23,45,36,3259.59,1.27977
23,45,37,3273.19,1.22011
23,45,38,3288.7,1.16918
23,45,39,3312.36,1.12793
23,45,40,3348.74,1.09439
23,45,41,3401.41,1.06685
23,45,42,3468.87,1.04398
23,45,43,3543.69,1.02525
23,45,44,3613.26,1.00833
23,45,45,3662.33,0.987772
23,45,46,3675.03,0.953759
23,45,47,3635.73,0.894989
23,45,48,3527.83,0.803613
23,45,49,3334.47,0.680742
23,46,0,2713.94,0.535501
23,46,1,2922.99,0.635523
23,46,2,3062.35,0.704178
23,46,3,3138.58,0.735756
23,46,4,3163.39,0.7335
23,46,5,3150.12,0.706576
23,46,6,3111.83,0.665467
23,46,7,3061.27,0.618174
23,46,8,3010.3,0.568736
23,46,9,2969.44,0.517997
23,46,10,2945.77,0.465353
23,46,11,2941.04,0.410628
23,46,12,2951.93,0.355695
23,46,13,2970.1,0.303953
23,46,14,2986.14,0.259976
23,46,15,2992.08,0.228615
23,46,16,2982.61,0.213628
23,46,17,2955.89,0.2177
23,46,18,2913.03,0.242045
23,46,19,2858.36,0.286991
23,46,20,2798.91,0.352503
23,46,21,2743.44,0.437709
23,46,22,2700.5,0.540115
23,46,23,2676.39,0.656936
23,46,24,2674.04,0.784706
23,46,25,2693.36,0.920071
23,46,26,2732.09,1.05906
23,46,27,2787.38,1.19636
23,46,28,2855.3,1.32397
23,46,29,2931.53,1.43176
23,46,30,3010.27,1.50952
23,46,31,3085.79,1.55053
23,46,32,3152.81,1.55346
23,46,33,3208.62,1.5237
23,46,34,3252.45,1.4718
23,46,35,3285.56,1.40984
23,46,36,3310.5,1.34793
23,46,37,3330.97,1.29256
23,46,38,3351.88,1.24585
23,46,39,3379.25,1.20747
23,46,40,3417.54,1.17529
23,46,41,3470.28,1.14848
23,46,42,3536.09,1.12679
23,46,43,3607.94,1.11034
23,46,44,3673.95,1.09642
23,46,45,3719.56,1.07826
23,46,46,3729.51,1.04416
23,46,47,3688.38,0.981303
23,46,48,3579.4,0.88128
23,46,49,3384.91,0.745962
23,47,0,2647.91,0.468703
23,47,1,2856.42,0.560667
23,47,2,2997.25,0.626323
23,47,3,3075.7,0.659875
23,47,4,3102.75,0.663265
23,47,5,3091.47,0.64369
23,47,6,3054.95,0.609602
23,47,7,3006.13,0.567453
23,47,8,2957.05,0.520608
23,47,9,2918.34,0.470275
23,47,10,2897.08,0.417114
23,47,11,2894.83,0.362584
23,47,12,2907.89,0.309712
23,47,13,2927.39,0.262178
23,47,14,2943.45,0.223842
23,47,15,2947.7,0.198192
23,47,16,2934.68,0.187704
23,47,17,2902.72,0.194489
23,47,18,2853.3,0.219984
23,47,19,2791.41,0.265315
23,47,20,2724.99,0.331437
23,47,21,2663.98,0.418374
23,47,22,2617.93,0.524461
23,47,23,2593.77,0.64746
23,47,24,2594.26,0.784115
23,47,25,2618.44,0.930611
23,47,26,2662.83,1.0814
23,47,27,2723.51,1.22872
23,47,28,2796.06,1.36189
23,47,29,2876.38,1.46906
23,47,30,2959.33,1.54018
23,47,31,3039.85,1.57069
23,47,32,3113.06,1.56263
23,47,33,3176.13,1.52468
23,47,34,3227.8,1.46923
23,47,35,3268.55,1.40836
23,47,36,3300.28,1.35061
23,47,37,3326.24,1.30025
23,47,38,3351.2,1.25752
23,47,39,3381.14,1.22141
23,47,40,3420.57,1.19026
23,47,41,3473.03,1.16438
23,47,42,3537.27,1.14456
23,47,43,3606.6,1.13123
23,47,44,3669.62,1.12114
23,47,45,3712.17,1.10623
23,47,46,3719.11,1.07352
23,47,47,3674.96,1.00953
23,47,48,3562.83,0.905983
23,47,49,3365.26,0.76562
23,48,0,2527.95,0.385827
23,48,1,2731.14,0.465128
23,48,2,2870.45,0.52376
23,48,3,2949.34,0.556321
23,48,4,2977.7,0.56367
23,48,5,2968.15,0.551018
23,48,6,2933.77,0.524679
23,48,7,2887.61,0.48948
23,48,8,2841.66,0.448082
23,48,9,2806.36,0.401966
23,48,10,2788.47,0.352778
23,48,11,2789.24,0.303159
23,48,12,2804.66,0.256767
23,48,13,2825.54,0.21714
23,48,14,2841.74,0.187215
23,48,15,2844.64,0.169095
23,48,16,2828.72,0.164052
23,48,17,2792.5,0.173571
23,48,18,2737.94,0.199154
23,48,19,2670.68,0.242455
23,48,20,2599.44,0.305147
23,48,21,2534.85,0.387998
23,48,22,2486.95,0.490192
23,48,23,2462.69,0.610129
23,48,24,2464.47,0.744956
23,48,25,2490.57,0.890717
23,48,26,2536.82,1.04091
23,48,27,2598.87,1.18622
23,48,28,2672.31,1.31453
23,48,29,2753.58,1.41342
23,48,30,2838.28,1.47379
23,48,31,2921.95,1.49326
23,48,32,2999.88,1.47654
23,48,33,3068.9,1.43429
23,48,34,3127.06,1.37937
23,48,35,3174.07,1.32283
23,48,36,3211.23,1.27128
23,48,37,3241.49,1.22697
23,48,38,3269.6,1.18889
23,48,39,3301.61,1.15582
23,48,40,3342.1,1.12677
23,48,41,3394.61,1.10299
23,48,42,3457.96,1.0859
23,48,43,3525.71,1.0759
23,48,44,3586.76,1.06931
23,48,45,3626.97,1.05744
23,48,46,3630.91,1.02717
23,48,47,3582.72,0.96554
23,48,48,3465.68,0.865157
23,48,49,3263.71,0.72946
23,49,0,2350.93,0.297196
23,49,1,2541.91,0.360884
23,49,2,2675.07,0.409365
23,49,3,2751.62,0.438025
23,49,4,2779.92,0.447005
23,49,5,2771.84,0.439809
23,49,6,2740.17,0.420836
23,49,7,2697.77,0.393456
23,49,8,2656.27,0.359662
23,49,9,2625.52,0.320998
23,49,10,2611.68,0.279591
23,49,11,2615.56,0.238572
23,49,12,2633,0.201609
23,49,13,2654.83,0.171748
23,49,14,2671.01,0.150996
23,49,15,2672.91,0.140328
23,49,16,2655.18,0.140121
23,49,17,2616.6,0.151322
23,49,18,2559.59,0.175358
23,49,19,2490.27,0.21407
23,49,20,2417.71,0.269459
23,49,21,2352.63,0.342716
23,49,22,2304.84,0.433691
23,49,23,2280.78,0.54137
23,49,24,2282.37,0.663434
23,49,25,2307.41,0.796185
23,49,26,2351.61,0.933008
23,49,27,2410.7,1.0643
23,49,28,2480.75,1.17798
23,49,29,2558.93,1.26232
23,49,30,2641.64,1.30968
23,49,31,2725.03,1.3195
23,49,32,2804.56,1.29792
23,49,33,2876.67,1.256
23,49,34,2938.75,1.20573
23,49,35,2989.77,1.15645
23,49,36,3030.53,1.11282
23,49,37,3063.74,1.0757
23,49,38,3094.09,1.04344
23,49,39,3127.62,1.01491
23,49,40,3168.9,0.989714
23,49,41,3221.38,0.969512
23,49,42,3283.95,0.955839
23,49,43,3350.4,0.948861
23,49,44,3409.85,0.944776
23,49,45,3448.03,0.935245
23,49,46,3449.03,0.908291
23,49,47,3396.59,0.852621
23,49,48,3274.71,0.762276
23,49,49,3070.21,0.640981
24,0,0,2673.34,0.341466
24,0,1,2827.76,0.371309
24,0,2,2913.38,0.372161
24,0,3,2946.84,0.348791
24,0,4,2950.55,0.31339
24,0,5,2945.71,0.280549
24,0,6,2947.64,0.262388
24,0,7,2962.86,0.265574
24,0,8,2990.17,0.291047
24,0,9,3023.56,0.334826
24,0,10,3055.27,0.389285
24,0,11,3077.75,0.444654
24,0,12,3085.86,0.491487
24,0,13,3075.72,0.521857
24,0,14,3045.26,0.530575
24,0,15,2994.59,0.515811
24,0,16,2925.65,0.479146
24,0,17,2841.42,0.425078
24,0,18,2744.86,0.360209
24,0,19,2638.3,0.292238
24,0,20,2524.24,0.228551
24,0,21,2406.22,0.174689
24,0,22,2289.47,0.134029
24,0,23,2180.75,0.107125
24,0,24,2086.97,0.0927023
24,0,25,2011.5,0.0880385
24,0,26,1953.9,0.0900185
24,0,27,1909.24,0.0957133
24,0,28,1870.65,0.10264
24,0,29,1831.39,0.10865
24,0,30,1787.34,0.112344
24,0,31,1737.51,0.113354
24,0,32,1682.93,0.112103
24,0,33,1626.04,0.109112
24,0,34,1568.9,0.104458
24,0,35,1512.92,0.0974871
24,0,36,1458.9,0.0874372
24,0,37,1407.8,0.0743398
24,0,38,1361.23,0.0592589
24,0,39,1320.93,0.0443857
24,0,40,1288.21,0.0320082
24,0,41,1263.11,0.0237311
24,0,42,1244.71,0.0202276
24,0,43,1231.14,0.0209681
24,0,44,1220.24,0.0246241
24,0,45,1210.05,0.0293187
24,0,46,1198.57,0.0329506
24,0,47,1183.83,0.0339585
24,0,48,1164.44,0.0316876
24,0,49,1140.2,0.0266123
24,1,0,2853.32,0.40699
24,1,1,3016.31,0.444323
24,1,2,3107.51,0.447973
24,1,3,3145.11,0.423319
24,1,4,3151.72,0.384411
24,1,5,3148.21,0.34813
24,1,6,3149.78,0.32852
24,1,7,3163.36,0.333291
24,1,8,3188.45,0.363606
24,1,9,3219.78,0.415009
24,1,10,3250.1,0.478947
24,1,11,3272.09,0.544429
24,1,12,3280.47,0.600674
24,1,13,3270.9,0.638173
24,1,14,3240.62,0.650174
24,1,15,3188.92,0.633565
24,1,16,3117.04,0.589416
24,1,17,3027.61,0.522837
24,1,18,2923.58,0.44212
24,1,19,2807.64,0.357319
24,1,20,2682.85,0.278128
24,1,21,2553.32,0.211747
24,1,22,2424.97,0.162384
24,1,23,2305.37,0.130576
24,1,24,2202.17,0.114482
24,1,25,2119.15,0.110441
24,1,26,2055.96,0.114318
24,1,27,2007.39,0.122186
24,1,28,1966.16,0.130666
24,1,29,1925.18,0.13684
24,1,30,1879.88,0.138904
24,1,31,1828.85,0.136512
24,1,32,1772.54,0.130532
24,1,33,1712.88,0.122252
24,1,34,1651.61,0.112604
24,1,35,1590.18,0.101633
24,1,36,1529.83,0.0889623
24,1,37,1472.28,0.0746402
24,1,38,1419.93,0.0594597
24,1,39,1375.1,0.0451813
24,1,40,1339.24,0.0336344
24,1,41,1312.19,0.0260277
24,1,42,1292.62,0.0228055
24,1,43,1278.2,0.0233423
24,1,44,1266.45,0.0263702
24,1,45,1255.2,0.0302034
24,1,46,1242.2,0.032975
24,1,47,1225.14,0.0333228
24,1,48,1202.3,0.0306985
24,1,49,1173.28,0.0255694
24,2,0,2961.89,0.460589
24,2,1,3131.05,0.504956
24,2,2,3227.17,0.512276
24,2,3,3268.98,0.488301
24,2,4,3278.65,0.44835
24,2,5,3276.28,0.410902
24,2,6,3276.71,0.391318
24,2,7,3287.23,0.397983
24,2,8,3308.26,0.432183
24,2,9,3335.53,0.489154
24,2,10,3362.67,0.559828
24,2,11,3382.83,0.63256
24,2,12,3390.79,0.695818
24,2,13,3381.83,0.73893
24,2,14,3352.54,0.753815
24,2,15,3301.38,0.736077
24,2,16,3228.82,0.686064
24,2,17,3137.01,0.609172
24,2,18,3028.85,0.514994
24,2,19,2907.4,0.41559
24,2,20,2776.25,0.32271
24,2,21,2640.06,0.245117
24,2,22,2505.29,0.187884
24,2,23,2379.98,0.151659
24,2,24,2272.02,0.134148
24,2,25,2185.22,0.130859
24,2,26,2119.21,0.136665
24,2,27,2068.61,0.146619
24,2,28,2026.15,0.156408
24,2,29,1984.77,0.162339
24,2,30,1939.8,0.162233
24,2,31,1889.48,0.155795
24,2,32,1833.66,0.144384
24,2,33,1773.61,0.130139
24,2,34,1710.6,0.114998
24,2,35,1646.06,0.099897
24,2,36,1581.74,0.0850076
24,2,37,1520.13,0.070425
24,2,38,1464.43,0.0565371
24,2,39,1417.42,0.0443878
24,2,40,1380.56,0.0350197
24,2,41,1353.36,0.0289752
24,2,42,1334.03,0.0263243
24,2,43,1319.84,0.0263657
24,2,44,1308.12,0.0280421
24,2,45,1296.59,0.0301058
24,2,46,1282.84,0.0312015
24,2,47,1264.27,0.0303774
24,2,48,1238.75,0.0272877
24,2,49,1205.64,0.0223526
24,3,0,3009.27,0.499562
24,3,1,3183.68,0.549989
24,3,2,3284.65,0.561414
24,3,3,3330.65,0.539728
24,3,4,3343.06,0.500885
24,3,5,3341.07,0.464215
24,3,6,3339.15,0.445778
24,3,7,3344.98,0.454268
24,3,8,3360,0.491001
24,3,9,3381.21,0.551064
24,3,10,3403.32,0.625234
24,3,11,3420.18,0.701718
24,3,12,3426.76,0.768777
24,3,13,3418.05,0.815094
24,3,14,3390.05,0.831733
24,3,15,3340.44,0.813332
24,3,16,3268.92,0.759558
24,3,17,3177.2,0.675787
24,3,18,3068.08,0.572304
24,3,19,2944.9,0.462421
24,3,20,2811.78,0.359294
24,3,21,2673.8,0.2729
24,3,22,2537.71,0.209144
24,3,23,2411.6,0.168998
24,3,24,2303.13,0.149993
24,3,25,2215.83,0.147105
24,3,26,2149.16,0.154423
24,3,27,2097.85,0.16611
24,3,28,2055.01,0.177014
24,3,29,2014,0.182749
24,3,30,1970.36,0.180789
24,3,31,1922.06,0.170843
24,3,32,1868.33,0.154636
24,3,33,1809.68,0.135034
24,3,34,1746.88,0.114925
24,3,35,1681.31,0.0961952
24,3,36,1615.23,0.0796778
24,3,37,1551.93,0.0655988
24,3,38,1495.27,0.0539271
24,3,39,1448.37,0.0448497
24,3,40,1412.5,0.0384231
24,3,41,1386.75,0.0343504
24,3,42,1368.86,0.0322312
24,3,43,1355.81,0.031328
24,3,44,1344.86,0.0309215
24,3,45,1333.78,0.0303918
24,3,46,1320.02,0.0290853
24,3,47,1300.7,0.0265942
24,3,48,1273.26,0.0228266
24,3,49,1236.74,0.0181216
24,4,0,3011.14,0.522999
24,4,1,3189.82,0.578052
24,4,2,3295.07,0.59345
24,4,3,3344.57,0.574988
24,4,4,3358.66,0.538644
24,4,5,3355.63,0.503906
24,4,6,3349.63,0.486987
24,4,7,3348.74,0.496635
24,4,8,3355.53,0.534179
24,4,9,3368.38,0.594721
24,4,10,3383.35,0.669169
24,4,11,3395.18,0.745911
24,4,12,3399.21,0.813403
24,4,13,3390.23,0.860177
24,4,14,3363.73,0.877025
24,4,15,3316.65,0.858186
24,4,16,3248.02,0.802923
24,4,17,3159.09,0.716395
24,4,18,3052.5,0.608882
24,4,19,2931.78,0.493961
24,4,20,2801.34,0.385266
24,4,21,2666.43,0.293428
24,4,22,2533.77,0.225035
24,4,23,2411.12,0.181598
24,4,24,2305.51,0.160845
24,4,25,2220.06,0.157672
24,4,26,2154.15,0.165763
24,4,27,2102.88,0.178695
24,4,28,2060.12,0.190709
24,4,29,2019.97,0.196883
24,4,30,1978.32,0.194355
24,4,31,1932.92,0.182677
24,4,32,1882.37,0.163637
24,4,33,1826.39,0.140487
24,4,34,1765.22,0.11683
24,4,35,1700.27,0.0954312
24,4,36,1634.31,0.0778692
24,4,37,1571.34,0.0646449
24,4,38,1515.78,0.055414
24,4,39,1470.88,0.0495224
24,4,40,1437.56,0.0459911
24,4,41,1414.45,0.0436358
24,4,42,1398.82,0.0415728
24,4,43,1387.52,0.0391024
24,4,44,1377.86,0.0359453
24,4,45,1367.76,0.0322113
24,4,46,1354.59,0.028012
24,4,47,1335.12,0.0234985
24,4,48,1306.32,0.0188166
24,4,49,1266.9,0.0141907
24,5,0,2984.66,0.531534
24,5,1,3165.64,0.589429
24,5,2,3273.47,0.60808
24,5,3,3324.7,0.592991
24,5,4,3338.56,0.559633
24,5,5,3332.47,0.527055
24,5,6,3320.24,0.511218
24,5,7,3310.37,0.520793
24,5,8,3306.5,0.55719
24,5,9,3308.49,0.615712
24,5,10,3313.94,0.687566
24,5,11,3318.71,0.761498
24,5,12,3318.78,0.826378
24,5,13,3308.92,0.870989
24,5,14,3284.18,0.886429
24,5,15,3240.89,0.867194
24,5,16,3177.41,0.812553
24,5,17,3094.5,0.727361
24,5,18,2994.5,0.621278
24,5,19,2880.83,0.50716
24,5,20,2757.89,0.398145
24,5,21,2630.7,0.304846
24,5,22,2505.58,0.234265
24,5,23,2389.64,0.18857
24,5,24,2289.17,0.166029
24,5,25,2206.93,0.161948
24,5,26,2142.44,0.170083
24,5,27,2091.56,0.18385
24,5,28,2049.15,0.197231
24,5,29,2010.23,0.204985
24,5,30,1971.08,0.203907
24,5,31,1929.19,0.193144
24,5,32,1882.53,0.174126
24,5,33,1830.03,0.150015
24,5,34,1771.48,0.124761
24,5,35,1708.36,0.101851
24,5,36,1643.95,0.0836586
24,5,37,1582.92,0.0711344
24,5,38,1530.02,0.0638131
24,5,39,1488.5,0.0603427
24,5,40,1458.76,0.0588009
24,5,41,1438.95,0.0572029
24,5,42,1425.97,0.0542703
24,5,43,1416.65,0.0494558
24,5,44,1408.5,0.0429951
24,5,45,1399.64,0.0357367
24,5,46,1387.39,0.0284887
24,5,47,1368.13,0.0218561
24,5,48,1338.31,0.0161343
24,5,49,1296.27,0.0113938
24,6,0,2945.01,0.52699
24,6,1,3125.45,0.585781
24,6,2,3233.22,0.606531
24,6,3,3283.69,0.594307
24,6,4,3294.97,0.563676
24,6,5,3283.69,0.532801
24,6,6,3263.26,0.517117
24,6,7,3242.5,0.52518
24,6,8,3225.95,0.558595
24,6,9,3214.88,0.613013
24,6,10,3208.53,0.680037
24,6,11,3204.12,0.748816
24,6,12,3198.61,0.808741
24,6,13,3187.05,0.84915
24,6,14,3164.3,0.861909
24,6,15,3126.13,0.842322
24,6,16,3070.25,0.790031
24,6,17,2996.77,0.709573
24,6,18,2907.44,0.60956
24,6,19,2805.21,0.501398
24,6,20,2693.99,0.396949
24,6,21,2578.21,0.3062
24,6,22,2463.52,0.236208
24,6,23,2356.22,0.189758
24,6,24,2261.91,0.165863
24,6,25,2183.24,0.160611
24,6,26,2120.19,0.168293
24,6,27,2069.66,0.182619
24,6,28,2027.69,0.197712
24,6,29,1990.24,0.20826
24,6,30,1953.93,0.210725
24,6,31,1915.94,0.203622
24,6,32,1873.62,0.187598
24,6,33,1825.11,0.165236
24,6,34,1769.87,0.140421
24,6,35,1709.51,0.117145
24,6,36,1647.81,0.0985564
24,6,37,1589.93,0.0861994
24,6,38,1540.82,0.0796969
24,6,39,1503.52,0.0772206
24,6,40,1477.86,0.0761175
24,6,41,1461.51,0.0738173
24,6,42,1451.15,0.0688407
24,6,43,1443.71,0.0609417
24,6,44,1437.03,0.0509124
24,6,45,1429.46,0.0402512
24,6,46,1418.26,0.0302739
24,6,47,1399.4,0.0218242
24,6,48,1368.8,0.0151922
24,6,49,1324.41,0.010243
24,7,0,2902.71,0.512446
24,7,1,3079.84,0.570335
24,7,2,3184.89,0.591883
24,7,3,3232.24,0.581671
24,7,4,3238.99,0.553149
24,7,5,3221.05,0.523322
24,7,6,3191.41,0.506925
24,7,7,3158.97,0.51236
24,7,8,3128.87,0.541491
24,7,9,3103.52,0.590394
24,7,10,3083.72,0.651103
24,7,11,3068.24,0.713207
24,7,12,3055.42,0.766701
24,7,13,3041.02,0.801725
24,7,14,3020.03,0.81119
24,7,15,2987.84,0.791498
24,7,16,2941.43,0.742817
24,7,17,2880.02,0.669332
24,7,18,2804.41,0.578419
24,7,19,2716.66,0.479705
24,7,20,2619.88,0.383385
24,7,21,2517.61,0.29843
24,7,22,2414.71,0.231595
24,7,23,2316.65,0.186071
24,7,24,2228.49,0.16162
24,7,25,2153,0.155281
24,7,26,2090.86,0.162208
24,7,27,2040.22,0.176793
24,7,28,1998.4,0.193677
24,7,29,1962.31,0.207744
24,7,30,1928.88,0.215213
24,7,31,1894.97,0.213846
24,7,32,1857.29,0.203222
24,7,33,1813.31,0.184946
24,7,34,1762.14,0.162431
24,7,35,1705.52,0.139874
24,7,36,1647.61,0.121069
24,7,37,1593.89,0.108198
24,7,38,1549.33,0.101159
24,7,39,1516.61,0.0979266
24,7,40,1494.99,0.0954396
24,7,41,1481.78,0.0908688
24,7,42,1473.58,0.0827966
24,7,43,1467.61,0.0714158
24,7,44,1462.12,0.0580497
24,7,45,1455.71,0.0446581
24,7,46,1445.58,0.0327863
24,7,47,1427.26,0.0232346
24,7,48,1396.15,0.0161032
24,7,49,1349.79,0.0110014
24,8,0,2862.67,0.491697
24,8,1,3034.84,0.547317
24,8,2,3135.61,0.568509
24,8,3,3178.64,0.559433
24,8,4,3180.24,0.532438
24,8,5,3155.71,0.503289
24,8,6,3117.59,0.485923
24,8,7,3074.57,0.488469
24,8,8,3031.95,0.512969
24,8,9,2992.81,0.555861
24,8,10,2959.2,0.609608
24,8,11,2931.47,0.664332
24,8,12,2909.67,0.710783
24,8,13,2890.79,0.740128
24,8,14,2870.39,0.746419
24,8,15,2843.67,0.727124
24,8,16,2806.9,0.682827
24,8,17,2758.18,0.617259
24,8,18,2697.07,0.536566
24,8,19,2624.53,0.448681
24,8,20,2542.62,0.362171
24,8,21,2454.01,0.284889
24,8,22,2362.73,0.22301
24,8,23,2273.5,0.179826
24,8,24,2190.91,0.15566
24,8,25,2117.91,0.148439
24,8,26,2055.9,0.154327
24,8,27,2004.38,0.168645
24,8,28,1961.97,0.186853
24,8,29,1926.66,0.204272
24,8,30,1895.79,0.217062
24,8,31,1865.92,0.222294
24,8,32,1833.23,0.218398
24,8,33,1794.49,0.205767
24,8,34,1748.42,0.186986
24,8,35,1696.75,0.166095
24,8,36,1643.8,0.147259
24,8,37,1595.12,0.133233
24,8,38,1555.5,0.124331
24,8,39,1527.24,0.118657
24,8,40,1509.13,0.113149
24,8,41,1498.3,0.105106
24,8,42,1491.5,0.0934362
24,8,43,1486.37,0.0788338
24,8,44,1481.61,0.0630278
24,8,45,1476.1,0.0481595
24,8,46,1466.93,0.0356821
24,8,47,1449.26,0.0260631
24,8,48,1417.98,0.0190407
24,8,49,1370.3,0.013941
24,9,0,2825.57,0.467872
24,9,1,2992.66,0.520472
24,9,2,3089.24,0.540617
24,9,3,3128.42,0.532187
24,9,4,3125.99,0.506602
24,9,5,3096.75,0.478442
24,9,6,3052.74,0.46076
24,9,7,3002.2,0.461178
24,9,8,2950.04,0.481673
24,9,9,2899.43,0.518867
24,9,10,2853.2,0.565663
24,9,11,2813.12,0.612907
24,9,12,2781.05,0.652352
24,9,13,2755.66,0.676393
24,9,14,2733.48,0.680177
24,9,15,2709.9,0.661954
24,9,16,2680.58,0.622407
24,9,17,2642.46,0.564668
24,9,18,2593.85,0.493792
24,9,19,2534.58,0.416381
24,9,20,2465.76,0.339709
24,9,21,2389.24,0.270615
24,9,22,2308.35,0.214518
24,9,23,2227.06,0.174468
24,9,24,2149.44,0.151064
24,9,25,2078.41,0.142918
24,9,26,2015.93,0.14721
24,9,27,1962.74,0.160307
24,9,28,1918.85,0.178673
24,9,29,1883.43,0.198273
24,9,30,1854.45,0.215433
24,9,31,1828.43,0.226741
24,9,32,1801.07,0.229612
24,9,33,1768.46,0.223183
24,9,34,1728.79,0.208956
24,9,35,1683.48,0.190428
24,9,36,1636.68,0.171776
24,9,37,1593.73,0.156156
24,9,38,1559.1,0.144406
24,9,39,1534.78,0.135091
24,9,40,1519.28,0.125584
24,9,41,1509.82,0.113679
24,9,42,1503.5,0.0987902
24,9,43,1498.49,0.0820502
24,9,44,1493.94,0.0653616
24,9,45,1488.94,0.050715
24,9,46,1480.52,0.0391659
24,9,47,1463.5,0.0306168
24,9,48,1432.38,0.0243296
24,9,49,1384.1,0.0193638
24,10,0,2789.78,0.442552
24,10,1,2953.02,0.492052
24,10,2,3046.89,0.511139
24,10,3,3084.14,0.503534
24,10,4,3080.12,0.479914
24,10,5,3049.32,0.453755
24,10,6,3003.24,0.437113
24,10,7,2949.4,0.436824
24,10,8,2891.96,0.454498
24,10,9,2833.6,0.48676
24,10,10,2777.35,0.527011
24,10,11,2726.05,0.567065
24,10,12,2683.23,0.599934
24,10,13,2649.36,0.619366
24,10,14,2622.32,0.621461
24,10,15,2598,0.60487
24,10,16,2571.8,0.570048
24,10,17,2539.77,0.519437
24,10,18,2499.22,0.45724
24,10,19,2449.15,0.389166
24,10,20,2389.88,0.321585
24,10,21,2322.71,0.260458
24,10,22,2250.31,0.210291
24,10,23,2175.92,0.173578
24,10,24,2102.93,0.150905
24,10,25,2033.93,0.141377
24,10,26,1971.15,0.14316
24,10,27,1916.27,0.153726
24,10,28,1870.59,0.170633
24,10,29,1834.57,0.190605
24,10,30,1807.05,0.210319
24,10,31,1784.78,0.226122
24,10,32,1763.13,0.234659
24,10,33,1737.52,0.233926
24,10,34,1705.44,0.224235
24,10,35,1667.67,0.208248
24,10,36,1627.83,0.189819
24,10,37,1590.84,0.172328
24,10,38,1560.77,0.15721
24,10,39,1539.47,0.143791
24,10,40,1525.49,0.130233
24,10,41,1516.38,0.115066
24,10,42,1509.75,0.098243
24,10,43,1504.28,0.0811342
24,10,44,1499.51,0.0655123
24,10,45,1494.62,0.0528998
24,10,46,1486.54,0.043728
24,10,47,1469.95,0.037211
24,10,48,1439.1,0.0321092
24,10,49,1390.76,0.027282
24,11,0,2752.72,0.415974
24,11,1,2913.96,0.462943
24,11,2,3007.29,0.481761
24,11,3,3045.09,0.475976
24,11,4,3042.4,0.455549
24,11,5,3013.42,0.432817
24,11,6,2969.14,0.418687
24,11,7,2916.29,0.418994
24,11,8,2857.99,0.434803
24,11,9,2796.07,0.462701
24,11,10,2733.23,0.496729
24,11,11,2672.83,0.529904
24,11,12,2619.67,0.556637
24,11,13,2575.93,0.572012
24,11,14,2540.96,0.572881
24,11,15,2511.49,0.558009
24,11,16,2483.14,0.52747
24,11,17,2451.53,0.483109
24,11,18,2413.47,0.428561
24,11,19,2367.5,0.368988
24,11,20,2313.49,0.310068
24,11,21,2252.38,0.256853
24,11,22,2186.31,0.212726
24,11,23,2117.85,0.179348
24,11,24,2049.58,0.157095
24,11,25,1983.53,0.145486
24,11,26,1921.77,0.143717
24,11,27,1866.54,0.150436
24,11,28,1820.14,0.164308
24,11,29,1784.21,0.182825
24,11,30,1758.54,0.203066
24,11,31,1740.31,0.221285
24,11,32,1724.75,0.2336
24,11,33,1706.66,0.237093
24,11,34,1682.74,0.23097
24,11,35,1652.92,0.216968
24,11,36,1620.08,0.198438
24,11,37,1588.55,0.178878
24,11,38,1562.12,0.160368
24,11,39,1542.72,0.143171
24,11,40,1529.24,0.126418
24,11,41,1519.8,0.109419
24,11,42,1512.52,0.0925253
24,11,43,1506.5,0.0770574
24,11,44,1501.38,0.0643596
24,11,45,1496.29,0.0552614
24,11,46,1488.06,0.0494723
24,11,47,1471.32,0.0455327
24,11,48,1440.34,0.0417703
24,11,49,1391.93,0.0369519
24,12,0,2712.85,0.388839
24,12,1,2873.86,0.434524
24,12,2,2968.7,0.454641
24,12,3,3009.28,0.452352
24,12,4,3010.41,0.436681
24,12,5,2986.04,0.418642
24,12,6,2946.7,0.407834
24,12,7,2898.35,0.409085
24,12,8,2843.02,0.423011
24,12,9,2781.4,0.446391
24,12,10,2715.48,0.474139
24,12,11,2648.6,0.500602
24,12,12,2586.31,0.521512
24,12,13,2532.15,0.53305
24,12,14,2486.97,0.532598
24,12,15,2448.62,0.518919
24,12,16,2413.34,0.491825
24,12,17,2376.91,0.452871
24,12,18,2336.11,0.405438
24,12,19,2289.4,0.354307
24,12,20,2236.46,0.304426
24,12,21,2178.13,0.259696
24,12,22,2116.19,0.222103
24,12,23,2052.68,0.192245
24,12,24,1989.47,0.170191
24,12,25,1927.89,0.155925
24,12,26,1869.56,0.149769
24,12,27,1816.81,0.151655
24,12,28,1772.37,0.161337
24,12,29,1738.67,0.177005
24,12,30,1716.29,0.196054
24,12,31,1702.84,0.214663
24,12,32,1693.56,0.228588
24,12,33,1682.84,0.23425
24,12,34,1666.64,0.23
24,12,35,1644.05,0.216783
24,12,36,1617.18,0.197474
24,12,37,1589.82,0.175677
24,12,38,1565.66,0.154124
24,12,39,1546.99,0.134035
24,12,40,1533.31,0.11548
24,12,41,1523.38,0.0983989
24,12,42,1515.78,0.0832873
24,12,43,1509.71,0.0711304
24,12,44,1504.62,0.0626269
24,12,45,1499.3,0.0578272
24,12,46,1490.4,0.0557552
24,12,47,1472.66,0.0544128
24,12,48,1440.59,0.0518379
24,12,49,1391.33,0.0468287
24,13,0,2667.83,0.362519
24,13,1,2829.9,0.408802
24,13,2,2927.72,0.432454
24,13,3,2972.72,0.43582
24,13,4,2979.43,0.426517
24,13,5,2961.6,0.413882
24,13,6,2929.38,0.406078
24,13,7,2887.98,0.407143
24,13,8,2838.37,0.417697
24,13,9,2780.05,0.435245
24,13,10,2713.98,0.455938
24,13,11,2643.06,0.475484
24,13,12,2573.08,0.490645
24,13,13,2508.61,0.498272
24,13,14,2451.91,0.496007
24,13,15,2402.17,0.482632
24,13,16,2356.61,0.457994
24,13,17,2311.6,0.423773
24,13,18,2264.19,0.383379
24,13,19,2213.02,0.341224
24,13,20,2157.79,0.301319
24,13,21,2099.42,0.266087
24,13,22,2039.62,0.235869
24,13,23,1980.17,0.210063
24,13,24,1922.47,0.188396
24,13,25,1867.22,0.171402
24,13,26,1815.41,0.160613
24,13,27,1768.93,0.157318
24,13,28,1730.37,0.162312
24,13,29,1702.3,0.174394
24,13,30,1685.61,0.191117
24,13,31,1678.2,0.208506
24,13,32,1675.4,0.222028
24,13,33,1671.38,0.227688
24,13,34,1661.64,0.22333
24,13,35,1644.63,0.209415
24,13,36,1621.87,0.188533
24,13,37,1596.89,0.164459
24,13,38,1573.53,0.140514
24,13,39,1554.63,0.118724
24,13,40,1540.52,0.0998715
24,13,41,1530.59,0.0842491
24,13,42,1523.65,0.0722204
24,13,43,1518.71,0.0642365
24,13,44,1514.61,0.0602794
24,13,45,1509.49,0.0596922
24,13,46,1499.62,0.0609678
24,13,47,1479.89,0.0617866
24,13,48,1445.34,0.0600739
24,13,49,1393.71,0.0547651
24,14,0,2616.27,0.33969
24,14,1,2780.05,0.388856
24,14,2,2881.73,0.418507
24,14,3,2932.13,0.42966
24,14,4,2945.49,0.427948
24,14,5,2935.35,0.420654
24,14,6,2911.46,0.414426
24,14,7,2878.35,0.412913
24,14,8,2836,0.417406
24,14,9,2782.74,0.426877
24,14,10,2718.41,0.439157
24,14,11,2645.24,0.451312
24,14,12,2568.91,0.460742
24,14,13,2494.71,0.464448
24,14,14,2426.24,0.460015
24,14,15,2364.11,0.44625
24,14,16,2306.8,0.423289
24,14,17,2251.43,0.393271
24,14,18,2195.51,0.359824
24,14,19,2137.84,0.326947
24,14,20,2078.27,0.297567
24,14,21,2017.96,0.272468
24,14,22,1958.81,0.250287
24,14,23,1902.74,0.229205
24,14,24,1850.92,0.208565
24,14,25,1803.66,0.189408
24,14,26,1761.2,0.174379
24,14,27,1724.69,0.166089
24,14,28,1695.94,0.166321
24,14,29,1677.05,0.174461
24,14,30,1668.68,0.188145
24,14,31,1668.74,0.203209
24,14,32,1672.59,0.21487
24,14,33,1674.43,0.2189
24,14,34,1669.58,0.21294
24,14,35,1656.18,0.197265
24,14,36,1635.48,0.174392
24,14,37,1611.07,0.148319
24,14,38,1587.19,0.122822
24,14,39,1567.45,0.10048
24,14,40,1553.05,0.0824956
24,14,41,1543.98,0.0692252
24,14,42,1539.09,0.0607124
24,14,43,1536.87,0.0568173
24,14,44,1535.18,0.0568814
24,14,45,1531.12,0.0597206
24,14,46,1520.37,0.0635045
24,14,47,1497.93,0.0658179
24,14,48,1459.45,0.064631
24,14,49,1403.56,0.059078
24,15,0,2558.19,0.322857
24,15,1,2723.83,0.377027
24,15,2,2829.75,0.414687
24,15,3,2886.06,0.435109
24,15,4,2906.62,0.441504
24,15,5,2904.67,0.438832
24,15,6,2889.52,0.432255
24,15,7,2865.01,0.425438
24,15,8,2830.24,0.421002
24,15,9,2782.57,0.420072
24,15,10,2720.86,0.422574
24,15,11,2646.57,0.426922
24,15,12,2565.07,0.430814
24,15,13,2482.11,0.430938
24,15,14,2402.48,0.424508
24,15,15,2328.29,0.410256
24,15,16,2259.35,0.388648
24,15,17,2193.63,0.362363
24,15,18,2129.03,0.335286
24,15,19,2064.45,0.311001
24,15,20,1999.9,0.291431
24,15,21,1936.88,0.275915
24,15,22,1877.71,0.26164
24,15,23,1824.7,0.2457
24,15,24,1779.08,0.226952
24,15,25,1740.87,0.206683
24,15,26,1709.59,0.188305
24,15,27,1685.43,0.175521
24,15,28,1669.15,0.17105
24,15,29,1661.9,0.174952
24,15,30,1663.74,0.185061
24,15,31,1672.31,0.197122
24,15,32,1682.96,0.206181
24,15,33,1690,0.207883
24,15,34,1688.8,0.199825
24,15,35,1677.48,0.182249
24,15,36,1657.3,0.1577
24,15,37,1632.14,0.130357
24,15,38,1606.87,0.10427
24,15,39,1585.98,0.0823011
24,15,40,1571.58,0.065814
24,15,41,1564.23,0.0550497
24,15,42,1562.7,0.0496807
24,15,43,1564.75,0.049064
24,15,44,1566.96,0.0520809
24,15,45,1565.11,0.0572396
24,15,46,1554.02,0.0625771
24,15,47,1528.62,0.0657526
24,15,48,1485.17,0.0648761
24,15,49,1423.34,0.0592871
24,16,0,2495.92,0.312557
24,16,1,2663.22,0.372886
24,16,2,2773.34,0.419305
24,16,3,2835.62,0.449197
24,16,4,2863.39,0.463261
24,16,5,2869.42,0.464142
24,16,6,2862.5,0.455646
24,16,7,2845.83,0.441727
24,16,8,2817.87,0.426717
24,16,9,2775.33,0.414259
24,16,10,2716.32,0.406562
24,16,11,2641.62,0.403349
24,16,12,2556.15,0.402392
24,16,13,2465.86,0.399771
24,16,14,2376.51,0.392086
24,16,15,2291.63,0.377807
24,16,16,2212.33,0.357557
24,16,17,2137.42,0.334386
24,16,18,2065.14,0.312358
24,16,19,1994.38,0.294732
24,16,20,1925.33,0.282778
24,16,21,1859.91,0.274936
24,16,22,1800.96,0.267477
24,16,23,1751.24,0.256649
24,16,24,1712.08,0.240658
24,16,25,1683.29,0.220561
24,16,26,1663.68,0.199964
24,16,27,1652.46,0.183271
24,16,28,1649.32,0.174061
24,16,29,1654.37,0.17326
24,16,30,1666.93,0.179194
24,16,31,1684.27,0.187794
24,16,32,1701.66,0.194088
24,16,33,1713.54,0.19365
24,16,34,1715.42,0.18404
24,16,35,1705.49,0.165416
24,16,36,1685.17,0.140277
24,16,37,1658.69,0.112831
24,16,38,1631.65,0.0871861
24,16,39,1609.42,0.0662659
24,16,40,1595.13,0.0514444
24,16,41,1589.9,0.0428088
24,16,42,1592.43,0.039749
24,16,43,1599.68,0.0413026
24,16,44,1606.85,0.0461106
24,16,45,1608.25,0.0525642
24,16,46,1597.61,0.0586935
24,16,47,1569.64,0.0623088
24,16,48,1521.03,0.0616782
24,16,49,1452.39,0.0563069
24,17,0,2434.57,0.306051
24,17,1,2603.22,0.371919
24,17,2,2717.22,0.425915
24,17,3,2785.01,0.463794
24,17,4,2819.24,0.484102
24,17,5,2832.09,0.487503
24,17,6,2831.8,0.47669
24,17,7,2821.14,0.455964
24,17,8,2798.32,0.43129
24,17,9,2759.81,0.408654
24,17,10,2703.25,0.392343
24,17,11,2628.81,0.383188
24,17,12,2540.81,0.378892
24,17,13,2445.13,0.374832
24,17,14,2348.16,0.366907
24,17,15,2254.64,0.353185
24,17,16,2166.89,0.33421
24,17,17,2084.5,0.313143
24,17,18,2006,0.294112
24,17,19,1930.32,0.280229
24,17,20,1857.9,0.272622
24,17,21,1791.11,0.269567
24,17,22,1733.31,0.267076
24,17,23,1687.58,0.260834
24,17,24,1655.17,0.24821
24,17,25,1635.56,0.229472
24,17,26,1626.87,0.207763
24,17,27,1627.49,0.187715
24,17,28,1636.24,0.17367
24,17,29,1652.43,0.167614
24,17,30,1674.71,0.168748
24,17,31,1700.08,0.173542
24,17,32,1723.71,0.177228
24,17,33,1740.15,0.175363
24,17,34,1745.04,0.165371
24,17,35,1736.56,0.147153
24,17,36,1716.19,0.122956
24,17,37,1688.48,0.0967944
24,17,38,1659.61,0.0726093
24,17,39,1635.85,0.0532371
24,17,40,1621.35,0.040018
24,17,41,1617.91,0.0329605
24,17,42,1624.26,0.0313391
24,17,43,1636.64,0.0340812
24,17,44,1648.94,0.0397825
24,17,45,1654.06,0.0468389
24,17,46,1644.64,0.0533216
24,17,47,1614.97,0.0571852
24,17,48,1561.91,0.0568192
24,17,49,1486.77,0.0518383
24,18,0,2381.93,0.299325
24,18,1,2551.8,0.36829
24,18,2,2669.04,0.426814
24,18,3,2741.11,0.469635
24,18,4,2779.87,0.4939
24,18,5,2796.92,0.498935
24,18,6,2800.2,0.48665
24,18,7,2792.54,0.46155
24,18,8,2772.45,0.430723
24,18,9,2736.57,0.401786
24,18,10,2682.31,0.380462
24,18,11,2609.18,0.368296
24,18,12,2520.64,0.362814
24,18,13,2422.14,0.358772
24,18,14,2320.27,0.351473
24,18,15,2220.63,0.338594
24,18,16,2126.56,0.320491
24,18,17,2038.38,0.300238
24,18,18,1955.03,0.281954
24,18,19,1875.62,0.268797
24,18,20,1801.03,0.262219
24,18,21,1734.15,0.260986
24,18,22,1678.76,0.261425
24,18,23,1637.94,0.258927
24,18,24,1612.61,0.249901
24,18,25,1601.66,0.233383
24,18,26,1602.52,0.211523
24,18,27,1612.91,0.188743
24,18,28,1631.11,0.169991
24,18,29,1655.92,0.1584
24,18,30,1685.68,0.154333
24,18,31,1717.25,0.155115
24,18,32,1745.87,0.156419
24,18,33,1766.24,0.153869
24,18,34,1774.03,0.144681
24,18,35,1767.3,0.128318
24,18,36,1747.4,0.106547
24,18,37,1718.9,0.0829329
24,18,38,1688.38,0.0610543
24,18,39,1662.84,0.0435645
24,18,40,1647.44,0.0317892
24,18,41,1644.74,0.0257899
24,18,42,1653.66,0.0249109
24,18,43,1669.94,0.0281484
24,18,44,1686.48,0.0341826
24,18,45,1694.99,0.0414612
24,18,46,1687.2,0.0480873
24,18,47,1656.88,0.052109
24,18,48,1600.81,0.0519895
24,18,49,1520.56,0.0474121
24,19,0,2346.83,0.288986
24,19,1,2518.28,0.357432
24,19,2,2637.99,0.416298
24,19,3,2712.43,0.460113
24,19,4,2752.71,0.485588
24,19,5,2770.11,0.491522
24,19,6,2772.83,0.479438
24,19,7,2764.44,0.453794
24,19,8,2744.36,0.422027
24,19,9,2709.8,0.392323
24,19,10,2657.99,0.370899
24,19,11,2587.63,0.359446
24,19,12,2501,0.355192
24,19,13,2402.65,0.352456
24,19,14,2298.84,0.34619
24,19,15,2195.59,0.333889
24,19,16,2097.05,0.315809
24,19,17,2004.29,0.294934
24,19,18,1916.87,0.275385
24,19,19,1834.36,0.260528
24,19,20,1758.32,0.252422
24,19,21,1692.26,0.250705
24,19,22,1640.24,0.252362
24,19,23,1605.1,0.252696
24,19,24,1587.1,0.247179
24,19,25,1584.3,0.233433
24,19,26,1593.35,0.212334
24,19,27,1611.41,0.187773
24,19,28,1636.43,0.165068
24,19,29,1666.96,0.148383
24,19,30,1701.29,0.139294
24,19,31,1736.42,0.136134
24,19,32,1767.86,0.135197
24,19,33,1790.6,0.132318
24,19,34,1800.42,0.124533
24,19,35,1795.18,0.110812
24,19,36,1775.91,0.092301
24,19,37,1746.93,0.0719384
24,19,38,1714.89,0.052787
24,19,39,1687.3,0.0372645
24,19,40,1670.19,0.0267103
24,19,41,1666.85,0.021354
24,19,42,1676.54,0.020748
24,19,43,1694.79,0.0240652
24,19,44,1713.87,0.0301202
24,19,45,1724.77,0.0374017
24,19,46,1718.54,0.0440143
24,19,47,1688.51,0.0480553
24,19,48,1631.13,0.0480462
24,19,49,1547.88,0.0437339
24,20,0,2335.68,0.274837
24,20,1,2509.46,0.339256
24,20,2,2630.8,0.394409
24,20,3,2705.29,0.435387
24,20,4,2743.54,0.459388
24,20,5,2756.97,0.465489
24,20,6,2754.72,0.455216
24,20,7,2741.83,0.432759
24,20,8,2719.23,0.405127
24,20,9,2684.94,0.380014
24,20,10,2636,0.363174
24,20,11,2570.03,0.355873
24,20,12,2487.81,0.354924
24,20,13,2392.49,0.354401
24,20,14,2289.55,0.349179
24,20,15,2184.95,0.33686
24,20,16,2083.41,0.317843
24,20,17,1986.8,0.295192
24,20,18,1895.55,0.273107
24,20,19,1810.06,0.255244
24,20,20,1732.79,0.244307
24,20,21,1667.91,0.24084
24,20,22,1619.65,0.24257
24,20,23,1590.43,0.244866
24,20,24,1579.69,0.242456
24,20,25,1584.5,0.231698
24,20,26,1600.67,0.212219
24,20,27,1624.77,0.187208
24,20,28,1654.45,0.162068
24,20,29,1688.11,0.141661
24,20,30,1724.11,0.128566
24,20,31,1759.8,0.122055
24,20,32,1791.17,0.119108
24,20,33,1813.76,0.115904
24,20,34,1823.67,0.109424
24,20,35,1818.67,0.0982343
24,20,36,1799.39,0.0828671
24,20,37,1769.76,0.0655736
24,20,38,1736.21,0.0488481
24,20,39,1706.48,0.0348728
24,20,40,1687.12,0.025032
24,20,41,1682.02,0.019803
24,20,42,1690.73,0.0190233
24,20,43,1708.83,0.0220769
24,20,44,1728.43,0.0278925
24,20,45,1740.24,0.034949
24,20,46,1735.07,0.0413184
24,20,47,1705.86,0.0451282
24,20,48,1648.68,0.0449812
24,20,49,1564.63,0.0407175
24,21,0,2350.69,0.260003
24,21,1,2527.66,0.318283
24,21,2,2649.95,0.367076
24,21,3,2722.49,0.402553
24,21,4,2755.76,0.423063
24,21,5,2761.8,0.428579
24,21,6,2751.21,0.420967
24,21,7,2731.08,0.404025
24,21,8,2704.18,0.383801
24,21,9,2669.46,0.366736
24,21,10,2623.7,0.357442
24,21,11,2563.29,0.356376
24,21,12,2487.24,0.359879
24,21,13,2397.04,0.361946
24,21,14,2296.92,0.357577
24,21,15,2192.44,0.344718
24,21,16,2088.66,0.324153
24,21,17,1988.37,0.29924
24,21,18,1893.1,0.274335
24,21,19,1804.39,0.253371
24,21,20,1725.7,0.239524
24,21,21,1661.86,0.234041
24,21,22,1617.13,0.235285
24,21,23,1593.44,0.238825
24,21,24,1589.39,0.238986
24,21,25,1601.07,0.231264
24,21,26,1623.47,0.214299
24,21,27,1652.46,0.190538
24,21,28,1685.34,0.165153
24,21,29,1720.25,0.143237
24,21,30,1755.57,0.127944
24,21,31,1789.01,0.119218
24,21,32,1817.22,0.114644
24,21,33,1836.57,0.110829
24,21,34,1843.73,0.104868
24,21,35,1836.72,0.0951378
24,21,36,1815.98,0.0817201
24,21,37,1785.01,0.0662766
24,21,38,1749.9,0.0507967
24,21,39,1718.26,0.0372863
24,21,40,1696.75,0.0272047
24,21,41,1689.43,0.0213137
24,21,42,1696.05,0.0197492
24,21,43,1712.33,0.0220842
24,21,44,1730.59,0.0272998
24,21,45,1741.78,0.0338
24,21,46,1736.8,0.0395965
24,21,47,1708.48,0.0428514
24,21,48,1652.52,0.0422899
24,21,49,1569.5,0.0378812
24,22,0,2389.25,0.24918
24,22,1,2569.98,0.301225
24,22,2,2692.66,0.343081
24,22,3,2762.02,0.372173
24,22,4,2788.77,0.388291
24,22,5,2785.85,0.392617
24,22,6,2765.58,0.38756
24,22,7,2737.16,0.376522
24,22,8,2705.26,0.364386
24,22,9,2669.71,0.356056
24,22,10,2627.01,0.35476
24,22,11,2572.32,0.36007
24,22,12,2502.9,0.367924
24,22,13,2418.51,0.372377
24,22,14,2322.03,0.368654
24,22,15,2218.33,0.355139
24,22,16,2112.63,0.333113
24,22,17,2008.66,0.30634
24,22,18,1909.17,0.279324
24,22,19,1817.02,0.256163
24,22,20,1736.61,0.240233
24,22,21,1673.32,0.233177
24,22,22,1631.34,0.233826
24,22,23,1612.11,0.238079
24,22,24,1613.53,0.240267
24,22,25,1630.88,0.235553
24,22,26,1658.41,0.221965
24,22,27,1691.36,0.201268
24,22,28,1726.53,0.178112
24,22,29,1761.59,0.157322
24,22,30,1794.77,0.142104
24,22,31,1823.93,0.13268
24,22,32,1846.38,0.127029
24,22,33,1859.44,0.122187
24,22,34,1860.73,0.115518
24,22,35,1848.94,0.10548
24,22,36,1824.77,0.0919769
24,22,37,1791.52,0.0763091
24,22,38,1754.86,0.060133
24,22,39,1721.97,0.045396
24,22,40,1699.1,0.0336788
24,22,41,1689.97,0.0260447
24,22,42,1694.24,0.022909
24,22,43,1707.82,0.0239845
24,22,44,1723.48,0.0282221
24,22,45,1732.75,0.0338664
24,22,46,1727.03,0.0388186
24,22,47,1699.24,0.0412578
24,22,48,1644.89,0.0400487
24,22,49,1564.04,0.0353147
24,23,0,2444.62,0.245707
24,23,1,2629.13,0.293081
24,23,2,2751.87,0.329249
24,23,3,2817.84,0.352776
24,23,4,2838.3,0.364821
24,23,5,2827.16,0.367756
24,23,6,2798.24,0.364545
24,23,7,2762.54,0.358244
24,23,8,2726.22,0.352657
24,23,9,2689.77,0.351283
24,23,10,2649.41,0.356142
24,23,11,2599.31,0.36614
24,23,12,2535.34,0.377032
24,23,13,2455.83,0.383096
24,23,14,2362.42,0.379831
24,23,15,2259.3,0.36603
24,23,16,2151.71,0.343404
24,23,17,2044.22,0.316047
24,23,18,1940.75,0.288463
24,23,19,1845.34,0.264719
24,23,20,1763.21,0.248105
24,23,21,1700.05,0.240383
24,23,22,1659.88,0.240731
24,23,23,1643.65,0.245512
24,23,24,1648.77,0.249453
24,23,25,1669.97,0.247885
24,23,26,1701.07,0.238592
24,23,27,1736.8,0.222729
24,23,28,1773.41,0.204181
24,23,29,1808,0.187045
24,23,30,1838.3,0.174063
24,23,31,1862.06,0.165325
24,23,32,1877.02,0.158949
24,23,33,1881.45,0.152352
24,23,34,1874.2,0.14332
24,23,35,1855.15,0.130683
24,23,36,1825.72,0.114512
24,23,37,1789.4,0.0960525
24,23,38,1751.48,0.0768615
24,23,39,1718.41,0.0589623
24,23,40,1695.49,0.0440979
24,23,41,1685.67,0.0336238
24,23,42,1688.15,0.0281876
24,23,43,1698.96,0.0275828
24,23,44,1711.49,0.030646
24,23,45,1718.06,0.035367
24,23,46,1710.79,0.039449
24,23,47,1682.94,0.0410214
24,23,48,1630,0.0390518
24,23,49,1551.68,0.0338152
24,24,0,2508.27,0.249542
24,24,1,2696.01,0.294464
24,24,2,2818.62,0.327167
24,24,3,2881.83,0.347079
24,24,4,2897.64,0.3564
24,24,5,2880.82,0.358388
24,24,6,2846.22,0.356373
24,24,7,2805.91,0.35309
24,24,8,2766.86,0.351491
24,24,9,2729.81,0.354049
24,24,10,2690.73,0.361995
24,24,11,2643.18,0.373958
24,24,12,2582.25,0.385831
24,24,13,2505.41,0.39232
24,24,14,2413.52,0.389267
24,24,15,2310.25,0.375773
24,24,16,2200.81,0.353774
24,24,17,2090.39,0.327451
24,24,18,1983.74,0.301063
24,24,19,1885.82,0.278427
24,24,20,1802.31,0.262545
24,24,21,1738.97,0.255167
24,24,22,1699.59,0.255788
24,24,23,1684.72,0.261379
24,24,24,1691.44,0.267357
24,24,25,1714.27,0.269562
24,24,26,1746.94,0.265753
24,24,27,1783.88,0.256478
24,24,28,1820.91,0.244609
24,24,29,1854.45,0.233126
24,24,30,1881.54,0.223886
24,24,31,1899.48,0.216525
24,24,32,1906.18,0.209141
24,24,33,1900.71,0.199554
24,24,34,1883.29,0.186166
24,24,35,1855.33,0.168478
24,24,36,1819.49,0.147066
24,24,37,1779.79,0.123412
24,24,38,1741.2,0.0991697
24,24,39,1709.2,0.0765164
24,24,40,1687.73,0.0573644
24,24,41,1678.56,0.0433287
24,24,42,1680.27,0.0352396
24,24,43,1688.92,0.0329296
24,24,44,1698.52,0.0350509
24,24,45,1702.24,0.0392294
24,24,46,1693,0.0428253
24,24,47,1664.55,0.043771
24,24,48,1612.54,0.0410323
24,24,49,1536.45,0.0350131
24,25,0,2571.87,0.257942
24,25,1,2761.85,0.302195
24,25,2,2884.17,0.333505
24,25,3,2945.59,0.35191
24,25,4,2958.95,0.360251
24,25,5,2939.66,0.362238
24,25,6,2903.08,0.361257
24,25,7,2861.6,0.359675
24,25,8,2822.12,0.359799
24,25,9,2785.2,0.36346
24,25,10,2746.52,0.371515
24,25,11,2699.43,0.38268
24,25,12,2638.91,0.393327
24,25,13,2562.27,0.398813
24,25,14,2470.23,0.395471
24,25,15,2366.27,0.382648
24,25,16,2255.55,0.362293
24,25,17,2143.53,0.338369
24,25,18,2035.31,0.314633
24,25,19,1936.25,0.294462
24,25,20,1852.11,0.280461
24,25,21,1788.51,0.274344
24,25,22,1748.99,0.275983
24,25,23,1733.83,0.283078
24,25,24,1740.01,0.291916
24,25,25,1762.15,0.299
24,25,26,1794.12,0.302109
24,25,27,1830.33,0.30106
24,25,28,1866.28,0.297433
24,25,29,1897.76,0.292763
24,25,30,1921.01,0.28774
24,25,31,1932.77,0.281409
24,25,32,1930.88,0.271886
24,25,33,1915.08,0.257568
24,25,34,1886.93,0.237741
24,25,35,1849.56,0.212861
24,25,36,1807.14,0.184266
24,25,37,1764.4,0.153845
24,25,38,1726.01,0.12343
24,25,39,1696.26,0.0953294
24,25,40,1677.54,0.0715769
24,25,41,1670.27,0.0539948
24,25,42,1672.32,0.043558
24,25,43,1679.75,0.0401251
24,25,44,1687.18,0.0421176
24,25,45,1688.52,0.0466825
24,25,46,1677.41,0.0506382
24,25,47,1648.1,0.0514983
24,25,48,1596.47,0.0480634
24,25,49,1521.95,0.0408351
24,26,0,2628.63,0.266933
24,26,1,2819.66,0.311216
24,26,2,2941.41,0.342296
24,26,3,3001.87,0.360695
24,26,4,3014.73,0.36959
24,26,5,2995.9,0.372738
24,26,6,2960.8,0.373234
24,26,7,2921.44,0.372946
24,26,8,2884.03,0.373615
24,26,9,2848.44,0.376653
24,26,10,2810,0.382813
24,26,11,2762.15,0.391154
24,26,12,2700.29,0.398795
24,26,13,2622.28,0.401963
24,26,14,2529.26,0.397659
24,26,15,2424.89,0.38547
24,26,16,2314.28,0.367193
24,26,17,2202.74,0.346337
24,26,18,2095.14,0.325991
24,26,19,1996.66,0.308992
24,26,20,1912.73,0.297535
24,26,21,1848.76,0.293348
24,26,22,1808.18,0.296755
24,26,23,1791.21,0.306264
24,26,24,1794.98,0.319091
24,26,25,1814.36,0.332381
24,26,26,1843.5,0.343797
24,26,27,1876.86,0.352176
24,26,28,1909.68,0.357504
24,26,29,1937.27,0.359628
24,26,30,1955.22,0.357986
24,26,31,1959.79,0.351159
24,26,32,1948.81,0.337584
24,26,33,1922.61,0.316592
24,26,34,1884,0.288665
24,26,35,1837.75,0.255392
24,26,36,1789.47,0.218944
24,26,37,1744.56,0.181593
24,26,38,1707.29,0.145257
24,26,39,1680.7,0.112246
24,26,40,1665.59,0.0846221
24,26,41,1661.11,0.0643667
24,26,42,1664.5,0.0525966
24,26,43,1671.85,0.0492232
24,26,44,1678.3,0.052423
24,26,45,1678.31,0.0587586
24,26,46,1666.05,0.0642815
24,26,47,1636.1,0.065817
24,26,48,1584.56,0.061805
24,26,49,1510.91,0.0528129
24,27,0,2674.56,0.273892
24,27,1,2865.44,0.317893
24,27,2,2986.17,0.348816
24,27,3,3046.01,0.3677
24,27,4,3059.51,0.377943
24,27,5,3042.97,0.383131
24,27,6,3011.66,0.385809
24,27,7,2976.8,0.387168
24,27,8,2943.45,0.388297
24,27,9,2910.52,0.390214
24,27,10,2872.92,0.393659
24,27,11,2824.35,0.398144
24,27,12,2760.94,0.401724
24,27,13,2681.53,0.401634
24,27,14,2588.11,0.39569
24,27,15,2484.77,0.383733
24,27,16,2376.47,0.367333
24,27,17,2267.97,0.349431
24,27,18,2163.38,0.332434
24,27,19,2067.22,0.318655
24,27,20,1984.41,0.309937
24,27,21,1920.11,0.308058
24,27,22,1877.88,0.313828
24,27,23,1858.17,0.326561
24,27,24,1858.37,0.344343
24,27,25,1873.64,0.364801
24,27,26,1898.28,0.385252
24,27,27,1926.69,0.40328
24,27,28,1953.9,0.417046
24,27,29,1974.93,0.42466
24,27,30,1985.08,0.424472
24,27,31,1980.55,0.414976
24,27,32,1959.44,0.395422
24,27,33,1922.77,0.366464
24,27,34,1874.42,0.32998
24,27,35,1820.47,0.288655
24,27,36,1767.66,0.245306
24,27,37,1721.7,0.202351
24,27,38,1686.36,0.161591
24,27,39,1663.45,0.125172
24,27,40,1652.34,0.0951188
24,27,41,1651.17,0.0735679
24,27,42,1656.73,0.0618224
24,27,43,1665.19,0.0599059
24,27,44,1672.07,0.0657681
24,27,45,1672.16,0.0753179
24,27,46,1659.87,0.0836462
24,27,47,1629.91,0.0866411
24,27,48,1578.46,0.0821985
24,27,49,1505.12,0.0709193
24,28,0,2708.41,0.278487
24,28,1,2898.12,0.321482
24,28,2,3017.27,0.351614
24,28,3,3076.25,0.37055
24,28,4,3090.5,0.382014
24,28,5,3076.75,0.389443
24,28,6,3050.04,0.394756
24,28,7,3020.71,0.398318
24,28,8,2992.56,0.400382
24,28,9,2963.42,0.401439
24,28,10,2927.76,0.402176
24,28,11,2879.55,0.402577
24,28,12,2815.83,0.401713
24,28,13,2736.53,0.397883
24,28,14,2644.65,0.389775
24,28,15,2544.71,0.377503
24,28,16,2441.35,0.362419
24,28,17,2338.52,0.346929
24,28,18,2239.24,0.33287
24,28,19,2147.13,0.322111
24,28,20,2066.5,0.316192
24,28,21,2002.41,0.316888
24,28,22,1958.66,0.325419
24,28,23,1936.13,0.341788
24,28,24,1932.52,0.364789
24,28,25,1943.09,0.392323
24,28,26,1962.03,0.421157
24,28,27,1983.51,0.447488
24,28,28,2002.34,0.467664
24,28,29,2013.57,0.478289
24,28,30,2012.75,0.477045
24,28,31,1996.64,0.462856
24,28,32,1964.03,0.436258
24,28,33,1916.78,0.399463
24,28,34,1859.67,0.355683
24,28,35,1799.6,0.30838
24,28,36,1743.81,0.260573
24,28,37,1697.94,0.214467
24,28,38,1665.04,0.171507
24,28,39,1645.85,0.133579
24,28,40,1638.67,0.10268
24,28,41,1641,0.0811687
24,28,42,1649.39,0.0706247
24,28,43,1660.08,0.0712634
24,28,44,1668.85,0.0808621
24,28,45,1670.59,0.0946736
24,28,46,1659.64,0.106728
24,28,47,1630.58,0.111815
24,28,48,1579.5,0.10715
24,28,49,1506.05,0.0933192
24,29,0,2731.54,0.28195
24,29,1,2919.46,0.323522
24,29,2,3036.51,0.352223
24,29,3,3094.03,0.370408
24,29,4,3108.3,0.38231
24,29,5,3096.54,0.391437
24,29,6,3073.68,0.399186
24,29,7,3049.36,0.405041
24,29,8,3026.23,0.408269
24,29,9,3001.2,0.408699
24,29,10,2968.36,0.406919
24,29,11,2922.01,0.403394
24,29,12,2860.06,0.39822
24,29,13,2783.43,0.390707
24,29,14,2695.91,0.38034
24,29,15,2602.25,0.367472
24,29,16,2506.56,0.353271
24,29,17,2411.75,0.339724
24,29,18,2319.76,0.328275
24,29,19,2233.32,0.320452
24,29,20,2156.3,0.317499
24,29,21,2093.68,0.32104
24,29,22,2049.57,0.332484
24,29,23,2025.14,0.352273
24,29,24,2018.29,0.379672
24,29,25,2024.08,0.412659
24,29,26,2036.39,0.447422
24,29,27,2049.05,0.478942
24,29,28,2056.82,0.50216
24,29,29,2055.17,0.512739
24,29,30,2040.51,0.508289
24,29,31,2010.68,0.48862
24,29,32,1965.62,0.45575
24,29,33,1908.13,0.413294
24,29,34,1843.58,0.365347
24,29,35,1779.17,0.315534
24,29,36,1721.96,0.26651
24,29,37,1677.05,0.219926
24,29,38,1646.7,0.176777
24,29,39,1630.84,0.138766
24,29,40,1627.12,0.108008
24,29,41,1632.78,0.0872086
24,29,42,1644.37,0.0783212
24,29,43,1658.24,0.081812
24,29,44,1670.24,0.0953572
24,29,45,1675.09,0.113639
24,29,46,1666.81,0.129679
24,29,47,1639.56,0.137161
24,29,48,1589.15,0.132574
24,29,49,1515.21,0.116406
24,30,0,2746.55,0.285946
24,30,1,2932.58,0.326403
24,30,2,3047.29,0.353541
24,30,3,3102.73,0.3703
24,30,4,3115.86,0.381573
24,30,5,3104.43,0.391223
24,30,6,3083.5,0.400384
24,30,7,3062.3,0.407777
24,30,8,3042.72,0.411672
24,30,9,3021.02,0.41121
24,30,10,2991.14,0.406904
24,30,11,2947.78,0.399752
24,30,12,2889.62,0.390819
24,30,13,2818.35,0.380297
24,30,14,2738.18,0.368265
24,30,15,2653.65,0.355192
24,30,16,2568.08,0.342049
24,30,17,2483.26,0.330501
24,30,18,2400.24,0.32175
24,30,19,2321.11,0.317071
24,30,20,2249.49,0.317395
24,30,21,2190.33,0.324002
24,30,22,2147.77,0.338188
24,30,23,2123.02,0.360503
24,30,24,2113.78,0.390387
24,30,25,2114.76,0.425785
24,30,26,2119.49,0.462507
24,30,27,2121.69,0.494869
24,30,28,2116.43,0.517206
24,30,29,2100.06,0.525069
24,30,30,2070.21,0.516594
24,30,31,2026.22,0.492658
24,30,32,1969.27,0.456472
24,30,33,1902.98,0.412403
24,30,34,1833.02,0.364598
24,30,35,1766.27,0.316099
24,30,36,1709.05,0.268699
24,30,37,1665.59,0.223381
24,30,38,1637.37,0.180869
24,30,39,1623.87,0.142993
24,30,40,1622.55,0.112254
24,30,41,1630.84,0.0918505
24,30,42,1645.52,0.0841406
24,30,43,1663.03,0.0898249
24,30,44,1679.16,0.106527
24,30,45,1688.21,0.128516
24,30,46,1683.58,0.148018
24,30,47,1658.77,0.15779
24,30,48,1609.1,0.153645
24,30,49,1534.06,0.135878
24,31,0,2755.81,0.290845
24,31,1,2940.38,0.331115
24,31,2,3053.01,0.357191
24,31,3,3106.13,0.372319
24,31,4,3117.13,0.382028
24,31,5,3104.22,0.390757
24,31,6,3082.77,0.399695
24,31,7,3061.96,0.407066
24,31,8,3043.41,0.410339
24,31,9,3023.19,0.408118
24,31,10,2995.37,0.400977
24,31,11,2955.21,0.39054
24,31,12,2902.1,0.378768
24,31,13,2838.25,0.366552
24,31,14,2767.88,0.354272
24,31,15,2694.87,0.342279
24,31,16,2621.49,0.331219
24,31,17,2548.42,0.322416
24,31,18,2475.99,0.316905
24,31,19,2405.99,0.315771
24,31,20,2341.93,0.319661
24,31,21,2288.6,0.329376
24,31,22,2249.8,0.345825
24,31,23,2226.27,0.369327
24,31,24,2215.2,0.399221
24,31,25,2210.9,0.433393
24,31,26,2206.9,0.467675
24,31,27,2197.32,0.49652
24,31,28,2178.13,0.514668
24,31,29,2146.96,0.51842
24,31,30,2102.92,0.506844
24,31,31,2046.71,0.481672
24,31,32,1980.56,0.446565
24,31,33,1908.5,0.40563
24,31,34,1836.03,0.362105
24,31,35,1769.25,0.3178
24,31,36,1713.32,0.273422
24,31,37,1671.44,0.229498
24,31,38,1644.46,0.18693
24,31,39,1631.77,0.148143
24,31,40,1631.16,0.116333
24,31,41,1640.66,0.0952743
24,31,42,1657.56,0.0876632
24,31,43,1678.5,0.0943205
24,31,44,1699.03,0.112808
24,31,45,1712.81,0.137153
24,31,46,1712.34,0.159084
24,31,47,1690.18,0.170719
24,31,48,1640.98,0.167343
24,31,49,1563.98,0.148967
24,32,0,2759.23,0.295309
24,32,1,2943.17,0.336485
24,32,2,3054.58,0.36239
24,32,3,3105.85,0.37615
24,32,4,3114.48,0.383698
24,32,5,3098.93,0.390098
24,32,6,3074.87,0.396888
24,32,7,3051.74,0.402199
24,32,8,3031.36,0.403098
24,32,9,3010.09,0.39798
24,32,10,2982.55,0.387698
24,32,11,2944.77,0.374607
24,32,12,2896.95,0.361457
24,32,13,2841.64,0.349626
24,32,14,2782.7,0.339435
24,32,15,2723.04,0.330773
24,32,16,2663.58,0.323673
24,32,17,2603.92,0.318938
24,32,18,2543.78,0.317399
24,32,19,2484.8,0.320038
24,32,20,2430.44,0.327359
24,32,21,2385.09,0.339743
24,32,22,2351.78,0.357594
24,32,23,2330.33,0.380775
24,32,24,2317.21,0.408303
24,32,25,2306.58,0.438041
24,32,26,2292.53,0.466295
24,32,27,2270.38,0.488476
24,32,28,2237.66,0.500676
24,32,29,2193.61,0.500613
24,32,30,2138.78,0.488394
24,32,31,2074.82,0.466074
24,32,32,2004.32,0.43674
24,32,33,1931.11,0.403135
24,32,34,1859.93,0.366726
24,32,35,1795.71,0.327719
24,32,36,1742.28,0.285872
24,32,37,1701.85,0.241765
24,32,38,1674.84,0.197114
24,32,39,1660.97,0.155465
24,32,40,1658.77,0.120975
24,32,41,1667.36,0.0979913
24,32,42,1684.85,0.0893683
24,32,43,1708.23,0.0958393
24,32,44,1732.72,0.114802
24,32,45,1751.12,0.140147
24,32,46,1754.74,0.163367
24,32,47,1734.96,0.176248
24,32,48,1685.56,0.173733
24,32,49,1605.42,0.155535
24,33,0,2754.5,0.297285
24,33,1,2938.8,0.340198
24,33,2,3050.26,0.366867
24,33,3,3100.87,0.379823
24,33,4,3107.87,0.385002
24,33,5,3089.66,0.387962
24,33,6,3062.06,0.390812
24,33,7,3034.85,0.392059
24,33,8,3010.35,0.388909
24,33,9,2985.66,0.379981
24,33,10,2956.35,0.366618
24,33,11,2919.57,0.351949
24,33,12,2876.45,0.339366
24,33,13,2829.84,0.330502
24,33,14,2783.14,0.325273
24,33,15,2737.97,0.322717
24,33,16,2693.8,0.321865
24,33,17,2649,0.322698
24,33,18,2602.74,0.325731
24,33,19,2556.47,0.331953
24,33,20,2513.48,0.341991
24,33,21,2477.52,0.356097
24,33,22,2450.5,0.374261
24,33,23,2431.06,0.395847
24,33,24,2414.99,0.419427
24,33,25,2396.69,0.442886
24,33,26,2371.51,0.463328
24,33,27,2336.74,0.47772
24,33,28,2292.09,0.484118
24,33,29,2238.64,0.481986
24,33,30,2178.14,0.472291
24,33,31,2112.5,0.456743
24,33,32,2043.85,0.436873
24,33,33,1974.98,0.413155
24,33,34,1909.27,0.38475
24,33,35,1850.24,0.350241
24,33,36,1800.38,0.308869
24,33,37,1761.08,0.261919
24,33,38,1732.61,0.212559
24,33,39,1715.36,0.165881
24,33,40,1709.04,0.127169
24,33,41,1714.25,0.101267
24,33,42,1730.3,0.0909714
24,33,43,1754.65,0.0966901
24,33,44,1782.16,0.115476
24,33,45,1804.55,0.141055
24,33,46,1811.69,0.164784
24,33,47,1793.56,0.178305
24,33,48,1742.91,0.176378
24,33,49,1658.19,0.158498
24,34,0,2738.39,0.296029
24,34,1,2923.87,0.341075
24,34,2,3036.75,0.369198
24,34,3,3088.28,0.381934
24,34,4,3095.17,0.384776
24,34,5,3075.47,0.383544
24,34,6,3044.91,0.381069
24,34,7,3013.45,0.376705
24,34,8,2983.99,0.36836
24,34,9,2954.58,0.355291
24,34,10,2922.05,0.339454
24,34,11,2884.93,0.324661
24,34,12,2845.51,0.314734
24,34,13,2807.07,0.31133
24,34,14,2772.48,0.313701
24,34,15,2742.04,0.319726
24,34,16,2713.66,0.327093
24,34,17,2684.43,0.334667
24,34,18,2652.88,0.342519
24,34,19,2620.16,0.351761
24,34,20,2589.22,0.363463
24,34,21,2562.98,0.378164
24,34,22,2542.08,0.395719
24,34,23,2523.98,0.415102
24,34,24,2503.98,0.434408
24,34,25,2477.16,0.45152
24,34,26,2440.67,0.464424
24,34,27,2394.34,0.471852
24,34,28,2340.48,0.474009
24,34,29,2282.08,0.472096
24,34,30,2221.7,0.467646
24,34,31,2160.82,0.461475
24,34,32,2100.22,0.4529
24,34,33,2040.87,0.43964
24,34,34,1984.38,0.418399
24,34,35,1932.69,0.386394
24,34,36,1887.11,0.342878
24,34,37,1848.47,0.290421
24,34,38,1817.2,0.234092
24,34,39,1794.68,0.180761
24,34,40,1782.11,0.136868
24,34,41,1781.9,0.107652
24,34,42,1794.76,0.0956696
24,34,43,1818.77,0.100808
24,34,44,1848.3,0.119559
24,34,45,1873.81,0.14532
24,34,46,1883.53,0.169221
24,34,47,1865.87,0.182775
24,34,48,1812.54,0.180666
24,34,49,1721.53,0.162347
24,35,0,2709.88,0.293789
24,35,1,2896.94,0.341195
24,35,2,3012.24,0.371253
24,35,3,3066.13,0.384253
24,35,4,3074.62,0.3849
24,35,5,3055.25,0.379064
24,35,6,3023.39,0.370405
24,35,7,2988.98,0.359526
24,35,8,2955.36,0.345517
24,35,9,2921.48,0.328573
24,35,10,2885.5,0.311227
24,35,11,2847.48,0.297721
24,35,12,2810.91,0.292019
24,35,13,2779.67,0.295587
24,35,14,2756.17,0.306917
24,35,15,2739.46,0.322653
24,35,16,2725.99,0.339045
24,35,17,2711.64,0.353703
24,35,18,2694.24,0.366168
24,35,19,2674.56,0.377744
24,35,20,2655.1,0.390158
24,35,21,2637.92,0.404629
24,35,22,2622.41,0.421199
24,35,23,2605.03,0.43866
24,35,24,2580.85,0.454658
24,35,25,2545.9,0.466972
24,35,26,2499.39,0.47428
24,35,27,2443.94,0.476897
24,35,28,2384.52,0.476959
24,35,29,2325.92,0.477177
24,35,30,2271.08,0.479388
24,35,31,2220.41,0.48329
24,35,32,2172.73,0.485811
24,35,33,2126.73,0.481918
24,35,34,2081.96,0.46607
24,35,35,2038.86,0.434496
24,35,36,1997.79,0.386887
24,35,37,1959.32,0.327403
24,35,38,1924.38,0.263126
24,35,39,1895.59,0.202662
24,35,40,1875.82,0.153504
24,35,41,1869.36,0.121183
24,35,42,1878.4,0.107929
24,35,43,1901.5,0.113014
24,35,44,1932.42,0.132202
24,35,45,1960.18,0.158355
24,35,46,1971.24,0.182179
24,35,47,1952.5,0.194969
24,35,48,1894.64,0.191383
24,35,49,1795.31,0.171069
24,36,0,2672.06,0.295823
24,36,1,2860.6,0.346097
24,36,2,2978.72,0.378564
24,36,3,3035.81,0.392213
24,36,4,3047.14,0.390821
24,36,5,3029.71,0.380219
24,36,6,2998.41,0.364995
24,36,7,2962.98,0.347292
24,36,8,2927.04,0.327693
24,36,9,2890.27,0.307452
24,36,10,2852,0.289483
24,36,11,2813.65,0.278059
24,36,12,2779.78,0.27694
24,36,13,2754.77,0.287219
24,36,14,2740.64,0.306741
24,36,15,2735.37,0.33116
24,36,16,2734.23,0.355562
24,36,17,2732.16,0.376443
24,36,18,2726.46,0.392826
24,36,19,2717.61,0.40617
24,36,20,2707.7,0.418886
24,36,21,2698.02,0.43305
24,36,22,2686.94,0.449135
24,36,23,2670.16,0.465934
24,36,24,2642.71,0.480678
24,36,25,2601.66,0.490868
24,36,26,2548.2,0.495506
24,36,27,2487.55,0.49604
24,36,28,2427.07,0.496094
24,36,29,2372.96,0.499576
24,36,30,2328.07,0.508498
24,36,31,2291.34,0.52153
24,36,32,2259.33,0.533481
24,36,33,2228.41,0.53696
24,36,34,2196.17,0.524631
24,36,35,2161.78,0.492118
24,36,36,2124.95,0.439758
24,36,37,2086.33,0.373278
24,36,38,2047.69,0.301562
24,36,39,2013.01,0.234677
24,36,40,1986.86,0.180961
24,36,41,1975.26,0.14614
24,36,42,1981.56,0.132101
24,36,43,2004.55,0.137496
24,36,44,2037.03,0.157286
24,36,45,2066.46,0.183651
24,36,46,2077.57,0.206724
24,36,47,2055.92,0.217517
24,36,48,1991.36,0.210732
24,36,49,1881.34,0.186442
24,37,0,2632.22,0.309296
24,37,1,2821.77,0.363529
24,37,2,2942.39,0.398976
24,37,3,3002.59,0.413457
24,37,4,3017.02,0.409974
24,37,5,3002.16,0.394433
24,37,6,2972.46,0.372485
24,37,7,2937.49,0.347958
24,37,8,2901.09,0.32303
24,37,9,2863.57,0.299932
24,37,10,2825.13,0.28164
24,37,11,2788.12,0.271985
24,37,12,2757.7,0.274171
24,37,13,2738.35,0.288816
24,37,14,2731.58,0.313428
24,37,15,2734.52,0.343245
24,37,16,2741.7,0.37282
24,37,17,2747.6,0.397962
24,37,18,2749.43,0.417272
24,37,19,2747.64,0.432206
24,37,20,2744.13,0.445633
24,37,21,2739.7,0.460376
24,37,22,2732,0.477379
24,37,23,2716.21,0.495523
24,37,24,2687.46,0.511651
24,37,25,2643.74,0.522814
24,37,26,2587.86,0.527948
24,37,27,2527.14,0.529119
24,37,28,2470.65,0.530937
24,37,29,2425.37,0.538176
24,37,30,2393.6,0.552984
24,37,31,2372.61,0.57328
24,37,32,2356.85,0.592279
24,37,33,2340.69,0.600875
24,37,34,2320.19,0.590536
24,37,35,2293.64,0.556652
24,37,36,2260.52,0.500256
24,37,37,2221.95,0.428364
24,37,38,2180.71,0.351205
24,37,39,2142.2,0.279818
24,37,40,2112.49,0.223023
24,37,41,2098.87,0.186553
24,37,42,2105.31,0.171921
24,37,43,2130.26,0.177216
24,37,44,2165.28,0.196697
24,37,45,2196.21,0.221957
24,37,46,2206.25,0.242661
24,37,47,2179.94,0.24965
24,37,48,2106.51,0.237777
24,37,49,1983.31,0.207676
24,38,0,2599.95,0.339587
24,38,1,2790.01,0.399351
24,38,2,2912.35,0.438369
24,38,3,2974.82,0.45358
24,38,4,2991.55,0.447613
24,38,5,2978.65,0.426783
24,38,6,2950.28,0.397985
24,38,7,2916.03,0.366759
24,38,8,2880.11,0.336772
24,38,9,2843.52,0.310976
24,38,10,2807.1,0.292012
24,38,11,2773.59,0.282783
24,38,12,2748.05,0.28563
24,38,13,2734.36,0.300676
24,38,14,2733.18,0.325543
24,38,15,2740.89,0.355832
24,38,16,2751.76,0.38644
24,38,17,2760.48,0.41311
24,38,18,2764.67,0.434203
24,38,19,2765.2,0.450929
24,38,20,2764.18,0.46619
24,38,21,2762.25,0.483155
24,38,22,2756.72,0.503053
24,38,23,2742.54,0.524807
24,38,24,2714.98,0.54492
24,38,25,2672.73,0.559953
24,38,26,2619.74,0.56856
24,38,27,2564.6,0.573032
24,38,28,2517.18,0.5785
24,38,29,2484.44,0.590228
24,38,30,2467.64,0.610371
24,38,31,2462.51,0.636299
24,38,32,2461.78,0.660165
24,38,33,2458.48,0.671854
24,38,34,2447.77,0.662315
24,38,35,2427.61,0.627134
24,38,36,2397.74,0.568105
24,38,37,2360,0.49322
24,38,38,2318.39,0.41353
24,38,39,2279.57,0.340436
24,38,40,2250.68,0.282709
24,38,41,2239.61,0.245714
24,38,42,2250.22,0.230441
24,38,43,2280.08,0.234463
24,38,44,2319.22,0.251594
24,38,45,2352,0.273217
24,38,46,2360.45,0.288953
24,38,47,2328.41,0.28981
24,38,48,2244.62,0.270947
24,38,49,2106.22,0.233551
24,39,0,2583.71,0.388099
24,39,1,2774.25,0.455053
24,39,2,2897.6,0.498045
24,39,3,2961.21,0.513483
24,39,4,2978.87,0.504196
24,39,5,2966.41,0.477391
24,39,6,2937.92,0.441456
24,39,7,2903.27,0.403587
24,39,8,2867.48,0.368702
24,39,9,2832.42,0.340095
24,39,10,2799.51,0.319663
24,39,11,2771.39,0.308961
24,39,12,2752.25,0.309228
24,39,13,2744.59,0.320149
24,39,14,2747.77,0.339931
24,39,15,2757.43,0.365345
24,39,16,2767.94,0.392532
24,39,17,2774.72,0.417854
24,39,18,2776.32,0.439664
24,39,19,2774.47,0.458691
24,39,20,2771.84,0.477374
24,39,21,2769.37,0.498664
24,39,22,2764.45,0.523694
24,39,23,2752.17,0.551282
24,39,24,2728.03,0.577679
24,39,25,2691.22,0.599098
24,39,26,2646.2,0.613972
24,39,27,2601.91,0.624621
24,39,28,2567.97,0.636296
24,39,29,2550.47,0.654254
24,39,30,2549.33,0.680288
24,39,31,2558.9,0.711155
24,39,32,2570.9,0.7383
24,39,33,2577.76,0.751263
24,39,34,2574.48,0.741252
24,39,35,2559.28,0.704649
24,39,36,2532.6,0.644258
24,39,37,2497.3,0.568864
24,39,38,2458.48,0.489871
24,39,39,2423.79,0.418347
24,39,40,2400.78,0.362304
24,39,41,2397.21,0.326153
24,39,42,2416.09,0.310066
24,39,43,2453.66,0.311127
24,39,44,2498.48,0.323113
24,39,45,2533.76,0.337802
24,39,46,2540.82,0.345433
24,39,47,2503.09,0.337626
24,39,48,2408.75,0.309984
24,39,49,2254.26,0.264094
24,40,0,2586.27,0.450499
24,40,1,2777.89,0.525878
24,40,2,2902.13,0.572968
24,40,3,2966.23,0.587948
24,40,4,2983.75,0.574392
24,40,5,2970.26,0.540889
24,40,6,2939.88,0.497531
24,40,7,2903.11,0.45306
24,40,8,2866.11,0.413332
24,40,9,2832.04,0.381588
24,40,10,2802.97,0.358657
24,40,11,2781.15,0.344483
24,40,12,2769.31,0.339095
24,40,13,2767.95,0.341878
24,40,14,2774.74,0.352004
24,40,15,2784.59,0.368047
24,40,16,2792.15,0.388075
24,40,17,2793.81,0.409647
24,40,18,2789.29,0.431347
24,40,19,2781.37,0.453275
24,40,20,2773.57,0.476998
24,40,21,2767.58,0.504678
24,40,22,2761.42,0.536902
24,40,23,2750.72,0.572205
24,40,24,2731.43,0.606742
24,40,25,2703.04,0.636722
24,40,26,2669.9,0.660653
24,40,27,2640.36,0.680864
24,40,28,2622.8,0.702328
24,40,29,2621.78,0.729621
24,40,30,2635.72,0.763519
24,40,31,2658.04,0.799802
24,40,32,2680.06,0.829359
24,40,33,2694.39,0.841972
24,40,34,2696.51,0.829948
24,40,35,2685.43,0.79123
24,40,36,2662.57,0.730076
24,40,37,2631.84,0.656071
24,40,38,2599.24,0.58059
24,40,39,2572.88,0.513713
24,40,40,2560.08,0.461924
24,40,41,2567.77,0.428026
24,40,42,2597.67,0.411037
24,40,43,2644.61,0.407615
24,40,44,2695.98,0.411938
24,40,45,2734.41,0.416819
24,40,46,2741,0.413712
24,40,47,2698.91,0.395175
24,40,48,2595.56,0.35726
24,40,49,2426.04,0.301707
24,41,0,2606.52,0.517774
24,41,1,2800.44,0.60208
24,41,2,2926.24,0.653209
24,41,3,2991.08,0.667273
24,41,4,3008.27,0.648927
24,41,5,2993.07,0.608451
24,41,6,2959.66,0.557736
24,41,7,2919.29,0.50689
24,41,8,2879.58,0.462376
24,41,9,2845.3,0.427041
24,41,10,2819.33,0.400492
24,41,11,2803.49,0.381044
24,41,12,2798.77,0.367625
24,41,13,2803.41,0.359532
24,41,14,2813.23,0.35714
24,41,15,2822.46,0.361117
24,41,16,2826.04,0.371754
24,41,17,2821.3,0.38814
24,41,18,2809,0.409295
24,41,19,2792.86,0.434723
24,41,20,2777.37,0.464942
24,41,21,2765.34,0.500954
24,41,22,2755.97,0.542437
24,41,23,2745.98,0.587506
24,41,24,2732.04,0.632392
24,41,25,2713.76,0.673667
24,41,26,2694.8,0.710223
24,41,27,2682.08,0.744338
24,41,28,2682,0.78019
24,41,29,2697.19,0.820847
24,41,30,2724.7,0.865266
24,41,31,2757.5,0.907793
24,41,32,2787.17,0.938893
24,41,33,2807.06,0.949226
24,41,34,2813.6,0.933111
24,41,35,2806.83,0.890887
24,41,36,2789.22,0.828784
24,41,37,2765.5,0.757246
24,41,38,2742.17,0.687269
24,41,39,2727.22,0.627358
24,41,40,2727.19,0.581801
24,41,41,2747.77,0.551288
24,41,42,2789.31,0.533482
24,41,43,2845.49,0.524755
24,41,44,2903.13,0.520058
24,41,45,2944.85,0.51364
24,41,46,2951.97,0.498417
24,41,47,2907.54,0.467862
24,41,48,2797.92,0.41829
24,41,49,2616.13,0.351377
24,42,0,2638.58,0.578366
24,42,1,2836.2,0.671237
24,42,2,2964.74,0.726377
24,42,3,3031.33,0.739792
24,42,4,3048.96,0.717195
24,42,5,3032.51,0.670514
24,42,6,2996.07,0.613281
24,42,7,2951.6,0.556681
24,42,8,2908.23,0.507468
24,42,9,2872.48,0.467915
24,42,10,2848.25,0.436513
24,42,11,2837.02,0.410272
24,42,12,2838.18,0.387376
24,42,13,2847.77,0.367323
24,42,14,2859.99,0.351719
24,42,15,2868.45,0.343211
24,42,16,2868.29,0.344127
24,42,17,2857.5,0.355098
24,42,18,2837.46,0.375723
24,42,19,2812.55,0.405134
24,42,20,2788.13,0.442929
24,42,21,2768.34,0.488914
24,42,22,2754.06,0.541722
24,42,23,2743.66,0.599008
24,42,24,2734.77,0.657199
24,42,25,2726.99,0.713434
24,42,26,2722.79,0.767055
24,42,27,2727.05,0.820009
24,42,28,2743.75,0.875012
24,42,29,2773.59,0.932788
24,42,30,2812.63,0.989796
24,42,31,2853.88,1.03871
24,42,32,2889.64,1.06993
24,42,33,2914.39,1.07572
24,42,34,2925.67,1.05331
24,42,35,2924.46,1.00611
24,42,36,2914.01,0.942612
24,42,37,2899.48,0.874005
24,42,38,2887.33,0.810487
24,42,39,2884.95,0.758558
24,42,40,2897.83,0.719956
24,42,41,2930.41,0.693176
24,42,42,2981.95,0.674655
24,42,43,3045.49,0.660757
24,42,44,3107.87,0.647395
24,42,45,3152.2,0.630208
24,42,46,3160.36,0.603255
24,42,47,3115.44,0.560462
24,42,48,3002.66,0.498026
24,42,49,2812.43,0.417479
24,43,0,2674.02,0.621122
24,43,1,2876.41,0.721272
24,43,2,3008.88,0.780457
24,43,3,3078.47,0.794373
24,43,4,3097.82,0.769384
24,43,5,3081.35,0.718606
24,43,6,3042.93,0.656729
24,43,7,2995.02,0.595593
24,43,8,2948.04,0.541956
24,43,9,2910.09,0.497527
24,43,10,2886.2,0.460066
24,43,11,2877.72,0.425933
24,43,12,2882.83,0.393142
24,43,13,2895.84,0.361711
24,43,14,2909.63,0.334313
24,43,15,2917.32,0.315068
24,43,16,2914.08,0.307744
24,43,17,2898.21,0.314223
24,43,18,2871.31,0.334733
24,43,19,2838.03,0.368396
24,43,20,2804.43,0.414308
24,43,21,2776.08,0.471406
24,43,22,2755.87,0.537442
24,43,23,2744.11,0.609705
24,43,24,2739.56,0.684836
24,43,25,2741.69,0.760454
24,43,26,2751.43,0.836006
24,43,27,2771.3,0.912498
24,43,28,2802.84,0.990395
24,43,29,2845.11,1.0674
24,43,30,2893.63,1.13717
24,43,31,2941.92,1.19099
24,43,32,2983.3,1.21987
24,43,33,3013.43,1.21863
24,43,34,3030.8,1.18809
24,43,35,3037.01,1.13502
24,43,36,3035.59,1.07001
24,43,37,3031.57,1.0045
24,43,38,3030.93,0.947366
24,43,39,3040.24,0.902879
24,43,40,3064.02,0.870351
24,43,41,3105.79,0.84655
24,43,42,3164.17,0.827223
24,43,43,3232.1,0.809097
24,43,44,3296.87,0.789
24,43,45,3342.39,0.763435
24,43,46,3351.33,0.726774
24,43,47,3306.98,0.672593
24,43,48,3193.57,0.596525
24,43,49,2998.8,0.500045
24,44,0,2702.41,0.637711
24,44,1,2909.88,0.742809
24,44,2,3046.98,0.805795
24,44,3,3120.49,0.821829
24,44,4,3142.71,0.797278
24,44,5,3127.57,0.74564
24,44,6,3088.66,0.681996
24,44,7,3038.71,0.61827
24,44,8,2988.99,0.56097
24,44,9,2948.88,0.511405
24,44,10,2924.36,0.467203
24,44,11,2916.97,0.424904
24,44,12,2924.17,0.383027
24,44,13,2939.09,0.342356
24,44,14,2953.66,0.306309
24,44,15,2960.56,0.279719
24,44,16,2954.82,0.266963
24,44,17,2934.74,0.270679
24,44,18,2901.86,0.291684
24,44,19,2860.87,0.329491
24,44,20,2818.43,0.383262
24,44,21,2781.47,0.451641
24,44,22,2754.99,0.531932
24,44,23,2741.33,0.621276
24,44,24,2740.33,0.716473
24,44,25,2751.17,0.815285
24,44,26,2773.1,0.916587
24,44,27,2806.3,1.01961
24,44,28,2850.14,1.12179
24,44,29,2902.53,1.21743
24,44,30,2958.92,1.29764
24,44,31,3013.62,1.35305
24,44,32,3061.01,1.3764
24,44,33,3097.77,1.36591
24,44,34,3122.99,1.3264
24,44,35,3138.32,1.26776
24,44,36,3147.03,1.2019
24,44,37,3153.59,1.1397
24,44,38,3163.27,1.08811
24,44,39,3181.94,1.04924
24,44,40,3213.45,1.02058
24,44,41,3260.86,0.998088
24,44,42,3322.62,0.977648
24,44,43,3391.88,0.95672
24,44,44,3456.63,0.932766
24,44,45,3501.66,0.902311
24,44,46,3510.51,0.858982
24,44,47,3466.8,0.795169
24,44,48,3354.08,0.705601
24,44,49,3157.68,0.59193
24,45,0,2711.64,0.623922
24,45,1,2923.5,0.730473
24,45,2,3065.11,0.796199
24,45,3,3142.84,0.815629
24,45,4,3168.5,0.79446
24,45,5,3155.66,0.745633
24,45,6,3117.62,0.683695
24,45,7,3067.19,0.62001
24,45,8,3016.11,0.560602
24,45,9,2974.54,0.50663
24,45,10,2949.22,0.4562
24,45,11,2941.98,0.406829
24,45,12,2950.04,0.358089
24,45,13,2965.84,0.311626
24,45,14,2980.65,0.271185
24,45,15,2986.71,0.241509
24,45,16,2978.75,0.226759
24,45,17,2954.91,0.229782
24,45,18,2916.57,0.251877
24,45,19,2868.45,0.293244
24,45,20,2817.74,0.353632
24,45,21,2772.69,0.431996
24,45,22,2740.24,0.525752
24,45,23,2724.51,0.63218
24,45,24,2726.29,0.748206
24,45,25,2744.26,0.871325
24,45,26,2776.08,0.999108
24,45,27,2819.87,1.12823
24,45,28,2873.32,1.25259
24,45,29,2933.71,1.36311
24,45,30,2996.75,1.44902
24,45,31,3057.67,1.50146
24,45,32,3111.77,1.51599
24,45,33,3156.41,1.49492
24,45,34,3190.75,1.44693
24,45,35,3216.02,1.38422
24,45,36,3234.82,1.31893
24,45,37,3250.85,1.26039
24,45,38,3268.79,1.21322
24,45,39,3294.03,1.17766
24,45,40,3330.22,1.15026
24,45,41,3380.27,1.1273
24,45,42,3442.75,1.10554
24,45,43,3511.16,1.08339
24,45,44,3574.16,1.05854
24,45,45,3617.41,1.02671
24,45,46,3625.16,0.979954
24,45,47,3581.44,0.908993
24,45,48,3469.38,0.807608
24,45,49,3272.61,0.677896
24,46,0,2688.58,0.579819
24,46,1,2902.95,0.683266
24,46,2,3048.13,0.749472
24,46,3,3129.66,0.772475
24,46,4,3158.78,0.756821
24,46,5,3148.68,0.71404
24,46,6,3112.46,0.657274
24,46,7,3062.92,0.596713
24,46,8,3011.96,0.537696
24,46,9,2970.1,0.481435
24,46,10,2944.55,0.426964
24,46,11,2937.44,0.37327
24,46,12,2945.97,0.321233
24,46,13,2962.24,0.273251
24,46,14,2977.05,0.232965
24,46,15,2982.21,0.204378
24,46,16,2972.08,0.190822
24,46,17,2944.62,0.194908
24,46,18,2901.09,0.218269
24,46,19,2846.35,0.261908
24,46,20,2788.16,0.326475
24,46,21,2735.95,0.411673
24,46,22,2698.21,0.515529
24,46,23,2680.49,0.635747
24,46,24,2684.18,0.769398
24,46,25,2707.4,0.913442
24,46,26,2746.43,1.06368
24,46,27,2797.85,1.21383
24,46,28,2858.2,1.35426
24,46,29,2924.57,1.47303
24,46,30,2993.17,1.55848
24,46,31,3060.1,1.60335
24,46,32,3121.32,1.60677
24,46,33,3174.39,1.57528
24,46,34,3218.17,1.52074
24,46,35,3253.09,1.45652
24,46,36,3280.94,1.39376
24,46,37,3304.71,1.3395
24,46,38,3328.75,1.29591
24,46,39,3358.29,1.26191
24,46,40,3397.05,1.23401
24,46,41,3448.03,1.2096
24,46,42,3509.95,1.18681
24,46,43,3576.63,1.16492
24,46,44,3637.32,1.14148
24,46,45,3678.23,1.11093
24,46,46,3684.16,1.06356
24,46,47,3639.35,0.98856
24,46,48,3526.74,0.879074
24,46,49,3329.12,0.737836
24,47,0,2620.58,0.509873
24,47,1,2834.24,0.605161
24,47,2,2981.12,0.668512
24,47,3,3065.42,0.693836
24,47,4,3097.53,0.684351
24,47,5,3090.19,0.649625
24,47,6,3056.35,0.600767
24,47,7,3008.77,0.546361
24,47,8,2959.32,0.490913
24,47,9,2918.57,0.435768
24,47,10,2893.88,0.381006
24,47,11,2887.53,0.327128
24,47,12,2896.8,0.276187
24,47,13,2913.63,0.231036
24,47,14,2928.49,0.194871
24,47,15,2932.79,0.170596
24,47,16,2920.59,0.160458
24,47,17,2889.73,0.166569
24,47,18,2841.51,0.190733
24,47,19,2781.03,0.234658
24,47,20,2716.61,0.299901
24,47,21,2658.59,0.387049
24,47,22,2616.59,0.49501
24,47,23,2597.01,0.622103
24,47,24,2601.52,0.765642
24,47,25,2627.74,0.922054
24,47,26,2670.95,1.08542
24,47,27,2726.74,1.24679
24,47,28,2791.07,1.39366
24,47,29,2861.19,1.51224
24,47,30,2933.92,1.59101
24,47,31,3006.05,1.62503
24,47,32,3073.93,1.61707
24,47,33,3134.99,1.57723
24,47,34,3187.46,1.51936
24,47,35,3230.87,1.45674
24,47,36,3266.21,1.39868
24,47,37,3296.01,1.34961
24,47,38,3324.48,1.30957
24,47,39,3356.96,1.27675
24,47,40,3397.37,1.24823
24,47,41,3448.82,1.22281
24,47,42,3510.14,1.19998
24,47,43,3575.4,1.17959
24,47,44,3634.16,1.15886
24,47,45,3672.96,1.13108
24,47,46,3676.7,1.08529
24,47,47,3629.61,1.00992
24,47,48,3514.57,0.898103
24,47,49,3314.59,0.753191
24,48,0,2498.32,0.422295
24,48,1,2706.24,0.504837
24,48,2,2851.66,0.56166
24,48,3,2936.87,0.587017
24,48,4,2971.02,0.582913
24,48,5,2966.23,0.556768
24,48,6,2935.2,0.517387
24,48,7,2890.57,0.471547
24,48,8,2844.03,0.422852
24,48,9,2805.89,0.372713
24,48,10,2783.35,0.322049
24,48,11,2778.66,0.272507
24,48,12,2789.12,0.226869
24,48,13,2806.67,0.188067
24,48,14,2821.64,0.158655
24,48,15,2825.23,0.140416
24,48,16,2811.34,0.134574
24,48,17,2777.8,0.142676
24,48,18,2726.09,0.166539
24,48,19,2661.61,0.2083
24,48,20,2593.07,0.270158
24,48,21,2531.34,0.353415
24,48,22,2486.52,0.45785
24,48,23,2465.32,0.582437
24,48,24,2469.44,0.724854
24,48,25,2496.1,0.88126
24,48,26,2540.12,1.04459
24,48,27,2596.67,1.20419
24,48,28,2661.63,1.34601
24,48,29,2732.64,1.4557
24,48,30,2807.18,1.52283
24,48,31,2882.59,1.54488
24,48,32,2955.45,1.52756
24,48,33,3022.81,1.48314
24,48,34,3082.18,1.426
24,48,35,3132.21,1.36826
24,48,36,3173.26,1.31696
24,48,37,3207.54,1.27422
24,48,38,3239.27,1.2386
24,48,39,3274,1.208
24,48,40,3315.8,1.18035
24,48,41,3367.85,1.15563
24,48,42,3429.07,1.13425
24,48,43,3493.61,1.1163
24,48,44,3551.23,1.09871
24,48,45,3588.43,1.07426
24,48,46,3589.87,1.03178
24,48,47,3539.51,0.960126
24,48,48,3420.49,0.853056
24,48,49,3217.2,0.714344
24,49,0,2319.58,0.327709
24,49,1,2514.5,0.394438
24,49,2,2653.47,0.441746
24,49,3,2736.57,0.464657
24,49,4,2771.23,0.464252
24,49,5,2768.6,0.445937
24,49,6,2740.86,0.416269
24,49,7,2700.32,0.380276
24,49,8,2658.16,0.34067
24,49,9,2624.1,0.298783
24,49,10,2604.85,0.255975
24,49,11,2602.42,0.214447
24,49,12,2614.17,0.177153
24,49,13,2632.23,0.146749
24,49,14,2647.15,0.125103
24,49,15,2650.19,0.113088
24,49,16,2635.37,0.111164
24,49,17,2600.67,0.120386
24,49,18,2547.76,0.142435
24,49,19,2482.25,0.179548
24,49,20,2412.92,0.234159
24,49,21,2350.59,0.307942
24,49,22,2305.13,0.401315
24,49,23,2282.97,0.513797
24,49,24,2285.65,0.643521
24,49,25,2310.24,0.786768
24,49,26,2351.63,0.936226
24,49,27,2405.07,1.0809
24,49,28,2466.8,1.20682
24,49,29,2535.02,1.30052
24,49,30,2607.86,1.35328
24,49,31,2683.18,1.36458
24,49,32,2757.72,1.34176
24,49,33,2828.16,1.29754
24,49,34,2891.38,1.24534
24,49,35,2945.31,1.19535
24,49,36,2989.8,1.15246
24,49,37,3026.84,1.1171
24,49,38,3060.66,1.0871
24,49,39,3096.88,1.06047
24,49,40,3139.63,1.03587
24,49,41,3192.04,1.01396
24,49,42,3253.04,0.995526
24,49,43,3316.91,0.980592
24,49,44,3373.54,0.966069
24,49,45,3409.29,0.945052
24,49,46,3408.43,0.907406
24,49,47,3354.64,0.843439
24,49,48,3231.91,0.748094
24,49,49,3027.48,0.62518
25,0,0,2595.56,0.359431
25,0,1,2748.4,0.394952
25,0,2,2835.27,0.399875
25,0,3,2872.58,0.377937
25,0,4,2882.96,0.341099
25,0,5,2887.82,0.30463
25,0,6,2902.1,0.281885
25,0,7,2931.2,0.28095
25,0,8,2972.66,0.303946
25,0,9,3019.58,0.347667
25,0,10,3064.05,0.404837
25,0,11,3099.02,0.4657
25,0,12,3119.74,0.520414
25,0,13,3122.55,0.560238
25,0,14,3104.77,0.578537
25,0,15,3065.23,0.571573
25,0,16,3004.25,0.539211
25,0,17,2923.41,0.485066
25,0,18,2825.12,0.416131
25,0,19,2712.31,0.341552
25,0,20,2588.92,0.270674
25,0,21,2460.18,0.210627
25,0,22,2332.86,0.165624
25,0,23,2214.81,0.136157
25,0,24,2113.58,0.120235
25,0,25,2032.97,0.114168
25,0,26,1972.58,0.114082
25,0,27,1927.14,0.116766
25,0,28,1889.21,0.119807
25,0,29,1851.42,0.121418
25,0,30,1809.22,0.12067
25,0,31,1761.47,0.117704
25,0,32,1709.13,0.113396
25,0,33,1654.62,0.108548
25,0,34,1599.73,0.103246
25,0,35,1545.47,0.096547
25,0,36,1492.32,0.0872325
25,0,37,1441.2,0.0748196
25,0,38,1393.98,0.060071
25,0,39,1352.85,0.0450172
25,0,40,1319.52,0.03195
25,0,41,1294.19,0.0224972
25,0,42,1275.85,0.0174182
25,0,43,1262.24,0.0162126
25,0,44,1250.9,0.0177269
25,0,45,1239.57,0.0204147
25,0,46,1226.19,0.0226252
25,0,47,1208.77,0.0231855
25,0,48,1186.05,0.0215818
25,0,49,1157.98,0.0181057
25,1,0,2776.09,0.429746
25,1,1,2938.35,0.473889
25,1,2,3031.47,0.482481
25,1,3,3073.39,0.459752
25,1,4,3086.95,0.419499
25,1,5,3093.14,0.379364
25,1,6,3106.68,0.354755
25,1,7,3133.3,0.354976
25,1,8,3171.3,0.382551
25,1,9,3214.7,0.433941
25,1,10,3256.37,0.501036
25,1,11,3289.7,0.572885
25,1,12,3309.92,0.638253
25,1,13,3312.96,0.686652
25,1,14,3295.47,0.709633
25,1,15,3255.47,0.701891
25,1,16,3192.53,0.662552
25,1,17,3107.77,0.595747
25,1,18,3003.43,0.510234
25,1,19,2882.61,0.417698
25,1,20,2749.67,0.330039
25,1,21,2610.4,0.256251
25,1,22,2472.28,0.201523
25,1,23,2344.03,0.166373
25,1,24,2233.96,0.148201
25,1,25,2146.24,0.142286
25,1,26,2080.54,0.143642
25,1,27,2031.23,0.148007
25,1,28,1990.46,0.152039
25,1,29,1950.46,0.153169
25,1,30,1906.36,0.150083
25,1,31,1856.69,0.142978
25,1,32,1802.01,0.133239
25,1,33,1744.34,0.122506
25,1,34,1685.19,0.111774
25,1,35,1625.53,0.100802
25,1,36,1566.18,0.0887173
25,1,37,1508.68,0.0749946
25,1,38,1455.61,0.0600666
25,1,39,1409.77,0.045503
25,1,40,1373.08,0.0331447
25,1,41,1345.61,0.0242535
25,1,42,1325.97,0.0194161
25,1,43,1311.5,0.0180617
25,1,44,1299.38,0.0191021
25,1,45,1287.13,0.0211474
25,1,46,1272.4,0.0227242
25,1,47,1252.81,0.0228005
25,1,48,1226.66,0.0209344
25,1,49,1193.66,0.0174091
25,2,0,2887.6,0.486784
25,2,1,3056.28,0.538728
25,2,2,3154.51,0.551674
25,2,3,3200.75,0.530172
25,2,4,3217.33,0.489263
25,2,5,3224.33,0.448191
25,2,6,3235.97,0.423704
25,2,7,3258.33,0.425843
25,2,8,3290.75,0.457352
25,2,9,3328.51,0.514473
25,2,10,3365.57,0.588656
25,2,11,3395.93,0.668334
25,2,12,3414.96,0.741509
25,2,13,3418.18,0.796446
25,2,14,3401.58,0.823227
25,2,15,3362.35,0.815102
25,2,16,3299.36,0.770336
25,2,17,3213.24,0.693269
25,2,18,3106.09,0.593959
25,2,19,2981.23,0.486145
25,2,20,2843.4,0.383884
25,2,21,2698.86,0.297847
25,2,22,2555.6,0.234226
25,2,23,2422.77,0.193746
25,2,24,2308.9,0.173406
25,2,25,2218.16,0.167647
25,2,26,2150.05,0.170447
25,2,27,2098.76,0.176477
25,2,28,2056.4,0.181401
25,2,29,2015.26,0.181822
25,2,30,1970.49,0.176031
25,2,31,1920.43,0.164293
25,2,32,1865.22,0.148534
25,2,33,1806.38,0.131307
25,2,34,1745.04,0.114667
25,2,35,1682.13,0.0992789
25,2,36,1618.82,0.0847838
25,2,37,1557.31,0.070654
25,2,38,1500.85,0.0568632
25,2,39,1452.67,0.0442451
25,2,40,1414.71,0.0338792
25,2,41,1386.78,0.02642
25,2,42,1367.14,0.0221624
25,2,43,1352.8,0.020505
25,2,44,1340.77,0.0205642
25,2,45,1328.52,0.0213109
25,2,46,1313.44,0.0216616
25,2,47,1292.75,0.0208779
25,2,48,1264.28,0.0186563
25,2,49,1227.38,0.0152412
25,3,0,2938.69,0.526995
25,3,1,3112.26,0.585267
25,3,2,3215.07,0.602726
25,3,3,3265.31,0.584076
25,3,4,3284.38,0.544952
25,3,5,3291.27,0.505365
25,3,6,3299.69,0.482673
25,3,7,3316.12,0.487175
25,3,8,3341.05,0.521648
25,3,9,3371.24,0.582209
25,3,10,3402,0.6602
25,3,11,3428.1,0.743945
25,3,12,3445.16,0.821292
25,3,13,3448.3,0.879868
25,3,14,3432.88,0.908888
25,3,15,3395.32,0.900608
25,3,16,3333.77,0.852558
25,3,17,3248.52,0.768982
25,3,18,3141.57,0.660528
25,3,19,3016.46,0.542078
25,3,20,2878.3,0.429047
25,3,21,2733.62,0.33335
25,3,22,2590.6,0.26215
25,3,23,2458.36,0.216656
25,3,24,2345.11,0.193841
25,3,25,2254.63,0.187693
25,3,26,2186.2,0.191412
25,3,27,2134.06,0.19873
25,3,28,2090.68,0.204386
25,3,29,2048.89,0.204213
25,3,30,2004.12,0.196133
25,3,31,1954.68,0.180434
25,3,32,1900.3,0.159462
25,3,33,1841.9,0.136551
25,3,34,1780.16,0.114742
25,3,35,1715.96,0.0956274
25,3,36,1650.89,0.0794496
25,3,37,1587.76,0.0657446
25,3,38,1530.36,0.0540051
25,3,39,1482.16,0.0442048
25,3,40,1444.9,0.0364936
25,3,41,1418.05,0.0307913
25,3,42,1399.49,0.0270409
25,3,43,1386.1,0.0246759
25,3,44,1374.92,0.0231415
25,3,45,1363.44,0.0219271
25,3,46,1348.91,0.0204837
25,3,47,1328.11,0.0184567
25,3,48,1298.31,0.0157095
25,3,49,1258.47,0.0124158
25,4,0,2943.87,0.549033
25,4,1,3120.89,0.611683
25,4,2,3227.42,0.633233
25,4,3,3280.81,0.618364
25,4,4,3301.26,0.58267
25,4,5,3306.69,0.546148
25,4,6,3310.26,0.52612
25,4,7,3318.86,0.532792
25,4,8,3334.2,0.568871
25,4,9,3354.68,0.630459
25,4,10,3377.14,0.709035
25,4,11,3397.42,0.79316
25,4,12,3411.5,0.870979
25,4,13,3414.2,0.930061
25,4,14,3400.24,0.959454
25,4,15,3365.3,0.9511
25,4,16,3306.93,0.902145
25,4,17,3225.1,0.816529
25,4,18,3121.75,0.704693
25,4,19,3000.58,0.581538
25,4,20,2866.86,0.462771
25,4,21,2727.11,0.360923
25,4,22,2589.26,0.283982
25,4,23,2461.93,0.233919
25,4,24,2352.6,0.20813
25,4,25,2264.52,0.20068
25,4,26,2196.86,0.2044
25,4,27,2144.22,0.212377
25,4,28,2099.91,0.218645
25,4,29,2057.61,0.218428
25,4,30,2013.28,0.209317
25,4,31,1965.21,0.1915
25,4,32,1912.7,0.167474
25,4,33,1856.03,0.14101
25,4,34,1795.38,0.115851
25,4,35,1731.61,0.0943841
25,4,36,1666.71,0.0774632
25,4,37,1604.09,0.0647751
25,4,38,1547.9,0.0554151
25,4,39,1501.67,0.0485274
25,4,40,1466.71,0.043326
25,4,41,1442.1,0.039006
25,4,42,1425.42,0.0351884
25,4,43,1413.55,0.0314444
25,4,44,1403.73,0.0276526
25,4,45,1393.6,0.0239074
25,4,46,1380.24,0.0202358
25,4,47,1359.99,0.0166643
25,4,48,1329.53,0.0131956
25,4,49,1287.38,0.00989635
25,5,0,2919.37,0.553476
25,5,1,3097.76,0.618299
25,5,2,3206.28,0.643018
25,5,3,3261.14,0.632115
25,5,4,3281.27,0.600574
25,5,5,3283.49,0.567704
25,5,6,3280.42,0.550296
25,5,7,3279.23,0.558258
25,5,8,3282.79,0.594236
25,5,9,3291.16,0.654462
25,5,10,3303.01,0.730717
25,5,11,3315.45,0.811979
25,5,12,3325.15,0.886953
25,5,13,3326.81,0.943613
25,5,14,3314.58,0.971512
25,5,15,3283.46,0.963013
25,5,16,3230.44,0.915345
25,5,17,3155.17,0.83205
25,5,18,3059.45,0.722678
25,5,19,2946.87,0.601058
25,5,20,2822.52,0.482108
25,5,21,2692.45,0.378253
25,5,22,2563.91,0.298031
25,5,23,2444.63,0.244324
25,5,24,2341.2,0.215357
25,5,25,2256.47,0.205799
25,5,26,2189.75,0.208613
25,5,27,2136.51,0.216656
25,5,28,2091.15,0.223602
25,5,29,2048.44,0.224304
25,5,30,2004.96,0.216058
25,5,31,1958.92,0.198776
25,5,32,1909.17,0.174731
25,5,33,1855.23,0.147663
25,5,34,1796.86,0.121607
25,5,35,1734.91,0.0995077
25,5,36,1671.79,0.0827775
25,5,37,1611.4,0.0713462
25,5,38,1558.15,0.0640621
25,5,39,1515.36,0.0593905
25,5,40,1483.85,0.0557445
25,5,41,1462.23,0.0517384
25,5,42,1447.89,0.0468009
25,5,43,1437.84,0.0407815
25,5,44,1429.62,0.0340756
25,5,45,1421.08,0.0273939
25,5,46,1409.16,0.0212776
25,5,47,1389.74,0.0160387
25,5,48,1358.88,0.0117341
25,5,49,1314.72,0.00827758
25,6,0,2879.87,0.54236
25,6,1,3057.02,0.607175
25,6,2,3165.17,0.633863
25,6,3,3219.37,0.626554
25,6,4,3237.3,0.599165
25,6,5,3234.71,0.569792
25,6,6,3223.58,0.554348
25,6,7,3211.21,0.562349
25,6,8,3201.34,0.596458
25,6,9,3195.59,0.653188
25,6,10,3194.51,0.724727
25,6,11,3196.82,0.800547
25,6,12,3200.29,0.87004
25,6,13,3199.82,0.921938
25,6,14,3189.29,0.946806
25,6,15,3163.08,0.93804
25,6,16,3117.67,0.893353
25,6,17,3052.25,0.815886
25,6,18,2968.19,0.713837
25,6,19,2868.59,0.599178
25,6,20,2757.86,0.485199
25,6,21,2641.13,0.383567
25,6,22,2524.64,0.30299
25,6,23,2415.05,0.247224
25,6,24,2318.17,0.21554
25,6,25,2236.69,0.203603
25,6,26,2170.51,0.204972
25,6,27,2116.25,0.212724
25,6,28,2069.7,0.22057
25,6,29,2026.78,0.223268
25,6,30,1984.6,0.21787
25,6,31,1941.23,0.203844
25,6,32,1894.96,0.182869
25,6,33,1844.58,0.158194
25,6,34,1789.42,0.133717
25,6,35,1730.4,0.112656
25,6,36,1670.35,0.0968795
25,6,37,1613.55,0.086616
25,6,38,1564.48,0.0806265
25,6,39,1526.15,0.0769104
25,6,40,1498.76,0.0733176
25,6,41,1480.52,0.0681353
25,6,42,1468.66,0.0608182
25,6,43,1460.47,0.0516583
25,6,44,1453.86,0.0416182
25,6,45,1446.91,0.0319531
25,6,46,1436.44,0.0235573
25,6,47,1417.85,0.0168431
25,6,48,1386.64,0.0117837
25,6,49,1340.58,0.0080843
25,7,0,2836.03,0.519217
25,7,1,3009.63,0.582189
25,7,2,3115.24,0.609665
25,7,3,3166.94,0.605322
25,7,4,3181.3,0.581731
25,7,5,3173.11,0.555428
25,7,6,3153.64,0.541222
25,7,7,3130.01,0.548167
25,7,8,3106.41,0.578999
25,7,9,3085.66,0.630603
25,7,10,3070.02,0.695644
25,7,11,3060.03,0.764154
25,7,12,3054.99,0.826315
25,7,13,3050.62,0.871887
25,7,14,3040.89,0.892763
25,7,15,3019.9,0.883691
25,7,16,2983.57,0.84306
25,7,17,2930.36,0.77359
25,7,18,2860.85,0.68194
25,7,19,2777.16,0.577889
25,7,20,2682.59,0.472689
25,7,21,2581.06,0.376829
25,7,22,2477.63,0.298793
25,7,23,2377.97,0.242973
25,7,24,2287.26,0.209662
25,7,25,2208.36,0.195677
25,7,26,2142,0.195499
25,7,27,2086.23,0.202806
25,7,28,2038.31,0.211731
25,7,29,1995.34,0.217207
25,7,30,1954.87,0.216141
25,7,31,1914.74,0.207465
25,7,32,1872.64,0.192015
25,7,33,1826.6,0.172184
25,7,34,1775.57,0.151351
25,7,35,1720.56,0.132703
25,7,36,1664.69,0.118397
25,7,37,1612.55,0.108955
25,7,38,1568.51,0.103195
25,7,39,1535.18,0.0989058
25,7,40,1512.12,0.0936896
25,7,41,1497.21,0.0858331
25,7,42,1487.67,0.075078
25,7,43,1481.14,0.0622952
25,7,44,1475.96,0.0489989
25,7,45,1470.43,0.0368277
25,7,46,1461.25,0.0267911
25,7,47,1443.39,0.0191604
25,7,48,1411.85,0.0136613
25,7,49,1364.06,0.00973872
25,8,0,2793.73,0.48851
25,8,1,2962.53,0.548371
25,8,2,3064.45,0.575671
25,8,3,3112.86,0.573637
25,8,4,3123.49,0.553444
25,8,5,3110.32,0.529951
25,8,6,3083.9,0.516741
25,8,7,3050.85,0.522279
25,8,8,3015.26,0.549296
25,8,9,2980.49,0.595005
25,8,10,2950.1,0.652561
25,8,11,2926.34,0.712664
25,8,12,2910.47,0.766446
25,8,13,2899.62,0.804943
25,8,14,2888.58,0.821506
25,8,15,2871.48,0.812241
25,8,16,2843.78,0.776127
25,8,17,2802.99,0.715382
25,8,18,2748.51,0.63516
25,8,19,2681.14,0.543156
25,8,20,2602.83,0.448633
25,8,21,2516.22,0.360793
25,8,22,2425.28,0.287578
25,8,23,2334.77,0.233659
25,8,24,2249.45,0.200108
25,8,25,2172.43,0.184802
25,8,26,2105.31,0.183271
25,8,27,2047.64,0.190043
25,8,28,1998.17,0.199966
25,8,29,1955.15,0.208375
25,8,30,1916.65,0.212183
25,8,31,1880.23,0.20982
25,8,32,1842.96,0.201195
25,8,33,1802.12,0.187652
25,8,34,1756.26,0.171749
25,8,35,1706.36,0.156342
25,8,36,1655.75,0.143655
25,8,37,1609.07,0.134448
25,8,38,1570.52,0.127733
25,8,39,1542.23,0.121379
25,8,40,1523.25,0.113105
25,8,41,1511.25,0.101536
25,8,42,1503.58,0.0869265
25,8,43,1498.31,0.0707707
25,8,44,1494.21,0.0550153
25,8,45,1489.81,0.0414364
25,8,46,1481.68,0.0308777
25,8,47,1464.46,0.0232177
25,8,48,1432.69,0.0177812
25,8,49,1383.56,0.0137244
25,9,0,2754.94,0.454455
25,9,1,2919.01,0.510605
25,9,2,3017.42,0.537164
25,9,3,3063.06,0.536998
25,9,4,3071.09,0.520046
25,9,5,3054.94,0.499563
25,9,6,3024.44,0.487853
25,9,7,2985.49,0.49258
25,9,8,2941.51,0.516238
25,9,9,2895.65,0.556173
25,9,10,2852.06,0.606022
25,9,11,2814.37,0.657319
25,9,12,2785.83,0.702374
25,9,13,2765.6,0.733723
25,9,14,2749.91,0.74617
25,9,15,2733.52,0.736942
25,9,16,2711.62,0.70532
25,9,17,2680.73,0.652901
25,9,18,2638.92,0.583511
25,9,19,2585.57,0.503163
25,9,20,2521.28,0.41951
25,9,21,2447.57,0.34058
25,9,22,2367.48,0.273556
25,9,23,2284.99,0.222991
25,9,24,2204.43,0.190381
25,9,25,2129.03,0.174416
25,9,26,2061.07,0.171657
25,9,27,2001.45,0.177597
25,9,28,1950.33,0.187977
25,9,29,1907.21,0.198702
25,9,30,1870.71,0.206852
25,9,31,1838.29,0.210481
25,9,32,1806.45,0.208657
25,9,33,1771.72,0.201639
25,9,34,1732.18,0.190986
25,9,35,1688.59,0.178957
25,9,36,1644.21,0.167611
25,9,37,1603.57,0.157885
25,9,38,1570.54,0.149122
25,9,39,1546.9,0.139583
25,9,40,1531.35,0.127463
25,9,41,1521.54,0.112003
25,9,42,1515.09,0.0940778
25,9,43,1510.56,0.0757074
25,9,44,1507.1,0.0590413
25,9,45,1503.44,0.045692
25,9,46,1496.07,0.0360643
25,9,47,1479.35,0.0294341
25,9,48,1447.54,0.0246189
25,9,49,1397.58,0.0204992
25,10,0,2719.08,0.420108
25,10,1,2879.48,0.472563
25,10,2,2975.53,0.498278
25,10,3,3019.83,0.499876
25,10,4,3027.18,0.486309
25,10,5,3010.67,0.469414
25,10,6,2979.59,0.460205
25,10,7,2938.98,0.465326
25,10,8,2891.19,0.486736
25,10,9,2838.5,0.521679
25,10,10,2784.82,0.564243
25,10,11,2734.59,0.606969
25,10,12,2692.77,0.643541
25,10,13,2660.75,0.66813
25,10,14,2636.74,0.676888
25,10,15,2616.66,0.667838
25,10,16,2595.85,0.640277
25,10,17,2570.07,0.595128
25,10,18,2536.22,0.535172
25,10,19,2492.48,0.465237
25,10,20,2438.32,0.391804
25,10,21,2374.38,0.321872
25,10,22,2302.96,0.261685
25,10,23,2227.36,0.215304
25,10,24,2151.39,0.184299
25,10,25,2078.09,0.167928
25,10,26,2010.12,0.163738
25,10,27,1949.32,0.168253
25,10,28,1897.1,0.178189
25,10,29,1854.17,0.190094
25,10,30,1819.88,0.20132
25,10,31,1791.74,0.209667
25,10,32,1765.84,0.213509
25,10,33,1738.05,0.212104
25,10,34,1705.83,0.205963
25,10,35,1669.48,0.196602
25,10,36,1631.97,0.185772
25,10,37,1597.47,0.174576
25,10,38,1569.54,0.162864
25,10,39,1549.74,0.149577
25,10,40,1536.68,0.133665
25,10,41,1528.23,0.115111
25,10,42,1522.39,0.0953466
25,10,43,1518.13,0.0766716
25,10,44,1514.94,0.0611295
25,10,45,1511.62,0.0498733
25,10,46,1504.62,0.0426595
25,10,47,1488.14,0.0380427
25,10,48,1456.29,0.0343015
25,10,49,1405.91,0.0301012
25,11,0,2683.78,0.387272
25,11,1,2841.94,0.436592
25,11,2,2937.15,0.461886
25,11,3,2981.74,0.465585
25,11,4,2990.35,0.455834
25,11,5,2975.94,0.44321
25,11,6,2947.41,0.437434
25,11,7,2909,0.443997
25,11,8,2861.81,0.464136
25,11,9,2806.77,0.49487
25,11,10,2746.9,0.530755
25,11,11,2686.72,0.565442
25,11,12,2632.36,0.594052
25,11,13,2587.3,0.612342
25,11,14,2551.94,0.617639
25,11,15,2523.78,0.608518
25,11,16,2498.83,0.584193
25,11,17,2472.51,0.545065
25,11,18,2440.99,0.493218
25,11,19,2401.62,0.432711
25,11,20,2353.06,0.36911
25,11,21,2295.41,0.308367
25,11,22,2230.4,0.255538
25,11,23,2160.79,0.213855
25,11,24,2089.74,0.184704
25,11,25,2019.87,0.167794
25,11,26,1953.74,0.161688
25,11,27,1893.71,0.164035
25,11,28,1842.08,0.172558
25,11,29,1800.55,0.184429
25,11,30,1769.23,0.197248
25,11,31,1745.88,0.20859
25,11,32,1726.35,0.216247
25,11,33,1705.97,0.218625
25,11,34,1681.55,0.215289
25,11,35,1652.8,0.207054
25,11,36,1622.11,0.195387
25,11,37,1593.25,0.181653
25,11,38,1569.51,0.166386
25,11,39,1552.49,0.149417
25,11,40,1540.99,0.130559
25,11,41,1533.28,0.11047
25,11,42,1527.75,0.0909035
25,11,43,1523.68,0.0740997
25,11,44,1520.65,0.0616835
25,11,45,1517.41,0.0541323
25,11,46,1510.3,0.0504602
25,11,47,1493.54,0.0485042
25,11,48,1461.24,0.0460584
25,11,49,1410.32,0.0416723
25,12,0,2646.85,0.35769
25,12,1,2804.06,0.404983
25,12,2,2899.76,0.430825
25,12,3,2945.99,0.437373
25,12,4,2957.34,0.431959
25,12,5,2946.82,0.423946
25,12,6,2923.16,0.421774
25,12,7,2889.88,0.429843
25,12,8,2846.82,0.448756
25,12,9,2793.34,0.475442
25,12,10,2731.12,0.505043
25,12,11,2664.14,0.532311
25,12,12,2599.08,0.553634
25,12,13,2541.1,0.566053
25,12,14,2492.72,0.567821
25,12,15,2453.29,0.55796
25,12,16,2419.85,0.535762
25,12,17,2388.05,0.501482
25,12,18,2353.75,0.456909
25,12,19,2313.89,0.405586
25,12,20,2266.67,0.352173
25,12,21,2211.96,0.301336
25,12,22,2151.21,0.256623
25,12,23,2086.75,0.220148
25,12,24,2021.19,0.192964
25,12,25,1956.55,0.175243
25,12,26,1894.95,0.166672
25,12,27,1838.77,0.166164
25,12,28,1790.61,0.172464
25,12,29,1752.77,0.183317
25,12,30,1725.93,0.196437
25,12,31,1708.13,0.209083
25,12,32,1695.19,0.218501
25,12,33,1682.1,0.22239
25,12,34,1665.11,0.219603
25,12,35,1643.32,0.210463
25,12,36,1618.53,0.196349
25,12,37,1594.12,0.179065
25,12,38,1573.31,0.159975
25,12,39,1557.95,0.139864
25,12,40,1547.31,0.119342
25,12,41,1540.15,0.099508
25,12,42,1535.19,0.0821031
25,12,43,1531.77,0.0689704
25,12,44,1529.27,0.0610814
25,12,45,1526.11,0.0581512
25,12,46,1518.45,0.0584867
25,12,47,1500.59,0.0593306
25,12,48,1466.86,0.0581231
25,12,49,1414.49,0.053415
25,13,0,2604.81,0.332803
25,13,1,2762.04,0.379712
25,13,2,2859.27,0.407658
25,13,3,2908.21,0.418255
25,13,4,2923.44,0.41778
25,13,5,2918.1,0.41423
25,13,6,2900.83,0.414765
25,13,7,2874.55,0.422954
25,13,8,2837.93,0.43919
25,13,9,2788.73,0.460793
25,13,10,2727.11,0.483777
25,13,11,2656.1,0.503946
25,13,12,2582.46,0.518585
25,13,13,2512.54,0.525505
25,13,14,2450.79,0.52354
25,13,15,2398.45,0.512132
25,13,16,2353.89,0.490956
25,13,17,2313.32,0.460606
25,13,18,2272.64,0.422965
25,13,19,2228.67,0.38116
25,13,20,2179.47,0.3388
25,13,21,2124.98,0.298927
25,13,22,2066.61,0.263285
25,13,23,2006.61,0.232671
25,13,24,1947.13,0.207724
25,13,25,1889.65,0.189137
25,13,26,1835.62,0.177818
25,13,27,1786.96,0.174071
25,13,28,1745.99,0.177678
25,13,29,1715.01,0.1869
25,13,30,1694.86,0.1994
25,13,31,1683.78,0.211982
25,13,32,1677.63,0.22131
25,13,33,1671.28,0.224516
25,13,34,1660.66,0.220032
25,13,35,1644.4,0.208024
25,13,36,1623.91,0.19007
25,13,37,1602.36,0.168607
25,13,38,1583.11,0.145877
25,13,39,1568.5,0.123515
25,13,40,1558.46,0.102699
25,13,41,1552.25,0.0846392
25,13,42,1548.76,0.0707404
25,13,43,1547.11,0.0622104
25,13,44,1546.08,0.0592759
25,13,45,1543.46,0.0609553
25,13,46,1534.99,0.0650051
25,13,47,1515.08,0.0682863
25,13,48,1478.49,0.0680596
25,13,49,1423.03,0.0629819
25,14,0,2555.25,0.314234
25,14,1,2713.19,0.362781
25,14,2,2812.85,0.394739
25,14,3,2865.47,0.410818
25,14,4,2885.58,0.415832
25,14,5,2886.39,0.41615
25,14,6,2876.43,0.417621
25,14,7,2858.06,0.423371
25,14,8,2828.87,0.43423
25,14,9,2785.23,0.448646
25,14,10,2725.83,0.463955
25,14,11,2652.71,0.477005
25,14,12,2572.33,0.485563
25,14,13,2491.86,0.487594
25,14,14,2417.46,0.482068
25,14,15,2352.15,0.468743
25,14,16,2295.72,0.447888
25,14,17,2245.1,0.420814
25,14,18,2196.39,0.389787
25,14,19,2146.4,0.357587
25,14,20,2093.28,0.326682
25,14,21,2037.21,0.298337
25,14,22,1979.89,0.272386
25,14,23,1923.76,0.248235
25,14,24,1870.78,0.226016
25,14,25,1821.99,0.206882
25,14,26,1778.12,0.192894
25,14,27,1740.29,0.185754
25,14,28,1710.05,0.186307
25,14,29,1689.12,0.193365
25,14,30,1678.04,0.204497
25,14,31,1674.97,0.215996
25,14,32,1675.81,0.223924
25,14,33,1675.49,0.224946
25,14,34,1669.88,0.217315
25,14,35,1657.45,0.201309
25,14,36,1639.44,0.17894
25,14,37,1619.11,0.153371
25,14,38,1600.22,0.127645
25,14,39,1585.75,0.104036
25,14,40,1576.39,0.0840008
25,14,41,1571.89,0.0685744
25,14,42,1571.17,0.0586115
25,14,43,1572.81,0.0546045
25,14,44,1574.66,0.0560949
25,14,45,1573.47,0.0615797
25,14,46,1564.33,0.068482
25,14,47,1541.62,0.0735182
25,14,48,1500.65,0.0739399
25,14,49,1440.07,0.0685773
25,15,0,2497.71,0.302797
25,15,1,2656.95,0.354937
25,15,2,2759.94,0.392678
25,15,3,2817.31,0.41549
25,15,4,2843.3,0.426352
25,15,5,2851,0.42974
25,15,6,2848.68,0.430186
25,15,7,2838.15,0.430725
25,15,8,2816.14,0.433273
25,15,9,2778.01,0.43815
25,15,10,2721.27,0.444511
25,15,11,2647.03,0.450329
25,15,12,2561.38,0.453526
25,15,13,2471.99,0.451682
25,15,14,2386.36,0.443431
25,15,15,2309.17,0.42859
25,15,16,2241.6,0.407976
25,15,17,2181.28,0.383695
25,15,18,2124.55,0.358522
25,15,19,2068.2,0.334992
25,15,20,2010.55,0.314592
25,15,21,1952.21,0.297015
25,15,22,1895.37,0.280415
25,15,23,1842.83,0.262883
25,15,24,1796.57,0.24391
25,15,25,1757.32,0.224834
25,15,26,1725.08,0.208543
25,15,27,1700.05,0.19796
25,15,28,1682.77,0.195001
25,15,29,1674.02,0.199185
25,15,30,1673.69,0.208145
25,15,31,1679.6,0.217794
25,15,32,1687.63,0.223662
25,15,33,1692.82,0.22202
25,15,34,1691.17,0.211045
25,15,35,1681.2,0.191217
25,15,36,1664.26,0.165024
25,15,37,1643.92,0.136282
25,15,38,1624.52,0.108648
25,15,39,1609.81,0.0847748
25,15,40,1601.32,0.0661715
25,15,41,1599.29,0.0535342
25,15,42,1602.55,0.0471278
25,15,43,1608.98,0.0468068
25,15,44,1615.18,0.0515985
25,15,45,1616.56,0.059694
25,15,46,1607.26,0.0683887
25,15,47,1581.5,0.0744477
25,15,48,1535.04,0.0752336
25,15,49,1467.56,0.06977
25,16,0,2434.78,0.297403
25,16,1,2595.85,0.354335
25,16,2,2703.09,0.398784
25,16,3,2766.19,0.428837
25,16,4,2798.83,0.445493
25,16,5,2813.66,0.451242
25,16,6,2818.47,0.449336
25,16,7,2814.64,0.442936
25,16,8,2798.47,0.435436
25,16,9,2764.75,0.429479
25,16,10,2710.28,0.426378
25,16,11,2635.45,0.425317
25,16,12,2545.85,0.424214
25,16,13,2449.36,0.419921
25,16,14,2354.49,0.410346
25,16,15,2267.31,0.395008
25,16,16,2190.21,0.374973
25,16,17,2121.52,0.35294
25,16,18,2057.79,0.33216
25,16,19,1995.79,0.315096
25,16,20,1934.11,0.30268
25,16,21,1873.83,0.293619
25,16,22,1817.7,0.284909
25,16,23,1768.92,0.273537
25,16,24,1729.47,0.258161
25,16,25,1699.84,0.239829
25,16,26,1679.37,0.221708
25,16,27,1667.41,0.207588
25,16,28,1663.49,0.200433
25,16,29,1667.43,0.200708
25,16,30,1678.31,0.20647
25,16,31,1693.5,0.213582
25,16,32,1708.73,0.217243
25,16,33,1719.15,0.213392
25,16,34,1720.94,0.200088
25,16,35,1712.75,0.177882
25,16,36,1696.15,0.149553
25,16,37,1675.11,0.119325
25,16,38,1654.63,0.0911949
25,16,39,1639.31,0.0679714
25,16,40,1631.59,0.0510946
25,16,41,1632.26,0.040927
25,16,42,1640.09,0.0372601
25,16,43,1652.17,0.0394986
25,16,44,1663.74,0.0463701
25,16,45,1668.69,0.0559458
25,16,46,1660.01,0.0655311
25,16,47,1631.54,0.0720446
25,16,48,1579.39,0.0730092
25,16,49,1504.11,0.0676233
25,17,0,2372.44,0.294417
25,17,1,2535.95,0.355812
25,17,2,2648.13,0.406322
25,17,3,2717.49,0.442816
25,17,4,2756.76,0.46453
25,17,5,2777.83,0.472171
25,17,6,2788.07,0.467853
25,17,7,2788.71,0.454894
25,17,8,2776.14,0.438129
25,17,9,2745.2,0.422459
25,17,10,2692.38,0.411286
25,17,11,2617.47,0.404943
25,17,12,2525.47,0.40127
25,17,13,2424.13,0.39627
25,17,14,2322.49,0.386923
25,17,15,2227.66,0.37216
25,17,16,2143.08,0.352939
25,17,17,2067.71,0.332228
25,17,18,1998.37,0.313659
25,17,19,1931.91,0.299855
25,17,20,1867.29,0.29177
25,17,21,1806.09,0.287904
25,17,22,1751.55,0.284767
25,17,23,1707.1,0.278517
25,17,24,1674.57,0.26678
25,17,25,1654.11,0.249763
25,17,26,1644.45,0.230277
25,17,27,1644.26,0.212521
25,17,28,1652.37,0.20043
25,17,29,1667.77,0.195648
25,17,30,1688.88,0.197093
25,17,31,1712.66,0.201023
25,17,32,1734.63,0.202599
25,17,33,1749.99,0.197515
25,17,34,1755.04,0.183592
25,17,35,1748.52,0.161176
25,17,36,1732.13,0.133002
25,17,37,1710.15,0.103341
25,17,38,1688.2,0.0762372
25,17,39,1671.71,0.0544866
25,17,40,1664.13,0.0394517
25,17,41,1666.92,0.0312896
25,17,42,1678.88,0.0295284
25,17,43,1696.42,0.0333453
25,17,44,1713.45,0.0413597
25,17,45,1722.38,0.0516357
25,17,46,1715.05,0.0615419
25,17,47,1684.74,0.0681672
25,17,48,1627.67,0.0691902
25,17,49,1545.01,0.0639539
25,18,0,2319.35,0.289714
25,18,1,2485.98,0.353629
25,18,2,2603.31,0.407894
25,18,3,2678.4,0.448611
25,18,4,2722.77,0.473833
25,18,5,2747.55,0.482994
25,18,6,2759.93,0.477358
25,18,7,2761.63,0.460281
25,18,8,2749.83,0.437605
25,18,9,2719.92,0.415869
25,18,10,2668.37,0.400029
25,18,11,2594.4,0.391262
25,18,12,2502.14,0.38726
25,18,13,2398.79,0.383256
25,18,14,2293.36,0.375329
25,18,15,2193.57,0.361739
25,18,16,2103.66,0.343126
25,18,17,2023.24,0.322479
25,18,18,1949.55,0.303727
25,18,19,1879.78,0.289877
25,18,20,1813.38,0.282424
25,18,21,1752.52,0.280361
25,18,22,1700.77,0.280313
25,18,23,1661.48,0.277882
25,18,24,1636.09,0.269546
25,18,25,1624.16,0.254228
25,18,26,1623.85,0.233849
25,18,27,1633.32,0.212579
25,18,28,1650.96,0.195168
25,18,29,1675.32,0.184546
25,18,30,1704.4,0.180834
25,18,31,1734.91,0.181087
25,18,32,1762.28,0.180751
25,18,33,1781.81,0.175418
25,18,34,1789.83,0.162566
25,18,35,1785,0.142064
25,18,36,1768.94,0.116233
25,18,37,1746.03,0.0890233
25,18,38,1722.26,0.064247
25,18,39,1703.86,0.0445848
25,18,40,1695.3,0.0313792
25,18,41,1698.83,0.0247695
25,18,42,1713.45,0.024249
25,18,43,1735.07,0.0289618
25,18,44,1756.54,0.0375435
25,18,45,1769.06,0.0480831
25,18,46,1763.43,0.0579981
25,18,47,1732.37,0.0645154
25,18,48,1671.9,0.0654515
25,18,49,1583.5,0.0602819
25,19,0,2284.98,0.280385
25,19,1,2455.51,0.343798
25,19,2,2577.55,0.398385
25,19,3,2656.63,0.440101
25,19,4,2703.09,0.466607
25,19,5,2727.56,0.476807
25,19,6,2737.69,0.471525
25,19,7,2736.43,0.453998
25,19,8,2722.43,0.430399
25,19,9,2692.09,0.407922
25,19,10,2641.94,0.392174
25,19,11,2570.5,0.384638
25,19,12,2480.67,0.382731
25,19,13,2378.56,0.381089
25,19,14,2272.57,0.375105
25,19,15,2170.49,0.362529
25,19,16,2077.14,0.343724
25,19,17,1992.83,0.32167
25,19,18,1915.53,0.300586
25,19,19,1843.07,0.28404
25,19,20,1775.65,0.274381
25,19,21,1716.05,0.271506
25,19,22,1668.03,0.272534
25,19,23,1634.63,0.272732
25,19,24,1616.58,0.26745
25,19,25,1612.66,0.254142
25,19,26,1620.36,0.233539
25,19,27,1637.35,0.209437
25,19,28,1661.79,0.187158
25,19,29,1692.05,0.17081
25,19,30,1726.01,0.161818
25,19,31,1760.42,0.158258
25,19,32,1790.87,0.156127
25,19,33,1812.82,0.151089
25,19,34,1822.71,0.140286
25,19,35,1819,0.122978
25,19,36,1803.04,0.100829
25,19,37,1779,0.0771911
25,19,38,1753.03,0.0554492
25,19,39,1731.94,0.0381208
25,19,40,1721.13,0.0265915
25,19,41,1723.67,0.0211433
25,19,42,1738.88,0.0214059
25,19,43,1762.45,0.0266079
25,19,44,1786.53,0.0354404
25,19,45,1801.51,0.0459892
25,19,46,1797.47,0.0556816
25,19,47,1766.61,0.0618537
25,19,48,1704.62,0.0624715
25,19,49,1612.87,0.0571675
25,20,0,2275.89,0.266897
25,20,1,2450.95,0.326851
25,20,2,2576.61,0.378303
25,20,3,2657.02,0.417657
25,20,4,2701.68,0.442979
25,20,5,2721.26,0.453418
25,20,6,2724.57,0.449835
25,20,7,2716.5,0.435249
25,20,8,2697.77,0.4155
25,20,9,2666,0.397429
25,20,10,2617.81,0.386344
25,20,11,2550.77,0.383429
25,20,12,2466.17,0.38567
25,20,13,2368.52,0.387269
25,20,14,2265.02,0.383193
25,20,15,2163.05,0.370971
25,20,16,2067.75,0.35093
25,20,17,1980.28,0.326213
25,20,18,1899.62,0.301414
25,20,19,1824.61,0.280745
25,20,20,1756.41,0.267449
25,20,21,1698.42,0.262384
25,20,22,1654.51,0.263264
25,20,23,1627.21,0.26519
25,20,24,1616.46,0.262577
25,20,25,1620.05,0.251542
25,20,26,1634.66,0.231615
25,20,27,1657.45,0.206025
25,20,28,1686.35,0.180352
25,20,29,1719.62,0.159564
25,20,30,1755.26,0.146211
25,20,31,1790.3,0.139375
25,20,32,1820.74,0.135712
25,20,33,1842.45,0.131114
25,20,34,1852.1,0.122482
25,20,35,1848.04,0.108501
25,20,36,1831.24,0.0901222
25,20,37,1805.5,0.0700054
25,20,38,1776.87,0.0510406
25,20,39,1752.53,0.0356079
25,20,40,1738.53,0.0251989
25,20,41,1738.6,0.0203487
25,20,42,1752.4,0.0209157
25,20,43,1775.59,0.0262471
25,20,44,1800.07,0.0350546
25,20,45,1815.91,0.0453526
25,20,46,1812.87,0.0545362
25,20,47,1782.78,0.0600452
25,20,48,1720.95,0.0600423
25,20,49,1628.42,0.0543693
25,21,0,2294.05,0.253
25,21,1,2473.91,0.307791
25,21,2,2601.74,0.353826
25,21,3,2680.76,0.388338
25,21,4,2720.15,0.410388
25,21,5,2731.2,0.420003
25,21,6,2724.36,0.41851
25,21,7,2706.92,0.408727
25,21,8,2681.89,0.395734
25,21,9,2648.25,0.385311
25,21,10,2602.65,0.381769
25,21,11,2541.49,0.38555
25,21,12,2464.2,0.393068
25,21,13,2373.33,0.398206
25,21,14,2274.43,0.395697
25,21,15,2174.07,0.38311
25,21,16,2077.57,0.361029
25,21,17,1987.05,0.333021
25,21,18,1902.8,0.304151
25,21,19,1824.97,0.279261
25,21,20,1755.76,0.262303
25,21,21,1699.17,0.254874
25,21,22,1659.07,0.255171
25,21,23,1637.46,0.258274
25,21,24,1633.43,0.258003
25,21,25,1643.79,0.249525
25,21,26,1664.37,0.231408
25,21,27,1691.65,0.206252
25,21,28,1723.26,0.179563
25,21,29,1757.31,0.156702
25,21,30,1791.95,0.140934
25,21,31,1824.59,0.132088
25,21,32,1851.82,0.127407
25,21,33,1870.19,0.123079
25,21,34,1876.79,0.115905
25,21,35,1870.09,0.104183
25,21,36,1850.83,0.0883024
25,21,37,1822.49,0.0703426
25,21,38,1790.86,0.0527906
25,21,39,1763.19,0.0379862
25,21,40,1745.79,0.0275835
25,21,41,1742.69,0.02242
25,21,42,1753.71,0.0225958
25,21,43,1774.62,0.0275455
25,21,44,1797.46,0.0359253
25,21,45,1812.43,0.0456021
25,21,46,1809.44,0.0539081
25,21,47,1780.18,0.0584033
25,21,48,1719.7,0.0575014
25,21,49,1628.57,0.0513021
25,22,0,2336.58,0.243881
25,22,1,2520.89,0.293641
25,22,2,2649.35,0.333817
25,22,3,2724.9,0.362579
25,22,4,2756.96,0.380242
25,22,5,2757.79,0.388047
25,22,6,2739.63,0.388063
25,22,7,2712.14,0.382996
25,22,8,2680.54,0.37706
25,22,9,2645.06,0.37473
25,22,10,2602.31,0.379084
25,22,11,2547.53,0.389678
25,22,12,2478.27,0.402345
25,22,13,2394.98,0.410713
25,22,14,2301.42,0.409364
25,22,15,2203.16,0.396044
25,22,16,2105.55,0.371779
25,22,17,2011.77,0.340749
25,22,18,1923.54,0.308515
25,22,19,1842.46,0.280429
25,22,20,1771.74,0.260833
25,22,21,1715.88,0.251703
25,22,22,1678.65,0.251536
25,22,23,1661.56,0.255519
25,22,24,1662.99,0.2573
25,22,25,1678.89,0.25164
25,22,26,1704.27,0.236527
25,22,27,1734.96,0.21398
25,22,28,1768.13,0.189137
25,22,29,1801.62,0.167231
25,22,30,1833.58,0.151691
25,22,31,1861.73,0.142667
25,22,32,1883.24,0.137737
25,22,33,1895.4,0.133344
25,22,34,1896.04,0.126332
25,22,35,1884.1,0.114887
25,22,36,1860.48,0.0991502
25,22,37,1828.54,0.0809065
25,22,38,1793.81,0.0624652
25,22,39,1763.33,0.0462839
25,22,40,1743.18,0.0342428
25,22,41,1737.16,0.0274966
25,22,42,1744.97,0.0263566
25,22,43,1762.51,0.0302843
25,22,44,1782.21,0.0377893
25,22,45,1794.83,0.0465062
25,22,46,1790.79,0.053655
25,22,47,1762.01,0.0569017
25,22,48,1703.42,0.0549267
25,22,49,1615.16,0.0481055
25,23,0,2396.59,0.243142
25,23,1,2584.44,0.289491
25,23,2,2712.24,0.325029
25,23,3,2783.36,0.348754
25,23,4,2807.89,0.362168
25,23,5,2799.17,0.367718
25,23,6,2771.02,0.36823
25,23,7,2734.96,0.366382
25,23,8,2697.9,0.365647
25,23,9,2661.02,0.36938
25,23,10,2620.81,0.379622
25,23,11,2571.55,0.395236
25,23,12,2509.21,0.41163
25,23,13,2432.43,0.422281
25,23,14,2343.35,0.421658
25,23,15,2246.57,0.407703
25,23,16,2147.43,0.381912
25,23,17,2050.12,0.349074
25,23,18,1957.73,0.315125
25,23,19,1873.25,0.285686
25,23,20,1800.69,0.265124
25,23,21,1744.86,0.255455
25,23,22,1709.35,0.255311
25,23,23,1695.2,0.260138
25,23,24,1700.25,0.263845
25,23,25,1719.85,0.261339
25,23,26,1748.45,0.250439
25,23,27,1781.29,0.232683
25,23,28,1815.12,0.212575
25,23,29,1847.36,0.194723
25,23,30,1875.93,0.182132
25,23,31,1898.57,0.174767
25,23,32,1912.86,0.170215
25,23,33,1916.8,0.165086
25,23,34,1909.14,0.156418
25,23,35,1889.74,0.142626
25,23,36,1860.16,0.124016
25,23,37,1823.95,0.102462
25,23,38,1786.51,0.0803829
25,23,39,1754.34,0.0605173
25,23,40,1732.79,0.0450176
25,23,41,1724.91,0.0353379
25,23,42,1729.98,0.0319447
25,23,43,1743.92,0.0342664
25,23,44,1759.73,0.0405882
25,23,45,1769,0.0482303
25,23,46,1762.95,0.0542182
25,23,47,1734.02,0.0562494
25,23,48,1677.25,0.0532109
25,23,49,1592.48,0.0457217
25,24,0,2465.6,0.250713
25,24,1,2655.65,0.295811
25,24,2,2781.88,0.328834
25,24,3,2848.68,0.349396
25,24,4,2867.09,0.359896
25,24,5,2851.41,0.363651
25,24,6,2816.53,0.363997
25,24,7,2775.05,0.363546
25,24,8,2734.76,0.365252
25,24,9,2697.19,0.371765
25,24,10,2658.72,0.384552
25,24,11,2612.98,0.40219
25,24,12,2554.95,0.41998
25,24,13,2482.09,0.431435
25,24,14,2395.39,0.431011
25,24,15,2298.75,0.416802
25,24,16,2197.54,0.390653
25,24,17,2096.74,0.357749
25,24,18,2000.54,0.324125
25,24,19,1912.99,0.295369
25,24,20,1838.6,0.275564
25,24,21,1782.24,0.266549
25,24,22,1747.27,0.267056
25,24,23,1734.29,0.27297
25,24,24,1740.81,0.278835
25,24,25,1761.87,0.280143
25,24,26,1791.72,0.27484
25,24,27,1825.27,0.264019
25,24,28,1858.87,0.251287
25,24,29,1889.49,0.240149
25,24,30,1914.55,0.23265
25,24,31,1931.53,0.228125
25,24,32,1938.11,0.223916
25,24,33,1932.89,0.216791
25,24,34,1915.62,0.204219
25,24,35,1887.45,0.185225
25,24,36,1851.03,0.160714
25,24,37,1810.52,0.133003
25,24,38,1771.17,0.104856
25,24,39,1738.75,0.0793696
25,24,40,1717.42,0.0589666
25,24,41,1709.12,0.0453591
25,24,42,1712.45,0.0391213
25,24,43,1723.3,0.0396204
25,24,44,1735.28,0.0448717
25,24,45,1740.89,0.051794
25,24,46,1732.32,0.0570767
25,24,47,1702.67,0.0582772
25,24,48,1647.3,0.0543404
25,24,49,1565.9,0.0460558
25,25,0,2535.35,0.263576
25,25,1,2726.16,0.309088
25,25,2,2850.29,0.341565
25,25,3,2913.52,0.361077
25,25,4,2927.98,0.370553
25,25,5,2908.72,0.373704
25,25,6,2871.13,0.373943
25,25,7,2828.05,0.373666
25,25,8,2787.15,0.375458
25,25,9,2749.8,0.381652
25,25,10,2712.13,0.393616
25,25,11,2667.55,0.410068
25,25,12,2610.72,0.426597
25,25,13,2538.68,0.43704
25,25,14,2452.02,0.436053
25,25,15,2354.35,0.421898
25,25,16,2251.08,0.396586
25,25,17,2147.69,0.36536
25,25,18,2048.95,0.333996
25,25,19,1959.44,0.307709
25,25,20,1883.79,0.290077
25,25,21,1826.71,0.282692
25,25,22,1791.25,0.284464
25,25,23,1777.74,0.291927
25,25,24,1783.54,0.300548
25,25,25,1803.75,0.306668
25,25,26,1832.7,0.30849
25,25,27,1865.23,0.306575
25,25,28,1897.42,0.303308
25,25,29,1925.76,0.300671
25,25,30,1947.04,0.299315
25,25,31,1958.26,0.29767
25,25,32,1957.01,0.292788
25,25,33,1942.37,0.281777
25,25,34,1915.14,0.262883
25,25,35,1877.95,0.236142
25,25,36,1834.81,0.203405
25,25,37,1790.65,0.167654
25,25,38,1750.56,0.132071
25,25,39,1719.35,0.100054
25,25,40,1699.75,0.0742202
25,25,41,1692.4,0.0564806
25,25,42,1695.16,0.0474937
25,25,43,1703.9,0.0465847
25,25,44,1712.81,0.0514885
25,25,45,1715.24,0.0586347
25,25,46,1704.26,0.0641764
25,25,47,1673.66,0.0652715
25,25,48,1619.21,0.0607016
25,25,49,1540.58,0.0513365
25,26,0,2599.05,0.277179
25,26,1,2789.33,0.323674
25,26,2,2911.1,0.356689
25,26,3,2971.7,0.376705
25,26,4,2984.36,0.386901
25,26,5,2964.7,0.390924
25,26,6,2928.11,0.39181
25,26,7,2886.88,0.391489
25,26,8,2847.9,0.392169
25,26,9,2811.79,0.396085
25,26,10,2774.37,0.404808
25,26,11,2729.1,0.417527
25,26,12,2671.02,0.430499
25,26,13,2597.5,0.438223
25,26,14,2509.41,0.435854
25,26,15,2410.5,0.421878
25,26,16,2306.23,0.398296
25,26,17,2202.15,0.370051
25,26,18,2103,0.342318
25,26,19,2013.27,0.319671
25,26,20,1937.31,0.305062
25,26,21,1879.5,0.299879
25,26,22,1842.71,0.303371
25,26,23,1827.16,0.312922
25,26,24,1830.34,0.325105
25,26,25,1847.64,0.337186
25,26,26,1873.64,0.347546
25,26,27,1903.27,0.355965
25,26,28,1932.38,0.363244
25,26,29,1957,0.369491
25,26,30,1973.35,0.373748
25,26,31,1977.99,0.373557
25,26,32,1968.45,0.365952
25,26,33,1944.27,0.348778
25,26,34,1907.34,0.321496
25,26,35,1861.72,0.285461
25,26,36,1812.78,0.243621
25,26,37,1766.12,0.199601
25,26,38,1726.54,0.156858
25,26,39,1697.74,0.118888
25,26,40,1680.97,0.0883593
25,26,41,1675.66,0.0673225
25,26,42,1679.04,0.0565408
25,26,43,1686.98,0.0553634
25,26,44,1694.2,0.0612727
25,26,45,1694.69,0.0701248
25,26,46,1682.2,0.0773024
25,26,47,1651.03,0.0792491
25,26,48,1597.26,0.0743306
25,26,49,1520.65,0.0634138
25,27,0,2652.62,0.288094
25,27,1,2841.43,0.335125
25,27,2,2960.72,0.368681
25,27,3,3019.41,0.389718
25,27,4,3031.77,0.401552
25,27,5,3013.83,0.407521
25,27,6,2980.67,0.409963
25,27,7,2943.63,0.410097
25,27,8,2908.27,0.409612
25,27,9,2874.23,0.410621
25,27,10,2836.98,0.414991
25,27,11,2790.26,0.422542
25,27,12,2729.9,0.430497
25,27,13,2654.16,0.434316
25,27,14,2564.73,0.429925
25,27,15,2465.77,0.416108
25,27,16,2362.69,0.394713
25,27,17,2260.65,0.370112
25,27,18,2163.77,0.346653
25,27,19,2075.92,0.328113
25,27,20,2000.85,0.316808
25,27,21,1942.63,0.314004
25,27,22,1904.08,0.319439
25,27,23,1885.62,0.331491
25,27,24,1885.04,0.347892
25,27,25,1898.07,0.366731
25,27,26,1919.55,0.386336
25,27,27,1944.38,0.405388
25,27,28,1968.2,0.422795
25,27,29,1986.71,0.436656
25,27,30,1995.81,0.444493
25,27,31,1991.95,0.443304
25,27,32,1972.87,0.430615
25,27,33,1938.8,0.405499
25,27,34,1892.61,0.368959
25,27,35,1839.62,0.323751
25,27,36,1786.24,0.273778
25,27,37,1738.4,0.223038
25,27,38,1700.41,0.174969
25,27,39,1674.81,0.132897
25,27,40,1661.54,0.0994118
25,27,41,1659.07,0.0766749
25,27,42,1664.19,0.0656183
25,27,43,1672.83,0.0657112
25,27,44,1680.14,0.0742369
25,27,45,1680.49,0.086421
25,27,46,1667.97,0.0966683
25,27,47,1637.1,0.10042
25,27,48,1584.11,0.0953993
25,27,49,1508.83,0.0824119
25,28,0,2694.42,0.295136
25,28,1,2881.3,0.341816
25,28,2,2998.16,0.375173
25,28,3,3055.29,0.396716
25,28,4,3067.91,0.40998
25,28,5,3052.42,0.418033
25,28,6,3023.5,0.422462
25,28,7,2991.4,0.423646
25,28,8,2960.29,0.422554
25,28,9,2928.78,0.420993
25,28,10,2892,0.421021
25,28,11,2844.15,0.423105
25,28,12,2782.04,0.425582
25,28,13,2705.12,0.425052
25,28,14,2616.03,0.418379
25,28,15,2519.43,0.404685
25,28,16,2420.47,0.385598
25,28,17,2323.51,0.36479
25,28,18,2231.64,0.345722
25,28,19,2147.78,0.331341
25,28,20,2075.05,0.32336
25,28,21,2017.23,0.32295
25,28,22,1977.33,0.330395
25,28,23,1956.09,0.345068
25,28,24,1951.63,0.365778
25,28,25,1959.89,0.39122
25,28,26,1975.73,0.419397
25,28,27,1993.87,0.447662
25,28,28,2009.73,0.47296
25,28,29,2018.93,0.491568
25,28,30,2017.53,0.499916
25,28,31,2002.44,0.495035
25,28,32,1972.1,0.475514
25,28,33,1927.56,0.442011
25,28,34,1872.65,0.397126
25,28,35,1813.54,0.344772
25,28,36,1757.15,0.289364
25,28,37,1709.29,0.234845
25,28,38,1673.59,0.184287
25,28,39,1651.51,0.140643
25,28,40,1641.98,0.106353
25,28,41,1642.86,0.0837284
25,28,42,1650.75,0.0739643
25,28,43,1661.68,0.0767502
25,28,44,1671.04,0.0892447
25,28,45,1673.32,0.10604
25,28,46,1662.58,0.120453
25,28,47,1633.23,0.126737
25,28,48,1581.38,0.121827
25,28,49,1506.88,0.106424
25,29,0,2725.14,0.299072
25,29,1,2910.23,0.34476
25,29,2,3024.9,0.377062
25,29,3,3080.53,0.398034
25,29,4,3093.14,0.411598
25,29,5,3079.49,0.420824
25,29,6,3053.95,0.426772
25,29,7,3025.9,0.429044
25,29,8,2998.35,0.427761
25,29,9,2969.06,0.424225
25,29,10,2933.03,0.42052
25,29,11,2885,0.417687
25,29,12,2822.84,0.415164
25,29,13,2747.08,0.410697
25,29,14,2661.23,0.40206
25,29,15,2570.13,0.388675
25,29,16,2478.37,0.371916
25,29,17,2389.25,0.354782
25,29,18,2304.68,0.339952
25,29,19,2226.7,0.329631
25,29,20,2157.93,0.324987
25,29,21,2102.03,0.327036
25,29,22,2062.19,0.33648
25,29,23,2039.42,0.353503
25,29,24,2031.96,0.377757
25,29,25,2035.64,0.408275
25,29,26,2045.04,0.44258
25,29,27,2054.62,0.476749
25,29,28,2059.73,0.506099
25,29,29,2056.38,0.525674
25,29,30,2041.33,0.531505
25,29,31,2012.52,0.521256
25,29,32,1969.5,0.494927
25,29,33,1914.31,0.454719
25,29,34,1851.51,0.404446
25,29,35,1787.65,0.348573
25,29,36,1729.56,0.291412
25,29,37,1682.51,0.236424
25,29,38,1649.3,0.186117
25,29,39,1630.56,0.143059
25,29,40,1624.59,0.109627
25,29,41,1629.03,0.0883738
25,29,42,1640.47,0.080849
25,29,43,1655.06,0.0870253
25,29,44,1668.26,0.10401
25,29,45,1674.39,0.125837
25,29,46,1667.13,0.14478
25,29,47,1640.44,0.153899
25,29,48,1590.09,0.149309
25,29,49,1515.79,0.131561
25,30,0,2746.76,0.301625
25,30,1,2930.7,0.34633
25,30,2,3043.7,0.377105
25,30,3,3097.8,0.396388
25,30,4,3109.62,0.40864
25,30,5,3096.27,0.417323
25,30,6,3072.06,0.423405
25,30,7,3045.87,0.425969
25,30,8,3020.03,0.424337
25,30,9,2991.86,0.4192
25,30,10,2956.47,0.412539
25,30,11,2909.25,0.405868
25,30,12,2849.06,0.399586
25,30,13,2777.31,0.392417
25,30,14,2697.94,0.382827
25,30,15,2615.52,0.370392
25,30,16,2533.68,0.35619
25,30,17,2454.51,0.342657
25,30,18,2378.93,0.33189
25,30,19,2308.37,0.325536
25,30,20,2245.27,0.324308
25,30,21,2193.31,0.328949
25,30,22,2155.71,0.340312
25,30,23,2133.4,0.359032
25,30,24,2124.33,0.385244
25,30,25,2123.83,0.418069
25,30,26,2126.13,0.454608
25,30,27,2125.55,0.49009
25,30,28,2117.77,0.518981
25,30,29,2099.69,0.535993
25,30,30,2069.29,0.537525
25,30,31,2025.89,0.522257
25,30,32,1970.33,0.491464
25,30,33,1905.52,0.448331
25,30,34,1836.41,0.397053
25,30,35,1769.43,0.341832
25,30,36,1710.79,0.286285
25,30,37,1664.91,0.233185
25,30,38,1633.82,0.184581
25,30,39,1617.61,0.142922
25,30,40,1614.4,0.110759
25,30,41,1621.97,0.0910138
25,30,42,1637.14,0.0856163
25,30,43,1656.14,0.0947992
25,30,44,1674.34,0.115659
25,30,45,1685.6,0.141821
25,30,46,1682.95,0.164737
25,30,47,1659.61,0.176472
25,30,48,1610.77,0.172424
25,30,49,1535.92,0.152942
25,31,0,2761.41,0.303788
25,31,1,2945.21,0.348124
25,31,2,3057.34,0.37749
25,31,3,3110.08,0.394396
25,31,4,3120.35,0.40386
25,31,5,3105.53,0.410067
25,31,6,3080.13,0.414382
25,31,7,3053,0.415769
25,31,8,3026.32,0.412978
25,31,9,2997.48,0.406154
25,31,10,2962,0.397149
25,31,11,2916.07,0.387883
25,31,12,2859.46,0.37952
25,31,13,2794.16,0.371492
25,31,14,2724.06,0.362613
25,31,15,2652.91,0.352346
25,31,16,2583.07,0.341367
25,31,17,2515.38,0.331619
25,31,18,2450.03,0.324843
25,31,19,2388.25,0.322368
25,31,20,2332.58,0.324616
25,31,21,2286.77,0.33198
25,31,22,2253.76,0.34515
25,31,23,2233.9,0.36477
25,31,24,2224.38,0.391025
25,31,25,2219.84,0.422936
25,31,26,2214.26,0.45744
25,31,27,2202.35,0.489637
25,31,28,2180.7,0.51418
25,31,29,2147.56,0.526434
25,31,30,2102.45,0.52377
25,31,31,2046.1,0.505875
25,31,32,1980.37,0.474691
25,31,33,1908.68,0.433408
25,31,34,1835.92,0.385572
25,31,35,1767.89,0.334351
25,31,36,1709.82,0.282316
25,31,37,1665.15,0.231676
25,31,38,1635.28,0.184433
25,31,39,1620.16,0.143385
25,31,40,1618.13,0.111585
25,31,41,1627.51,0.0924199
25,31,42,1645.57,0.0881369
25,31,43,1668.71,0.0991108
25,31,44,1692.06,0.122411
25,31,45,1708.82,0.15143
25,31,46,1711.11,0.177115
25,31,47,1691.17,0.190868
25,31,48,1643.41,0.187556
25,31,49,1567.02,0.167279
25,32,0,2769.24,0.305101
25,32,1,2954,0.349917
25,32,2,3066.32,0.378457
25,32,3,3118.3,0.392904
25,32,4,3126.81,0.39865
25,32,5,3109.37,0.400749
25,32,6,3080.73,0.401357
25,32,7,3050.1,0.399784
25,32,8,3020.04,0.3946
25,32,9,2988.45,0.385648
25,32,10,2951.63,0.374743
25,32,11,2906.76,0.364197
25,32,12,2854.49,0.355736
25,32,13,2797.15,0.349204
25,32,14,2738.19,0.343354
25,32,15,2680.11,0.337177
25,32,16,2623.75,0.330697
25,32,17,2568.71,0.325307
25,32,18,2514.65,0.322541
25,32,19,2462.88,0.323687
25,32,20,2416.26,0.329149
25,32,21,2378.46,0.339053
25,32,22,2351.81,0.353728
25,32,23,2335.59,0.373433
25,32,24,2325.93,0.397997
25,32,25,2316.86,0.426214
25,32,26,2302.6,0.455203
25,32,27,2278.83,0.480747
25,32,28,2243.76,0.498705
25,32,29,2197.39,0.505918
25,32,30,2140.79,0.501018
25,32,31,2075.74,0.484317
25,32,32,2004.55,0.457478
25,32,33,1930.48,0.422566
25,32,34,1857.8,0.3815
25,32,35,1791.27,0.335885
25,32,36,1734.95,0.287253
25,32,37,1691.37,0.237685
25,32,38,1661.47,0.189777
25,32,39,1645.44,0.147248
25,32,40,1642.24,0.113976
25,32,41,1651.14,0.0938482
25,32,42,1670.18,0.0892718
25,32,43,1696.06,0.100558
25,32,44,1723.62,0.124653
25,32,45,1745.28,0.154841
25,32,46,1752,0.181871
25,32,47,1734.83,0.19683
25,32,48,1687.29,0.19428
25,32,49,1608.14,0.174057
25,33,0,2768.45,0.304363
25,33,1,2955.11,0.350404
25,33,2,3068.79,0.37896
25,33,3,3121.05,0.391462
25,33,4,3128.39,0.393323
25,33,5,3108.24,0.390363
25,33,6,3075.57,0.385759
25,33,7,3040.04,0.3796
25,33,8,3004.88,0.370758
25,33,9,2968.89,0.359142
25,33,10,2929.42,0.34669
25,33,11,2884.86,0.336119
25,33,12,2836.81,0.329548
25,33,13,2787.86,0.326982
25,33,14,2740.8,0.326748
25,33,15,2696.68,0.326974
25,33,16,2654.69,0.326687
25,33,17,2613.18,0.326521
25,33,18,2571.39,0.327832
25,33,19,2530.76,0.332122
25,33,20,2494.4,0.340139
25,33,21,2465.74,0.352027
25,33,22,2446.16,0.367743
25,33,23,2433.66,0.386942
25,33,24,2423.29,0.408786
25,33,25,2408.8,0.431751
25,33,26,2385.2,0.453426
25,33,27,2349.89,0.470916
25,33,28,2303.21,0.482032
25,33,29,2247.13,0.485561
25,33,30,2184.1,0.481363
25,33,31,2116.34,0.469794
25,33,32,2045.82,0.451276
25,33,33,1974.85,0.425782
25,33,34,1906.5,0.392936
25,33,35,1844.24,0.352604
25,33,36,1790.92,0.305584
25,33,37,1748.24,0.254428
25,33,38,1716.95,0.20299
25,33,39,1697.78,0.15641
25,33,40,1690.68,0.119632
25,33,41,1696.27,0.097024
25,33,42,1713.7,0.0909626
25,33,43,1740.19,0.101472
25,33,44,1770.32,0.125215
25,33,45,1795.58,0.15538
25,33,46,1805.61,0.182666
25,33,47,1790.1,0.198078
25,33,48,1741.56,0.196043
25,33,49,1658.25,0.17618
25,34,0,2756.09,0.301222
25,34,1,2945.19,0.348974
25,34,2,3061.25,0.378388
25,34,3,3115.03,0.389806
25,34,4,3122.48,0.388233
25,34,5,3100.73,0.37998
25,34,6,3064.78,0.369301
25,34,7,3024.61,0.357416
25,34,8,2984.19,0.343977
25,34,9,2943.27,0.329346
25,34,10,2900.44,0.315733
25,34,11,2855.44,0.306238
25,34,12,2810.91,0.303237
25,34,13,2769.8,0.306711
25,34,14,2734.26,0.314323
25,34,15,2703.91,0.323044
25,34,16,2676.33,0.330572
25,34,17,2648.64,0.336507
25,34,18,2619.59,0.341947
25,34,19,2590.67,0.348795
25,34,20,2565.05,0.358497
25,34,21,2545.7,0.371616
25,34,22,2532.89,0.387929
25,34,23,2523.37,0.406467
25,34,24,2511.33,0.425543
25,34,25,2490.74,0.443225
25,34,26,2457.91,0.457658
25,34,27,2412.45,0.467572
25,34,28,2357.14,0.473042
25,34,29,2295.93,0.474921
25,34,30,2232.28,0.474078
25,34,31,2168.17,0.470403
25,34,32,2104.43,0.462394
25,34,33,2041.77,0.447374
25,34,34,1981.61,0.42241
25,34,35,1926.01,0.385759
25,34,36,1876.65,0.33792
25,34,37,1834.64,0.28246
25,34,38,1800.76,0.224971
25,34,39,1776.51,0.172308
25,34,40,1763.14,0.130584
25,34,41,1762.95,0.104587
25,34,42,1776.46,0.096504
25,34,43,1801.6,0.105889
25,34,44,1832.65,0.128934
25,34,45,1860.08,0.158624
25,34,46,1872.02,0.185568
25,34,47,1856.73,0.200745
25,34,48,1805.63,0.198539
25,34,49,1716.52,0.178474
25,35,0,2730.82,0.298144
25,35,1,2922.34,0.34807
25,35,2,3041.37,0.37916
25,35,3,3097.74,0.390462
25,35,4,3106.75,0.386211
25,35,5,3085.15,0.372898
25,35,6,3047.76,0.355811
25,35,7,3004.7,0.337559
25,35,8,2960.43,0.318974
25,35,9,2915.52,0.301187
25,35,10,2869.73,0.286748
25,35,11,2824.1,0.279023
25,35,12,2782.36,0.280493
25,35,13,2747.94,0.290989
25,35,14,2722.53,0.307462
25,35,15,2704.53,0.32565
25,35,16,2690.16,0.341784
25,35,17,2675.44,0.354243
25,35,18,2658.61,0.363746
25,35,19,2641.03,0.372635
25,35,20,2625.74,0.383274
25,35,21,2615.06,0.397013
25,35,22,2608.2,0.413738
25,35,23,2600.82,0.431996
25,35,24,2586.64,0.449218
25,35,25,2560.22,0.462951
25,35,26,2519.49,0.471753
25,35,27,2466.48,0.475883
25,35,28,2406.39,0.477565
25,35,29,2344.91,0.479547
25,35,30,2286.05,0.483473
25,35,31,2230.96,0.488529
25,35,32,2178.77,0.491093
25,35,33,2128.21,0.485792
25,35,34,2078.86,0.467285
25,35,35,2031.39,0.432525
25,35,36,1986.49,0.382077
25,35,37,1944.88,0.320809
25,35,38,1907.66,0.256191
25,35,39,1877.31,0.19679
25,35,40,1856.54,0.149813
25,35,41,1849.43,0.120383
25,35,42,1857.97,0.1104
25,35,43,1880.76,0.118862
25,35,44,1911.69,0.14135
25,35,45,1940.06,0.170493
25,35,46,1952.43,0.196663
25,35,47,1935.63,0.210753
25,35,48,1880.11,0.207141
25,35,49,1783.26,0.185442
25,36,0,2694.74,0.300437
25,36,1,2888.14,0.353337
25,36,2,3010.15,0.386969
25,36,3,3069.67,0.399049
25,36,4,3081.35,0.392862
25,36,5,3061.54,0.374881
25,36,6,3024.78,0.351373
25,36,7,2981.15,0.326492
25,36,8,2935.36,0.302519
25,36,9,2888.57,0.281531
25,36,10,2841.4,0.266365
25,36,11,2795.98,0.260415
25,36,12,2756.9,0.266066
25,36,13,2728.01,0.28291
25,36,14,2710.73,0.307328
25,36,15,2702.56,0.334047
25,36,16,2698.75,0.358031
25,36,17,2694.55,0.376472
25,36,18,2687.84,0.389626
25,36,19,2679.83,0.400179
25,36,20,2673.32,0.411407
25,36,21,2669.99,0.425636
25,36,22,2668.1,0.443111
25,36,23,2662.49,0.462101
25,36,24,2646.73,0.479214
25,36,25,2616.16,0.491347
25,36,26,2570.39,0.49715
25,36,27,2513.69,0.498017
25,36,28,2453.32,0.497893
25,36,29,2396.28,0.501098
25,36,30,2346.56,0.509885
25,36,31,2304.11,0.522802
25,36,32,2266.17,0.534361
25,36,33,2229.44,0.536889
25,36,34,2191.8,0.523079
25,36,35,2152.72,0.488954
25,36,36,2112.15,0.435351
25,36,37,2070.76,0.368422
25,36,38,2030.21,0.297317
25,36,39,1994.1,0.23204
25,36,40,1966.65,0.180665
25,36,41,1953.55,0.148524
25,36,42,1958.04,0.137175
25,36,43,1979.08,0.145039
25,36,44,2009.93,0.167025
25,36,45,2038.56,0.1953
25,36,46,2050,0.219894
25,36,47,2029.81,0.231579
25,36,48,1967.65,0.224786
25,36,49,1860.73,0.199435
25,37,0,2653.92,0.315426
25,37,1,2848.36,0.372688
25,37,2,2972.81,0.409763
25,37,3,3035.29,0.423178
25,37,4,3049.92,0.415376
25,37,5,3032.7,0.392841
25,37,6,2997.9,0.362834
25,37,7,2955.51,0.331133
25,37,8,2910.43,0.301557
25,37,9,2864.22,0.27714
25,37,10,2818.08,0.260825
25,37,11,2774.72,0.255699
25,37,12,2739.12,0.263807
25,37,13,2715.2,0.284449
25,37,14,2704.01,0.313749
25,37,15,2702.48,0.345941
25,37,16,2705.39,0.375271
25,37,17,2707.73,0.398065
25,37,18,2707.42,0.414112
25,37,19,2705.72,0.426223
25,37,20,2705.32,0.438331
25,37,21,2707.41,0.453646
25,37,22,2709.51,0.472873
25,37,23,2705.89,0.494171
25,37,24,2690.13,0.513439
25,37,25,2658.39,0.526837
25,37,26,2611.69,0.532755
25,37,27,2556.1,0.5332
25,37,28,2500.31,0.533263
25,37,29,2451.94,0.538412
25,37,30,2414.48,0.551383
25,37,31,2386.47,0.570324
25,37,32,2363.39,0.588418
25,37,33,2340.28,0.596381
25,37,34,2313.67,0.585595
25,37,35,2282.19,0.551575
25,37,36,2245.47,0.49553
25,37,37,2204.43,0.424656
25,37,38,2161.58,0.349331
25,37,39,2121.71,0.280477
25,37,40,2090.35,0.226616
25,37,41,2074.36,0.193026
25,37,42,2077.66,0.180835
25,37,43,2099.09,0.187908
25,37,44,2130.89,0.208573
25,37,45,2159.66,0.234648
25,37,46,2169.04,0.255953
25,37,47,2143.66,0.26327
25,37,48,2072.61,0.251206
25,37,49,1953.03,0.220143
25,38,0,2617.32,0.348585
25,38,1,2812.12,0.412001
25,38,2,2938.15,0.453297
25,38,3,3002.82,0.4681
25,38,4,3019.8,0.458401
25,38,5,3004.83,0.430968
25,38,6,2972.02,0.39418
25,38,7,2931.43,0.355431
25,38,8,2888.24,0.320006
25,38,9,2844.48,0.291726
25,38,10,2801.71,0.273362
25,38,11,2762.75,0.267309
25,38,12,2732.24,0.275011
25,38,13,2713.51,0.295463
25,38,14,2706.9,0.324947
25,38,15,2708.87,0.35792
25,38,16,2714.18,0.388721
25,38,17,2718.22,0.413355
25,38,18,2719.49,0.431263
25,38,19,2719.77,0.445085
25,38,20,2721.93,0.458965
25,38,21,2726.99,0.476623
25,38,22,2732,0.499107
25,38,23,2730.89,0.524533
25,38,24,2717.33,0.548273
25,38,25,2688.12,0.565811
25,38,26,2645.27,0.575095
25,38,27,2595.97,0.578293
25,38,28,2549.48,0.581033
25,38,29,2513.28,0.589399
25,38,30,2489.91,0.606354
25,38,31,2476.56,0.629795
25,38,32,2467.32,0.652121
25,38,33,2456.16,0.663206
25,38,34,2438.8,0.653894
25,38,35,2413.54,0.619725
25,38,36,2380.14,0.56245
25,38,37,2340.16,0.490064
25,38,38,2297.11,0.413673
25,38,39,2256.9,0.344462
25,38,40,2225.97,0.290792
25,38,41,2211.72,0.257425
25,38,42,2218,0.244816
25,38,43,2242.89,0.250263
25,38,44,2277.38,0.267748
25,38,45,2306.72,0.289104
25,38,46,2313.51,0.304378
25,38,47,2281.74,0.304729
25,38,48,2200.1,0.285137
25,38,49,2065.63,0.246497
25,39,0,2593.85,0.401356
25,39,1,2788.9,0.472687
25,39,2,2915.93,0.518604
25,39,3,2981.87,0.534197
25,39,4,3000.1,0.521595
25,39,5,2986.15,0.488339
25,39,6,2954.12,0.444154
25,39,7,2914.38,0.398003
25,39,8,2872.8,0.356436
25,39,9,2832.13,0.323757
25,39,10,2794.26,0.302232
25,39,11,2761.72,0.293185
25,39,12,2738.1,0.297221
25,39,13,2725.34,0.313036
25,39,14,2722.57,0.337497
25,39,15,2725.66,0.366036
25,39,16,2729.69,0.393961
25,39,17,2730.93,0.417621
25,39,18,2729.02,0.436321
25,39,19,2726.72,0.452266
25,39,20,2727.51,0.469293
25,39,21,2732.66,0.491075
25,39,22,2739.13,0.51868
25,39,23,2740.8,0.550147
25,39,24,2731.45,0.580552
25,39,25,2708.3,0.604956
25,39,26,2673.84,0.620953
25,39,27,2635.5,0.630602
25,39,28,2602.24,0.639501
25,39,29,2580.64,0.653674
25,39,30,2572.02,0.675793
25,39,31,2572.4,0.703362
25,39,32,2575.05,0.728349
25,39,33,2573.48,0.740491
25,39,34,2563.3,0.730958
25,39,35,2542.98,0.696036
25,39,36,2512.88,0.638395
25,39,37,2475.47,0.566752
25,39,38,2435.31,0.492506
25,39,39,2399.17,0.426403
25,39,40,2373.8,0.375861
25,39,41,2366.37,0.344466
25,39,42,2379.89,0.331623
25,39,43,2411.28,0.334033
25,39,44,2450.19,0.345678
25,39,45,2480.86,0.358992
25,39,46,2485.26,0.364903
25,39,47,2446.97,0.355419
25,39,48,2354.23,0.326095
25,39,49,2203.58,0.278262
25,40,0,2587.84,0.469096
25,40,1,2783.87,0.549502
25,40,2,2911.95,0.599927
25,40,3,2978.75,0.615275
25,40,4,2997.39,0.59842
25,40,5,2983.18,0.558216
25,40,6,2950.27,0.505974
25,40,7,2909.62,0.452136
25,40,8,2868.21,0.404219
25,40,9,2829.93,0.366656
25,40,10,2797.19,0.340906
25,40,11,2771.98,0.326951
25,40,12,2756.38,0.324403
25,40,13,2750.26,0.331729
25,40,14,2751.12,0.346705
25,40,15,2754.11,0.366357
25,40,16,2754.66,0.387667
25,40,17,2750.18,0.407942
25,40,18,2741.63,0.426602
25,40,19,2733.05,0.445254
25,40,20,2728.9,0.46697
25,40,21,2731.15,0.494784
25,40,22,2737.19,0.529363
25,40,23,2741.22,0.568575
25,40,24,2737.28,0.607485
25,40,25,2722.74,0.641185
25,40,26,2699.96,0.667266
25,40,27,2675.83,0.687609
25,40,28,2658.16,0.707259
25,40,29,2652.11,0.731343
25,40,30,2657.66,0.761445
25,40,31,2670.06,0.794206
25,40,32,2682.31,0.821251
25,40,33,2688.1,0.832768
25,40,34,2683.46,0.821139
25,40,35,2667.51,0.784258
25,40,36,2641.49,0.726295
25,40,37,2608.88,0.656808
25,40,38,2575.1,0.587177
25,40,39,2547.32,0.52707
25,40,40,2531.98,0.482177
25,40,41,2535.34,0.454214
25,40,42,2559.13,0.441148
25,40,43,2598.96,0.439082
25,40,44,2643.45,0.442387
25,40,45,2676.32,0.444683
25,40,46,2679.3,0.438365
25,40,47,2635.73,0.416643
25,40,48,2533.1,0.375715
25,40,49,2366.82,0.317185
25,41,0,2600.18,0.542292
25,41,1,2798.55,0.632032
25,41,2,2928.51,0.686475
25,41,3,2996.55,0.700555
25,41,4,3015.5,0.678333
25,41,5,3000.37,0.630389
25,41,6,2965.36,0.569786
25,41,7,2922.14,0.508295
25,41,8,2879.09,0.454072
25,41,9,2841.64,0.411319
25,41,10,2812.98,0.380495
25,41,11,2794.6,0.360167
25,41,12,2786.85,0.348974
25,41,13,2787.33,0.345298
25,41,14,2791.68,0.348028
25,41,15,2794.31,0.356104
25,41,16,2790.88,0.368543
25,41,17,2779.77,0.384009
25,41,18,2763.11,0.402277
25,41,19,2746.13,0.424353
25,41,20,2734.4,0.452304
25,41,21,2731.04,0.488104
25,41,22,2734.46,0.531646
25,41,23,2739.71,0.580548
25,41,24,2741.27,0.630136
25,41,25,2736.49,0.676006
25,41,26,2727.05,0.716132
25,41,27,2718.53,0.752161
25,41,28,2716.99,0.788011
25,41,29,2725.91,0.826984
25,41,30,2744.11,0.868641
25,41,31,2766.51,0.908182
25,41,32,2786.38,0.936919
25,41,33,2798.08,0.946061
25,41,34,2798.42,0.930112
25,41,35,2787.4,0.889471
25,41,36,2767.17,0.830422
25,41,37,2742.05,0.763521
25,41,38,2717.92,0.699859
25,41,39,2701.81,0.647499
25,41,40,2699.31,0.609769
25,41,41,2715.42,0.586022
25,41,42,2750.49,0.57258
25,41,43,2799.07,0.565061
25,41,44,2849.3,0.558544
25,41,45,2884.88,0.548182
25,41,46,2887.71,0.528057
25,41,47,2840.93,0.492575
25,41,48,2730.98,0.438445
25,41,49,2551.34,0.367391
25,42,0,2626.64,0.608772
25,42,1,2828.82,0.707145
25,42,2,2961.87,0.765044
25,42,3,3032.11,0.777454
25,42,4,3052.08,0.749723
25,42,5,3036.35,0.694256
25,42,6,2999.03,0.625821
25,42,7,2952.46,0.557277
25,42,8,2906.43,0.497085
25,42,9,2868.06,0.448962
25,42,10,2841.6,0.412376
25,42,11,2828.25,0.384695
25,42,12,2826.88,0.36384
25,42,13,2832.96,0.348341
25,42,14,2840.47,0.338234
25,42,15,2843.09,0.334316
25,42,16,2836.51,0.337549
25,42,17,2819.69,0.348051
25,42,18,2795.42,0.366109
25,42,19,2769.67,0.392313
25,42,20,2749.06,0.427776
25,42,21,2738.08,0.473312
25,42,22,2736.74,0.527876
25,42,23,2741.53,0.588818
25,42,24,2747.67,0.651914
25,42,25,2752.37,0.713557
25,42,26,2756.14,0.772258
25,42,27,2762.77,0.829211
25,42,28,2776.21,0.886551
25,42,29,2798.33,0.944872
25,42,30,2827.14,1.00094
25,42,31,2857.71,1.04817
25,42,32,2883.97,1.07776
25,42,33,2901.24,1.08262
25,42,34,2907.25,1.0602
25,42,35,2902.75,1.0141
25,42,36,2890.58,0.953055
25,42,37,2875.43,0.888553
25,42,38,2863.15,0.831038
25,42,39,2860.17,0.786617
25,42,40,2870.99,0.755985
25,42,41,2899.37,0.736119
25,42,42,2944.57,0.72188
25,42,43,3000.58,0.708687
25,42,44,3055.56,0.692491
25,42,45,3093.68,0.669883
25,42,46,3097.28,0.636278
25,42,47,3049.42,0.586795
25,42,48,2935.29,0.518302
25,42,49,2745.89,0.432577
25,43,0,2659.38,0.656857
25,43,1,2866.39,0.762276
25,43,2,3003.56,0.823209
25,43,3,3077.09,0.834519
25,43,4,3099.16,0.802539
25,43,5,3083.88,0.741192
25,43,6,3045.11,0.666606
25,43,7,2995.59,0.592369
25,43,8,2946.25,0.526934
25,43,9,2905.77,0.473433
25,43,10,2879.5,0.430582
25,43,11,2868.73,0.39505
25,43,12,2871.37,0.364525
25,43,13,2881.32,0.337968
25,43,14,2891.25,0.316443
25,43,15,2894.24,0.302203
25,43,16,2885.78,0.297664
25,43,17,2864.92,0.304183
25,43,18,2834.55,0.322618
25,43,19,2800.89,0.353451
25,43,20,2771.24,0.397187
25,43,21,2751.56,0.453737
25,43,22,2743.88,0.521255
25,43,23,2746.53,0.596912
25,43,24,2755.75,0.676989
25,43,25,2768.59,0.758634
25,43,26,2784.15,0.840633
25,43,27,2804.12,0.923193
25,43,28,2830.36,1.00593
25,43,29,2863.39,1.08606
25,43,30,2900.84,1.1572
25,43,31,2938.31,1.21114
25,43,32,2970.67,1.23961
25,43,33,2994.25,1.23802
25,43,34,3007.5,1.20746
25,43,35,3011.62,1.15498
25,43,36,3009.62,1.09155
25,43,37,3006,1.02912
25,43,38,3006.14,0.976977
25,43,39,3015.67,0.939109
25,43,40,3038.14,0.913799
25,43,41,3076.38,0.896221
25,43,42,3129.07,0.880415
25,43,43,3190.09,0.862032
25,43,44,3248.02,0.837861
25,43,45,3287.78,0.805378
25,43,46,3292.33,0.760449
25,43,47,3244.79,0.698066
25,43,48,3129.27,0.614774
25,43,49,2934.06,0.512464
25,44,0,2687.51,0.677855
25,44,1,2899.5,0.787846
25,44,2,3041.25,0.851364
25,44,3,3118.78,0.862907
25,44,4,3143.89,0.829204
25,44,5,3130.26,0.764998
25,44,6,3091.4,0.687137
25,44,7,3040.17,0.609437
25,44,8,2988.18,0.540065
25,44,9,2945.23,0.481612
25,44,10,2917.67,0.432462
25,44,11,2907.25,0.389283
25,44,12,2911.5,0.350106
25,44,13,2923.46,0.314592
25,44,14,2934.95,0.28459
25,44,15,2938.49,0.263172
25,44,16,2929.18,0.253486
25,44,17,2905.81,0.257691
25,44,18,2870.91,0.277176
25,44,19,2830.53,0.312666
25,44,20,2792.39,0.36457
25,44,21,2763.82,0.432432
25,44,22,2748.94,0.514004
25,44,23,2748.16,0.606485
25,44,24,2758.93,0.706593
25,44,25,2778.09,0.811897
25,44,26,2803.29,0.920806
25,44,27,2834.18,1.03176
25,44,28,2870.73,1.14116
25,44,29,2912.49,1.24248
25,44,30,2957.11,1.32642
25,44,31,3000.97,1.38387
25,44,32,3039.89,1.40813
25,44,33,3071.06,1.39799
25,44,34,3093.36,1.35855
25,44,35,3107.85,1.30003
25,44,36,3117.18,1.23483
25,44,37,3125.25,1.17447
25,44,38,3136.73,1.12643
25,44,39,3156.57,1.09267
25,44,40,3187.72,1.06973
25,44,41,3232.59,1.05203
25,44,42,3289.68,1.03372
25,44,43,3353.07,1.01115
25,44,44,3411.95,0.981726
25,44,45,3452.02,0.942957
25,44,46,3456.97,0.890074
25,44,47,3410.17,0.817031
25,44,48,3294.95,0.719639
25,44,49,3097.17,0.600053
25,45,0,2697.75,0.667244
25,45,1,2913.82,0.778365
25,45,2,3059.87,0.843543
25,45,3,3141.52,0.856765
25,45,4,3170.18,0.824454
25,45,5,3159.1,0.761261
25,45,6,3121.47,0.683893
25,45,7,3070.05,0.605789
25,45,8,3016.69,0.534573
25,45,9,2971.76,0.472437
25,45,10,2942.42,0.417916
25,45,11,2930.99,0.368351
25,45,12,2935.19,0.322634
25,45,13,2947.77,0.281273
25,45,14,2960.06,0.246584
25,45,15,2964.09,0.221781
25,45,16,2954.45,0.210007
25,45,17,2929.44,0.213724
25,45,18,2891.07,0.234733
25,45,19,2845.03,0.274271
25,45,20,2799.26,0.333146
25,45,21,2762.28,0.411115
25,45,22,2740.15,0.506076
25,45,23,2735.29,0.615512
25,45,24,2746.32,0.736499
25,45,25,2769.9,0.866557
25,45,26,2802.38,1.00296
25,45,27,2841.61,1.1416
25,45,28,2886.06,1.27518
25,45,29,2934.71,1.39354
25,45,30,2985.47,1.48516
25,45,31,3035.59,1.5412
25,45,32,3081.74,1.55766
25,45,33,3121.65,1.53746
25,45,34,3154.14,1.4896
25,45,35,3179.72,1.42666
25,45,36,3200.23,1.36128
25,45,37,3218.78,1.30343
25,45,38,3239.44,1.25832
25,45,39,3266.77,1.22612
25,45,40,3303.57,1.20258
25,45,41,3352.18,1.18253
25,45,42,3411.19,1.16111
25,45,43,3474.96,1.13567
25,45,44,3533.24,1.1039
25,45,45,3572.45,1.06257
25,45,46,3576.97,1.00541
25,45,47,3530.49,0.924795
25,45,48,3415.9,0.815656
25,45,49,3217.31,0.680575
25,46,0,2675.65,0.624671
25,46,1,2893.8,0.732527
25,46,2,3043.14,0.797524
25,46,3,3128.51,0.813207
25,46,4,3160.74,0.78511
25,46,5,3152.72,0.726855
25,46,6,3117.33,0.654089
25,46,7,3067.13,0.579236
25,46,8,3013.89,0.509147
25,46,9,2968.14,0.44576
25,46,10,2937.49,0.388149
25,46,11,2924.83,0.334787
25,46,12,2928.34,0.285702
25,46,13,2940.86,0.242214
25,46,14,2953.46,0.206775
25,46,15,2957.76,0.18218
25,46,16,2947.83,0.171023
25,46,17,2921.44,0.175643
25,46,18,2880.11,0.198098
25,46,19,2829.19,0.24024
25,46,20,2776.79,0.303591
25,46,21,2732.35,0.38856
25,46,22,2703.57,0.493677
25,46,23,2694.51,0.616963
25,46,24,2704.8,0.755801
25,46,25,2730.97,0.9073
25,46,26,2768.33,1.06703
25,46,27,2813.34,1.22794
25,46,28,2863.41,1.37905
25,46,29,2917.28,1.50711
25,46,30,2973.29,1.59949
25,46,31,3029.48,1.64878
25,46,32,3083.14,1.65457
25,46,33,3132.16,1.62407
25,46,34,3174.93,1.56957
25,46,35,3211.04,1.50487
25,46,36,3241.45,1.44157
25,46,37,3268.52,1.38722
25,46,38,3295.97,1.34452
25,46,39,3328.33,1.31233
25,46,40,3368.55,1.28648
25,46,41,3419.09,1.26306
25,46,42,3478.69,1.23876
25,46,43,3541.92,1.21195
25,46,44,3598.97,1.1803
25,46,45,3636.75,1.13938
25,46,46,3640.11,1.08125
25,46,47,3593.01,0.996777
25,46,48,3478.13,0.880229
25,46,49,3278.75,0.734705
25,47,0,2607.78,0.554175
25,47,1,2824.73,0.653843
25,47,2,2975.49,0.715848
25,47,3,3063.62,0.733604
25,47,4,3099.08,0.711428
25,47,5,3094.26,0.661181
25,47,6,3061.77,0.596668
25,47,7,3013.95,0.528761
25,47,8,2962.3,0.46335
25,47,9,2917.2,0.402202
25,47,10,2886.42,0.345075
25,47,11,2873.24,0.29168
25,47,12,2876.29,0.243118
25,47,13,2888.68,0.201303
25,47,14,2901.43,0.168544
25,47,15,2905.81,0.146906
25,47,16,2895.48,0.138181
25,47,17,2867.8,0.144329
25,47,18,2823.94,0.1675
25,47,19,2769,0.21007
25,47,20,2711.23,0.274292
25,47,21,2660.74,0.361375
25,47,22,2626.35,0.470745
25,47,23,2613.33,0.601112
25,47,24,2622.04,0.750183
25,47,25,2648.95,0.914555
25,47,26,2688.67,1.08806
25,47,27,2736.79,1.26089
25,47,28,2790.07,1.41915
25,47,29,2847.29,1.54758
25,47,30,2907.27,1.6336
25,47,31,2968.71,1.67203
25,47,32,3029.27,1.66623
25,47,33,3086.67,1.62707
25,47,34,3138.64,1.56903
25,47,35,3183.78,1.50583
25,47,36,3222.2,1.4471
25,47,37,3255.73,1.39761
25,47,38,3288.04,1.35777
25,47,39,3323.81,1.32567
25,47,40,3366.29,1.29777
25,47,41,3418.1,1.27176
25,47,42,3478.07,1.24589
25,47,43,3540.87,1.2193
25,47,44,3596.9,1.18947
25,47,45,3633.31,1.15093
25,47,46,3635.11,1.09452
25,47,47,3586.26,1.01038
25,47,48,3469.5,0.892632
25,47,49,3268.27,0.744823
25,48,0,2484.67,0.463656
25,48,1,2695.32,0.550533
25,48,2,2844.36,0.6063
25,48,3,2933.46,0.624693
25,48,4,2971.31,0.60878
25,48,5,2969.59,0.568246
25,48,6,2940.51,0.514549
25,48,7,2896.14,0.456662
25,48,8,2847.57,0.399393
25,48,9,2804.8,0.344322
25,48,10,2775.44,0.291793
25,48,11,2762.9,0.242508
25,48,12,2766.14,0.198312
25,48,13,2778.6,0.161385
25,48,14,2791.44,0.13371
25,48,15,2795.79,0.116578
25,48,16,2785.1,0.11101
25,48,17,2756.52,0.118499
25,48,18,2710.98,0.141129
25,48,19,2653.47,0.181542
25,48,20,2592.23,0.24248
25,48,21,2537.7,0.325794
25,48,22,2499.25,0.431776
25,48,23,2482.8,0.559829
25,48,24,2489.19,0.708034
25,48,25,2514.91,0.872662
25,48,26,2554.3,1.04631
25,48,27,2602.56,1.21739
25,48,28,2656.25,1.37042
25,48,29,2714.36,1.48958
25,48,30,2776.21,1.56341
25,48,31,2840.98,1.5892
25,48,32,2906.57,1.57335
25,48,33,2970.37,1.52909
25,48,34,3029.36,1.47151
25,48,35,3081.27,1.4132
25,48,36,3125.51,1.36138
25,48,37,3163.62,1.31828
25,48,38,3199.31,1.28263
25,48,39,3237.52,1.25217
25,48,40,3281.77,1.22426
25,48,41,3334.75,1.19793
25,48,42,3395.31,1.17259
25,48,43,3458.13,1.1478
25,48,44,3513.7,1.12087
25,48,45,3549.09,1.08586
25,48,46,3549.15,1.03346
25,48,47,3497.65,0.954107
25,48,48,3377.7,0.842446
25,48,49,3174.1,0.702236
25,49,0,2304.59,0.363847
25,49,1,2501.58,0.434683
25,49,2,2643.84,0.481425
25,49,3,2730.84,0.498581
25,49,4,2769.53,0.488149
25,49,5,2770.5,0.457557
25,49,6,2745.33,0.415746
25,49,7,2705.54,0.369684
25,49,8,2661.61,0.323068
25,49,9,2622.89,0.277223
25,49,10,2596.51,0.232831
25,49,11,2585.7,0.191142
25,49,12,2589.65,0.154282
25,49,13,2602.21,0.124362
25,49,14,2614.94,0.102955
25,49,15,2619.2,0.0907117
25,49,16,2608.51,0.0880783
25,49,17,2579.99,0.0961193
25,49,18,2534.49,0.116716
25,49,19,2476.81,0.152466
25,49,20,2415.02,0.206219
25,49,21,2359.36,0.28012
25,49,22,2319.11,0.375073
25,49,23,2300.25,0.491025
25,49,24,2303.84,0.626467
25,49,25,2326.55,0.777701
25,49,26,2362.91,0.936983
25,49,27,2408.16,1.09234
25,49,28,2459.04,1.22844
25,49,29,2514.87,1.33044
25,49,30,2575.43,1.38875
25,49,31,2640.32,1.40277
25,49,32,2707.58,1.3806
25,49,33,2774.3,1.336
25,49,34,2836.91,1.28317
25,49,35,2892.43,1.23273
25,49,36,2939.84,1.1896
25,49,37,2980.45,1.15415
25,49,38,3018.03,1.12418
25,49,39,3057.66,1.0975
25,49,40,3102.97,1.07226
25,49,41,3156.61,1.04833
25,49,42,3217.4,1.02571
25,49,43,3280.03,1.00405
25,49,44,3335.06,0.980715
25,49,45,3369.44,0.950054
25,49,46,3367.71,0.903666
25,49,47,3313.52,0.833329
25,49,48,3190.86,0.734703
25,49,49,2987.39,0.611431
26,0,0,2511.04,0.362842
26,0,1,2662.63,0.404465
26,0,2,2752.01,0.4162
26,0,3,2795.15,0.400399
26,0,4,2814.44,0.367792
26,0,5,2830.96,0.333019
26,0,6,2858.63,0.309481
26,0,7,2901.44,0.305927
26,0,8,2955.58,0.325467
26,0,9,3013.52,0.366036
26,0,10,3067.64,0.421489
26,0,11,3111.84,0.483059
26,0,12,3142.21,0.541421
26,0,13,3155.59,0.58766
26,0,14,3148.95,0.614008
26,0,15,3119.96,0.614805
26,0,16,3067.33,0.587934
26,0,17,2991.05,0.535728
26,0,18,2892.65,0.465159
26,0,19,2775.3,0.386457
26,0,20,2644.17,0.310687
26,0,21,2506.27,0.24646
26,0,22,2370.06,0.198818
26,0,23,2244.54,0.16827
26,0,24,2137.73,0.152135
26,0,25,2053.5,0.145762
26,0,26,1991.21,0.144453
26,0,27,1945.37,0.144594
26,0,28,1908.25,0.143725
26,0,29,1872.24,0.140337
26,0,30,1832.6,0.133935
26,0,31,1788.01,0.125208
26,0,32,1739.14,0.115627
26,0,33,1687.99,0.106541
26,0,34,1635.93,0.0984101
26,0,35,1583.6,0.0903783
26,0,36,1531.44,0.0810316
26,0,37,1480.68,0.0694309
26,0,38,1433.64,0.0558586
26,0,39,1392.99,0.0418779
26,0,40,1360.6,0.0294755
26,0,41,1336.52,0.0200999
26,0,42,1319.31,0.0145325
26,0,43,1306.17,0.0123151
26,0,44,1294.18,0.0124938
26,0,45,1280.86,0.0138288
26,0,46,1264.16,0.0150503
26,0,47,1242.28,0.0152943
26,0,48,1214.31,0.0141705
26,0,49,1180.6,0.0118547
26,1,0,2693.4,0.434815
26,1,1,2855.21,0.486043
26,1,2,2951.36,0.502534
26,1,3,2999.33,0.486989
26,1,4,3021.74,0.451831
26,1,5,3039.18,0.413977
26,1,6,3065.31,0.388838
26,1,7,3104.4,0.386423
26,1,8,3153.59,0.410357
26,1,9,3206.51,0.458385
26,1,10,3256.55,0.523683
26,1,11,3298.18,0.596401
26,1,12,3327.52,0.66586
26,1,13,3340.94,0.721351
26,1,14,3334.71,0.753149
26,1,15,3305.66,0.753848
26,1,16,3251.8,0.720436
26,1,17,3172.6,0.655692
26,1,18,3069.34,0.568373
26,1,19,2945.21,0.471333
26,1,20,2805.67,0.378314
26,1,21,2658.24,0.299885
26,1,22,2512.17,0.242135
26,1,23,2377.35,0.205612
26,1,24,2262.53,0.186987
26,1,25,2171.94,0.180508
26,1,26,2104.91,0.180302
26,1,27,2055.52,0.18168
26,1,28,2015.58,0.181238
26,1,29,1977.07,0.176693
26,1,30,1934.98,0.167188
26,1,31,1887.76,0.153516
26,1,32,1835.84,0.137735
26,1,33,1781.04,0.122109
26,1,34,1724.51,0.108057
26,1,35,1666.84,0.0954218
26,1,36,1608.69,0.0830855
26,1,37,1551.77,0.0699997
26,1,38,1499,0.0560648
26,1,39,1453.61,0.0423646
26,1,40,1417.75,0.030456
26,1,41,1391.36,0.0214588
26,1,42,1372.74,0.0160373
26,1,43,1358.67,0.0136806
26,1,44,1345.92,0.0134978
26,1,45,1331.76,0.0143692
26,1,46,1313.81,0.0151483
26,1,47,1289.79,0.0150612
26,1,48,1258.31,0.0137595
26,1,49,1219.39,0.0114085
26,2,0,2810.11,0.492426
26,2,1,2978.5,0.551945
26,2,2,3079.72,0.573443
26,2,3,3131.81,0.559885
26,2,4,3156.78,0.524847
26,2,5,3174.2,0.486749
26,2,6,3197.18,0.462269
26,2,7,3230.43,0.462146
26,2,8,3272.29,0.490278
26,2,9,3317.95,0.544264
26,2,10,3362.09,0.616907
26,2,11,3399.87,0.697776
26,2,12,3427.49,0.775424
26,2,13,3440.84,0.837849
26,2,14,3435.43,0.873802
26,2,15,3407.3,0.874403
26,2,16,3353.79,0.835779
26,2,17,3273.97,0.760924
26,2,18,3168.94,0.659901
26,2,19,3042.01,0.54759
26,2,20,2898.93,0.439864
26,2,21,2747.59,0.348948
26,2,22,2597.68,0.281965
26,2,23,2459.52,0.239703
26,2,24,2342.05,0.218469
26,2,25,2249.36,0.211693
26,2,26,2180.61,0.212479
26,2,27,2129.59,0.215075
26,2,28,2087.99,0.215073
26,2,29,2047.85,0.209338
26,2,30,2004.19,0.196622
26,2,31,1955.41,0.177799
26,2,32,1901.77,0.155513
26,2,33,1844.81,0.13299
26,2,34,1785.47,0.112729
26,2,35,1724.3,0.095447
26,2,36,1662.25,0.0804738
26,2,37,1601.47,0.0666992
26,2,38,1545.37,0.0535341
26,2,39,1497.53,0.0413493
26,2,40,1460.09,0.0310099
26,2,41,1432.86,0.0231157
26,2,42,1413.88,0.018126
26,2,43,1399.74,0.0155314
26,2,44,1387.13,0.0146258
26,2,45,1373.22,0.0145701
26,2,46,1355.34,0.0144953
26,2,47,1330.71,0.0138193
26,2,48,1297.29,0.012276
26,2,49,1254.67,0.0099952
26,3,0,2867.93,0.531492
26,3,1,3040.7,0.597254
26,3,2,3145.98,0.623436
26,3,3,3201.53,0.613178
26,3,4,3228.32,0.580591
26,3,5,3244.68,0.544757
26,3,6,3263.11,0.522855
26,3,7,3288.78,0.525837
26,3,8,3321.43,0.55764
26,3,9,3357.99,0.615747
26,3,10,3394.67,0.692843
26,3,11,3427.47,0.778349
26,3,12,3452.75,0.86062
26,3,13,3465.87,0.926985
26,3,14,3461.6,0.965347
26,3,15,3435.19,0.965924
26,3,16,3383.36,0.924217
26,3,17,3304.92,0.843184
26,3,18,3200.96,0.733435
26,3,19,3074.99,0.61086
26,3,20,2933.01,0.492532
26,3,21,2783.07,0.391824
26,3,22,2634.93,0.316837
26,3,23,2498.76,0.268919
26,3,24,2383.08,0.244466
26,3,25,2291.56,0.236565
26,3,26,2223.05,0.237614
26,3,27,2171.31,0.240951
26,3,28,2128.41,0.241226
26,3,29,2086.83,0.234497
26,3,30,2041.99,0.21914
26,3,31,1992.36,0.196061
26,3,32,1938.05,0.168361
26,3,33,1880.26,0.140063
26,3,34,1819.64,0.114632
26,3,35,1756.77,0.0936333
26,3,36,1692.89,0.0768906
26,3,37,1630.57,0.0632777
26,3,38,1573.54,0.0517004
26,3,39,1525.49,0.0417289
26,3,40,1488.31,0.0334225
26,3,41,1461.59,0.0267923
26,3,42,1443.17,0.0220721
26,3,43,1429.69,0.0188402
26,3,44,1417.98,0.0166888
26,3,45,1405.25,0.0151807
26,3,46,1388.59,0.0138239
26,3,47,1364.62,0.01228
26,3,48,1330.61,0.010374
26,3,49,1285.64,0.00816868
26,4,0,2879.79,0.550536
26,4,1,3055.1,0.620081
26,4,2,3163.29,0.650116
26,4,3,3221.3,0.64383
26,4,4,3248.82,0.615249
26,4,5,3262.86,0.583312
26,4,6,3275.28,0.565033
26,4,7,3291.68,0.571189
26,4,8,3313.21,0.605617
26,4,9,3338.68,0.665758
26,4,10,3366.06,0.74438
26,4,11,3392.46,0.831064
26,4,12,3414.56,0.914404
26,4,13,3427.24,0.981651
26,4,14,3424.48,1.02062
26,4,15,3400.75,1.02136
26,4,16,3352.24,0.979147
26,4,17,3277.61,0.896695
26,4,18,3178.02,0.784309
26,4,19,3057.17,0.657673
26,4,20,2921.13,0.533915
26,4,21,2777.78,0.426885
26,4,22,2636.42,0.345533
26,4,23,2506.52,0.292089
26,4,24,2395.76,0.263571
26,4,25,2307.21,0.25331
26,4,26,2239.6,0.253448
26,4,27,2187.1,0.256704
26,4,28,2142.56,0.256999
26,4,29,2099.37,0.249747
26,4,30,2053.53,0.232997
26,4,31,2003.69,0.207601
26,4,32,1949.73,0.176863
26,4,33,1892.39,0.145249
26,4,34,1832,0.116859
26,4,35,1769.15,0.0939069
26,4,36,1705.38,0.076647
26,4,37,1643.63,0.0639725
26,4,38,1587.82,0.0543507
26,4,39,1541.48,0.0466082
26,4,40,1506.11,0.0400447
26,4,41,1480.98,0.034158
26,4,42,1463.84,0.0290291
26,4,43,1451.57,0.0244504
26,4,44,1441.3,0.0204107
26,4,45,1430.4,0.0169377
26,4,46,1415.68,0.0139328
26,4,47,1393.18,0.0112805
26,4,48,1359.42,0.00886007
26,4,49,1312.94,0.00663023
26,5,0,2860.63,0.550463
26,5,1,3036.33,0.62126
26,5,2,3145.74,0.653982
26,5,3,3204.71,0.651717
26,5,4,3231.5,0.627832
26,5,5,3241.85,0.600422
26,5,6,3246.88,0.585806
26,5,7,3252.48,0.594357
26,5,8,3261.05,0.629799
26,5,9,3273.28,0.689662
26,5,10,3289.19,0.766965
26,5,11,3307.27,0.851637
26,5,12,3324.86,0.932796
26,5,13,3336.53,0.99811
26,5,14,3335.56,1.03598
26,5,15,3315.66,1.03706
26,5,16,3272.58,0.99683
26,5,17,3204.8,0.917641
26,5,18,3113.54,0.808739
26,5,19,3002.43,0.684458
26,5,20,2877.29,0.560859
26,5,21,2745.28,0.451546
26,5,22,2614.74,0.366068
26,5,23,2494,0.307746
26,5,24,2389.75,0.274668
26,5,25,2304.59,0.260981
26,5,26,2237.49,0.259076
26,5,27,2183.52,0.261455
26,5,28,2136.75,0.261632
26,5,29,2091.74,0.254633
26,5,30,2045.2,0.238247
26,5,31,1995.86,0.213156
26,5,32,1943.34,0.182538
26,5,33,1887.76,0.150844
26,5,34,1829.07,0.122369
26,5,35,1767.83,0.0996619
26,5,36,1705.88,0.0832679
26,5,37,1646.48,0.0721113
26,5,38,1593.6,0.064333
26,5,39,1550.49,0.0581747
26,5,40,1518.08,0.0523552
26,5,41,1495.34,0.0460607
26,5,42,1480.01,0.039387
26,5,43,1469.3,0.0325013
26,5,44,1460.77,0.0258711
26,5,45,1451.95,0.0199933
26,5,46,1439.41,0.0151004
26,5,47,1418.58,0.01121
26,5,48,1385.29,0.00817477
26,5,49,1337.62,0.00580275
26,6,0,2824.26,0.53385
26,6,1,2998.05,0.603628
26,6,2,3106.69,0.637804
26,6,3,3164.89,0.639203
26,6,4,3189.59,0.620056
26,6,5,3195.23,0.597057
26,6,6,3192.14,0.585456
26,6,7,3186.21,0.595099
26,6,8,3180.74,0.629653
26,6,9,3178.12,0.686903
26,6,10,3180.43,0.760258
26,6,11,3187.91,0.840124
26,6,12,3198.99,0.916324
26,6,13,3208.37,0.977321
26,6,14,3208.89,1.01264
26,6,15,3193.69,1.01409
26,6,16,3158.08,0.977764
26,6,17,3100.29,0.905554
26,6,18,3021.27,0.805155
26,6,19,2924.22,0.688737
26,6,20,2814.11,0.570449
26,6,21,2696.93,0.463019
26,6,22,2579.66,0.376248
26,6,23,2469.34,0.314534
26,6,24,2371.71,0.277278
26,6,25,2289.3,0.259838
26,6,26,2221.73,0.255299
26,6,27,2165.4,0.256362
26,6,28,2115.89,0.256519
26,6,29,2069.05,0.250686
26,6,30,2022.3,0.236487
26,6,31,1974.38,0.21432
26,6,32,1924.43,0.186935
26,6,33,1871.89,0.15834
26,6,34,1816.23,0.132587
26,6,35,1758,0.112233
26,6,36,1699.3,0.0979336
26,6,37,1643.68,0.0886198
26,6,38,1595.02,0.0822147
26,6,39,1556.18,0.0765752
26,6,40,1527.53,0.0700959
26,6,41,1507.73,0.0619369
26,6,42,1494.55,0.0524472
26,6,43,1485.62,0.0423412
26,6,44,1478.91,0.032618
26,6,45,1472.14,0.0241807
26,6,46,1461.64,0.0174535
26,6,47,1442.29,0.012429
26,6,48,1409.3,0.0088142
26,6,49,1360.4,0.0062128
26,7,0,2781.35,0.504818
26,7,1,2951.38,0.571848
26,7,2,3057.57,0.60642
26,7,3,3113.69,0.610966
26,7,4,3135.53,0.596274
26,7,5,3136.38,0.577274
26,7,6,3125.69,0.567901
26,7,7,3109.02,0.577376
26,7,8,3090.03,0.609351
26,7,9,3072.29,0.661969
26,7,10,3059.69,0.729135
26,7,11,3054.33,0.801865
26,7,12,3056.28,0.870842
26,7,13,3061,0.925648
26,7,14,3061.52,0.957261
26,7,15,3050.74,0.958963
26,7,16,3023.6,0.927581
26,7,17,2977.84,0.864524
26,7,18,2913.74,0.775706
26,7,19,2833.45,0.670806
26,7,20,2740.66,0.561664
26,7,21,2639.81,0.459741
26,7,22,2536.4,0.374704
26,7,23,2436.22,0.311797
26,7,24,2344.41,0.271687
26,7,25,2263.67,0.251073
26,7,26,2194.6,0.244019
26,7,27,2135.23,0.243774
26,7,28,2082.74,0.244175
26,7,29,2034.35,0.240296
26,7,30,1988.1,0.229714
26,7,31,1942.59,0.212492
26,7,32,1896.37,0.190742
26,7,33,1848.09,0.167723
26,7,34,1796.74,0.146884
26,7,35,1742.81,0.130496
26,7,36,1688.61,0.119129
26,7,37,1637.86,0.111671
26,7,38,1594.32,0.105928
26,7,39,1560.42,0.099589
26,7,40,1535.94,0.0910219
26,7,41,1519.31,0.0796735
26,7,42,1508.41,0.0663946
26,7,43,1501.28,0.0525785
26,7,44,1496.3,0.0397466
26,7,45,1491.34,0.0290748
26,7,46,1482.52,0.0209801
26,7,47,1464.27,0.0152307
26,7,48,1431.3,0.0112502
26,7,49,1381.07,0.00839181
26,8,0,2738.7,0.468353
26,8,1,2904.11,0.531564
26,8,2,3007.08,0.565734
26,8,3,3060.71,0.572864
26,8,4,3079.91,0.562238
26,8,5,3077.12,0.546917
26,8,6,3060.89,0.539404
26,8,7,3036.15,0.548164
26,8,8,3006.26,0.576736
26,8,9,2975.14,0.62356
26,8,10,2947.83,0.683062
26,8,11,2928.13,0.747002
26,8,12,2918.09,0.807118
26,8,13,2914.78,0.854412
26,8,14,2912.23,0.881495
26,8,15,2903.73,0.883153
26,8,16,2883.99,0.856869
26,8,17,2850.03,0.803461
26,8,18,2800.98,0.727103
26,8,19,2737.57,0.635102
26,8,20,2661.82,0.537078
26,8,21,2576.58,0.443129
26,8,22,2485.96,0.362473
26,8,23,2394.77,0.300812
26,8,24,2307.71,0.259786
26,8,25,2227.84,0.237286
26,8,26,2156.82,0.228434
26,8,27,2094.26,0.22724
26,8,28,2039.01,0.228157
26,8,29,1989.58,0.226638
26,8,30,1944.59,0.22035
26,8,31,1902.45,0.209047
26,8,32,1861.04,0.194138
26,8,33,1818.17,0.177973
26,8,34,1772.31,0.163173
26,8,35,1723.85,0.151483
26,8,36,1675.2,0.143222
26,8,37,1630.15,0.137201
26,8,38,1592.24,0.131222
26,8,39,1563.48,0.123051
26,8,40,1543.2,0.111323
26,8,41,1529.67,0.096045
26,8,42,1520.93,0.0787431
26,8,43,1515.43,0.0615133
26,8,44,1511.93,0.0462943
26,8,45,1508.42,0.0343303
26,8,46,1500.87,0.0258006
26,8,47,1483.36,0.0200427
26,8,48,1450.22,0.0160698
26,8,49,1398.75,0.0129623
26,9,0,2699.67,0.429353
26,9,1,2860.68,0.48833
26,9,2,2960.62,0.521605
26,9,3,3012.21,0.530818
26,9,4,3029.86,0.523929
26,9,5,3025.45,0.512266
26,9,6,3006.82,0.506903
26,9,7,2978.03,0.515363
26,9,8,2941.5,0.540817
26,9,9,2900.62,0.58176
26,9,10,2860.61,0.633068
26,9,11,2826.42,0.687374
26,9,12,2802.12,0.737694
26,9,13,2787.07,0.776716
26,9,14,2777.22,0.798762
26,9,15,2766.99,0.799954
26,9,16,2751.23,0.77819
26,9,17,2726.11,0.733596
26,9,18,2689.47,0.668809
26,9,19,2640.32,0.589193
26,9,20,2579.01,0.502557
26,9,21,2506.96,0.417771
26,9,22,2427.12,0.343367
26,9,23,2343.52,0.285069
26,9,24,2260.54,0.245062
26,9,25,2181.52,0.222112
26,9,26,2108.96,0.212327
26,9,27,2043.86,0.210563
26,9,28,1986.54,0.212052
26,9,29,1936.79,0.212766
26,9,30,1893.79,0.210582
26,9,31,1855.81,0.205022
26,9,32,1820.09,0.196835
26,9,33,1783.62,0.187452
26,9,34,1744.34,0.178558
26,9,35,1702.39,0.171235
26,9,36,1660.15,0.165454
26,9,37,1621.3,0.159979
26,9,38,1589.14,0.152779
26,9,39,1565.34,0.141954
26,9,40,1548.91,0.126665
26,9,41,1538.09,0.107635
26,9,42,1531.16,0.0870913
26,9,43,1526.96,0.0677026
26,9,44,1524.58,0.0516114
26,9,45,1522.11,0.0398793
26,9,46,1515.41,0.0322231
26,9,47,1498.33,0.0273778
26,9,48,1464.98,0.0238585
26,9,49,1412.52,0.0204893
26,10,0,2664.84,0.391757
26,10,1,2822.29,0.446596
26,10,2,2919.96,0.47873
26,10,3,2970.39,0.489573
26,10,4,2987.79,0.486103
26,10,5,2983.88,0.478229
26,10,6,2966.07,0.475696
26,10,7,2937.46,0.484914
26,10,8,2899.13,0.508374
26,10,9,2853.12,0.544295
26,10,10,2803.88,0.587853
26,10,11,2756.73,0.632605
26,10,12,2717.38,0.67299
26,10,13,2687.76,0.703538
26,10,14,2666.41,0.72026
26,10,15,2649.58,0.7204
26,10,16,2632.75,0.702064
26,10,17,2611.53,0.664696
26,10,18,2582.45,0.609708
26,10,19,2543,0.541055
26,10,20,2492.01,0.4652
26,10,21,2429.76,0.389938
26,10,22,2358.34,0.322914
26,10,23,2281.17,0.269453
26,10,24,2202.28,0.23187
26,10,25,2125.04,0.209504
26,10,26,2052.42,0.199355
26,10,27,1986.39,0.197176
26,10,28,1928.48,0.199048
26,10,29,1879.57,0.201505
26,10,30,1839.44,0.202675
26,10,31,1806.31,0.201875
26,10,32,1776.93,0.199259
26,10,33,1747.59,0.195397
26,10,34,1715.68,0.19105
26,10,35,1680.96,0.186636
26,10,36,1645.6,0.181829
26,10,37,1613.03,0.175503
26,10,38,1586.31,0.166039
26,10,39,1566.87,0.152133
26,10,40,1553.62,0.133634
26,10,41,1544.95,0.111969
26,10,42,1539.4,0.0899005
26,10,43,1536.18,0.0703852
26,10,44,1534.58,0.0554756
26,10,45,1532.77,0.045799
26,10,46,1526.51,0.0404382
26,10,47,1509.55,0.0374265
26,10,48,1475.88,0.0347549
26,10,49,1422.62,0.0310506
26,11,0,2632.16,0.358261
26,11,1,2787.05,0.409462
26,11,2,2883.29,0.440489
26,11,3,2933.33,0.452664
26,11,4,2951.48,0.452316
26,11,5,2949.66,0.448278
26,11,6,2935.11,0.449107
26,11,7,2910.11,0.460035
26,11,8,2874.21,0.482652
26,11,9,2827.58,0.514661
26,11,10,2773.16,0.551392
26,11,11,2715.85,0.587281
26,11,12,2662.34,0.618161
26,11,13,2616.96,0.640344
26,11,14,2581.1,0.65143
26,11,15,2553.34,0.649644
26,11,16,2530.32,0.633298
26,11,17,2507.48,0.601378
26,11,18,2480.43,0.554482
26,11,19,2445.46,0.495607
26,11,20,2400.24,0.43015
26,11,21,2344.27,0.364804
26,11,22,2279.05,0.306049
26,11,23,2207.55,0.25843
26,11,24,2133.4,0.224089
26,11,25,2059.73,0.202776
26,11,26,1989.52,0.192393
26,11,27,1925.23,0.189687
26,11,28,1869.12,0.191618
26,11,29,1822.88,0.195244
26,11,30,1786.86,0.19886
26,11,31,1759.33,0.201491
26,11,32,1736.75,0.202693
26,11,33,1714.9,0.202248
26,11,34,1690.65,0.200128
26,11,35,1663.34,0.196249
26,11,36,1634.75,0.190217
26,11,37,1608.01,0.181305
26,11,38,1585.95,0.168601
26,11,39,1570.01,0.151596
26,11,40,1559.2,0.130852
26,11,41,1552.2,0.108307
26,11,42,1547.83,0.086923
26,11,43,1545.52,0.0695699
26,11,44,1544.64,0.0579044
26,11,45,1543.27,0.0519322
26,11,46,1537.07,0.0500256
26,11,47,1519.76,0.0495201
26,11,48,1485.34,0.047928
26,11,49,1431.01,0.0437725
26,12,0,2598.83,0.330992
26,12,1,2752.01,0.379447
26,12,2,2847.49,0.409762
26,12,3,2897.68,0.423203
26,12,4,2917.19,0.42565
26,12,5,2918.39,0.4251
26,12,6,2908.64,0.429073
26,12,7,2889.57,0.441725
26,12,8,2859.19,0.463791
26,12,9,2815.6,0.492483
26,12,10,2759.79,0.523259
26,12,11,2695.62,0.551291
26,12,12,2630.16,0.573552
26,12,13,2569.61,0.587804
26,12,14,2518.12,0.593004
26,12,15,2476.75,0.588303
26,12,16,2443.68,0.572447
26,12,17,2414.66,0.544417
26,12,18,2384.79,0.504467
26,12,19,2349.58,0.454938
26,12,20,2305.98,0.400188
26,12,21,2253.07,0.345561
26,12,22,2192.08,0.296015
26,12,23,2125.73,0.254991
26,12,24,2057.22,0.22428
26,12,25,1989.29,0.20404
26,12,26,1924.54,0.193188
26,12,27,1865.38,0.189632
26,12,28,1814.25,0.191249
26,12,29,1773.22,0.195563
26,12,30,1742.95,0.200845
26,12,31,1721.85,0.205637
26,12,32,1706.26,0.208804
26,12,33,1691.71,0.209392
26,12,34,1674.7,0.206788
26,12,35,1654.17,0.200707
26,12,36,1631.5,0.191044
26,12,37,1609.53,0.177823
26,12,38,1591.04,0.161106
26,12,39,1577.63,0.14128
26,12,40,1568.66,0.119496
26,12,41,1563.16,0.0978897
26,12,42,1560.19,0.0792177
26,12,43,1559.24,0.0658937
26,12,44,1559.44,0.0589418
26,12,45,1558.61,0.0576681
26,12,46,1552.14,0.0597724
26,12,47,1533.78,0.0619995
26,12,48,1497.67,0.0614962
26,12,49,1441.29,0.0567878
26,13,0,2560.45,0.310965
26,13,1,2712.65,0.357991
26,13,2,2808.07,0.388515
26,13,3,2859.03,0.403642
26,13,4,2880.5,0.408748
26,13,5,2885.41,0.411004
26,13,6,2881.38,0.416968
26,13,7,2869.48,0.42998
26,13,8,2846.31,0.450282
26,13,9,2807.96,0.474997
26,13,10,2753.4,0.499922
26,13,11,2685.18,0.520849
26,13,12,2610.25,0.535486
26,13,13,2536.21,0.542487
26,13,14,2469.56,0.541781
26,13,15,2413.8,0.533397
26,13,16,2368.78,0.516834
26,13,17,2330.83,0.491604
26,13,18,2294.88,0.458073
26,13,19,2256.04,0.418095
26,13,20,2210.93,0.374863
26,13,21,2158.59,0.332018
26,13,22,2100.27,0.292659
26,13,23,2038.68,0.25889
26,13,24,1976.7,0.232059
26,13,25,1916.61,0.212794
26,13,26,1860.36,0.201168
26,13,27,1809.9,0.196418
26,13,28,1767.3,0.197395
26,13,29,1734.43,0.202046
26,13,30,1711.96,0.208422
26,13,31,1698.33,0.214365
26,13,32,1689.87,0.217907
26,13,33,1682.11,0.217389
26,13,34,1671.37,0.211864
26,13,35,1656.35,0.201197
26,13,36,1638.19,0.185957
26,13,37,1619.61,0.167232
26,13,38,1603.5,0.146205
26,13,39,1591.83,0.124105
26,13,40,1584.44,0.10244
26,13,41,1580.77,0.0831812
26,13,42,1580.01,0.0685277
26,13,43,1581.44,0.0601764
26,13,44,1583.67,0.0584178
26,13,45,1583.88,0.061917
26,13,46,1577.03,0.0678476
26,13,47,1556.82,0.0725545
26,13,48,1517.66,0.0729719
26,13,49,1457.53,0.0677185
26,14,0,2513.78,0.298538
26,14,1,2665.81,0.345799
26,14,2,2762.2,0.377942
26,14,3,2814.99,0.395682
26,14,4,2839.42,0.40362
26,14,5,2848.86,0.407894
26,14,6,2851.09,0.414075
26,14,7,2846.67,0.425006
26,14,8,2831.01,0.441025
26,14,9,2798.51,0.459873
26,14,10,2746.36,0.478152
26,14,11,2675.84,0.492302
26,14,12,2593.59,0.500369
26,14,13,2508.11,0.501247
26,14,14,2427.91,0.495297
26,14,15,2358.6,0.483223
26,14,16,2301.63,0.465441
26,14,17,2254,0.442381
26,14,18,2210.63,0.414884
26,14,19,2166.44,0.384458
26,14,20,2118.03,0.353085
26,14,21,2064.7,0.322534
26,14,22,2008.02,0.2939
26,14,23,1950.89,0.267824
26,14,24,1896.03,0.245119
26,14,25,1845.29,0.22684
26,14,26,1799.92,0.2142
26,14,27,1761.07,0.207834
26,14,28,1730.04,0.207652
26,14,29,1708.05,0.212085
26,14,30,1695.39,0.218915
26,14,31,1690.28,0.225187
26,14,32,1689.11,0.228011
26,14,33,1687.5,0.225049
26,14,34,1681.84,0.215198
26,14,35,1670.84,0.198727
26,14,36,1655.61,0.177128
26,14,37,1638.99,0.152684
26,14,38,1624.2,0.127685
26,14,39,1613.7,0.104027
26,14,40,1607.95,0.0833217
26,14,41,1606.76,0.0671036
26,14,42,1609.36,0.0568042
26,14,43,1614.57,0.053315
26,14,44,1620.17,0.0562406
26,14,45,1622.35,0.0637651
26,14,46,1615.31,0.0727404
26,14,47,1592.6,0.0793298
26,14,48,1548.96,0.0804094
26,14,49,1483.06,0.0747461
26,15,0,2458.09,0.292963
26,15,1,2611.04,0.342175
26,15,2,2709.96,0.377528
26,15,3,2766.29,0.399088
26,15,4,2795.15,0.41033
26,15,5,2810.02,0.416051
26,15,6,2818.59,0.420738
26,15,7,2821.02,0.427002
26,15,8,2811.87,0.435885
26,15,9,2784.39,0.446521
26,15,10,2734.51,0.456916
26,15,11,2662.47,0.464351
26,15,12,2574.51,0.466961
26,15,13,2479.75,0.46331
26,15,14,2388.21,0.453591
26,15,15,2307.24,0.438777
26,15,16,2239.66,0.420045
26,15,17,2183.07,0.398812
26,15,18,2132.46,0.376578
26,15,19,2082.66,0.354694
26,15,20,2030.46,0.334139
26,15,21,1975.6,0.31502
26,15,22,1920.15,0.296603
26,15,23,1867.35,0.278108
26,15,24,1819.84,0.259656
26,15,25,1779.11,0.242482
26,15,26,1745.71,0.228682
26,15,27,1719.97,0.220168
26,15,28,1702.19,0.217977
26,15,29,1692.74,0.221205
26,15,30,1691.19,0.227541
26,15,31,1695.4,0.233359
26,15,32,1701.66,0.234907
26,15,33,1705.75,0.229207
26,15,34,1704.27,0.215058
26,15,35,1696.1,0.193172
26,15,36,1682.57,0.165953
26,15,37,1666.82,0.13678
26,15,38,1652.54,0.108851
26,15,39,1642.83,0.0845024
26,15,40,1638.8,0.0652616
26,15,41,1640.7,0.0521098
26,15,42,1647.71,0.0456997
26,15,43,1658.05,0.0461976
26,15,44,1668.38,0.0526819
26,15,45,1673.57,0.0630547
26,15,46,1666.85,0.0740432
26,15,47,1641.39,0.0818138
26,15,48,1592.22,0.0832996
26,15,49,1518.84,0.0774309
26,16,0,2396.46,0.292021
26,16,1,2551.72,0.344421
26,16,2,2655.05,0.384184
26,16,3,2716.88,0.410555
26,16,4,2751.67,0.425645
26,16,5,2772.47,0.432683
26,16,6,2786.69,0.434977
26,16,7,2794.26,0.43504
26,16,8,2789.5,0.435
26,16,9,2765.2,0.435933
26,16,10,2716.61,0.437736
26,16,11,2643.27,0.438789
26,16,12,2550.99,0.437248
26,16,13,2449.16,0.43099
26,16,14,2348.8,0.419517
26,16,15,2258.6,0.403545
26,16,16,2182.43,0.384581
26,16,17,2118.4,0.364784
26,16,18,2061.6,0.346326
26,16,19,2006.9,0.330652
26,16,20,1951.39,0.318232
26,16,21,1895.37,0.308101
26,16,22,1841.42,0.29819
26,16,23,1793.06,0.286455
26,16,24,1752.86,0.272123
26,16,25,1721.96,0.256159
26,16,26,1700.31,0.24105
26,16,27,1687.5,0.229693
26,16,28,1682.99,0.224266
26,16,29,1686.24,0.2248
26,16,30,1696.02,0.229268
26,16,31,1709.71,0.233751
26,16,32,1723.39,0.233858
26,16,33,1732.93,0.22605
26,16,34,1735.17,0.208964
26,16,35,1729.21,0.18355
26,16,36,1716.67,0.152841
26,16,37,1701.07,0.120972
26,16,38,1686.67,0.0917369
26,16,39,1677.26,0.0676876
26,16,40,1674.71,0.0501945
26,16,41,1679.77,0.039746
26,16,42,1691.61,0.0363756
26,16,43,1707.79,0.0397198
26,16,44,1723.69,0.0485361
26,16,45,1732.75,0.060614
26,16,46,1727.01,0.0726886
26,16,47,1699.1,0.0810383
26,16,48,1644.21,0.0827136
26,16,49,1562.58,0.0767968
26,17,0,2335.79,0.291873
26,17,1,2494.94,0.347532
26,17,2,2604.5,0.391756
26,17,3,2673.34,0.423012
26,17,4,2714.68,0.442083
26,17,5,2740.74,0.450656
26,17,6,2758.61,0.450881
26,17,7,2768.48,0.445169
26,17,8,2765.14,0.43676
26,17,9,2741.73,0.428736
26,17,10,2693.32,0.422986
26,17,11,2618.97,0.419092
26,17,12,2523.97,0.415235
26,17,13,2417.57,0.408472
26,17,14,2311.25,0.397288
26,17,15,2214.49,0.381689
26,17,16,2131.95,0.363027
26,17,17,2062.21,0.343826
26,17,18,2000.58,0.326863
26,17,19,1942.11,0.313979
26,17,20,1884.36,0.30578
26,17,21,1828.14,0.30103
26,17,22,1776.49,0.29698
26,17,23,1732.99,0.290566
26,17,24,1699.96,0.279902
26,17,25,1678.15,0.265155
26,17,26,1667.01,0.248604
26,17,27,1665.59,0.233712
26,17,28,1672.76,0.223746
26,17,29,1687.31,0.219919
26,17,30,1707.34,0.220963
26,17,31,1729.73,0.223162
26,17,32,1750.33,0.221859
26,17,33,1765,0.213086
26,17,34,1770.75,0.195179
26,17,35,1766.81,0.168973
26,17,36,1754.98,0.137667
26,17,37,1739.11,0.105677
26,17,38,1723.97,0.0770238
26,17,39,1714.07,0.0543032
26,17,40,1712.16,0.038762
26,17,41,1719.61,0.0305841
26,17,42,1735.67,0.0294364
26,17,43,1757.31,0.0346583
26,17,44,1778.7,0.0448661
26,17,45,1791.87,0.0578328
26,17,46,1787.65,0.0703511
26,17,47,1758.06,0.0788447
26,17,48,1698.23,0.0805027
26,17,49,1608.9,0.0745512
26,18,0,2285.54,0.288965
26,18,1,2450.13,0.346665
26,18,2,2566.96,0.394031
26,18,3,2642.97,0.429005
26,18,4,2689.75,0.451397
26,18,5,2718.56,0.461693
26,18,6,2736.53,0.461114
26,18,7,2744.8,0.451889
26,18,8,2739.5,0.43805
26,18,9,2714.73,0.424226
26,18,10,2665.8,0.413911
26,18,11,2591.31,0.407701
26,18,12,2495.78,0.403777
26,18,13,2387.84,0.398423
26,18,14,2278.77,0.389033
26,18,15,2178.3,0.374694
26,18,16,2091.62,0.356283
26,18,17,2017.78,0.336394
26,18,18,1952.58,0.318339
26,18,19,1891.48,0.304638
26,18,20,1832.65,0.296615
26,18,21,1777.46,0.293502
26,18,22,1729.17,0.292474
26,18,23,1691.18,0.289702
26,18,24,1665.31,0.282057
26,18,25,1651.77,0.268472
26,18,26,1649.49,0.250497
26,18,27,1657.19,0.231729
26,18,28,1673.46,0.216371
26,18,29,1696.7,0.206941
26,18,30,1724.61,0.203308
26,18,31,1753.79,0.202438
26,18,32,1779.91,0.199813
26,18,33,1798.85,0.191233
26,18,34,1807.67,0.17461
26,18,35,1805.57,0.150308
26,18,36,1794.33,0.121198
26,18,37,1777.85,0.0914835
26,18,38,1761.25,0.0650763
26,18,39,1749.76,0.0445137
26,18,40,1747.05,0.0310194
26,18,41,1755.28,0.0247144
26,18,42,1773.93,0.0251644
26,18,43,1799.52,0.0316104
26,18,44,1825.24,0.0426345
26,18,45,1841.94,0.0560041
26,18,46,1839.43,0.0685512
26,18,47,1809.1,0.0768369
26,18,48,1745.83,0.0782091
26,18,49,1650.57,0.0720603
26,19,0,2255.35,0.281279
26,19,1,2426.57,0.338894
26,19,2,2550.6,0.387024
26,19,3,2632.26,0.423468
26,19,4,2681.54,0.447634
26,19,5,2709.04,0.459429
26,19,6,2722.54,0.459564
26,19,7,2724.94,0.450049
26,19,8,2714.45,0.435197
26,19,9,2686.61,0.420351
26,19,10,2637.13,0.409829
26,19,11,2564.09,0.404751
26,19,12,2470.81,0.40316
26,19,13,2364.76,0.40069
26,19,14,2256.31,0.393775
26,19,15,2154.92,0.380661
26,19,16,2066.03,0.361724
26,19,17,1989.32,0.33957
26,19,18,1921.35,0.318053
26,19,19,1858.36,0.300584
26,19,20,1799.31,0.289568
26,19,21,1746.09,0.285155
26,19,22,1702.03,0.284843
26,19,23,1670.11,0.284258
26,19,24,1651.46,0.27903
26,19,25,1645.51,0.266661
26,19,26,1650.64,0.247656
26,19,27,1665.21,0.225398
26,19,28,1687.71,0.204781
26,19,29,1716.43,0.189535
26,19,30,1748.99,0.180813
26,19,31,1781.99,0.176554
26,19,32,1811.18,0.172711
26,19,33,1832.55,0.165057
26,19,34,1843.23,0.151064
26,19,35,1842.23,0.130409
26,19,36,1831.03,0.105285
26,19,37,1813.35,0.0793354
26,19,38,1794.46,0.0561226
26,19,39,1780.16,0.0380968
26,19,40,1775.04,0.0265632
26,19,41,1782.09,0.0217828
26,19,42,1801.09,0.0234124
26,19,43,1828.38,0.0307075
26,19,44,1856.49,0.0422327
26,19,45,1875.45,0.0556979
26,19,46,1874.39,0.0679308
26,19,47,1844.16,0.0756294
26,19,48,1779.3,0.0763549
26,19,49,1680.63,0.069732
26,20,0,2251.28,0.269909
26,20,1,2429.59,0.325337
26,20,2,2559.48,0.371682
26,20,3,2643.91,0.406965
26,20,4,2691.68,0.430809
26,20,5,2713.31,0.443248
26,20,6,2717.89,0.445018
26,20,7,2710.69,0.437972
26,20,8,2692.49,0.426226
26,20,9,2660.62,0.414971
26,20,10,2611.19,0.408474
26,20,11,2541.56,0.407776
26,20,12,2453.49,0.410557
26,20,13,2352.71,0.411896
26,20,14,2248.07,0.407466
26,20,15,2148.2,0.39492
26,20,16,2058.65,0.374351
26,20,17,1979.86,0.348554
26,20,18,1909.5,0.322017
26,20,19,1844.92,0.299144
26,20,20,1785.97,0.283492
26,20,21,1735.09,0.276218
26,20,22,1695.58,0.275259
26,20,23,1669.87,0.275873
26,20,24,1658.29,0.272629
26,20,25,1659.37,0.261696
26,20,26,1670.76,0.2425
26,20,27,1690.37,0.217995
26,20,28,1716.56,0.193458
26,20,29,1747.64,0.173536
26,20,30,1781.41,0.160533
26,20,31,1814.79,0.153391
26,20,32,1843.88,0.148679
26,20,33,1865,0.142298
26,20,34,1875.39,0.13133
26,20,35,1873.88,0.114733
26,20,36,1861.55,0.0939044
26,20,37,1841.76,0.0717954
26,20,38,1819.69,0.0515598
26,20,39,1801.59,0.0356198
26,20,40,1792.77,0.0254648
26,20,41,1796.88,0.0216327
26,20,42,1814.06,0.0239696
26,20,43,1840.62,0.0317657
26,20,44,1868.81,0.0435075
26,20,45,1888.33,0.0567576
26,20,46,1888,0.0682924
26,20,47,1858.35,0.0749681
26,20,48,1793.58,0.0746428
26,20,49,1694.21,0.0672627
26,21,0,2274.41,0.258842
26,21,1,2459.35,0.311014
26,21,2,2592.9,0.353899
26,21,3,2676.83,0.38595
26,21,4,2719.41,0.40746
26,21,5,2731.65,0.419193
26,21,6,2724.34,0.422426
26,21,7,2705.39,0.419027
26,21,8,2678.32,0.412665
26,21,9,2642.28,0.407797
26,21,10,2593.79,0.407982
26,21,11,2529.31,0.413694
26,21,12,2448.76,0.422017
26,21,13,2355.72,0.427488
26,21,14,2257.05,0.42516
26,21,15,2160.23,0.412358
26,21,16,2070.75,0.389218
26,21,17,1990.03,0.359023
26,21,18,1917.12,0.327024
26,21,19,1850.73,0.298607
26,21,20,1791.67,0.278284
26,21,21,1742.86,0.26799
26,21,22,1707.51,0.266004
26,21,23,1687.5,0.267351
26,21,24,1682.38,0.265863
26,21,25,1689.73,0.256745
26,21,26,1706.36,0.238549
26,21,27,1729.57,0.213741
26,21,28,1757.49,0.18767
26,21,29,1788.45,0.165467
26,21,30,1820.53,0.150206
26,21,31,1851.14,0.141593
26,21,32,1876.97,0.136725
26,21,33,1894.82,0.131665
26,21,34,1902.23,0.123186
26,21,35,1897.96,0.109672
26,21,36,1882.79,0.0918553
26,21,37,1859.72,0.072126
26,21,38,1833.81,0.0533566
26,21,39,1811.47,0.0380861
26,21,40,1798.41,0.0280774
26,21,41,1798.63,0.0242055
26,21,42,1812.47,0.0265122
26,21,43,1836.28,0.0342735
26,21,44,1862.4,0.045801
26,21,45,1880.67,0.0584215
26,21,46,1880.04,0.068827
26,21,47,1850.99,0.0740666
26,21,48,1787.54,0.0723728
26,21,49,1689.82,0.0640809
26,22,0,2321.22,0.253217
26,22,1,2511.43,0.302582
26,22,2,2646.11,0.341827
26,22,3,2726.74,0.369845
26,22,4,2761.74,0.387796
26,22,5,2763.02,0.3975
26,22,6,2743.1,0.401104
26,22,7,2712.33,0.400697
26,22,8,2676.72,0.399522
26,22,9,2637.09,0.401161
26,22,10,2590.3,0.408256
26,22,11,2531.88,0.420519
26,22,12,2459.86,0.434317
26,22,13,2375.52,0.443608
26,22,14,2283.57,0.442868
26,22,15,2190.16,0.429262
26,22,16,2100.7,0.403241
26,22,17,2017.67,0.368838
26,22,18,1941.66,0.332125
26,22,19,1872.84,0.299332
26,22,20,1812.96,0.275557
26,22,21,1765.34,0.263114
26,22,22,1733.04,0.260409
26,22,23,1717.47,0.262366
26,22,24,1717.51,0.262496
26,22,25,1729.9,0.255578
26,22,26,1750.62,0.239677
26,22,27,1776.28,0.216844
26,22,28,1804.67,0.192229
26,22,29,1834.03,0.170961
26,22,30,1862.68,0.156347
26,22,31,1888.46,0.148389
26,22,32,1908.65,0.144415
26,22,33,1920.63,0.140535
26,22,34,1922.36,0.133311
26,22,35,1912.88,0.120808
26,22,36,1892.99,0.103438
26,22,37,1865.57,0.0833695
26,22,38,1835.54,0.0634775
26,22,39,1809.27,0.0466198
26,22,40,1792.4,0.0349161
26,22,41,1788.83,0.0295903
26,22,42,1798.74,0.0308355
26,22,43,1818.57,0.0378396
26,22,44,1840.99,0.0486416
26,22,45,1856.39,0.0602499
26,22,46,1854.28,0.0692277
26,22,47,1825.45,0.0728111
26,22,48,1763.95,0.0696214
26,22,49,1669.54,0.0603957
26,23,0,2384.68,0.256459
26,23,1,2578.14,0.30463
26,23,2,2711.66,0.3414
26,23,3,2787.27,0.365993
26,23,4,2814.14,0.38037
26,23,5,2805.17,0.387388
26,23,6,2774.33,0.390079
26,23,7,2733.84,0.390865
26,23,8,2691.51,0.392752
26,23,9,2649.39,0.39869
26,23,10,2604.63,0.410635
26,23,11,2551.91,0.427679
26,23,12,2487.66,0.445544
26,23,13,2411.07,0.457626
26,23,14,2324.87,0.457851
26,23,15,2234.01,0.443306
26,23,16,2143.81,0.414894
26,23,17,2057.83,0.377487
26,23,18,1978.14,0.337881
26,23,19,1906.33,0.302857
26,23,20,1844.9,0.277648
26,23,21,1797.4,0.264517
26,23,22,1766.73,0.261798
26,23,23,1753.9,0.264464
26,23,24,1757.24,0.266157
26,23,25,1772.89,0.261817
26,23,26,1796.19,0.249477
26,23,27,1823.14,0.230915
26,23,28,1851.16,0.21086
26,23,29,1878.3,0.193952
26,23,30,1902.92,0.183112
26,23,31,1923.05,0.178062
26,23,32,1936.36,0.175941
26,23,33,1940.73,0.172739
26,23,34,1934.74,0.16493
26,23,35,1918.05,0.150619
26,23,36,1891.94,0.130367
26,23,37,1859.55,0.106578
26,23,38,1825.76,0.0824737
26,23,39,1796.64,0.0614211
26,23,40,1777.27,0.0459472
26,23,41,1770.88,0.0375957
26,23,42,1777.24,0.0366451
26,23,43,1792.75,0.0421354
26,23,44,1810.59,0.0517706
26,23,45,1821.98,0.0621825
26,23,46,1817.35,0.0697385
26,23,47,1788.11,0.0717841
26,23,48,1728.56,0.0672465
26,23,49,1638.28,0.0571951
26,24,0,2456.66,0.268321
26,24,1,2651.15,0.317186
26,24,2,2781.79,0.353305
26,24,3,2851.85,0.376121
26,24,4,2871.6,0.388152
26,24,5,2854.88,0.392945
26,24,6,2816.61,0.3941
26,24,7,2770,0.394285
26,24,8,2723.76,0.396456
26,24,9,2680.53,0.403369
26,24,10,2637.53,0.416774
26,24,11,2588.93,0.435542
26,24,12,2530.05,0.455033
26,24,13,2458.62,0.468236
26,24,14,2375.9,0.468649
26,24,15,2285.94,0.453337
26,24,16,2194.04,0.423644
26,24,17,2104.67,0.385132
26,24,18,2021.14,0.345027
26,24,19,1946.16,0.310254
26,24,20,1882.72,0.285746
26,24,21,1834.43,0.27341
26,24,22,1803.97,0.271431
26,24,23,1791.97,0.275039
26,24,24,1796.44,0.278438
26,24,25,1813.19,0.277237
26,24,26,1837.23,0.269815
26,24,27,1864.21,0.257776
26,24,28,1891.25,0.245185
26,24,29,1916.11,0.235713
26,24,30,1936.89,0.231278
26,24,31,1951.52,0.230769
26,24,32,1957.73,0.230768
26,24,33,1953.79,0.227075
26,24,34,1938.97,0.216307
26,24,35,1913.93,0.197054
26,24,36,1880.9,0.170536
26,24,37,1843.61,0.139824
26,24,38,1806.98,0.108753
26,24,39,1776.55,0.0812801
26,24,40,1756.39,0.0603228
26,24,41,1748.68,0.0476876
26,24,42,1752.49,0.0436897
26,24,43,1764.12,0.0472104
26,24,44,1777.34,0.0556081
26,24,45,1784.32,0.0650936
26,24,46,1776.58,0.0717191
26,24,47,1746.38,0.0727573
26,24,48,1688.46,0.0672486
26,24,49,1602.34,0.056461
26,25,0,2529.54,0.285573
26,25,1,2723.05,0.336362
26,25,2,2849.75,0.373361
26,25,3,2914.63,0.396215
26,25,4,2929.18,0.407725
26,25,5,2908,0.411646
26,25,6,2866.42,0.411613
26,25,7,2817.74,0.410256
26,25,8,2770.58,0.410544
26,25,9,2727.48,0.415391
26,25,10,2685.57,0.426827
26,25,11,2638.83,0.443945
26,25,12,2582.17,0.462164
26,25,13,2512.62,0.474402
26,25,14,2430.77,0.474026
26,25,15,2340.19,0.458188
26,25,16,2246.24,0.428575
26,25,17,2153.99,0.391094
26,25,18,2067.48,0.352948
26,25,19,1990.04,0.320731
26,25,20,1924.84,0.298715
26,25,21,1875.3,0.288307
26,25,22,1843.86,0.287635
26,25,23,1830.87,0.292457
26,25,24,1834.24,0.297915
26,25,25,1849.79,0.300651
26,25,26,1872.57,0.299597
26,25,27,1898.13,0.296154
26,25,28,1923.4,0.293413
26,25,29,1945.75,0.293599
26,25,30,1962.85,0.297097
26,25,31,1972.21,0.301551
26,25,32,1971.42,0.302844
26,25,33,1959.02,0.296719
26,25,34,1935.08,0.280336
26,25,35,1901.49,0.253263
26,25,36,1861.74,0.21782
26,25,37,1820.35,0.178019
26,25,38,1782.25,0.138386
26,25,39,1752.17,0.103379
26,25,40,1732.93,0.0761971
26,25,41,1725.47,0.0588304
26,25,42,1728.03,0.0516164
26,25,43,1736.83,0.0533265
26,25,44,1746.21,0.0610143
26,25,45,1749.26,0.0704316
26,25,46,1738.55,0.0771427
26,25,47,1707.22,0.0780703
26,25,48,1650.55,0.0720953
26,25,49,1568.08,0.0605215
26,26,0,2597.07,0.303238
26,26,1,2788.13,0.356015
26,26,2,2910.49,0.394479
26,26,3,2971.02,0.418585
26,26,4,2982.45,0.431237
26,26,5,2959.98,0.43595
26,26,6,2918.82,0.435845
26,26,7,2871.6,0.433131
26,26,8,2826.05,0.430657
26,26,9,2784.05,0.43163
26,26,10,2742.49,0.438645
26,26,11,2695.48,0.451374
26,26,12,2638.19,0.465753
26,26,13,2567.81,0.475082
26,26,14,2484.99,0.473016
26,26,15,2393.31,0.456946
26,26,16,2298.17,0.428742
26,26,17,2204.8,0.394217
26,26,18,2117.32,0.360054
26,26,19,2039.09,0.332066
26,26,20,1973.02,0.313641
26,26,21,1922.23,0.305706
26,26,22,1888.93,0.306559
26,26,23,1873.42,0.3128
26,26,24,1873.71,0.320801
26,26,25,1885.95,0.328403
26,26,26,1905.49,0.335073
26,26,27,1927.99,0.341777
26,26,28,1950.19,0.350237
26,26,29,1969.09,0.360809
26,26,30,1981.79,0.372012
26,26,31,1985.34,0.380158
26,26,32,1977.16,0.380627
26,26,33,1956.12,0.369524
26,26,34,1923.18,0.34508
26,26,35,1881.54,0.308278
26,26,36,1835.99,0.26278
26,26,37,1791.76,0.213539
26,26,38,1753.63,0.165593
26,26,39,1725.39,0.123625
26,26,40,1708.46,0.0909149
26,26,41,1702.59,0.0695556
26,26,42,1705.34,0.059936
26,26,43,1712.84,0.0608207
26,26,44,1719.96,0.0690369
26,26,45,1720.52,0.0798384
26,26,46,1707.92,0.0880891
26,26,47,1675.98,0.0900284
26,26,48,1620.42,0.0840767
26,26,49,1540.86,0.0714292
26,27,0,2655.22,0.317159
26,27,1,2843.1,0.370971
26,27,2,2961.26,0.410409
26,27,3,3018.39,0.43591
26,27,4,3028.4,0.450452
26,27,5,3006.88,0.457092
26,27,6,2968.6,0.458081
26,27,7,2925.06,0.454874
26,27,8,2882.61,0.449943
26,27,9,2842.14,0.44667
26,27,10,2800.31,0.448234
26,27,11,2751.6,0.455062
26,27,12,2692.01,0.463989
26,27,13,2619.52,0.469144
26,27,14,2535.43,0.464881
26,27,15,2443.65,0.448972
26,27,16,2349.5,0.42329
26,27,17,2257.87,0.393141
26,27,18,2172.31,0.364265
26,27,19,2095.59,0.341385
26,27,20,2030.08,0.326918
26,27,21,1978.53,0.321439
26,27,22,1943.08,0.323691
26,27,23,1924.17,0.331393
26,27,24,1920.17,0.342321
26,27,25,1927.68,0.355471
26,27,26,1942.39,0.37061
26,27,27,1960.09,0.387912
26,27,28,1977.34,0.407342
26,27,29,1990.79,0.427164
26,27,30,1997.09,0.444031
26,27,31,1993.06,0.453206
26,27,32,1976.2,0.450086
26,27,33,1945.93,0.431709
26,27,34,1904.14,0.397838
26,27,35,1855.27,0.351087
26,27,36,1805.16,0.296386
26,27,37,1759.45,0.239348
26,27,38,1722.54,0.185148
26,27,39,1697.16,0.138331
26,27,40,1683.5,0.10205
26,27,41,1680.34,0.0784379
26,27,42,1684.73,0.0680082
26,27,43,1692.82,0.0696436
26,27,44,1699.84,0.0800383
26,27,45,1700.1,0.0939175
26,27,46,1687.43,0.105248
26,27,47,1656.02,0.109279
26,27,48,1601.77,0.103714
26,27,49,1524.38,0.0895488
26,28,0,2701.9,0.325231
26,28,1,2886.67,0.378715
26,28,2,3001.22,0.417936
26,28,3,3055.81,0.443927
26,28,4,3065.37,0.459859
26,28,5,3045.77,0.468418
26,28,6,3011.21,0.470972
26,28,7,2971.93,0.468098
26,28,8,2932.8,0.461633
26,28,9,2893.75,0.454842
26,28,10,2851.28,0.451283
26,28,11,2800.46,0.452111
26,28,12,2738.41,0.455262
26,28,13,2664.28,0.455997
26,28,14,2580.29,0.449643
26,28,15,2490.75,0.434423
26,28,16,2400.64,0.412068
26,28,17,2314.04,0.387102
26,28,18,2233.45,0.3641
26,28,19,2160.7,0.346559
26,28,20,2097.5,0.335967
26,28,21,2046.29,0.33267
26,28,22,2009.3,0.336048
26,28,23,1987.25,0.345085
26,28,24,1978.9,0.358961
26,28,25,1981.18,0.377611
26,28,26,1990,0.400759
26,28,27,2001.12,0.427442
26,28,28,2010.93,0.455676
26,28,29,2015.94,0.48173
26,28,30,2012.74,0.500784
26,28,31,1998.39,0.507664
26,28,32,1970.91,0.498453
26,28,33,1930.5,0.471626
26,28,34,1880,0.428688
26,28,35,1824.82,0.373751
26,28,36,1771.36,0.312602
26,28,37,1725.28,0.251032
26,28,38,1690.36,0.193896
26,28,39,1668.34,0.145284
26,28,40,1658.46,0.108071
26,28,41,1658.85,0.0844308
26,28,42,1666.31,0.0750901
26,28,43,1677.02,0.0791677
26,28,44,1686.44,0.0933135
26,28,45,1688.98,0.111723
26,28,46,1678.53,0.127349
26,28,47,1649.16,0.134254
26,28,48,1596.7,0.129277
26,28,49,1520.76,0.113178
26,29,0,2736.79,0.327597
26,29,1,2919.29,0.37967
26,29,2,3031.23,0.417403
26,29,3,3084.03,0.442382
26,29,4,3093.4,0.458143
26,29,5,3075.42,0.467347
26,29,6,3043.81,0.47082
26,29,7,3007.75,0.46841
26,29,8,2970.93,0.461205
26,29,9,2932.55,0.452058
26,29,10,2889.19,0.4446
26,29,11,2836.67,0.440544
26,29,12,2773.35,0.438895
26,29,13,2699.56,0.436099
26,29,14,2618.35,0.428476
26,29,15,2534.14,0.414647
26,29,16,2451.26,0.396091
26,29,17,2372.6,0.376492
26,29,18,2299.46,0.359291
26,29,19,2232.74,0.346864
26,29,20,2173.65,0.339903
26,29,21,2124.5,0.338585
26,29,22,2087.65,0.342924
26,29,23,2064.02,0.353062
26,29,24,2052.5,0.369374
26,29,25,2049.99,0.392393
26,29,26,2052.31,0.421511
26,29,27,2055.12,0.454505
26,29,28,2054.79,0.487643
26,29,29,2048.11,0.515714
26,29,30,2032.19,0.533161
26,29,31,2004.85,0.535108
26,29,32,1965.08,0.51885
26,29,33,1913.99,0.484457
26,29,34,1855.25,0.434929
26,29,35,1794.74,0.375334
26,29,36,1738.99,0.311668
26,29,37,1693.22,0.249379
26,29,38,1660.49,0.192687
26,29,39,1641.77,0.145109
26,29,40,1635.67,0.109259
26,29,41,1640.1,0.0874114
26,29,42,1651.78,0.080597
26,29,43,1666.93,0.0882343
26,29,44,1681.01,0.106994
26,29,45,1688.23,0.130588
26,29,46,1682.08,0.150983
26,29,47,1656.17,0.161037
26,29,48,1605.88,0.156714
26,29,49,1530.67,0.138545
26,30,0,2760.91,0.325963
26,30,1,2942.53,0.376236
26,30,2,3053.14,0.411628
26,30,3,3104.81,0.434051
26,30,4,3113.73,0.447544
26,30,5,3096.17,0.455213
26,30,6,3065.58,0.457931
26,30,7,3030.54,0.455227
26,30,8,2994.06,0.44753
26,30,9,2955.11,0.437099
26,30,10,2910.58,0.427358
26,30,11,2857.2,0.420331
26,30,12,2794.52,0.415869
26,30,13,2723.82,0.411398
26,30,14,2648.57,0.403991
26,30,15,2572.81,0.392475
26,30,16,2499.76,0.377994
26,30,17,2431.02,0.363488
26,30,18,2366.81,0.351539
26,30,19,2307.48,0.343702
26,30,20,2254.1,0.340109
26,30,21,2209.08,0.340766
26,30,22,2174.81,0.346118
26,30,23,2152.07,0.357103
26,30,24,2139.36,0.374871
26,30,25,2133.08,0.400166
26,30,26,2128.72,0.431916
26,30,27,2121.87,0.466882
26,30,28,2109.29,0.500223
26,30,29,2088.6,0.526141
26,30,30,2058,0.53922
26,30,31,2016.51,0.535476
26,30,32,1964.24,0.513534
26,30,33,1903.16,0.474684
26,30,34,1837.42,0.422687
26,30,35,1772.94,0.362737
26,30,36,1715.81,0.30035
26,30,37,1670.57,0.240295
26,30,38,1639.6,0.186143
26,30,39,1623.42,0.141031
26,30,40,1620.43,0.107515
26,30,41,1628.64,0.0880935
26,30,42,1644.93,0.0841329
26,30,43,1665.53,0.095328
26,30,44,1685.69,0.118388
26,30,45,1699.14,0.146652
26,30,46,1698.61,0.171293
26,30,47,1676.92,0.184162
26,30,48,1628.78,0.180489
26,30,49,1553.37,0.160596
26,31,0,2776.11,0.322092
26,31,1,2958.44,0.370894
26,31,2,3069.12,0.403777
26,31,3,3120.34,0.422616
26,31,4,3128.45,0.431968
26,31,5,3109.81,0.435791
26,31,6,3077.9,0.435636
26,31,7,3041.22,0.431239
26,31,8,3002.73,0.422647
26,31,9,2961.61,0.411532
26,31,10,2915.44,0.400944
26,31,11,2861.97,0.393016
26,31,12,2801.77,0.38813
26,31,13,2736.76,0.384344
26,31,14,2670.27,0.379074
26,31,15,2605.38,0.371032
26,31,16,2543.88,0.360909
26,31,17,2486.05,0.351054
26,31,18,2431.4,0.343565
26,31,19,2380.21,0.339629
26,31,20,2333.91,0.339152
26,31,21,2295.11,0.341985
26,31,22,2266.01,0.348685
26,31,23,2246.74,0.36045
26,31,24,2234.83,0.378629
26,31,25,2225.78,0.403801
26,31,26,2214.66,0.434492
26,31,27,2197.38,0.467001
26,31,28,2171.63,0.496344
26,31,29,2136.41,0.517165
26,31,30,2091.43,0.524977
26,31,31,2037.03,0.516935
26,31,32,1974.31,0.492622
26,31,33,1905.71,0.453735
26,31,34,1835.4,0.403783
26,31,35,1768.82,0.347209
26,31,36,1711.29,0.28855
26,31,37,1666.52,0.231865
26,31,38,1636.37,0.180398
26,31,39,1621.26,0.137342
26,31,40,1619.81,0.105535
26,31,41,1630.49,0.0878291
26,31,42,1650.54,0.0858922
26,31,43,1676.25,0.0995861
26,31,44,1702.56,0.125624
26,31,45,1722.5,0.157115
26,31,46,1727.81,0.184734
26,31,47,1710.25,0.19966
26,31,48,1663.73,0.196614
26,31,49,1587.01,0.17572
26,32,0,2783.15,0.316799
26,32,1,2967.65,0.36488
26,32,2,3079.75,0.395729
26,32,3,3131.34,0.410761
26,32,4,3138.56,0.414878
26,32,5,3117.79,0.413082
26,32,6,3082.69,0.408087
26,32,7,3042.1,0.400356
26,32,8,2999.46,0.389966
26,32,9,2954.65,0.378194
26,32,10,2906.18,0.367721
26,32,11,2852.93,0.360686
26,32,12,2796.43,0.357726
26,32,13,2738.86,0.35716
26,32,14,2682.96,0.356276
26,32,15,2630.4,0.353268
26,32,16,2581.32,0.348142
26,32,17,2534.77,0.342706
26,32,18,2489.89,0.338914
26,32,19,2447.35,0.33807
26,32,20,2409.19,0.340288
26,32,21,2378.28,0.3454
26,32,22,2356.32,0.353805
26,32,23,2342.31,0.366417
26,32,24,2332.38,0.384179
26,32,25,2321,0.407183
26,32,26,2303.08,0.433743
26,32,27,2275.33,0.460412
26,32,28,2236.98,0.4831
26,32,29,2188.86,0.497823
26,32,30,2132.35,0.501515
26,32,31,2068.89,0.492325
26,32,32,2000.07,0.470038
26,32,33,1928.21,0.435699
26,32,34,1856.91,0.391529
26,32,35,1790.74,0.340535
26,32,36,1734.01,0.286091
26,32,37,1689.61,0.231842
26,32,38,1659.06,0.181284
26,32,39,1643,0.138247
26,32,40,1640.64,0.106236
26,32,41,1651.3,0.0885489
26,32,42,1672.9,0.0870485
26,32,43,1701.94,0.101581
26,32,44,1733.05,0.128769
26,32,45,1758.43,0.161618
26,32,46,1768.67,0.190605
26,32,47,1754.33,0.206604
26,32,48,1708.39,0.204077
26,32,49,1629.14,0.182954
26,33,0,2781.5,0.310253
26,33,1,2969.16,0.358506
26,33,2,3083.84,0.388308
26,33,3,3136.73,0.400204
26,33,4,3143.52,0.399099
26,33,5,3120.47,0.390937
26,33,6,3081.46,0.379812
26,33,7,3035.85,0.36732
26,33,8,2987.89,0.354012
26,33,9,2938.39,0.341108
26,33,10,2887.04,0.331069
26,33,11,2833.92,0.326058
26,33,12,2781.4,0.32681
26,33,13,2731.81,0.331636
26,33,14,2687.06,0.337306
26,33,15,2647.2,0.341098
26,33,16,2610.72,0.342009
26,33,17,2575.54,0.34118
26,33,18,2540.62,0.340592
26,33,19,2507.17,0.342074
26,33,20,2477.94,0.346411
26,33,21,2455.91,0.3537
26,33,22,2442.03,0.364076
26,33,23,2433.84,0.377767
26,33,24,2426,0.394792
26,33,25,2412.14,0.414504
26,33,26,2387.44,0.435207
26,33,27,2349.97,0.45435
26,33,28,2300.96,0.469575
26,33,29,2243.31,0.47891
26,33,30,2179.95,0.480864
26,33,31,2112.99,0.474175
26,33,32,2043.8,0.457961
26,33,33,1973.92,0.431647
26,33,34,1905.85,0.395375
26,33,35,1842.98,0.350355
26,33,36,1788.46,0.298922
26,33,37,1744.44,0.244781
26,33,38,1712.25,0.19232
26,33,39,1693.01,0.146549
26,33,40,1686.83,0.111954
26,33,41,1694.31,0.0923384
26,33,42,1714.38,0.0896217
26,33,43,1744.03,0.103446
26,33,44,1777.64,0.130215
26,33,45,1806.56,0.162872
26,33,46,1820.12,0.191881
26,33,47,1807.56,0.208069
26,33,48,1760.85,0.205809
26,33,49,1677.76,0.184856
26,34,0,2769.33,0.302952
26,34,1,2960.53,0.352218
26,34,2,3078.52,0.38221
26,34,3,3133.62,0.392288
26,34,4,3140.93,0.386924
26,34,5,3116.46,0.372679
26,34,6,3074.24,0.354983
26,34,7,3024.11,0.336801
26,34,8,2971.12,0.319561
26,34,9,2917.06,0.304807
26,34,10,2862.75,0.294999
26,34,11,2809.49,0.292408
26,34,12,2760.51,0.29783
26,34,13,2718.28,0.309445
26,34,14,2683.94,0.323301
26,34,15,2656.06,0.335464
26,34,16,2631.62,0.343595
26,34,17,2607.52,0.347909
26,34,18,2582.59,0.350391
26,34,19,2558.51,0.35363
26,34,20,2538.53,0.359471
26,34,21,2525.57,0.368641
26,34,22,2519.6,0.381105
26,34,23,2516.75,0.396225
26,34,24,2510.37,0.412763
26,34,25,2493.73,0.429147
26,34,26,2462.73,0.443753
26,34,27,2417.2,0.455312
26,34,28,2360.6,0.463669
26,34,29,2297.85,0.469137
26,34,30,2233.1,0.47173
26,34,31,2168.55,0.47034
26,34,32,2104.72,0.462756
26,34,33,2041.79,0.446147
26,34,34,1980.8,0.418181
26,34,35,1923.77,0.378235
26,34,36,1872.74,0.327895
26,34,37,1829.16,0.271397
26,34,38,1794.34,0.2145
26,34,39,1770.02,0.163738
26,34,40,1757.53,0.124748
26,34,41,1759,0.101831
26,34,42,1774.72,0.09684
26,34,43,1802.4,0.109065
26,34,44,1836.25,0.134549
26,34,45,1866.73,0.166133
26,34,46,1881.81,0.194296
26,34,47,1869.35,0.209901
26,34,48,1820.29,0.207316
26,34,49,1731.91,0.186182
26,35,0,2745.61,0.297716
26,35,1,2940,0.348937
26,35,2,3061.49,0.380471
26,35,3,3119.43,0.390316
26,35,4,3128.31,0.38212
26,35,5,3103.87,0.36266
26,35,6,3060.17,0.338506
26,35,7,3007.35,0.314097
26,35,8,2951.05,0.292058
26,35,9,2893.8,0.274605
26,35,10,2837.36,0.264393
26,35,11,2784.06,0.263853
26,35,12,2737.91,0.273854
26,35,13,2701.65,0.292434
26,35,14,2675.93,0.314916
26,35,15,2658.19,0.336091
26,35,16,2644.26,0.352113
26,35,17,2630.25,0.362042
26,35,18,2614.82,0.36769
26,35,19,2599.9,0.372424
26,35,20,2589,0.379328
26,35,21,2584.66,0.390079
26,35,22,2585.88,0.404683
26,35,23,2587.51,0.421692
26,35,24,2582.06,0.438499
26,35,25,2562.85,0.452488
26,35,26,2526.88,0.462031
26,35,27,2475.9,0.46718
26,35,28,2415.52,0.470012
26,35,29,2352.35,0.473078
26,35,30,2291.32,0.477717
26,35,31,2234.17,0.482738
26,35,32,2180.15,0.484342
26,35,33,2127.79,0.477306
26,35,34,2076.51,0.456857
26,35,35,2027,0.420733
26,35,36,1980.24,0.370069
26,35,37,1937.16,0.309895
26,35,38,1899.17,0.247507
26,35,39,1868.83,0.191002
26,35,40,1848.77,0.147125
26,35,41,1842.82,0.120597
26,35,42,1852.74,0.113109
26,35,43,1877,0.123523
26,35,44,1909.63,0.147432
26,35,45,1940.11,0.1775
26,35,46,1955,0.204145
26,35,47,1940.85,0.218259
26,35,48,1887.63,0.214218
26,35,49,1792.22,0.191673
26,36,0,2711.73,0.299708
26,36,1,2908.42,0.354152
26,36,2,3033.02,0.388618
26,36,3,3093.96,0.399718
26,36,4,3105.19,0.390063
26,36,5,3082.2,0.366334
26,36,6,3038.99,0.336031
26,36,7,2985.86,0.305089
26,36,8,2928.74,0.277538
26,36,9,2870.61,0.256504
26,36,10,2813.8,0.244945
26,36,11,2761.34,0.245405
26,36,12,2717.77,0.258791
26,36,13,2686.1,0.283019
26,36,14,2666.73,0.312877
26,36,15,2656.44,0.342082
26,36,16,2650.43,0.365416
26,36,17,2644.33,0.380721
26,36,18,2636.77,0.389458
26,36,19,2629.8,0.395588
26,36,20,2626.93,0.403379
26,36,21,2630.2,0.4156
26,36,22,2637.65,0.432527
26,36,23,2643.15,0.452098
26,36,24,2638.77,0.470411
26,36,25,2618.26,0.483752
26,36,26,2579.82,0.490273
26,36,27,2527.01,0.491075
26,36,28,2467.16,0.490133
26,36,29,2408.08,0.491943
26,36,30,2354.93,0.498972
26,36,31,2308.6,0.509937
26,36,32,2266.92,0.519617
26,36,33,2226.8,0.520707
26,36,34,2186.19,0.506374
26,36,35,2144.61,0.473064
26,36,36,2102.18,0.421679
26,36,37,2059.58,0.358071
26,36,38,2018.54,0.290924
26,36,39,1982.54,0.229645
26,36,40,1955.53,0.181843
26,36,41,1942.89,0.15249
26,36,42,1947.66,0.143012
26,36,43,1968.86,0.151804
26,36,44,2000.12,0.173976
26,36,45,2029.81,0.20198
26,36,46,2043.13,0.226137
26,36,47,2025.46,0.237369
26,36,48,1966,0.230118
26,36,49,1861.41,0.204214
26,37,0,2672.24,0.315913
26,37,1,2870.1,0.375333
26,37,2,2997.01,0.414028
26,37,3,3060.57,0.427362
26,37,4,3074.31,0.416981
26,37,5,3053.54,0.389412
26,37,6,3012.2,0.352978
26,37,7,2960.65,0.3151
26,37,8,2905.01,0.281293
26,37,9,2848.51,0.255688
26,37,10,2793.73,0.241515
26,37,11,2743.9,0.241251
26,37,12,2703.62,0.255725
26,37,13,2675.89,0.282743
26,37,14,2660.87,0.316875
26,37,15,2655.05,0.351236
26,37,16,2653.5,0.379704
26,37,17,2651.91,0.399119
26,37,18,2649.17,0.410488
26,37,19,2647.6,0.418063
26,37,20,2650.68,0.426984
26,37,21,2659.95,0.441013
26,37,22,2672.61,0.460812
26,37,23,2681.83,0.483936
26,37,24,2679.51,0.505401
26,37,25,2659.98,0.520428
26,37,26,2622.56,0.526713
26,37,27,2572.24,0.525959
26,37,28,2517.48,0.523453
26,37,29,2466.58,0.525151
26,37,30,2424.35,0.534404
26,37,31,2390.67,0.549958
26,37,32,2362.02,0.565621
26,37,33,2334.04,0.572636
26,37,34,2303.54,0.562763
26,37,35,2269.2,0.531628
26,37,36,2230.67,0.480091
26,37,37,2188.67,0.414686
26,37,38,2145.57,0.345103
26,37,39,2105.78,0.281549
26,37,40,2074.44,0.232031
26,37,41,2058.03,0.20144
26,37,42,2060.38,0.19076
26,37,43,2080.56,0.197894
26,37,44,2111.46,0.217561
26,37,45,2140.29,0.242138
26,37,46,2151,0.262014
26,37,47,2128.1,0.268305
26,37,48,2060.23,0.255641
26,37,49,1944,0.224184
26,38,0,2634.81,0.351425
26,38,1,2832.95,0.417827
26,38,2,2961.26,0.461728
26,38,3,3026.72,0.477533
26,38,4,3042.51,0.466281
26,38,5,3023.83,0.434567
26,38,6,2984.6,0.391594
26,38,7,2935.33,0.346229
26,38,8,2882.44,0.30542
26,38,9,2829.41,0.274226
26,38,10,2778.9,0.255988
26,38,11,2733.94,0.252842
26,38,12,2698.58,0.265339
26,38,13,2675.15,0.291171
26,38,14,2663.28,0.325076
26,38,15,2659.27,0.360217
26,38,16,2658.46,0.390304
26,38,17,2657.21,0.411635
26,38,18,2655.17,0.424801
26,38,19,2655.29,0.433992
26,38,20,2661.23,0.444736
26,38,21,2674.28,0.46142
26,38,22,2690.99,0.485029
26,38,23,2704.07,0.512915
26,38,24,2705.38,0.539341
26,38,25,2689.77,0.558669
26,38,26,2657.42,0.568041
26,38,27,2614.16,0.569322
26,38,28,2568.81,0.568411
26,38,29,2529.45,0.572042
26,38,30,2500.06,0.584036
26,38,31,2479.45,0.603184
26,38,32,2463.13,0.622787
26,38,33,2445.89,0.633382
26,38,34,2423.91,0.626135
26,38,35,2395.5,0.596481
26,38,36,2360.27,0.545556
26,38,37,2319.44,0.480474
26,38,38,2276.16,0.411516
26,38,39,2235.82,0.349054
26,38,40,2204.31,0.300823
26,38,41,2188.64,0.271083
26,38,42,2192.64,0.260038
26,38,43,2214.89,0.265027
26,38,44,2247.24,0.280559
26,38,45,2275.74,0.299293
26,38,46,2283.38,0.312122
26,38,47,2254.05,0.310722
26,38,48,2176.03,0.290132
26,38,49,2045.86,0.250945
26,39,0,2607.7,0.40746
26,39,1,2805.99,0.482663
26,39,2,2935.21,0.532146
26,39,3,3001.92,0.549727
26,39,4,3019.02,0.536435
26,39,5,3001.58,0.499422
26,39,6,2963.57,0.448987
26,39,7,2915.87,0.39542
26,39,8,2865.5,0.346933
26,39,9,2816.51,0.309278
26,39,10,2771.7,0.285644
26,39,11,2733.58,0.277487
26,39,12,2705.06,0.284845
26,39,13,2687.08,0.305273
26,39,14,2678.18,0.334048
26,39,15,2674.3,0.365078
26,39,16,2671.24,0.392731
26,39,17,2666.47,0.413386
26,39,18,2660.91,0.427389
26,39,19,2658.57,0.438567
26,39,20,2663.71,0.452287
26,39,21,2677.73,0.473024
26,39,22,2696.92,0.501834
26,39,23,2713.74,0.535958
26,39,24,2720.11,0.569288
26,39,25,2711.24,0.595715
26,39,26,2687.69,0.611971
26,39,27,2655.48,0.619764
26,39,28,2623,0.624896
26,39,29,2597.45,0.634033
26,39,30,2581.66,0.650786
26,39,31,2573.53,0.673735
26,39,32,2567.98,0.695953
26,39,33,2559.54,0.707964
26,39,34,2544.27,0.701239
26,39,35,2520.61,0.671844
26,39,36,2488.62,0.621718
26,39,37,2450.33,0.558633
26,39,38,2409.8,0.493126
26,39,39,2373.13,0.435073
26,39,40,2346.46,0.391141
26,39,41,2336.56,0.364238
26,39,42,2346.54,0.353334
26,39,43,2374.02,0.355097
26,39,44,2409.7,0.364112
26,39,45,2438.74,0.373842
26,39,46,2443.51,0.376296
26,39,47,2407.5,0.36418
26,39,48,2318.56,0.333164
26,39,49,2172.86,0.28426
26,40,0,2595.95,0.479239
26,40,1,2795.16,0.564296
26,40,2,2925.62,0.618992
26,40,3,2993.5,0.636932
26,40,4,3011.47,0.619805
26,40,5,2994.38,0.575916
26,40,6,2956.27,0.516959
26,40,7,2908.57,0.454597
26,40,8,2859.29,0.398046
26,40,9,2813.54,0.35341
26,40,10,2774.51,0.323427
26,40,11,2744.13,0.308583
26,40,12,2723.75,0.308202
26,40,13,2712.34,0.319708
26,40,14,2706.86,0.339212
26,40,15,2702.64,0.361948
26,40,16,2695.88,0.383653
26,40,17,2685.22,0.401396
26,40,18,2673.06,0.415522
26,40,19,2664.76,0.429299
26,40,20,2665.57,0.447446
26,40,21,2677.49,0.473937
26,40,22,2697.03,0.509532
26,40,23,2716.8,0.551375
26,40,24,2728.87,0.593407
26,40,25,2728.56,0.6296
26,40,26,2716.34,0.656662
26,40,27,2697.7,0.676027
26,40,28,2679.94,0.692749
26,40,29,2668.9,0.712457
26,40,30,2666.23,0.73762
26,40,31,2669.21,0.766043
26,40,32,2672.58,0.790586
26,40,33,2671.13,0.80231
26,40,34,2661.26,0.793875
26,40,35,2641.95,0.762908
26,40,36,2614.04,0.712853
26,40,37,2580.47,0.652389
26,40,38,2546.12,0.592117
26,40,39,2517.41,0.540853
26,40,40,2500.1,0.503434
26,40,41,2500.07,0.480724
26,40,42,2519.29,0.470029
26,40,43,2554.2,0.467292
26,40,44,2594.64,0.46748
26,40,45,2625.25,0.465365
26,40,46,2628.12,0.454595
26,40,47,2586.47,0.429235
26,40,48,2487.42,0.385689
26,40,49,2326.21,0.325288
26,41,0,2602.04,0.557242
26,41,1,2803.64,0.652188
26,41,2,2936.32,0.711154
26,41,3,3006,0.727795
26,41,4,3025,0.705012
26,41,5,3007.86,0.652815
26,41,6,2968.62,0.584575
26,41,7,2919.32,0.513248
26,41,8,2869.27,0.448731
26,41,9,2825.03,0.39709
26,41,10,2790.54,0.360338
26,41,11,2767.28,0.337831
26,41,12,2755.01,0.328114
26,41,13,2750.5,0.328563
26,41,14,2748.95,0.336309
26,41,15,2744.86,0.348256
26,41,16,2734.61,0.361921
26,41,17,2717.76,0.375503
26,41,18,2697.9,0.389586
26,41,19,2681.66,0.406843
26,41,20,2675.46,0.43105
26,41,21,2682.36,0.465241
26,41,22,2699.71,0.509534
26,41,23,2720.81,0.560964
26,41,24,2738.04,0.613888
26,41,25,2746.71,0.662903
26,41,26,2746.65,0.705117
26,41,27,2742.23,0.741606
26,41,28,2739.15,0.77605
26,41,29,2741.78,0.812032
26,41,30,2750.73,0.849874
26,41,31,2763.05,0.885949
26,41,32,2773.74,0.91285
26,41,33,2778.2,0.922667
26,41,34,2773.49,0.910115
26,41,35,2759.32,0.875282
26,41,36,2737.36,0.823798
26,41,37,2711.35,0.765513
26,41,38,2686.59,0.710928
26,41,39,2669.34,0.66738
26,41,40,2664.5,0.63732
26,41,41,2676.71,0.619126
26,41,42,2706.63,0.608244
26,41,43,2749.78,0.599968
26,41,44,2795.52,0.589894
26,41,45,2828.47,0.574369
26,41,46,2830.78,0.548837
26,41,47,2785.38,0.508692
26,41,48,2678.39,0.450962
26,41,49,2503.32,0.377185
26,42,0,2623.57,0.62926
26,42,1,2829.08,0.733111
26,42,2,2965.19,0.795224
26,42,3,3037.65,0.809382
26,42,4,3058.39,0.779944
26,42,5,3041.53,0.718919
26,42,6,3000.95,0.64148
26,42,7,2949.23,0.561724
26,42,8,2896.94,0.489883
26,42,9,2852.25,0.43163
26,42,10,2820.14,0.38812
26,42,11,2802,0.357644
26,42,12,2796.31,0.338115
26,42,13,2797.92,0.327039
26,42,14,2800.39,0.322617
26,42,15,2797.41,0.323451
26,42,16,2785.19,0.328839
26,42,17,2763.68,0.33827
26,42,18,2737.1,0.352736
26,42,19,2712.82,0.374445
26,42,20,2698.27,0.406215
26,42,21,2697.85,0.449988
26,42,22,2710.42,0.505065
26,42,23,2730.54,0.568387
26,42,24,2751.28,0.634964
26,42,25,2767.82,0.700366
26,42,26,2779.01,0.762303
26,42,27,2787.64,0.821304
26,42,28,2797.61,0.879039
26,42,29,2811.91,0.936158
26,42,30,2830.44,0.990028
26,42,31,2850.43,1.03516
26,42,32,2867.48,1.06401
26,42,33,2877.79,1.07026
26,42,34,2879.17,1.05143
26,42,35,2871.97,1.01072
26,42,36,2858.45,0.956311
26,42,37,2842.71,0.899204
26,42,38,2830.03,0.849539
26,42,39,2826.08,0.81293
26,42,40,2834.67,0.789286
26,42,41,2859.23,0.77457
26,42,42,2899.34,0.762606
26,42,43,2949.98,0.748321
26,42,44,3000.53,0.728065
26,42,45,3035.98,0.699596
26,42,46,3038.79,0.659743
26,42,47,2991.72,0.60472
26,42,48,2879.69,0.531828
26,42,49,2693.86,0.442754
26,43,0,2653.82,0.683465
26,43,1,2864.12,0.794399
26,43,2,3004.53,0.858726
26,43,3,3080.61,0.870235
26,43,4,3103.98,0.834598
26,43,5,3088.27,0.765717
26,43,6,3047.07,0.68042
26,43,7,2993.23,0.593678
26,43,8,2938.26,0.515728
26,43,9,2891.7,0.451613
26,43,10,2859.69,0.401671
26,43,11,2843.91,0.363451
26,43,12,2842.21,0.334584
26,43,13,2848.15,0.312962
26,43,14,2854.08,0.297796
26,43,15,2852.95,0.289103
26,43,16,2840.57,0.287601
26,43,17,2816.72,0.293936
26,43,18,2785.49,0.309575
26,43,19,2754.38,0.336512
26,43,20,2731.41,0.376865
26,43,21,2722.39,0.431675
26,43,22,2728.07,0.499523
26,43,23,2744.83,0.577336
26,43,24,2766.82,0.660851
26,43,25,2789.13,0.746608
26,43,26,2809.46,0.832719
26,43,27,2828.85,0.918707
26,43,28,2849.42,1.00358
26,43,29,2872.99,1.0844
26,43,30,2899.19,1.15522
26,43,31,2925.72,1.20878
26,43,32,2948.99,1.23794
26,43,33,2966.03,1.23868
26,43,34,2975.23,1.21195
26,43,35,2977.24,1.16429
26,43,36,2974.44,1.10618
26,43,37,2970.78,1.04932
26,43,38,2971.07,1.00302
26,43,39,2980.23,0.971105
26,43,40,3001.09,0.951257
26,43,41,3036.16,0.937696
26,43,42,3084.42,0.923338
26,43,43,3140.69,0.903209
26,43,44,3194.7,0.874372
26,43,45,3232.06,0.8354
26,43,46,3235.74,0.783598
26,43,47,3188.51,0.715117
26,43,48,3074.18,0.62703
26,43,49,2881.35,0.521198
26,44,0,2681.92,0.710808
26,44,1,2896.97,0.82623
26,44,2,3041.82,0.892025
26,44,3,3121.9,0.901761
26,44,4,3148.52,0.861936
26,44,5,3134.91,0.787821
26,44,6,3094.28,0.69742
26,44,7,3039.46,0.606164
26,44,8,2982.37,0.523984
26,44,9,2933.46,0.4552
26,44,10,2899.86,0.399555
26,44,11,2883.88,0.35436
26,44,12,2883.44,0.317436
26,44,13,2891.59,0.287331
26,44,14,2900,0.264102
26,44,15,2901.01,0.2487
26,44,16,2889.8,0.242677
26,44,17,2865.59,0.247488
26,44,18,2831.82,0.265035
26,44,19,2795.51,0.297395
26,44,20,2764.86,0.346422
26,44,21,2746.91,0.412714
26,44,22,2744.44,0.494486
26,44,23,2756,0.588822
26,44,24,2777.04,0.692118
26,44,25,2802.75,0.80156
26,44,26,2829.71,0.915071
26,44,27,2857.26,1.03047
26,44,28,2885.93,1.14349
26,44,29,2916.72,1.24729
26,44,30,2949.25,1.33281
26,44,31,2981.89,1.3917
26,44,32,3011.9,1.41814
26,44,33,3036.98,1.4113
26,44,34,3055.79,1.3759
26,44,35,3068.82,1.32153
26,44,36,3078.01,1.26014
26,44,37,3086.73,1.20321
26,44,38,3099.14,1.1586
26,44,39,3119.47,1.12842
26,44,40,3149.99,1.10886
26,44,41,3192.74,1.09352
26,44,42,3246.47,1.07541
26,44,43,3306.11,1.05019
26,44,44,3361.85,1.01542
26,44,45,3400,0.969662
26,44,46,3404.18,0.909571
26,44,47,3357.38,0.830305
26,44,48,3242.63,0.728247
26,44,49,3046.17,0.60552
26,45,0,2693.64,0.706086
26,45,1,2912.29,0.822566
26,45,2,3061.01,0.888915
26,45,3,3144.94,0.898321
26,45,4,3175.07,0.85743
26,45,5,3164.29,0.78203
26,45,6,3125.44,0.690517
26,45,7,3071.1,0.598213
26,45,8,3013.17,0.514458
26,45,9,2962.38,0.442872
26,45,10,2926.55,0.382936
26,45,11,2908.8,0.332268
26,45,12,2907.64,0.289327
26,45,13,2916.26,0.253497
26,45,14,2926.1,0.225465
26,45,15,2929.04,0.206581
26,45,16,2919.56,0.198617
26,45,17,2896.09,0.203417
26,45,18,2861.17,0.223204
26,45,19,2821.03,0.260361
26,45,20,2783.76,0.316922
26,45,21,2757.34,0.39357
26,45,22,2746.48,0.488648
26,45,23,2751.82,0.599628
26,45,24,2770.31,0.723451
26,45,25,2797.34,0.857467
26,45,26,2828.58,0.99866
26,45,27,2861.91,1.14243
26,45,28,2896.56,1.2808
26,45,29,2932.99,1.40318
26,45,30,2971.01,1.49807
26,45,31,3009.72,1.55712
26,45,32,3047.1,1.57701
26,45,33,3081.28,1.56082
26,45,34,3110.8,1.51702
26,45,35,3135.47,1.45749
26,45,36,3156.48,1.39443
26,45,37,3176.39,1.33798
26,45,38,3198.79,1.29393
26,45,39,3227.56,1.26293
26,45,40,3264.8,1.2406
26,45,41,3312.47,1.22106
26,45,42,3369.31,1.19843
26,45,43,3430.42,1.16931
26,45,44,3486.43,1.13154
26,45,45,3524.26,1.08285
26,45,46,3528.23,1.01845
26,45,47,3481.63,0.931905
26,45,48,3367.09,0.818724
26,45,49,3169.11,0.681392
26,46,0,2673.18,0.667949
26,46,1,2893.29,0.781156
26,46,2,3044.73,0.846506
26,46,3,3131.99,0.856838
26,46,4,3165.59,0.818291
26,46,5,3158.09,0.746162
26,46,6,3122.02,0.658269
26,46,7,3069.59,0.569146
26,46,8,3012.32,0.487276
26,46,9,2960.84,0.415664
26,46,10,2923.28,0.353851
26,46,11,2903.44,0.300176
26,46,12,2900.69,0.254017
26,46,13,2908.78,0.215617
26,46,14,2919.23,0.186053
26,46,15,2923.58,0.16662
26,46,16,2915.7,0.15885
26,46,17,2893.19,0.164593
26,46,18,2857.69,0.186247
26,46,19,2814.61,0.226587
26,46,20,2771.8,0.288113
26,46,21,2737.89,0.37201
26,46,22,2719.16,0.477211
26,46,23,2718.14,0.6018
26,46,24,2733.16,0.743172
26,46,25,2759.91,0.898425
26,46,26,2793.42,1.06301
26,46,27,2830.46,1.22948
26,46,28,2869.29,1.38622
26,46,29,2910.06,1.51944
26,46,30,2952.88,1.61631
26,46,31,2997.52,1.66966
26,46,32,3042.48,1.67957
26,46,33,3085.99,1.6533
26,46,34,3126.11,1.60257
26,46,35,3161.75,1.5405
26,46,36,3193.15,1.47827
26,46,37,3222.16,1.42369
26,46,38,3252.03,1.3802
26,46,39,3286.62,1.34729
26,46,40,3328.22,1.32081
26,46,41,3378.87,1.29631
26,46,42,3437.37,1.26951
26,46,43,3498.91,1.23812
26,46,44,3554.45,1.19991
26,46,45,3591.36,1.15147
26,46,46,3594.44,1.08631
26,46,47,3547.27,0.996511
26,46,48,3432.36,0.876883
26,46,49,3233.36,0.730311
26,47,0,2606.09,0.599409
26,47,1,2824.35,0.70443
26,47,2,2976.66,0.76639
26,47,3,3066.33,0.778054
26,47,4,3103.12,0.744592
26,47,5,3099.12,0.679884
26,47,6,3066.54,0.600206
26,47,7,3017.2,0.518653
26,47,8,2962.12,0.442609
26,47,9,2911.5,0.374551
26,47,10,2873.47,0.314266
26,47,11,2852.31,0.260973
26,47,12,2848.18,0.214979
26,47,13,2855.49,0.177238
26,47,14,2866.08,0.148993
26,47,15,2871.33,0.13122
26,47,16,2864.62,0.12498
26,47,17,2842.9,0.131889
26,47,18,2807.01,0.15436
26,47,19,2761.69,0.195464
26,47,20,2714.46,0.258206
26,47,21,2674.39,0.344419
26,47,22,2648.89,0.453888
26,47,23,2641.94,0.585445
26,47,24,2653.04,0.736905
26,47,25,2678.24,0.904935
26,47,26,2712.22,1.08333
26,47,27,2750.99,1.26197
26,47,28,2792.19,1.42632
26,47,29,2835.86,1.56052
26,47,30,2882.42,1.65159
26,47,31,2932.19,1.69445
26,47,32,2984.01,1.69277
26,47,33,3035.94,1.65752
26,47,34,3085.38,1.60265
26,47,35,3130.24,1.54131
26,47,36,3169.91,1.48277
26,47,37,3205.72,1.43205
26,47,38,3240.85,1.39032
26,47,39,3279.39,1.35631
26,47,40,3323.92,1.32661
26,47,41,3376.61,1.29844
26,47,42,3436.28,1.2692
26,47,43,3498.11,1.23743
26,47,44,3553.22,1.20077
26,47,45,3589.16,1.15477
26,47,46,3590.95,1.09175
26,47,47,3542.26,1.00305
26,47,48,3425.71,0.883281
26,47,49,3225.12,0.735666
26,48,0,2482.52,0.507647
26,48,1,2693.85,0.599749
26,48,2,2843.96,0.655444
26,48,3,2934.38,0.667868
26,48,4,2973.65,0.641019
26,48,5,2973.14,0.586689
26,48,6,2944.62,0.518855
26,48,7,2899.49,0.448654
26,48,8,2848.13,0.382197
26,48,9,2800.16,0.321469
26,48,10,2763.4,0.266524
26,48,11,2742.31,0.217353
26,48,12,2737.59,0.174965
26,48,13,2744.35,0.140752
26,48,14,2754.87,0.115951
26,48,15,2760.6,0.101153
26,48,16,2754.71,0.0969462
26,48,17,2733.68,0.104609
26,48,18,2697.79,0.126412
26,48,19,2651.18,0.165498
26,48,20,2601.05,0.225155
26,48,21,2556.6,0.307736
26,48,22,2525.9,0.413859
26,48,23,2513.89,0.543093
26,48,24,2520.93,0.693674
26,48,25,2543.46,0.861954
26,48,26,2576.09,1.04049
26,48,27,2614.47,1.21738
26,48,28,2655.9,1.37652
26,48,29,2700.48,1.50144
26,48,30,2748.96,1.58022
26,48,31,2802.05,1.6101
26,48,32,2858.8,1.5978
26,48,33,2916.98,1.55666
26,48,34,2973.33,1.50147
26,48,35,3024.86,1.44436
26,48,36,3070.32,1.39225
26,48,37,3110.73,1.34755
26,48,38,3149.35,1.30967
26,48,39,3190.55,1.2769
26,48,40,3237.18,1.24674
26,48,41,3291.49,1.21782
26,48,42,3352.24,1.1888
26,48,43,3414.54,1.15872
26,48,44,3469.53,1.1251
26,48,45,3504.74,1.08301
26,48,46,3505.06,1.02459
26,48,47,3454.12,0.941475
26,48,48,3334.92,0.828736
26,48,49,3132.68,0.689727
26,49,0,2300.93,0.403372
26,49,1,2498.03,0.479044
26,49,2,2640.95,0.525892
26,49,3,2729.14,0.537879
26,49,4,2769.41,0.51787
26,49,5,2772.04,0.475243
26,49,6,2748.07,0.421249
26,49,7,2708.25,0.364785
26,49,8,2662.21,0.310619
26,49,9,2618.74,0.260263
26,49,10,2585.11,0.213937
26,49,11,2565.6,0.172122
26,49,12,2561.22,0.136172
26,49,13,2567.7,0.107605
26,49,14,2577.97,0.0875326
26,49,15,2583.87,0.0762213
26,49,16,2578.66,0.0739104
26,49,17,2558.65,0.0815463
26,49,18,2523.72,0.101132
26,49,19,2477.5,0.135602
26,49,20,2426.74,0.188189
26,49,21,2380.44,0.261449
26,49,22,2346.76,0.356583
26,49,23,2331.05,0.473735
26,49,24,2334.24,0.611558
26,49,25,2353.16,0.766395
26,49,26,2382.65,0.930401
26,49,27,2418.34,1.09125
26,49,28,2457.54,1.23301
26,49,29,2500.46,1.3402
26,49,30,2548.15,1.40278
26,49,31,2601.58,1.42008
26,49,32,2659.99,1.40054
26,49,33,2720.88,1.35811
26,49,34,2780.53,1.30686
26,49,35,2835.35,1.25712
26,49,36,2883.66,1.21355
26,49,37,2926.29,1.17663
26,49,38,2966.59,1.14465
26,49,39,3009.1,1.11586
26,49,40,3056.82,1.0885
26,49,41,3111.92,1.06209
26,49,42,3173.08,1.03601
26,49,43,3235.35,1.00948
26,49,44,3289.92,0.980056
26,49,45,3324.26,0.943052
26,49,46,3323.07,0.891434
26,49,47,3269.95,0.818091
26,49,48,3148.89,0.719076
26,49,49,2947.86,0.597595
27,0,0,2434.06,0.352715
27,0,1,2586.12,0.400597
27,0,2,2680.12,0.421549
27,0,3,2731.2,0.41628
27,0,4,2760.95,0.393379
27,0,5,2789.46,0.365624
27,0,6,2829.38,0.345318
27,0,7,2883.3,0.341117
27,0,8,2946.41,0.356831
27,0,9,3010.99,0.391682
27,0,10,3070,0.441146
27,0,11,3118.55,0.498165
27,0,12,3153.83,0.55478
27,0,13,3173.39,0.602751
27,0,14,3174.23,0.633911
27,0,15,3153.19,0.641155
27,0,16,3107.69,0.62044
27,0,17,3036.24,0.572446
27,0,18,2939.33,0.503439
27,0,19,2819.93,0.423962
27,0,20,2684.02,0.346189
27,0,21,2540.04,0.279925
27,0,22,2398.01,0.231062
27,0,23,2267.97,0.200367
27,0,24,2158.18,0.184732
27,0,25,2072.3,0.178732
27,0,26,2009.34,0.176862
27,0,27,1963.68,0.17499
27,0,28,1927.61,0.170459
27,0,29,1893.64,0.161939
27,0,30,1857.02,0.149333
27,0,31,1816.15,0.133897
27,0,32,1771.21,0.117776
27,0,33,1723.59,0.103008
27,0,34,1674.18,0.0906379
27,0,35,1623.47,0.0801665
27,0,36,1572.28,0.07021
27,0,37,1522.49,0.0594805
27,0,38,1477.07,0.0477039
27,0,39,1439.02,0.0357877
27,0,40,1410.1,0.0251909
27,0,41,1389.74,0.0170281
27,0,42,1375.74,0.0120363
27,0,43,1364.43,0.00979916
27,0,44,1352.32,0.00955005
27,0,45,1336.62,0.0102886
27,0,46,1315.42,0.0110135
27,0,47,1287.29,0.0110651
27,0,48,1251.93,0.0101556
27,0,49,1210.35,0.00842867
27,1,0,2620.32,0.42354
27,1,1,2783.23,0.481784
27,1,2,2884.23,0.508675
27,1,3,2940.03,0.505117
27,1,4,2972.4,0.481152
27,1,5,3000.97,0.451575
27,1,6,3038.07,0.430499
27,1,7,3086.71,0.427751
27,1,8,3143.22,0.447691
27,1,9,3201.29,0.489481
27,1,10,3255.12,0.548095
27,1,11,3300.41,0.615579
27,1,12,3334.34,0.682762
27,1,13,3353.92,0.739695
27,1,14,3355.29,0.776261
27,1,15,3334.47,0.783577
27,1,16,3288.15,0.756643
27,1,17,3214.37,0.69652
27,1,18,3113.35,0.611208
27,1,19,2988.03,0.513829
27,1,20,2844.61,0.419211
27,1,21,2692.02,0.339091
27,1,22,2541.1,0.280404
27,1,23,2402.76,0.243941
27,1,24,2285.96,0.225912
27,1,25,2194.61,0.219759
27,1,26,2127.63,0.218782
27,1,27,2078.91,0.217778
27,1,28,2040.25,0.213165
27,1,29,2003.69,0.202865
27,1,30,1964.21,0.186464
27,1,31,1920.09,0.165373
27,1,32,1871.45,0.142393
27,1,33,1819.65,0.120538
27,1,34,1765.55,0.101847
27,1,35,1709.63,0.086496
27,1,36,1652.84,0.0733402
27,1,37,1597.37,0.0609206
27,1,38,1546.65,0.0485447
27,1,39,1504.17,0.0366376
27,1,40,1471.9,0.026261
27,1,41,1449.26,0.0182426
27,1,42,1433.79,0.013252
27,1,43,1421.5,0.0108315
27,1,44,1408.61,0.0102714
27,1,45,1392.07,0.0106587
27,1,46,1369.6,0.0110714
27,1,47,1339.24,0.0109003
27,1,48,1300.1,0.00987665
27,1,49,1252.87,0.00813044
27,2,0,2745.04,0.479297
27,2,1,2914.43,0.545983
27,2,2,3020.09,0.578378
27,2,3,3079.31,0.577609
27,2,4,3113.27,0.554738
27,2,5,3140.49,0.525889
27,2,6,3172.79,0.506286
27,2,7,3213.7,0.506406
27,2,8,3261.05,0.530887
27,2,9,3310.32,0.578788
27,2,10,3357.16,0.644769
27,2,11,3397.96,0.720326
27,2,12,3429.91,0.795523
27,2,13,3449.33,0.859134
27,2,14,3451.53,0.899555
27,2,15,3431.68,0.906528
27,2,16,3385.86,0.874322
27,2,17,3311.81,0.8043
27,2,18,3209.6,0.705779
27,2,19,3082.31,0.593818
27,2,20,2936.34,0.485237
27,2,21,2780.97,0.393279
27,2,22,2627.42,0.325814
27,2,23,2486.96,0.283824
27,2,24,2368.63,0.263154
27,2,25,2276.18,0.256466
27,2,26,2208.26,0.256109
27,2,27,2158.43,0.255893
27,2,28,2118.3,0.251283
27,2,29,2079.87,0.239383
27,2,30,2038.15,0.219402
27,2,31,1991.45,0.192847
27,2,32,1939.93,0.163126
27,2,33,1884.96,0.134225
27,2,34,1827.41,0.109239
27,2,35,1767.83,0.0891463
27,2,36,1707.35,0.0731651
27,2,37,1648.39,0.0597146
27,2,38,1594.63,0.0476106
27,2,39,1549.74,0.0366241
27,2,40,1515.66,0.0272261
27,2,41,1491.76,0.0198264
27,2,42,1475.5,0.0149725
27,2,43,1462.85,0.0122292
27,2,44,1450.05,0.0110479
27,2,45,1433.96,0.0107258
27,2,46,1411.95,0.0105294
27,2,47,1381.39,0.00996416
27,2,48,1340.67,0.00879958
27,2,49,1289.91,0.00712611
27,3,0,2812.99,0.515358
27,3,1,2986.03,0.587806
27,3,2,3094.8,0.624705
27,3,3,3156.42,0.627398
27,3,4,3190.99,0.60744
27,3,5,3215.71,0.58151
27,3,6,3241.75,0.565228
27,3,7,3273.24,0.569229
27,3,8,3309.62,0.598186
27,3,9,3348.34,0.651029
27,3,10,3386.74,0.722257
27,3,11,3422.06,0.803111
27,3,12,3451.5,0.88334
27,3,13,3470.7,0.950975
27,3,14,3474.05,0.993609
27,3,15,3455.9,1.00026
27,3,16,3411.79,0.96481
27,3,17,3339.29,0.888788
27,3,18,3238.59,0.782105
27,3,19,3112.98,0.660721
27,3,20,2969.14,0.542439
27,3,21,2816.39,0.441428
27,3,22,2665.91,0.366384
27,3,23,2528.67,0.318787
27,3,24,2413.22,0.294607
27,3,25,2322.81,0.286268
27,3,26,2255.76,0.285557
27,3,27,2205.6,0.285498
27,3,28,2164.18,0.280698
27,3,29,2123.9,0.267485
27,3,30,2080.1,0.244694
27,3,31,2031.27,0.213856
27,3,32,1977.62,0.178829
27,3,33,1920.52,0.144361
27,3,34,1860.8,0.114439
27,3,35,1799.14,0.0907668
27,3,36,1736.86,0.0729289
27,3,37,1676.58,0.0592537
27,3,38,1621.99,0.0480663
27,3,39,1576.66,0.0384445
27,3,40,1542.29,0.0302171
27,3,41,1518.13,0.0233699
27,3,42,1501.69,0.018345
27,3,43,1489.24,0.0148312
27,3,44,1477.28,0.0125397
27,3,45,1462.75,0.0110677
27,3,46,1442.62,0.00993156
27,3,47,1413.58,0.0087745
27,3,48,1373.09,0.00739621
27,3,49,1320.65,0.00581424
27,4,0,2835.25,0.530306
27,4,1,3009.71,0.60558
27,4,2,3120.19,0.645643
27,4,3,3183.1,0.651991
27,4,4,3217.22,0.636102
27,4,5,3238.32,0.61445
27,4,6,3256.89,0.60242
27,4,7,3277.54,0.610447
27,4,8,3301.3,0.643106
27,4,9,3327.71,0.699261
27,4,10,3356.04,0.773396
27,4,11,3384.62,0.856734
27,4,12,3410.87,0.939069
27,4,13,3429.75,1.00823
27,4,14,3434.71,1.05171
27,4,15,3419.24,1.05855
27,4,16,3378.44,1.02267
27,4,17,3309.83,0.945567
27,4,18,3213.82,0.836904
27,4,19,3094,0.712322
27,4,20,2957.09,0.589447
27,4,21,2812.15,0.482693
27,4,22,2669.69,0.401462
27,4,23,2539.81,0.348074
27,4,24,2430.08,0.319193
27,4,25,2343.16,0.307639
27,4,26,2277.27,0.30512
27,4,27,2226.33,0.304186
27,4,28,2182.97,0.298798
27,4,29,2140.38,0.284671
27,4,30,2094.51,0.260324
27,4,31,2044.07,0.227234
27,4,32,1989.3,0.189459
27,4,33,1931.37,0.152138
27,4,34,1870.99,0.119781
27,4,35,1808.93,0.0945665
27,4,36,1746.71,0.0763216
27,4,37,1687.06,0.0632805
27,4,38,1633.58,0.0533356
27,4,39,1589.54,0.0449576
27,4,40,1556.18,0.0374314
27,4,41,1532.63,0.0304539
27,4,42,1516.61,0.0244706
27,4,43,1504.84,0.0194366
27,4,44,1494.31,0.0154101
27,4,45,1482.07,0.0123259
27,4,46,1464.74,0.0099438
27,4,47,1438.2,0.00800808
27,4,48,1399.03,0.00630527
27,4,49,1346.05,0.00474272
27,5,0,2825.02,0.525607
27,5,1,2998.79,0.600958
27,5,2,3109.39,0.642772
27,5,3,3172.28,0.652566
27,5,4,3204.79,0.641193
27,5,5,3221.32,0.624244
27,5,6,3231.54,0.616361
27,5,7,3240.36,0.627563
27,5,8,3250.15,0.662322
27,5,9,3262.52,0.719581
27,5,10,3278.9,0.79399
27,5,11,3299.06,0.876949
27,5,12,3320.95,0.958583
27,5,13,3339.05,1.02698
27,5,14,3345.93,1.07019
27,5,15,3334.29,1.07793
27,5,16,3298.82,1.04456
27,5,17,3237.05,0.971354
27,5,18,3149.59,0.866945
27,5,19,3040.09,0.745515
27,5,20,2914.96,0.623415
27,5,21,2782.42,0.514635
27,5,22,2651.78,0.429087
27,5,23,2531.78,0.370182
27,5,24,2428.91,0.335774
27,5,25,2345.35,0.319665
27,5,26,2279.65,0.313982
27,5,27,2226.69,0.311179
27,5,28,2180.3,0.304874
27,5,29,2134.86,0.29042
27,5,30,2087.05,0.26611
27,5,31,2035.81,0.233291
27,5,32,1981.25,0.195935
27,5,33,1924.1,0.159129
27,5,34,1864.82,0.127446
27,5,35,1804.11,0.103178
27,5,36,1743.68,0.0861919
27,5,37,1686.35,0.0745777
27,5,38,1635.56,0.0658751
27,5,39,1594.15,0.0581131
27,5,40,1562.86,0.0502468
27,5,41,1540.72,0.0419315
27,5,42,1525.66,0.0338131
27,5,43,1515.01,0.0262843
27,5,44,1506.26,0.0198237
27,5,45,1496.64,0.0146947
27,5,46,1482.34,0.0108324
27,5,47,1458.51,0.00799503
27,5,48,1420.88,0.00588091
27,5,49,1367.71,0.00424324
27,6,0,2794.83,0.5046
27,6,1,2965.96,0.577804
27,6,2,3075.1,0.620133
27,6,3,3136.7,0.632955
27,6,4,3166.75,0.626031
27,6,5,3178.3,0.613527
27,6,6,3180.15,0.608978
27,6,7,3177.19,0.621859
27,6,8,3172.71,0.656594
27,6,9,3170.1,0.71239
27,6,10,3172.92,0.78425
27,6,11,3182.68,0.863955
27,6,12,3198.34,0.942192
27,6,13,3214.33,1.0077
27,6,14,3222.69,1.04959
27,6,15,3215.54,1.05875
27,6,16,3187.25,1.03021
27,6,17,3135.26,0.96488
27,6,18,3060.1,0.869805
27,6,19,2965.02,0.756903
27,6,20,2855.57,0.640459
27,6,21,2738.59,0.533486
27,6,22,2621.79,0.44613
27,6,23,2512.41,0.382941
27,6,24,2415.95,0.343224
27,6,25,2334.52,0.322148
27,6,26,2267.45,0.312664
27,6,27,2211.01,0.307486
27,6,28,2160.61,0.300237
27,6,29,2112.04,0.286181
27,6,30,2062.75,0.263504
27,6,31,2011.83,0.233375
27,6,32,1959.03,0.199432
27,6,33,1904.44,0.166325
27,6,34,1848.03,0.138265
27,6,35,1790.39,0.117305
27,6,36,1733.3,0.103113
27,6,37,1679.67,0.0935524
27,6,38,1632.76,0.0858738
27,6,39,1594.99,0.0778487
27,6,40,1566.61,0.0683676
27,6,41,1546.55,0.0573493
27,6,42,1533,0.045886
27,6,43,1523.87,0.0349803
27,6,44,1517.12,0.0255777
27,6,45,1510.07,0.0182088
27,6,46,1498.56,0.0128592
27,6,47,1477.05,0.00916549
27,6,48,1440.59,0.00663701
27,6,49,1387.06,0.00482827
27,7,0,2754.94,0.4721
27,7,1,2922.06,0.541652
27,7,2,3028.59,0.58357
27,7,3,3088.11,0.598925
27,7,4,3115.5,0.596093
27,7,5,3122.66,0.58748
27,7,6,3117.48,0.585284
27,7,7,3104.49,0.598329
27,7,8,3087.3,0.631012
27,7,9,3070.38,0.682907
27,7,10,3059.01,0.74952
27,7,11,3056.47,0.823216
27,7,12,3063.24,0.89548
27,7,13,3074.47,0.956082
27,7,14,3082.37,0.995499
27,7,15,3078.98,1.00606
27,7,16,3058.46,0.983519
27,7,17,3017.94,0.92829
27,7,18,2957.43,0.845571
27,7,19,2879.18,0.744688
27,7,20,2787.29,0.637519
27,7,21,2686.9,0.535775
27,7,22,2583.98,0.449521
27,7,23,2484.41,0.384251
27,7,24,2393.03,0.34067
27,7,25,2312.21,0.315407
27,7,26,2242.36,0.302448
27,7,27,2181.42,0.295057
27,7,28,2126.58,0.287178
27,7,29,2075.08,0.274247
27,7,30,2025.14,0.254485
27,7,31,1975.87,0.228879
27,7,32,1926.46,0.200581
27,7,33,1876.19,0.173549
27,7,34,1824.39,0.151313
27,7,35,1771.39,0.135403
27,7,36,1719.01,0.125085
27,7,37,1670.21,0.117907
27,7,38,1628.06,0.110891
27,7,39,1594.62,0.101733
27,7,40,1569.75,0.0895235
27,7,41,1552.29,0.0747325
27,7,42,1540.7,0.0591262
27,7,43,1533.37,0.0444342
27,7,44,1528.65,0.0320618
27,7,45,1523.91,0.0226939
27,7,46,1514.63,0.0162021
27,7,47,1494.78,0.0119411
27,7,48,1458.9,0.0091225
27,7,49,1404.62,0.00706818
27,8,0,2712.84,0.433542
27,8,1,2875.48,0.498639
27,8,2,2978.99,0.539484
27,8,3,3036.37,0.556795
27,8,4,3061.71,0.557525
27,8,5,3066.1,0.552278
27,8,6,3056.64,0.551836
27,8,7,3037.17,0.564242
27,8,8,3010.86,0.593738
27,8,9,2982.32,0.640174
27,8,10,2957.66,0.699571
27,8,11,2941.61,0.765039
27,8,12,2936.48,0.829104
27,8,13,2939.07,0.882925
27,8,14,2942.81,0.918589
27,8,15,2940.38,0.929897
27,8,16,2926.02,0.913243
27,8,17,2896.31,0.868387
27,8,18,2850.25,0.798695
27,8,19,2788.56,0.711028
27,8,20,2713.55,0.61498
27,8,21,2628.54,0.520917
27,8,22,2537.92,0.43854
27,8,23,2446.54,0.373918
27,8,24,2358.86,0.328832
27,8,25,2277.7,0.301158
27,8,26,2204.59,0.285918
27,8,27,2139.15,0.277065
27,8,28,2080.27,0.269102
27,8,29,2026.62,0.257845
27,8,30,1977.16,0.241695
27,8,31,1930.9,0.221505
27,8,32,1886.37,0.199897
27,8,33,1841.92,0.180036
27,8,34,1796.17,0.164593
27,8,35,1749.14,0.154405
27,8,36,1702.59,0.148216
27,8,37,1659.45,0.143241
27,8,38,1622.64,0.136369
27,8,39,1593.94,0.125403
27,8,40,1572.87,0.109861
27,8,41,1558.3,0.0909531
27,8,42,1548.92,0.071238
27,8,43,1543.51,0.0531732
27,8,44,1540.7,0.0385307
27,8,45,1537.86,0.0279881
27,8,46,1530.23,0.0211232
27,8,47,1511.4,0.016851
27,8,48,1475.58,0.0139915
27,8,49,1420.3,0.0116246
27,9,0,2673.27,0.394205
27,9,1,2831.76,0.454645
27,9,2,2932.48,0.49395
27,9,3,2988.14,0.512552
27,9,4,3012.48,0.516224
27,9,5,3016.23,0.513994
27,9,6,3005.89,0.515311
27,9,7,2984.45,0.527278
27,9,8,2953.95,0.553702
27,9,9,2918.05,0.594391
27,9,10,2882.58,0.645725
27,9,11,2853,0.701637
27,9,12,2833.47,0.755909
27,9,13,2823.21,0.801414
27,9,14,2817.93,0.832018
27,9,15,2811.86,0.84292
27,9,16,2799.77,0.830957
27,9,17,2777.63,0.79516
27,9,18,2743.12,0.73726
27,9,19,2695.14,0.662084
27,9,20,2634.11,0.577367
27,9,21,2561.69,0.492284
27,9,22,2481.01,0.415957
27,9,23,2396.18,0.354582
27,9,24,2311.45,0.310539
27,9,25,2230.07,0.282572
27,9,26,2154.5,0.266581
27,9,27,2085.72,0.257245
27,9,28,2024.13,0.249749
27,9,29,1969.71,0.240415
27,9,30,1922.03,0.227933
27,9,31,1880.01,0.213071
27,9,32,1841.52,0.197957
27,9,33,1804.01,0.184965
27,9,34,1765.41,0.175869
27,9,35,1725.34,0.170775
27,9,36,1685.41,0.167928
27,9,37,1648.46,0.164323
27,9,38,1617.25,0.1569
27,9,39,1593.33,0.143764
27,9,40,1576.07,0.125004
27,9,41,1564.39,0.102611
27,9,42,1557.19,0.07987
27,9,43,1553.6,0.0598116
27,9,44,1552.44,0.0443848
27,9,45,1551.08,0.0340648
27,9,46,1544.58,0.0279691
27,9,47,1526.29,0.0244473
27,9,48,1490.23,0.0218679
27,9,49,1433.9,0.0190957
27,10,0,2638.2,0.358405
27,10,1,2793.2,0.414374
27,10,2,2891.55,0.451739
27,10,3,2945.91,0.470818
27,10,4,2970.1,0.476635
27,10,5,2974.96,0.477094
27,10,6,2966.77,0.480521
27,10,7,2947.57,0.492966
27,10,8,2917.81,0.517452
27,10,9,2879.34,0.553313
27,10,10,2836.62,0.596994
27,10,11,2795.01,0.643174
27,10,12,2760.1,0.68699
27,10,13,2733.83,0.723206
27,10,14,2714.95,0.747572
27,10,15,2700.09,0.756605
27,10,16,2685.06,0.747484
27,10,17,2665.48,0.718568
27,10,18,2637.71,0.670287
27,10,19,2598.88,0.605957
27,10,20,2547.64,0.531915
27,10,21,2484.31,0.456307
27,10,22,2411.11,0.387463
27,10,23,2331.66,0.33128
27,10,24,2250.06,0.290287
27,10,25,2169.78,0.263736
27,10,26,2093.82,0.248262
27,10,27,2024.1,0.239276
27,10,28,1962.14,0.232693
27,10,29,1908.9,0.22536
27,10,30,1864.52,0.216253
27,10,31,1827.84,0.206026
27,10,32,1796.18,0.19631
27,10,33,1766.26,0.188729
27,10,34,1735.39,0.184227
27,10,35,1702.8,0.182294
27,10,36,1669.86,0.180891
27,10,37,1639.22,0.177089
27,10,38,1613.46,0.168174
27,10,39,1594.03,0.152764
27,10,40,1580.26,0.13156
27,10,41,1571.2,0.107185
27,10,42,1566.02,0.0833897
27,10,43,1564.08,0.0634666
27,10,44,1564.31,0.0492778
27,10,45,1564.08,0.040902
27,10,46,1558.3,0.0368732
27,10,47,1540.18,0.0349088
27,10,48,1503.66,0.0329146
27,10,49,1446.21,0.029603
27,11,0,2606.41,0.329105
27,11,1,2758.54,0.381048
27,11,2,2854.81,0.416184
27,11,3,2907.99,0.434916
27,11,4,2932.33,0.44199
27,11,5,2939.23,0.444677
27,11,6,2935.09,0.450445
27,11,7,2921.12,0.464274
27,11,8,2895.95,0.488146
27,11,9,2859.07,0.520553
27,11,10,2812.86,0.557706
27,11,11,2761.81,0.594833
27,11,12,2712.28,0.62832
27,11,13,2668.74,0.65479
27,11,14,2633.25,0.671875
27,11,15,2605.34,0.6774
27,11,16,2582.43,0.668998
27,11,17,2560.17,0.644649
27,11,18,2533.88,0.603917
27,11,19,2499.21,0.549046
27,11,20,2453.4,0.485242
27,11,21,2395.79,0.419576
27,11,22,2328.04,0.359307
27,11,23,2253.46,0.30964
27,11,24,2175.98,0.272937
27,11,25,2099.05,0.248778
27,11,26,2025.76,0.234518
27,11,27,1958.46,0.22638
27,11,28,1899.26,0.221022
27,11,29,1849.76,0.215755
27,11,30,1810.44,0.209698
27,11,31,1780.13,0.203213
27,11,32,1755.78,0.197345
27,11,33,1733.64,0.192979
27,11,34,1710.56,0.19038
27,11,35,1685.39,0.188698
27,11,36,1659.23,0.186008
27,11,37,1634.49,0.179898
27,11,38,1613.61,0.168377
27,11,39,1598.07,0.150758
27,11,40,1587.3,0.128279
27,11,41,1580.6,0.103885
27,11,42,1577.33,0.0813793
27,11,43,1577.04,0.0639228
27,11,44,1578.67,0.0530109
27,11,45,1579.45,0.0481799
27,11,46,1574.1,0.0473319
27,11,47,1555.79,0.0475633
27,11,48,1518.36,0.0463592
27,11,49,1459.38,0.0423663
27,12,0,2575.03,0.308188
27,12,1,2724.82,0.356804
27,12,2,2819.21,0.389665
27,12,3,2871.15,0.407408
27,12,4,2895.58,0.414851
27,12,5,2904.8,0.419007
27,12,6,2905.6,0.426722
27,12,7,2898.53,0.442024
27,12,8,2880.37,0.465839
27,12,9,2848.1,0.495734
27,12,10,2801.68,0.527533
27,12,11,2744.17,0.556759
27,12,12,2682.14,0.580754
27,12,13,2622.07,0.597675
27,12,14,2569.14,0.606867
27,12,15,2525.91,0.607492
27,12,16,2491.72,0.597927
27,12,17,2462.66,0.576273
27,12,18,2433.41,0.54171
27,12,19,2398.56,0.49572
27,12,20,2354.37,0.442388
27,12,21,2299.65,0.387447
27,12,22,2235.78,0.336718
27,12,23,2165.97,0.294396
27,12,24,2093.96,0.262516
27,12,25,2022.96,0.240989
27,12,26,1955.78,0.228023
27,12,27,1894.69,0.220824
27,12,28,1841.82,0.216828
27,12,29,1798.92,0.21372
27,12,30,1766.59,0.210517
27,12,31,1743.58,0.207004
27,12,32,1726.7,0.203438
27,12,33,1711.99,0.199935
27,12,34,1696.06,0.196278
27,12,35,1677.54,0.191642
27,12,36,1657.28,0.18471
27,12,37,1637.5,0.174085
27,12,38,1620.61,0.158853
27,12,39,1608.2,0.139135
27,12,40,1599.99,0.116532
27,12,41,1595.53,0.0939306
27,12,42,1594.4,0.0747348
27,12,43,1596.17,0.0615975
27,12,44,1599.58,0.0554252
27,12,45,1601.55,0.0551515
27,12,46,1596.5,0.0580866
27,12,47,1577.44,0.0607951
27,12,48,1538.27,0.0604311
27,12,49,1476.7,0.0556664
27,13,0,2539.2,0.29582
27,13,1,2687.28,0.342112
27,13,2,2780.29,0.373162
27,13,3,2831.33,0.389857
27,13,4,2856.09,0.397161
27,13,5,2867.84,0.401925
27,13,6,2873.9,0.410473
27,13,7,2874.23,0.42609
27,13,8,2863.96,0.448932
27,13,9,2837.67,0.475962
27,13,10,2792.99,0.502759
27,13,11,2731.39,0.525009
27,13,12,2659.28,0.540615
27,13,13,2584.6,0.548736
27,13,14,2515.23,0.550051
27,13,15,2456.51,0.545011
27,13,16,2409.75,0.533064
27,13,17,2371.68,0.512972
27,13,18,2336.66,0.484003
27,13,19,2298.64,0.447055
27,13,20,2253.38,0.40496
27,13,21,2199.55,0.361748
27,13,22,2138.57,0.32145
27,13,23,2073.7,0.287018
27,13,24,2008.49,0.260102
27,13,25,1945.79,0.241048
27,13,26,1887.87,0.229098
27,13,27,1836.51,0.222642
27,13,28,1793.38,0.219968
27,13,29,1759.92,0.219068
27,13,30,1736.51,0.218612
27,13,31,1721.74,0.217505
27,13,32,1712.38,0.214982
27,13,33,1704.5,0.210347
27,13,34,1694.68,0.203104
27,13,35,1681.55,0.192835
27,13,36,1665.87,0.179292
27,13,37,1649.81,0.162496
27,13,38,1635.9,0.142837
27,13,39,1625.98,0.121223
27,13,40,1620.12,0.0993942
27,13,41,1618.2,0.0798064
27,13,42,1619.9,0.0651059
27,13,43,1624.64,0.0571787
27,13,44,1630.72,0.0562438
27,13,45,1634.44,0.0606826
27,13,46,1629.7,0.0673392
27,13,47,1609.28,0.0723979
27,13,48,1567.14,0.072799
27,13,49,1501.35,0.0673059
27,14,0,2495.15,0.290994
27,14,1,2642.53,0.336279
27,14,2,2735.44,0.366591
27,14,3,2786.84,0.382941
27,14,4,2812.97,0.390242
27,14,5,2827.86,0.394981
27,14,6,2839.22,0.402878
27,14,7,2846.53,0.416701
27,14,8,2843.57,0.436339
27,14,9,2823,0.458809
27,14,10,2780.48,0.479937
27,14,11,2716.1,0.495657
27,14,12,2635.96,0.504116
27,14,13,2549.05,0.504846
27,14,14,2465.41,0.499289
27,14,15,2392.73,0.48891
27,14,16,2334.02,0.474327
27,14,17,2286.65,0.455331
27,14,18,2244.85,0.431654
27,14,19,2202.26,0.403785
27,14,20,2154.52,0.373271
27,14,21,2100.5,0.342257
27,14,22,2041.91,0.31281
27,14,23,1982.19,0.286508
27,14,24,1924.72,0.264543
27,14,25,1871.94,0.2477
27,14,26,1825.47,0.23631
27,14,27,1786.36,0.230069
27,14,28,1755.56,0.228219
27,14,29,1733.78,0.229116
27,14,30,1720.91,0.230993
27,14,31,1715.21,0.231731
27,14,32,1713.38,0.229396
27,14,33,1711.64,0.222445
27,14,34,1706.78,0.210244
27,14,35,1697.63,0.193024
27,14,36,1685.1,0.171866
27,14,37,1671.53,0.148376
27,14,38,1659.69,0.12427
27,14,39,1651.81,0.101118
27,14,40,1648.34,0.0805799
27,14,41,1649.5,0.0644442
27,14,42,1655.01,0.0544166
27,14,43,1663.95,0.0515341
27,14,44,1673.88,0.0553687
27,14,45,1680.2,0.0638863
27,14,46,1675.98,0.0736376
27,14,47,1653.66,0.080601
27,14,48,1607.28,0.0816173
27,14,49,1535.42,0.0755725
27,15,0,2441.97,0.291624
27,15,1,2590.31,0.337376
27,15,2,2685.32,0.368475
27,15,3,2739.4,0.385841
27,15,4,2768.75,0.393972
27,15,5,2787.69,0.398596
27,15,6,2804.03,0.404619
27,15,7,2816.95,0.414446
27,15,8,2819.4,0.428235
27,15,9,2802.84,0.443848
27,15,10,2761.62,0.458037
27,15,11,2694.81,0.467307
27,15,12,2608.2,0.4699
27,15,13,2511.5,0.465189
27,15,14,2416.36,0.454703
27,15,15,2332.24,0.440402
27,15,16,2263.44,0.423819
27,15,17,2207.85,0.405809
27,15,18,2159.64,0.386775
27,15,19,2112.39,0.367039
27,15,20,2061.89,0.347105
27,15,21,2007.46,0.327425
27,15,22,1951.22,0.308244
27,15,23,1896.82,0.289759
27,15,24,1847.45,0.272563
27,15,25,1805.14,0.257671
27,15,26,1770.87,0.246321
27,15,27,1744.99,0.239451
27,15,28,1727.59,0.237361
27,15,29,1718.57,0.238944
27,15,30,1717.08,0.242157
27,15,31,1720.91,0.243969
27,15,32,1726.62,0.24132
27,15,33,1730.56,0.231846
27,15,34,1729.84,0.214818
27,15,35,1723.64,0.191117
27,15,36,1713.2,0.163106
27,15,37,1701.21,0.133837
27,15,38,1690.81,0.106163
27,15,39,1684.65,0.0821096
27,15,40,1683.65,0.0631225
27,15,41,1688.37,0.050262
27,15,42,1698.54,0.0443242
27,15,43,1712.75,0.0455866
27,15,44,1727.63,0.0531216
27,15,45,1737.38,0.0646504
27,15,46,1734.05,0.0765972
27,15,47,1709.56,0.0848849
27,15,48,1658,0.0863428
27,15,49,1578.55,0.0799772
27,16,0,2383.1,0.294854
27,16,1,2534.6,0.342354
27,16,2,2634.54,0.375775
27,16,3,2694.1,0.395734
27,16,4,2728.73,0.405958
27,16,5,2752.34,0.411043
27,16,6,2772.58,0.414848
27,16,7,2788.67,0.419455
27,16,8,2793.54,0.425663
27,16,9,2778.34,0.432789
27,16,10,2736.81,0.439127
27,16,11,2667.41,0.442167
27,16,12,2575.66,0.440287
27,16,13,2471.63,0.432365
27,16,14,2367.98,0.419404
27,16,15,2275.32,0.403199
27,16,16,2198.83,0.385658
27,16,17,2136.72,0.36841
27,16,18,2083.23,0.35258
27,16,19,2032.04,0.338643
27,16,20,1979.34,0.3266
27,16,21,1924.95,0.315793
27,16,22,1871.42,0.305082
27,16,23,1822.48,0.293398
27,16,24,1781.06,0.280507
27,16,25,1748.78,0.267244
27,16,26,1726.09,0.255327
27,16,27,1712.78,0.246696
27,16,28,1708.28,0.242752
27,16,29,1711.69,0.243199
27,16,30,1721.41,0.246094
27,16,31,1734.66,0.247882
27,16,32,1747.74,0.24464
27,16,33,1757.08,0.233294
27,16,34,1760.12,0.21295
27,16,35,1756.38,0.184893
27,16,36,1747.48,0.152407
27,16,37,1736.5,0.11957
27,16,38,1727,0.0900149
27,16,39,1722.11,0.0660125
27,16,40,1723.31,0.048767
27,16,41,1731.56,0.0387317
27,16,42,1746.61,0.0359953
27,16,43,1766.56,0.0402791
27,16,44,1786.94,0.0503441
27,16,45,1800.64,0.06381
27,16,46,1798.6,0.0770885
27,16,47,1772.09,0.0861424
27,16,48,1715.18,0.0878459
27,16,49,1627.58,0.0813137
27,17,0,2326.01,0.29719
27,17,1,2483.16,0.346937
27,17,2,2590.79,0.38347
27,17,3,2658.18,0.407012
27,17,4,2699.23,0.420368
27,17,5,2726.89,0.426843
27,17,6,2748.67,0.429157
27,17,7,2764.43,0.429038
27,17,8,2768.01,0.428004
27,17,9,2751.19,0.427019
27,17,10,2707.75,0.426175
27,17,11,2635.83,0.424199
27,17,12,2540.54,0.419688
27,17,13,2431.89,0.410888
27,17,14,2322.9,0.397844
27,17,15,2224.71,0.381603
27,17,16,2142.96,0.363845
27,17,17,2076.15,0.346566
27,17,18,2018.76,0.331582
27,17,19,1964.75,0.319902
27,17,20,1910.86,0.311727
27,17,21,1857.44,0.306094
27,17,22,1807.28,0.301086
27,17,23,1763.98,0.29455
27,17,24,1730.08,0.28519
27,17,25,1706.75,0.273147
27,17,26,1694.04,0.260068
27,17,27,1691.4,0.248521
27,17,28,1697.87,0.240971
27,17,29,1711.99,0.238181
27,17,30,1731.53,0.238793
27,17,31,1753.21,0.239273
27,17,32,1773.04,0.235268
27,17,33,1787.44,0.22319
27,17,34,1794.07,0.201846
27,17,35,1792.67,0.172526
27,17,36,1785.13,0.138859
27,17,37,1774.78,0.105375
27,17,38,1765.58,0.0760604
27,17,39,1761.16,0.0532538
27,17,40,1763.67,0.0379936
27,17,41,1774.6,0.0303672
27,17,42,1793.79,0.0300443
27,17,43,1818.88,0.0364238
27,17,44,1844.4,0.0481149
27,17,45,1861.97,0.0627093
27,17,46,1861.44,0.0766483
27,17,47,1833.44,0.0859805
27,17,48,1771.87,0.0876688
27,17,49,1676.76,0.0809482
27,18,0,2280.6,0.296082
27,18,1,2445.64,0.347648
27,18,2,2562.72,0.387015
27,18,3,2638.66,0.414055
27,18,4,2685.32,0.430775
27,18,5,2714.56,0.439368
27,18,6,2734.09,0.441571
27,18,7,2745.21,0.438729
27,18,8,2743.62,0.432898
27,18,9,2722.51,0.426389
27,18,10,2676.13,0.420871
27,18,11,2602.39,0.416236
27,18,12,2505.75,0.411309
27,18,13,2395.64,0.40371
27,18,14,2284.71,0.392346
27,18,15,2183.99,0.377174
27,18,16,2099.31,0.359234
27,18,17,2029.49,0.340564
27,18,18,1969.5,0.323638
27,18,19,1913.87,0.310355
27,18,20,1859.98,0.301759
27,18,21,1808.62,0.297343
27,18,22,1762.66,0.294995
27,18,23,1725.33,0.291694
27,18,24,1698.57,0.284916
27,18,25,1683.05,0.273684
27,18,26,1678.42,0.25907
27,18,27,1683.97,0.24386
27,18,28,1698.6,0.231442
27,18,29,1720.62,0.223761
27,18,30,1747.43,0.220446
27,18,31,1775.46,0.218518
27,18,32,1800.55,0.213678
27,18,33,1819.13,0.202068
27,18,34,1828.94,0.182083
27,18,35,1829.74,0.154595
27,18,36,1823.39,0.122979
27,18,37,1813.25,0.0916276
27,18,38,1803.5,0.0644852
27,18,39,1798.3,0.0438649
27,18,40,1800.58,0.0307769
27,18,41,1812.48,0.0252283
27,18,42,1834.09,0.0267573
27,18,43,1862.71,0.0346319
27,18,44,1892.02,0.0473906
27,18,45,1912.66,0.0625848
27,18,46,1913.55,0.0766674
27,18,47,1884.73,0.0857953
27,18,48,1819.85,0.0870837
27,18,49,1719.02,0.0799488
27,19,0,2256.25,0.290579
27,19,1,2430.67,0.34283
27,19,2,2557.35,0.383785
27,19,3,2640.51,0.413114
27,19,4,2689.99,0.432368
27,19,5,2716.84,0.443101
27,19,6,2729.59,0.44649
27,19,7,2731.73,0.443576
27,19,8,2721.57,0.43663
27,19,9,2694.26,0.428681
27,19,10,2644.77,0.422341
27,19,11,2570.71,0.41825
27,19,12,2475.53,0.4153
27,19,13,2367.44,0.410529
27,19,14,2257.99,0.401728
27,19,15,2157.56,0.387738
27,19,16,2071.96,0.368858
27,19,17,2000.48,0.347091
27,19,18,1938.89,0.325616
27,19,19,1882.55,0.307479
27,19,20,1829.58,0.294995
27,19,21,1781.17,0.288595
27,19,22,1740.09,0.286362
27,19,23,1709,0.284606
27,19,24,1689.15,0.279554
27,19,25,1680.53,0.2689
27,19,26,1682.34,0.252831
27,19,27,1693.68,0.234014
27,19,28,1713.45,0.216527
27,19,29,1739.96,0.203422
27,19,30,1770.63,0.195493
27,19,31,1801.92,0.19066
27,19,32,1829.78,0.185053
27,19,33,1850.72,0.174787
27,19,34,1862.56,0.157796
27,19,35,1864.8,0.134251
27,19,36,1859.02,0.106839
27,19,37,1848.31,0.0793961
27,19,38,1836.91,0.0555662
27,19,39,1829.47,0.0376244
27,19,40,1829.69,0.0266961
27,19,41,1840.48,0.0229422
27,19,42,1862.22,0.0259705
27,19,43,1892.08,0.0350148
27,19,44,1923.19,0.0485303
27,19,45,1945.51,0.0639535
27,19,46,1947.37,0.0777061
27,19,47,1918.36,0.0860901
27,19,48,1851.84,0.0864775
27,19,49,1747.77,0.0785779
27,20,0,2258.18,0.282291
27,20,1,2442.17,0.334078
27,20,2,2576.87,0.375087
27,20,3,2664.22,0.404912
27,20,4,2712.6,0.425059
27,20,5,2732.79,0.437054
27,20,6,2734.66,0.442083
27,20,7,2724.41,0.441099
27,20,8,2703.39,0.436322
27,20,9,2668.98,0.430839
27,20,10,2617.02,0.427454
27,20,11,2544.66,0.42698
27,20,12,2453.9,0.42809
27,20,13,2351.18,0.427232
27,20,14,2246.33,0.421174
27,20,15,2148.6,0.407817
27,20,16,2063.65,0.3869
27,20,17,1991.43,0.360564
27,20,18,1928.83,0.332813
27,20,19,1872.29,0.307976
27,20,20,1820.7,0.28974
27,20,21,1775.6,0.279589
27,20,22,1739.58,0.275935
27,20,23,1714.71,0.274584
27,20,24,1701.48,0.270666
27,20,25,1699.08,0.26063
27,20,26,1706.11,0.243725
27,20,27,1721.31,0.222301
27,20,28,1743.54,0.200844
27,20,29,1771.25,0.183258
27,20,30,1802.17,0.171408
27,20,31,1833.19,0.164166
27,20,32,1860.66,0.158261
27,20,33,1881.37,0.149906
27,20,34,1893.17,0.136582
27,20,35,1895.28,0.117657
27,20,36,1888.78,0.0949582
27,20,37,1876.33,0.0716157
27,20,38,1862.06,0.0509208
27,20,39,1851.01,0.0352083
27,20,40,1847.58,0.0258589
27,20,41,1855.33,0.0233439
27,20,42,1874.97,0.027436
27,20,43,1903.65,0.0373341
27,20,44,1934.29,0.0513218
27,20,45,1956.56,0.0666103
27,20,46,1958.61,0.0795412
27,20,47,1929.79,0.0866134
27,20,48,1863.2,0.0855812
27,20,49,1758.53,0.0765751
27,21,0,2286.31,0.27513
27,21,1,2478.68,0.326094
27,21,2,2618.55,0.366195
27,21,3,2706.46,0.394979
27,21,4,2750.06,0.414204
27,21,5,2760.46,0.425901
27,21,6,2749.11,0.431828
27,21,7,2724.96,0.433175
27,21,8,2692.42,0.432066
27,21,9,2651.16,0.431241
27,21,10,2597.87,0.433151
27,21,11,2529.11,0.438277
27,21,12,2445.18,0.444742
27,21,13,2350.32,0.448286
27,21,14,2252.15,0.44471
27,21,15,2158.55,0.431206
27,21,16,2074.97,0.407293
27,21,17,2002.24,0.375587
27,21,18,1938.6,0.341071
27,21,19,1881.76,0.309353
27,21,20,1831.38,0.285298
27,21,21,1789.28,0.271212
27,21,22,1757.85,0.265735
27,21,23,1738.61,0.264294
27,21,24,1731.35,0.261221
27,21,25,1734.44,0.252062
27,21,26,1745.68,0.235336
27,21,27,1763.26,0.213038
27,21,28,1785.88,0.189808
27,21,29,1812.18,0.170034
27,21,30,1840.34,0.156314
27,21,31,1867.94,0.148234
27,21,32,1891.95,0.142999
27,21,33,1909.59,0.13689
27,21,34,1918.81,0.126946
27,21,35,1918.61,0.111821
27,21,36,1909.6,0.0925952
27,21,37,1894.01,0.0718464
27,21,38,1875.84,0.0526809
27,21,39,1860.36,0.0376837
27,21,40,1852.41,0.028612
27,21,41,1855.95,0.0263159
27,21,42,1871.87,0.0307302
27,21,43,1897.37,0.0409522
27,21,44,1925.44,0.0549771
27,21,45,1945.92,0.0696895
27,21,46,1947.14,0.0813159
27,21,47,1918.51,0.0866035
27,21,48,1853.03,0.0837865
27,21,49,1750.09,0.0735049
27,22,0,2336.41,0.273827
27,22,1,2534.8,0.324758
27,22,2,2676.45,0.364099
27,22,3,2761.59,0.391249
27,22,4,2797.94,0.408325
27,22,5,2797.27,0.418138
27,22,6,2772.59,0.423372
27,22,7,2735.19,0.425775
27,22,8,2692.16,0.427551
27,22,9,2645.22,0.431092
27,22,10,2591.85,0.438359
27,22,11,2527.98,0.449276
27,22,12,2452.14,0.461178
27,22,13,2366.21,0.468941
27,22,14,2275.46,0.467372
27,22,15,2186.27,0.45314
27,22,16,2103.88,0.425883
27,22,17,2030.17,0.389018
27,22,18,1964.83,0.348599
27,22,19,1906.94,0.311347
27,22,20,1856.88,0.282894
27,22,21,1816.71,0.265929
27,22,22,1788.63,0.259079
27,22,23,1773.73,0.257511
27,22,24,1771.22,0.255152
27,22,25,1778.69,0.247169
27,22,26,1793.12,0.231751
27,22,27,1812,0.210664
27,22,28,1833.79,0.188509
27,22,29,1857.2,0.169745
27,22,30,1880.9,0.157198
27,22,31,1903.12,0.150677
27,22,32,1921.47,0.147488
27,22,33,1933.64,0.143773
27,22,34,1937.79,0.136151
27,22,35,1932.91,0.122786
27,22,36,1919.46,0.104373
27,22,37,1899.48,0.0833293
27,22,38,1876.85,0.0629152
27,22,39,1856.92,0.0462087
27,22,40,1844.6,0.0354463
27,22,41,1843.79,0.031863
27,22,42,1855.31,0.0355013
27,22,43,1876.39,0.045272
27,22,44,1900.31,0.0587829
27,22,45,1917.44,0.0725154
27,22,46,1916.72,0.0825394
27,22,47,1887.95,0.0858495
27,22,48,1824.23,0.0811703
27,22,49,1724.75,0.0696556
27,23,0,2401.36,0.281387
27,23,1,2602.7,0.333843
27,23,2,2742.94,0.373527
27,23,3,2822.96,0.399576
27,23,4,2851.21,0.414378
27,23,5,2840.26,0.42147
27,23,6,2804.33,0.424466
27,23,7,2756.38,0.425811
27,23,8,2705.39,0.428052
27,23,9,2654.6,0.43357
27,23,10,2602.11,0.444106
27,23,11,2543.35,0.459133
27,23,12,2475.28,0.475175
27,23,13,2397.59,0.486155
27,23,14,2313.4,0.485887
27,23,15,2227.69,0.470662
27,23,16,2145.56,0.440486
27,23,17,2069.92,0.399746
27,23,18,2001.95,0.355493
27,23,19,1942.01,0.315216
27,23,20,1891.12,0.284766
27,23,21,1851.49,0.266711
27,23,22,1825.14,0.259422
27,23,23,1812.83,0.25794
27,23,24,1813.31,0.256235
27,23,25,1823.56,0.249691
27,23,26,1839.88,0.23666
27,23,27,1859.13,0.218893
27,23,28,1879.45,0.200814
27,23,29,1899.56,0.186541
27,23,30,1918.41,0.178526
27,23,31,1934.65,0.176166
27,23,32,1946.33,0.176346
27,23,33,1951.5,0.174798
27,23,34,1948.69,0.167775
27,23,35,1937.21,0.153304
27,23,36,1917.8,0.132208
27,23,37,1892.69,0.107267
27,23,38,1865.79,0.0822917
27,23,39,1842.3,0.0610686
27,23,40,1826.73,0.0463662
27,23,41,1822.46,0.0397622
27,23,42,1829.87,0.0413329
27,23,43,1846.15,0.0497461
27,23,44,1865.03,0.0621811
27,23,45,1877.7,0.074688
27,23,46,1874.05,0.0831317
27,23,47,1844.58,0.084676
27,23,48,1782.77,0.0784287
27,23,49,1687.65,0.06595
27,24,0,2473.67,0.297329
27,24,1,2674.84,0.352809
27,24,2,2811.12,0.394265
27,24,3,2884.84,0.42055
27,24,4,2905.54,0.434133
27,24,5,2886.62,0.438927
27,24,6,2842.99,0.439091
27,24,7,2788.45,0.437624
27,24,8,2732.84,0.437593
27,24,9,2680.2,0.441809
27,24,10,2629.01,0.452293
27,24,11,2574.36,0.468435
27,24,12,2512.17,0.486175
27,24,13,2440.48,0.498595
27,24,14,2360.74,0.498671
27,24,15,2276.84,0.482463
27,24,16,2193.8,0.450459
27,24,17,2115.47,0.407944
27,24,18,2044.22,0.362654
27,24,19,1981.52,0.322338
27,24,20,1928.85,0.292515
27,24,21,1888.44,0.275215
27,24,22,1862.14,0.268442
27,24,23,1850.42,0.267323
27,24,24,1851.76,0.266321
27,24,25,1862.79,0.261592
27,24,26,1879.39,0.252083
27,24,27,1898.03,0.239715
27,24,28,1916.61,0.22857
27,24,29,1933.72,0.221995
27,24,30,1948.3,0.221438
27,24,31,1959.04,0.225247
27,24,32,1964.09,0.229406
27,24,33,1961.71,0.229058
27,24,34,1950.88,0.220288
27,24,35,1931.64,0.201454
27,24,36,1905.51,0.174078
27,24,37,1875.28,0.1418
27,24,38,1844.99,0.109288
27,24,39,1819.46,0.0811201
27,24,40,1802.35,0.0605658
27,24,41,1796.12,0.0494666
27,24,42,1800.44,0.0478802
27,24,43,1812.36,0.0542363
27,24,44,1826.15,0.0653168
27,24,45,1833.97,0.0767482
27,24,46,1826.84,0.0841077
27,24,47,1796.2,0.0845465
27,24,48,1736.06,0.0773275
27,24,49,1645.48,0.0642215
27,25,0,2546.68,0.318296
27,25,1,2745.07,0.377413
27,25,2,2875.74,0.421527
27,25,3,2942.98,0.44937
27,25,4,2957.6,0.463338
27,25,5,2933.69,0.467251
27,25,6,2886.38,0.465199
27,25,7,2829.38,0.46034
27,25,8,2772.41,0.456205
27,25,9,2719.54,0.456335
27,25,10,2669.39,0.463485
27,25,11,2616.97,0.47739
27,25,12,2557.81,0.493829
27,25,13,2489.11,0.505417
27,25,14,2411.33,0.504663
27,25,15,2327.75,0.487629
27,25,16,2243.32,0.45528
27,25,17,2162.48,0.413484
27,25,18,2088.41,0.370134
27,25,19,2023.2,0.332631
27,25,20,1968.54,0.305667
27,25,21,1926.55,0.290515
27,25,22,1898.88,0.284888
27,25,23,1885.83,0.284312
27,25,24,1885.75,0.284173
27,25,25,1895.29,0.281822
27,25,26,1910.3,0.277082
27,25,27,1927.15,0.272077
27,25,28,1943.59,0.270289
27,25,29,1957.98,0.27384
27,25,30,1968.94,0.282591
27,25,31,1974.8,0.293337
27,25,32,1973.54,0.300901
27,25,33,1963.52,0.299896
27,25,34,1944.31,0.286636
27,25,35,1917,0.260359
27,25,36,1884.23,0.223807
27,25,37,1849.63,0.181809
27,25,38,1817.34,0.139983
27,25,39,1791.55,0.103591
27,25,40,1774.79,0.0762569
27,25,41,1768.32,0.0599844
27,25,42,1770.99,0.0547955
27,25,43,1779.69,0.0589547
27,25,44,1789.22,0.068941
27,25,45,1792.71,0.0799838
27,25,46,1782.3,0.0872488
27,25,47,1750.43,0.0876053
27,25,48,1691.7,0.0801607
27,25,49,1605.27,0.0666637
27,26,0,2615,0.339028
27,26,1,2808.85,0.401105
27,26,2,2933.23,0.447688
27,26,3,2994.52,0.477692
27,26,4,3004.88,0.493409
27,26,5,2978.89,0.498181
27,26,6,2931.43,0.495413
27,26,7,2875.41,0.487897
27,26,8,2819.61,0.479338
27,26,9,2767.51,0.47402
27,26,10,2717.66,0.47564
27,26,11,2665.33,0.48462
27,26,12,2606.35,0.497085
27,26,13,2537.87,0.505732
27,26,14,2460.21,0.503148
27,26,15,2376.44,0.48566
27,26,16,2291.42,0.454608
27,26,17,2209.72,0.415963
27,26,18,2134.65,0.377144
27,26,19,2068.38,0.344613
27,26,20,2012.46,0.321896
27,26,21,1968.75,0.309498
27,26,22,1938.73,0.305113
27,26,23,1922.66,0.305061
27,26,24,1919.04,0.306026
27,26,25,1924.85,0.306787
27,26,26,1936.29,0.308064
27,26,27,1949.87,0.311988
27,26,28,1963.28,0.321048
27,26,29,1974.53,0.33569
27,26,30,1981.69,0.353788
27,26,31,1982.55,0.370394
27,26,32,1974.79,0.379288
27,26,33,1956.94,0.374954
27,26,34,1929.29,0.354503
27,26,35,1894.19,0.31859
27,26,36,1855.54,0.271494
27,26,37,1817.76,0.219278
27,26,38,1784.99,0.168309
27,26,39,1760.6,0.12421
27,26,40,1745.85,0.090709
27,26,41,1740.78,0.0698568
27,26,42,1743.48,0.0616672
27,26,43,1750.7,0.0643671
27,26,44,1757.73,0.0742619
27,26,45,1758.47,0.0862051
27,26,46,1746,0.0947883
27,26,47,1713.54,0.0962771
27,26,48,1656.2,0.089296
27,26,49,1573.24,0.0753671
27,27,0,2674.82,0.354708
27,27,1,2863.52,0.418028
27,27,2,2981.81,0.465798
27,27,3,3038.14,0.497452
27,27,4,3045.9,0.5153
27,27,5,3020.03,0.522062
27,27,6,2974.81,0.520087
27,27,7,2921.88,0.511365
27,27,8,2868.56,0.499362
27,27,9,2817.41,0.48882
27,27,10,2766.92,0.484288
27,27,11,2712.88,0.487015
27,27,12,2651.99,0.493913
27,27,13,2582.13,0.498338
27,27,14,2504.08,0.493506
27,27,15,2421.02,0.476239
27,27,16,2337.59,0.448074
27,27,17,2257.92,0.414573
27,27,18,2184.78,0.382114
27,27,19,2119.82,0.355765
27,27,20,2064.13,0.337748
27,27,21,2019.24,0.327953
27,27,22,1986.56,0.324429
27,27,23,1966.48,0.324676
27,27,24,1957.91,0.326948
27,27,25,1958.34,0.331456
27,27,26,1964.49,0.339585
27,27,27,1973.18,0.353081
27,27,28,1981.99,0.372991
27,27,29,1988.59,0.397784
27,27,30,1990.49,0.423269
27,27,31,1984.99,0.442982
27,27,32,1969.63,0.450166
27,27,33,1943.3,0.439799
27,27,34,1907.16,0.410358
27,27,35,1864.81,0.364245
27,27,36,1821.28,0.307271
27,27,37,1781.59,0.246458
27,27,38,1749.62,0.188494
27,27,39,1727.83,0.138923
27,27,40,1716.3,0.101303
27,27,41,1714.06,0.0776388
27,27,42,1718.58,0.0680025
27,27,43,1726.52,0.0707288
27,27,44,1733.51,0.0820784
27,27,45,1733.98,0.0965357
27,27,46,1721.52,0.107955
27,27,47,1689.8,0.111702
27,27,48,1634.16,0.105651
27,27,49,1553.89,0.090975
27,28,0,2723.52,0.362281
27,28,1,2907.54,0.424765
27,28,2,3020.75,0.471829
27,28,3,3073.33,0.503635
27,28,4,3079.76,0.522715
27,28,5,3055.15,0.531344
27,28,6,3013.07,0.530839
27,28,7,2963.73,0.52223
27,28,8,2912.91,0.508385
27,28,9,2862.25,0.494059
27,28,10,2810.26,0.4843
27,28,11,2753.52,0.481096
27,28,12,2689.99,0.482375
27,28,13,2618.71,0.482571
27,28,14,2541.27,0.475907
27,28,15,2461.07,0.459815
27,28,16,2382.24,0.435835
27,28,17,2308,0.408743
27,28,18,2239.99,0.383523
27,28,19,2178.99,0.363656
27,28,20,2125.44,0.350106
27,28,21,2080.6,0.342365
27,28,22,2045.93,0.339153
27,28,23,2022.08,0.339417
27,28,24,2008.38,0.343055
27,28,25,2002.81,0.351503
27,28,26,2002.54,0.366404
27,28,27,2004.63,0.388658
27,28,28,2006.63,0.417552
27,28,29,2006.01,0.449555
27,28,30,1999.97,0.478743
27,28,31,1985.69,0.497763
27,28,32,1960.91,0.500074
27,28,33,1925.14,0.481797
27,28,34,1880.43,0.443141
27,28,35,1831.46,0.388238
27,28,36,1784.04,0.324059
27,28,37,1743.37,0.258056
27,28,38,1712.94,0.196698
27,28,39,1694.35,0.14504
27,28,40,1686.74,0.106249
27,28,41,1688.43,0.0822484
27,28,42,1696.54,0.0732551
27,28,43,1707.61,0.0778385
27,28,44,1717.45,0.0923137
27,28,45,1720.61,0.110795
27,28,46,1710.76,0.126291
27,28,47,1681.54,0.133071
27,28,48,1628.15,0.128117
27,28,49,1549.79,0.112231
27,29,0,2759.54,0.361156
27,29,1,2940.31,0.421096
27,29,2,3050.07,0.465615
27,29,3,3100.26,0.49557
27,29,4,3106.12,0.513925
27,29,5,3082.87,0.522921
27,29,6,3043.41,0.523275
27,29,7,2996.71,0.515258
27,29,8,2947.28,0.500989
27,29,9,2896.16,0.484818
27,29,10,2842.08,0.471839
27,29,11,2782.59,0.464501
27,29,12,2717.1,0.461704
27,29,13,2645.88,0.459051
27,29,14,2571.3,0.451839
27,29,15,2496.75,0.438043
27,29,16,2425.52,0.419036
27,29,17,2359.54,0.398676
27,29,18,2299.18,0.380552
27,29,19,2244.25,0.366693
27,29,20,2194.73,0.357033
27,29,21,2151.76,0.350854
27,29,22,2116.88,0.347661
27,29,23,2090.95,0.347821
27,29,24,2073.44,0.3527
27,29,25,2062.47,0.364558
27,29,26,2055.38,0.38487
27,29,27,2049.38,0.413392
27,29,28,2042.14,0.447662
27,29,29,2031.32,0.482545
27,29,30,2014.35,0.511098
27,29,31,1988.78,0.525917
27,29,32,1952.95,0.521404
27,29,33,1907.1,0.4952
27,29,34,1854.08,0.449177
27,29,35,1799.25,0.388747
27,29,36,1748.73,0.321372
27,29,37,1707.58,0.254325
27,29,38,1678.79,0.193414
27,29,39,1663.31,0.142987
27,29,40,1659.72,0.10578
27,29,41,1666,0.0836799
27,29,42,1679.09,0.0771413
27,29,43,1695.43,0.0850371
27,29,44,1710.75,0.103785
27,29,45,1719.37,0.127142
27,29,46,1714.55,0.147263
27,29,47,1689.42,0.157293
27,29,48,1638.72,0.153331
27,29,49,1561.4,0.135869
27,30,0,2782.72,0.352962
27,30,1,2962.27,0.409489
27,30,2,3070.55,0.450207
27,30,3,3119.69,0.476404
27,30,4,3125.34,0.491602
27,30,5,3102.73,0.498522
27,30,6,3064.31,0.497982
27,30,7,3018.28,0.489997
27,30,8,2968.45,0.476056
27,30,9,2915.65,0.459852
27,30,10,2859.17,0.446104
27,30,11,2797.66,0.437365
27,30,12,2731.9,0.433208
27,30,13,2663.19,0.430175
27,30,14,2594.29,0.424364
27,30,15,2528.07,0.414042
27,30,16,2466.64,0.400279
27,30,17,2410.52,0.386109
27,30,18,2358.96,0.374063
27,30,19,2311.23,0.365163
27,30,20,2267.21,0.358707
27,30,21,2228.15,0.353899
27,30,22,2195.67,0.350908
27,30,23,2170.47,0.351175
27,30,24,2151.66,0.357068
27,30,25,2136.9,0.371161
27,30,26,2123.37,0.394444
27,30,27,2108.38,0.42554
27,30,28,2090.06,0.460683
27,30,29,2066.83,0.493921
27,30,30,2036.93,0.518228
27,30,31,1998.79,0.526942
27,30,32,1951.55,0.515803
27,30,33,1896.14,0.48387
27,30,34,1835.88,0.434111
27,30,35,1776.31,0.372403
27,30,36,1723.42,0.305928
27,30,37,1681.83,0.241289
27,30,38,1654.12,0.183486
27,30,39,1640.92,0.136259
27,30,40,1640.65,0.102088
27,30,41,1651.35,0.082954
27,30,42,1669.93,0.0796068
27,30,43,1692.74,0.0912078
27,30,44,1715.2,0.114266
27,30,45,1731.04,0.142231
27,30,46,1732.75,0.166544
27,30,47,1712.57,0.179393
27,30,48,1664.52,0.176165
27,30,49,1587.21,0.15713
27,31,0,2794.48,0.340343
27,31,1,2974.96,0.393518
27,31,2,3083.77,0.430072
27,31,3,3133.12,0.451304
27,31,4,3138.68,0.461265
27,31,5,3115.66,0.463599
27,31,6,3076.33,0.459943
27,31,7,3028.67,0.450682
27,31,8,2976.43,0.437003
27,31,9,2920.74,0.421914
27,31,10,2861.72,0.409504
27,31,11,2799.22,0.402131
27,31,12,2735.16,0.39964
27,31,13,2671.47,0.399089
27,31,14,2610.73,0.396888
27,31,15,2554.77,0.3912
27,31,16,2504.19,0.382638
27,31,17,2458.21,0.373613
27,31,18,2415.41,0.36613
27,31,19,2375.07,0.360852
27,31,20,2337.52,0.356965
27,31,21,2304.36,0.353735
27,31,22,2277.1,0.351696
27,31,23,2255.78,0.352772
27,31,24,2238.49,0.359636
27,31,25,2221.93,0.37462
27,31,26,2202.79,0.398077
27,31,27,2178.65,0.427832
27,31,28,2148.59,0.45963
27,31,29,2112.33,0.487698
27,31,30,2069.5,0.505842
27,31,31,2019.64,0.508656
27,31,32,1962.68,0.493154
27,31,33,1899.87,0.459243
27,31,34,1834.58,0.41007
27,31,35,1771.99,0.351055
27,31,36,1717.55,0.288436
27,31,37,1675.34,0.227934
27,31,38,1647.66,0.173925
27,31,39,1635.19,0.129914
27,31,40,1636.6,0.0984751
27,31,41,1650.33,0.0818581
27,31,42,1673.52,0.0811233
27,31,43,1702.46,0.0956334
27,31,44,1732.12,0.121932
27,31,45,1755.44,0.153247
27,31,46,1763.84,0.180539
27,31,47,1748.46,0.195341
27,31,48,1702.47,0.192572
27,31,49,1624.01,0.172357
27,32,0,2796.41,0.325705
27,32,1,2979.64,0.376299
27,32,2,3090.73,0.409215
27,32,3,3141.4,0.425289
27,32,4,3147.04,0.428905
27,32,5,3122.76,0.424818
27,32,6,3080.89,0.416026
27,32,7,3029.68,0.40386
27,32,8,2973.36,0.389649
27,32,9,2913.83,0.375907
27,32,10,2852.24,0.366064
27,32,11,2789.62,0.362133
27,32,12,2728.8,0.36391
27,32,13,2671.94,0.368526
27,32,14,2620.91,0.372161
27,32,15,2576.06,0.372403
27,32,16,2536.4,0.369162
27,32,17,2500.04,0.364352
27,32,18,2465.33,0.359947
27,32,19,2432.16,0.356944
27,32,20,2401.7,0.355012
27,32,21,2376.01,0.353688
27,32,22,2356.26,0.353577
27,32,23,2341.35,0.356418
27,32,24,2327.8,0.364418
27,32,25,2311.01,0.379151
27,32,26,2287.19,0.40034
27,32,27,2254.49,0.425572
27,32,28,2213.42,0.451078
27,32,29,2165.51,0.47225
27,32,30,2112.04,0.484403
27,32,31,2053.64,0.483507
27,32,32,1990.7,0.46735
27,32,33,1924.31,0.435799
27,32,34,1857.32,0.391158
27,32,35,1794.11,0.337569
27,32,36,1739.31,0.279958
27,32,37,1696.39,0.223267
27,32,38,1667.51,0.171717
27,32,39,1653.7,0.129132
27,32,40,1654.25,0.098596
27,32,41,1668.38,0.0827926
27,32,42,1693.79,0.0830499
27,32,43,1726.86,0.0987904
27,32,44,1762.11,0.126504
27,32,45,1791.61,0.159294
27,32,46,1805.58,0.18791
27,32,47,1793.92,0.203573
27,32,48,1748.85,0.200986
27,32,49,1668.05,0.180167
27,33,0,2789.74,0.311035
27,33,1,2976.94,0.360271
27,33,2,3091.52,0.39085
27,33,3,3144.42,0.402709
27,33,4,3150.49,0.4002
27,33,5,3124.67,0.389079
27,33,6,3079.53,0.373908
27,33,7,3023.87,0.357358
27,33,8,2962.72,0.341343
27,33,9,2898.97,0.328234
27,33,10,2834.9,0.320979
27,33,11,2772.65,0.321299
27,33,12,2715.75,0.328804
27,33,13,2666.29,0.340419
27,33,14,2625.21,0.351677
27,33,15,2591.23,0.359152
27,33,16,2561.85,0.361729
27,33,17,2534.3,0.360755
27,33,18,2507.06,0.358466
27,33,19,2480.88,0.356731
27,33,20,2457.97,0.356262
27,33,21,2440.78,0.35716
27,33,22,2429.9,0.359924
27,33,23,2422.74,0.365557
27,33,24,2414.02,0.375108
27,33,25,2397.85,0.388978
27,33,26,2370.19,0.40634
27,33,27,2330.14,0.425145
27,33,28,2280.01,0.442994
27,33,29,2223.38,0.457211
27,33,30,2163.23,0.464981
27,33,31,2101.01,0.463451
27,33,32,2037.06,0.450482
27,33,33,1971.78,0.424979
27,33,34,1907.03,0.387541
27,33,35,1846.04,0.340509
27,33,36,1792.42,0.287422
27,33,37,1748.98,0.232771
27,33,38,1717.8,0.18118
27,33,39,1700.47,0.137334
27,33,40,1697.17,0.105201
27,33,41,1708.35,0.0880194
27,33,42,1732.6,0.0873161
27,33,43,1766.7,0.102434
27,33,44,1804.84,0.129713
27,33,45,1838.24,0.162204
27,33,46,1855.85,0.190642
27,33,47,1846.28,0.206193
27,33,48,1800.75,0.203507
27,33,49,1716.42,0.182495
27,34,0,2774.58,0.29811
27,34,1,2966.08,0.347398
27,34,2,3084.71,0.377408
27,34,3,3140.4,0.386851
27,34,4,3147.42,0.379598
27,34,5,3120.51,0.362042
27,34,6,3072.52,0.340199
27,34,7,3012.84,0.318241
27,34,8,2947.39,0.299035
27,34,9,2880,0.285209
27,34,10,2813.92,0.279534
27,34,11,2752.28,0.283636
27,34,12,2699.08,0.297001
27,34,13,2656.35,0.316286
27,34,14,2624.14,0.336183
27,34,15,2599.77,0.351966
27,34,16,2579.51,0.361153
27,34,17,2559.89,0.364283
27,34,18,2539.66,0.363858
27,34,19,2520.44,0.362893
27,34,20,2505.34,0.363549
27,34,21,2497.04,0.366819
27,34,22,2495.32,0.373096
27,34,23,2495.99,0.382334
27,34,24,2492.13,0.393952
27,34,25,2476.86,0.406896
27,34,26,2446.28,0.419856
27,34,27,2400.71,0.431593
27,34,28,2344.42,0.441683
27,34,29,2283,0.449824
27,34,30,2220.86,0.455151
27,34,31,2159.87,0.455672
27,34,32,2099.85,0.448684
27,34,33,2040.12,0.431453
27,34,34,1981.2,0.402355
27,34,35,1925.04,0.361738
27,34,36,1874.12,0.311909
27,34,37,1830.52,0.257283
27,34,38,1796.31,0.203342
27,34,39,1773.69,0.155996
27,34,40,1764.01,0.120294
27,34,41,1769.2,0.100065
27,34,42,1789.14,0.096945
27,34,43,1821.27,0.110088
27,34,44,1859.63,0.135609
27,34,45,1894.57,0.16654
27,34,46,1913.74,0.193684
27,34,47,1904.47,0.208277
27,34,48,1856.97,0.204982
27,34,49,1767.88,0.183607
27,35,0,2750.96,0.290261
27,35,1,2946.23,0.341213
27,35,2,3068.69,0.37263
27,35,3,3127.29,0.38181
27,35,4,3135.72,0.37174
27,35,5,3108.61,0.348994
27,35,6,3059.02,0.320745
27,35,7,2996.89,0.292672
27,35,8,2928.84,0.268862
27,35,9,2859.37,0.252585
27,35,10,2792.39,0.246757
27,35,11,2731.66,0.253114
27,35,12,2681.53,0.27118
27,35,13,2644.02,0.297429
27,35,14,2618.61,0.325766
27,35,15,2601.71,0.35011
27,35,16,2588.76,0.366427
27,35,17,2575.92,0.374175
27,35,18,2562.19,0.375908
27,35,19,2549.86,0.375757
27,35,20,2542.64,0.377458
27,35,21,2543.14,0.383141
27,35,22,2550.17,0.393218
27,35,23,2558.11,0.406556
27,35,24,2558.72,0.420762
27,35,25,2544.65,0.433214
27,35,26,2512.45,0.44212
27,35,27,2463.85,0.447237
27,35,28,2404.9,0.450306
27,35,29,2342.87,0.453492
27,35,30,2283.19,0.457773
27,35,31,2227.72,0.461766
27,35,32,2175.48,0.461874
27,35,33,2124.5,0.453464
27,35,34,2073.91,0.432597
27,35,35,2024.37,0.397728
27,35,36,1977.2,0.350171
27,35,37,1933.85,0.294527
27,35,38,1896.37,0.237329
27,35,39,1867.66,0.185768
27,35,40,1850.31,0.145946
27,35,41,1847.88,0.122191
27,35,42,1861.72,0.116135
27,35,43,1890.05,0.126683
27,35,44,1926.81,0.149695
27,35,45,1961.47,0.178207
27,35,46,1980.38,0.203116
27,35,47,1969.62,0.215767
27,35,48,1918.49,0.21085
27,35,49,1823.18,0.188118
27,36,0,2720.03,0.292359
27,36,1,2917.89,0.346851
27,36,2,3043.37,0.381628
27,36,3,3104.53,0.39255
27,36,4,3114.6,0.38148
27,36,5,3088.17,0.354808
27,36,6,3038.52,0.320551
27,36,7,2976,0.285822
27,36,8,2907.65,0.256093
27,36,9,2838.33,0.235578
27,36,10,2772.19,0.227577
27,36,11,2713.22,0.234057
27,36,12,2665.83,0.254689
27,36,13,2632.02,0.285886
27,36,14,2611.06,0.320993
27,36,15,2598.95,0.352774
27,36,16,2590.87,0.37573
27,36,17,2582.94,0.388111
27,36,18,2574.51,0.392256
27,36,19,2568.35,0.393145
27,36,20,2568.47,0.395953
27,36,21,2577.1,0.404017
27,36,22,2592.07,0.417938
27,36,23,2606.54,0.435664
27,36,24,2611.46,0.453079
27,36,25,2599.42,0.466025
27,36,26,2567.67,0.472158
27,36,27,2519.25,0.472125
27,36,28,2461.58,0.469632
27,36,29,2403.06,0.469081
27,36,30,2349.59,0.473059
27,36,31,2302.69,0.480673
27,36,32,2260.46,0.487451
27,36,33,2219.76,0.487024
27,36,34,2178.47,0.473427
27,36,35,2136.09,0.443546
27,36,36,2092.97,0.39797
27,36,37,2050.09,0.341596
27,36,38,2009.62,0.281931
27,36,39,1975.2,0.227229
27,36,40,1950.68,0.184368
27,36,41,1941.09,0.157941
27,36,42,1949.14,0.149408
27,36,43,1973.68,0.157362
27,36,44,2008.41,0.177415
27,36,45,2041.86,0.202658
27,36,46,2059.13,0.224139
27,36,47,2045.2,0.233382
27,36,48,1988.6,0.225153
27,36,49,1885.26,0.199271
27,37,0,2684.84,0.310555
27,37,1,2883.92,0.370768
27,37,2,3011.29,0.410597
27,37,3,3074.3,0.424594
27,37,4,3085.88,0.413546
27,37,5,3060.62,0.383546
27,37,6,3012.04,0.343275
27,37,7,2950.8,0.301207
27,37,8,2884.26,0.264278
27,37,9,2817.38,0.237805
27,37,10,2754.24,0.225571
27,37,11,2698.61,0.229725
27,37,12,2654.53,0.250072
27,37,13,2623.77,0.283032
27,37,14,2605.43,0.321717
27,37,15,2595.49,0.358171
27,37,16,2589.36,0.385839
27,37,17,2583.63,0.401901
27,37,18,2578.21,0.408293
27,37,19,2576.4,0.410458
27,37,20,2582.3,0.414631
27,37,21,2597.71,0.425209
27,37,22,2619.49,0.443081
27,37,23,2639.89,0.465538
27,37,24,2649.42,0.487044
27,37,25,2640.92,0.502087
27,37,26,2612.38,0.507691
27,37,27,2567.87,0.505089
27,37,28,2515.63,0.499426
27,37,29,2464.48,0.496816
27,37,30,2420.2,0.501091
27,37,31,2383.7,0.511791
27,37,32,2352.27,0.523841
27,37,33,2321.89,0.529636
27,37,34,2289.48,0.52179
27,37,35,2253.72,0.496133
27,37,36,2214.32,0.452843
27,37,37,2172.08,0.397123
27,37,38,2129.57,0.337189
27,37,39,2091.19,0.281892
27,37,40,2061.82,0.238382
27,37,41,2047.65,0.211105
27,37,42,2052.24,0.201069
27,37,43,2074.71,0.206482
27,37,44,2108.24,0.222792
27,37,45,2140.36,0.243326
27,37,46,2155.03,0.259499
27,37,47,2136.38,0.263208
27,37,48,2072.37,0.249426
27,37,49,1958.81,0.218176
27,38,0,2651.1,0.349028
27,38,1,2850.35,0.417181
27,38,2,2978.64,0.463231
27,38,3,3042.76,0.480693
27,38,4,3055.43,0.469618
27,38,5,3031.31,0.435989
27,38,6,2984.12,0.389157
27,38,7,2924.86,0.338913
27,38,8,2861.27,0.293621
27,38,9,2798.45,0.259695
27,38,10,2740.28,0.24134
27,38,11,2689.96,0.240697
27,38,12,2650.69,0.257558
27,38,13,2623.48,0.288356
27,38,14,2606.97,0.326326
27,38,15,2597.18,0.363387
27,38,16,2590.11,0.392597
27,38,17,2583.28,0.410453
27,38,18,2577.61,0.418461
27,38,19,2577.14,0.422116
27,38,20,2586.22,0.428183
27,38,21,2606.28,0.441741
27,38,22,2633.44,0.463931
27,38,23,2659.27,0.491653
27,38,24,2674.11,0.518407
27,38,25,2671.14,0.53769
27,38,26,2648.98,0.545934
27,38,27,2612.28,0.544586
27,38,28,2569.41,0.539504
27,38,29,2528.9,0.537729
27,38,30,2495.87,0.543751
27,38,31,2470.53,0.557384
27,38,32,2449.55,0.573259
27,38,33,2428.43,0.583176
27,38,34,2403.56,0.579117
27,38,35,2373.22,0.556564
27,38,36,2336.93,0.515752
27,38,37,2295.78,0.462269
27,38,38,2252.91,0.40476
27,38,39,2213.48,0.352106
27,38,40,2183.07,0.311042
27,38,41,2168.42,0.285243
27,38,42,2173.28,0.27484
27,38,43,2196.51,0.277506
27,38,44,2230.51,0.288665
27,38,45,2261.81,0.302215
27,38,46,2273.47,0.310363
27,38,47,2248.99,0.305748
27,38,48,2175.9,0.283772
27,38,49,2049.95,0.244784
27,39,0,2625.34,0.408352
27,39,1,2824.62,0.486291
27,39,2,2953.52,0.538925
27,39,3,3018.4,0.559094
27,39,4,3031.82,0.546705
27,39,5,3008.44,0.508112
27,39,6,2962.16,0.453566
27,39,7,2904.43,0.394171
27,39,8,2843.59,0.339588
27,39,9,2785.24,0.297145
27,39,10,2733.2,0.27125
27,39,11,2689.95,0.263732
27,39,12,2657.4,0.274134
27,39,13,2635.15,0.298858
27,39,14,2620.86,0.331596
27,39,15,2610.38,0.364773
27,39,16,2600.35,0.391838
27,39,17,2589.51,0.409173
27,39,18,2580.17,0.417979
27,39,19,2577.5,0.423467
27,39,20,2586.4,0.432367
27,39,21,2608.29,0.449922
27,39,22,2638.84,0.477331
27,39,23,2669.29,0.511303
27,39,24,2689.97,0.544894
27,39,25,2694.37,0.571115
27,39,26,2681.39,0.586025
27,39,27,2655.76,0.590967
27,39,28,2625.29,0.591715
27,39,29,2597.61,0.595271
27,39,30,2576.82,0.605959
27,39,31,2562.47,0.623482
27,39,32,2550.9,0.642347
27,39,33,2537.52,0.654375
27,39,34,2518.68,0.651783
27,39,35,2492.71,0.630569
27,39,36,2459.44,0.59168
27,39,37,2420.57,0.541319
27,39,38,2379.99,0.488376
27,39,39,2343.44,0.441207
27,39,40,2316.68,0.405369
27,39,41,2306.29,0.383042
27,39,42,2315.53,0.372968
27,39,43,2342.54,0.372116
27,39,44,2378.87,0.376084
27,39,45,2410.23,0.379791
27,39,46,2419.04,0.376774
27,39,47,2388.36,0.360837
27,39,48,2305.27,0.328034
27,39,49,2165.18,0.279072
27,40,0,2612.12,0.483616
27,40,1,2812.3,0.572289
27,40,2,2942.43,0.630938
27,40,3,3008.51,0.652106
27,40,4,3022.86,0.636253
27,40,5,2999.97,0.590758
27,40,6,2953.82,0.527128
27,40,7,2896.44,0.457788
27,40,8,2837.09,0.393461
27,40,9,2782.33,0.34206
27,40,10,2736.31,0.30788
27,40,11,2700.85,0.292116
27,40,12,2676.36,0.293838
27,40,13,2660.56,0.309382
27,40,14,2649.63,0.333165
27,40,15,2638.88,0.358672
27,40,16,2625.38,0.380429
27,40,17,2609.04,0.395279
27,40,18,2593.66,0.404336
27,40,19,2585.73,0.412311
27,40,20,2591.07,0.425391
27,40,21,2611.55,0.44843
27,40,22,2642.93,0.482377
27,40,23,2676.52,0.523863
27,40,24,2702.8,0.566015
27,40,25,2715.43,0.601991
27,40,26,2713.23,0.627875
27,40,27,2700.43,0.644744
27,40,28,2683.72,0.657564
27,40,29,2669.45,0.67224
27,40,30,2660.61,0.691929
27,40,31,2656.28,0.715597
27,40,32,2652.74,0.737571
27,40,33,2645.7,0.750166
27,40,34,2631.85,0.746655
27,40,35,2609.98,0.72446
27,40,36,2580.53,0.685999
27,40,37,2546.02,0.638454
27,40,38,2511,0.590902
27,40,39,2481.45,0.550749
27,40,40,2462.75,0.521717
27,40,41,2460.73,0.50386
27,40,42,2477.68,0.494111
27,40,43,2510.86,0.488634
27,40,44,2551.07,0.483419
27,40,45,2583.55,0.474792
27,40,46,2590.39,0.458036
27,40,47,2554.27,0.42838
27,40,48,2461.59,0.382617
27,40,49,2306.9,0.321757
27,41,0,2614.61,0.565639
27,41,1,2817.28,0.664922
27,41,2,2949.95,0.728296
27,41,3,3018.31,0.748295
27,41,4,3034.31,0.726564
27,41,5,3012.09,0.672179
27,41,6,2965.59,0.59831
27,41,7,2907.34,0.518706
27,41,8,2847.79,0.444844
27,41,9,2794.86,0.384783
27,41,10,2753.45,0.342345
27,41,11,2725.05,0.317848
27,41,12,2708.66,0.309759
27,41,13,2699.97,0.314396
27,41,14,2693.52,0.327089
27,41,15,2683.82,0.342745
27,41,16,2667.95,0.357396
27,41,17,2646.62,0.368787
27,41,18,2624.72,0.378166
27,41,19,2609.93,0.389678
27,41,20,2609.12,0.40865
27,41,21,2625.07,0.439116
27,41,22,2654.27,0.481474
27,41,23,2688.68,0.532327
27,41,24,2719.18,0.585295
27,41,25,2739.52,0.63425
27,41,26,2748.01,0.675714
27,41,27,2747.88,0.710385
27,41,28,2744.38,0.741757
27,41,29,2742.45,0.773624
27,41,30,2744.14,0.80697
27,41,31,2748.3,0.839356
27,41,32,2751.53,0.864827
27,41,33,2750.07,0.876592
27,41,34,2741.2,0.869728
27,41,35,2724.33,0.843906
27,41,36,2700.61,0.803679
27,41,37,2673.3,0.757537
27,41,38,2647.28,0.714708
27,41,39,2628.37,0.681387
27,41,40,2621.12,0.659059
27,41,41,2630.21,0.645332
27,41,42,2656.81,0.635181
27,41,43,2697.4,0.624027
27,41,44,2742.37,0.608414
27,41,45,2776.88,0.586221
27,41,46,2782.95,0.554521
27,41,47,2742.93,0.509868
27,41,48,2642.26,0.44966
27,41,49,2473.95,0.375111
27,42,0,2632.09,0.642727
27,42,1,2838.82,0.751473
27,42,2,2975.39,0.818013
27,42,3,3047.22,0.834988
27,42,4,3065.84,0.805609
27,42,5,3044.94,0.741125
27,42,6,2998.19,0.656671
27,42,7,2938.52,0.56726
27,42,8,2877.44,0.484778
27,42,9,2824.38,0.416978
27,42,10,2785.3,0.366923
27,42,11,2761.81,0.333986
27,42,12,2751.96,0.316083
27,42,13,2749.81,0.309667
27,42,14,2748.37,0.311071
27,42,15,2741.28,0.316713
27,42,16,2725.26,0.324206
27,42,17,2701.16,0.332384
27,42,18,2674.27,0.342796
27,42,19,2652.88,0.359101
27,42,20,2644.66,0.385703
27,42,21,2653.64,0.42564
27,42,22,2677.64,0.478588
27,42,23,2709.93,0.541153
27,42,24,2742.19,0.607705
27,42,25,2768.24,0.673181
27,42,26,2785.65,0.73475
27,42,27,2796.33,0.792548
27,42,28,2803.91,0.847999
27,42,29,2812.1,0.901944
27,42,30,2822.27,0.952429
27,42,31,2833.42,0.995186
27,42,32,2842.64,1.02404
27,42,33,2846.9,1.03356
27,42,34,2844.07,1.02123
27,42,35,2834.09,0.989535
27,42,36,2818.67,0.945454
27,42,37,2801.4,0.898813
27,42,38,2787.14,0.858841
27,42,39,2781.12,0.83043
27,42,40,2786.85,0.812833
27,42,41,2807.85,0.801415
27,42,42,2844.31,0.789513
27,42,43,2892.2,0.772079
27,42,44,2941.89,0.746278
27,42,45,2978.78,0.711283
27,42,46,2985.07,0.665457
27,42,47,2942.91,0.606107
27,42,48,2836.62,0.530855
27,42,49,2657.12,0.441046
27,43,0,2659.28,0.703359
27,43,1,2870.93,0.81962
27,43,2,3012.17,0.887972
27,43,3,3088.22,0.901082
27,43,4,3110.28,0.863735
27,43,5,3091.53,0.789455
27,43,6,3045.3,0.695388
27,43,7,2984.62,0.597642
27,43,8,2921.68,0.508156
27,43,9,2867.09,0.434013
27,43,10,2827.98,0.377373
27,43,11,2806.49,0.336815
27,43,12,2800.46,0.309953
27,43,13,2803.03,0.293614
27,43,14,2806.18,0.285134
27,43,15,2802.74,0.282276
27,43,16,2788.79,0.283984
27,43,17,2764.7,0.290114
27,43,18,2735.38,0.302575
27,43,19,2708.94,0.324744
27,43,20,2693.43,0.360282
27,43,21,2694.05,0.411359
27,43,22,2710.44,0.47699
27,43,23,2737.72,0.553841
27,43,24,2768.82,0.637106
27,43,25,2797.78,0.722797
27,43,26,2821.37,0.808571
27,43,27,2840.06,0.893606
27,43,28,2855.98,0.976689
27,43,29,2871.79,1.05513
27,43,30,2888.55,1.1237
27,43,31,2905.64,1.17635
27,43,32,2920.8,1.20716
27,43,33,2931.69,1.21264
27,43,34,2936.65,1.19324
27,43,35,2935.85,1.15436
27,43,36,2931.1,1.10516
27,43,37,2925.88,1.05638
27,43,38,2924.65,1.01685
27,43,39,2931.87,0.990209
27,43,40,2950.1,0.973909
27,43,41,2981.96,0.961845
27,43,42,3026.98,0.946494
27,43,43,3080.91,0.922817
27,43,44,3134.35,0.888527
27,43,45,3173.18,0.84344
27,43,46,3180.06,0.786249
27,43,47,3137.09,0.714088
27,43,48,3027.62,0.624269
27,43,49,2840.22,0.51825
27,44,0,2686.09,0.738264
27,44,1,2902.4,0.85937
27,44,2,3048.17,0.928477
27,44,3,3128.49,0.938106
27,44,4,3154.31,0.894252
27,44,5,3138.44,0.812367
27,44,6,3093.81,0.711281
27,44,7,3033.23,0.607848
27,44,8,2969.06,0.513721
27,44,9,2912.53,0.435074
27,44,10,2871.68,0.373207
27,44,11,2849.51,0.326245
27,44,12,2844.35,0.291876
27,44,13,2849.28,0.267573
27,44,14,2855.85,0.251592
27,44,15,2856.27,0.242704
27,44,16,2845.81,0.240731
27,44,17,2823.93,0.246286
27,44,18,2794.58,0.261613
27,44,19,2765,0.290036
27,44,20,2743.12,0.334832
27,44,21,2735.09,0.39767
27,44,22,2742.47,0.477194
27,44,23,2762.59,0.570265
27,44,24,2789.97,0.672833
27,44,25,2819.11,0.781678
27,44,26,2846.09,0.894426
27,44,27,2870.06,1.00869
27,44,28,2891.82,1.12011
27,44,29,2913.26,1.22217
27,44,30,2935.36,1.30656
27,44,31,2958.02,1.36605
27,44,32,2979.65,1.39581
27,44,33,2998.45,1.39512
27,44,34,3012.95,1.36768
27,44,35,3023.12,1.32156
27,44,36,3030.39,1.26731
27,44,37,3037.74,1.21564
27,44,38,3049.01,1.17445
27,44,39,3068.02,1.14621
27,44,40,3096.69,1.12736
27,44,41,3137.13,1.11145
27,44,42,3188.52,1.09114
27,44,43,3246.6,1.06196
27,44,44,3302.27,1.02195
27,44,45,3342.03,0.970713
27,44,46,3349.14,0.906158
27,44,47,3305.96,0.824284
27,44,48,3195.14,0.721609
27,44,49,3003.07,0.59975
27,45,0,2697.84,0.74132
27,45,1,2917.44,0.86378
27,45,2,3066.85,0.932614
27,45,3,3150.95,0.940064
27,45,4,3180.48,0.892732
27,45,5,3167.95,0.807213
27,45,6,3125.96,0.7033
27,45,7,3066.92,0.598027
27,45,8,3002.84,0.502424
27,45,9,2944.94,0.421669
27,45,10,2901.78,0.356396
27,45,11,2877.28,0.304704
27,45,12,2870.78,0.264749
27,45,13,2875.97,0.234859
27,45,14,2884.53,0.214077
27,45,15,2888.28,0.20179
27,45,16,2881.67,0.19821
27,45,17,2863.06,0.204377
27,45,18,2835.11,0.222768
27,45,19,2803.89,0.256835
27,45,20,2776.8,0.309834
27,45,21,2760.67,0.383389
27,45,22,2758.82,0.476199
27,45,23,2770.77,0.585521
27,45,24,2792.81,0.707944
27,45,25,2820.09,0.840554
27,45,26,2848.27,0.980253
27,45,27,2875.38,1.12244
27,45,28,2901.15,1.25924
27,45,29,2926.89,1.38046
27,45,30,2953.67,1.47532
27,45,31,2981.91,1.5364
27,45,32,3010.62,1.56105
27,45,33,3038.31,1.55204
27,45,34,3063.35,1.51642
27,45,35,3085.1,1.46429
27,45,36,3104.28,1.4064
27,45,37,3123.14,1.35238
27,45,38,3144.97,1.30853
27,45,39,3173.25,1.27634
27,45,40,3209.66,1.25208
27,45,41,3256.12,1.23009
27,45,42,3311.67,1.2042
27,45,43,3372.05,1.17084
27,45,44,3428.52,1.12815
27,45,45,3468.14,1.07479
27,45,46,3474.83,1.00703
27,45,47,3431.33,0.919198
27,45,48,3319.98,0.806811
27,45,49,3125.53,0.671721
27,46,0,2677.79,0.709701
27,46,1,2898.35,0.82908
27,46,2,3050.01,0.896162
27,46,3,3137.15,0.902965
27,46,4,3170.15,0.856012
27,46,5,3161.29,0.771984
27,46,6,3122.84,0.670587
27,46,7,3066.71,0.568294
27,46,8,3004.29,0.475173
27,46,9,2946.31,0.395429
27,46,10,2901.42,0.329295
27,46,11,2874.28,0.275225
27,46,12,2865.41,0.232122
27,46,13,2869.54,0.199242
27,46,14,2878.84,0.176249
27,46,15,2884.97,0.162807
27,46,16,2881.69,0.15915
27,46,17,2866.3,0.166434
27,46,18,2840.15,0.187234
27,46,19,2808.08,0.225184
27,46,20,2776.82,0.283767
27,46,21,2753.59,0.364924
27,46,22,2743.15,0.467839
27,46,23,2746.99,0.590382
27,46,24,2763.11,0.729682
27,46,25,2787.4,0.882719
27,46,26,2815.3,1.04508
27,46,27,2844.05,1.20953
27,46,28,2872.51,1.36474
27,46,29,2901.64,1.49738
27,46,30,2932.61,1.5952
27,46,31,2966.35,1.65171
27,46,32,3002.31,1.66731
27,46,33,3039.03,1.64865
27,46,34,3074.45,1.60577
27,46,35,3107.06,1.54993
27,46,36,3136.7,1.49094
27,46,37,3164.96,1.43638
27,46,38,3194.82,1.39051
27,46,39,3229.72,1.35403
27,46,40,3271.44,1.32371
27,46,41,3321.85,1.29544
27,46,42,3379.94,1.26474
27,46,43,3441.45,1.22906
27,46,44,3497.85,1.1864
27,46,45,3536.65,1.13411
27,46,46,3542.32,1.0667
27,46,47,3497.95,0.976907
27,46,48,3385.8,0.859469
27,46,49,3189.85,0.716524
27,47,0,2610.56,0.644872
27,47,1,2828.66,0.756057
27,47,2,2980.66,0.819193
27,47,3,3069.87,0.826357
27,47,4,3106.02,0.783423
27,47,5,3101.03,0.706047
27,47,6,3066.81,0.612707
27,47,7,3014.79,0.51851
27,47,8,2955.56,0.432264
27,47,9,2899.13,0.357268
27,47,10,2853.89,0.293579
27,47,11,2824.97,0.240213
27,47,12,2813.91,0.196888
27,47,13,2816.56,0.163697
27,47,14,2825.78,0.140753
27,47,15,2833.34,0.127789
27,47,16,2832.53,0.124873
27,47,17,2819.76,0.133069
27,47,18,2795.22,0.1549
27,47,19,2762.63,0.194088
27,47,20,2728.07,0.254367
27,47,21,2698.94,0.338145
27,47,22,2681.07,0.445356
27,47,23,2677.57,0.574629
27,47,24,2687.91,0.72359
27,47,25,2708.69,0.8889
27,47,26,2735.34,1.06464
27,47,27,2764.52,1.24108
27,47,28,2794.5,1.40409
27,47,29,2826.01,1.53823
27,47,30,2860.37,1.63099
27,47,31,2898.92,1.67763
27,47,32,2941.39,1.68191
27,47,33,2986.17,1.65395
27,47,34,3030.6,1.60605
27,47,35,3072.24,1.5496
27,47,36,3110.13,1.49267
27,47,37,3145.37,1.44025
27,47,38,3180.87,1.39457
27,47,39,3220.27,1.35566
27,47,40,3265.57,1.32117
27,47,41,3318.69,1.28869
27,47,42,3378.52,1.25544
27,47,43,3440.72,1.21965
27,47,44,3496.88,1.17911
27,47,45,3534.75,1.13002
27,47,46,3539.06,1.06567
27,47,47,3493.08,0.977975
27,47,48,3379.25,0.861462
27,47,49,3181.74,0.718535
27,48,0,2485.82,0.552973
27,48,1,2696.41,0.650932
27,48,2,2845.69,0.707465
27,48,3,2935.37,0.715147
27,48,4,2974.03,0.678846
27,48,5,2972.95,0.612277
27,48,6,2943.58,0.531672
27,48,7,2896.77,0.450089
27,48,8,2842.27,0.374834
27,48,9,2789.23,0.308389
27,48,10,2745.53,0.250757
27,48,11,2716.4,0.201515
27,48,12,2704.12,0.161059
27,48,13,2705.52,0.13009
27,48,14,2714.3,0.109014
27,48,15,2722.54,0.0975546
27,48,16,2723.34,0.0956027
27,48,17,2712.51,0.104029
27,48,18,2689.33,0.12516
27,48,19,2656.59,0.162593
27,48,20,2619.71,0.220127
27,48,21,2586.15,0.300537
27,48,22,2562.44,0.40452
27,48,23,2552.83,0.53148
27,48,24,2557.94,0.679526
27,48,25,2575.01,0.84506
27,48,26,2599.56,1.02098
27,48,27,2627.92,1.19584
27,48,28,2658,1.35395
27,48,29,2690.42,1.47924
27,48,30,2726.68,1.56004
27,48,31,2768.39,1.59374
27,48,32,2815.51,1.58694
27,48,33,2866.18,1.55215
27,48,34,2917.16,1.50266
27,48,35,2965.19,1.4491
27,48,36,3008.72,1.39741
27,48,37,3048.54,1.35015
27,48,38,3087.64,1.30776
27,48,39,3129.91,1.26986
27,48,40,3177.62,1.23491
27,48,41,3232.64,1.20189
27,48,42,3293.75,1.16925
27,48,43,3356.49,1.13572
27,48,44,3412.47,1.09886
27,48,45,3449.52,1.05435
27,48,46,3452.35,0.995217
27,48,47,3404.26,0.913667
27,48,48,3288.13,0.804702
27,48,49,3089.51,0.670873
27,49,0,2302.13,0.444627
27,49,1,2497.94,0.525512
27,49,2,2639.62,0.573013
27,49,3,2726.86,0.580659
27,49,4,2766.65,0.552193
27,49,5,2769.19,0.49881
27,49,6,2745.15,0.433829
27,49,7,2704.62,0.36782
27,49,8,2656.42,0.306492
27,49,9,2608.68,0.251598
27,49,10,2568.58,0.203123
27,49,11,2541.12,0.161051
27,49,12,2528.92,0.126187
27,49,13,2529.62,0.0995358
27,49,14,2537.8,0.0816543
27,49,15,2546.13,0.0722633
27,49,16,2547.9,0.0711511
27,49,17,2538.62,0.0789785
27,49,18,2516.92,0.0977633
27,49,19,2484.81,0.130732
27,49,20,2447.14,0.18146
27,49,21,2411.16,0.25281
27,49,22,2383.7,0.346038
27,49,23,2369.69,0.461179
27,49,24,2370.48,0.596807
27,49,25,2383.81,0.749316
27,49,26,2405.42,0.911167
27,49,27,2431.58,1.07042
27,49,28,2460.03,1.21153
27,49,29,2491.39,1.31932
27,49,30,2527.29,1.38385
27,49,31,2569.55,1.40449
27,49,32,2618.29,1.38947
27,49,33,2671.48,1.35204
27,49,34,2725.47,1.30506
27,49,35,2776.49,1.25769
27,49,36,2822.6,1.21387
27,49,37,2864.44,1.17423
27,49,38,2905.07,1.13807
27,49,39,2948.56,1.10472
27,49,40,2997.3,1.07328
27,49,41,3053.03,1.04352
27,49,42,3114.4,1.01456
27,49,43,3176.86,0.985321
27,49,44,3232.13,0.953355
27,49,45,3268.08,0.914486
27,49,46,3269.37,0.862497
27,49,47,3219.42,0.790835
27,49,48,3102.12,0.695527
27,49,49,2905.64,0.579072
28,0,0,2380.05,0.334293
28,0,1,2535.44,0.388444
28,0,2,2636.37,0.420179
28,0,3,2696.79,0.428455
28,0,4,2736.95,0.419131
28,0,5,2775.69,0.402276
28,0,6,2824.5,0.388302
28,0,7,2885.05,0.385201
28,0,8,2952.06,0.397178
28,0,9,3017.89,0.424657
28,0,10,3076.19,0.464832
28,0,11,3123.2,0.512668
28,0,12,3157.31,0.562167
28,0,13,3177.12,0.606596
28,0,14,3180.15,0.638354
28,0,15,3163.05,0.649743
28,0,16,3122.44,0.635179
28,0,17,3055.61,0.59346
28,0,18,2961.94,0.529365
28,0,19,2843.76,0.45272
28,0,20,2707.17,0.375907
28,0,21,2561.35,0.309454
28,0,22,2417.35,0.260097
28,0,23,2285.98,0.229209
28,0,24,2175.57,0.213722
28,0,25,2089.54,0.207832
28,0,26,2026.67,0.205414
28,0,27,1981.45,0.201779
28,0,28,1946.48,0.193962
28,0,29,1914.59,0.18071
28,0,30,1881.04,0.162271
28,0,31,1843.84,0.140443
28,0,32,1802.54,0.117994
28,0,33,1757.8,0.0976053
28,0,34,1710.17,0.0808982
28,0,35,1660.36,0.0678099
28,0,36,1609.94,0.0571175
28,0,37,1561.75,0.0473166
28,0,38,1519.55,0.037629
28,0,39,1486.56,0.0282933
28,0,40,1464.08,0.0201735
28,0,41,1450.63,0.0139947
28,0,42,1442.77,0.0104043
28,0,43,1435.68,0.00901648
28,0,44,1425.01,0.00919596
28,0,45,1407.54,0.0100711
28,0,46,1381.42,0.0107648
28,0,47,1345.73,0.0107073
28,0,48,1300.98,0.00969558
28,0,49,1249.19,0.00793261
28,1,0,2573.3,0.402326
28,1,1,2739.8,0.467382
28,1,2,2847.49,0.506203
28,1,3,2911.97,0.517794
28,1,4,2953.73,0.509168
28,1,5,2991.14,0.492061
28,1,6,3035.44,0.478401
28,1,7,3088.89,0.477194
28,1,8,3147.56,0.493176
28,1,9,3205.47,0.526803
28,1,10,3257.61,0.574939
28,1,11,3300.85,0.63186
28,1,12,3333.47,0.690556
28,1,13,3353.36,0.742782
28,1,14,3357.05,0.779144
28,1,15,3340.27,0.790269
28,1,16,3298.94,0.769656
28,1,17,3229.93,0.716417
28,1,18,3132.41,0.636944
28,1,19,3008.73,0.543473
28,1,20,2865.23,0.450887
28,1,21,2711.61,0.371525
28,1,22,2559.69,0.313098
28,1,23,2421.06,0.276972
28,1,24,2304.65,0.259383
28,1,25,2214.04,0.253401
28,1,26,2147.84,0.251733
28,1,27,2100.06,0.248665
28,1,28,2062.79,0.240355
28,1,29,2028.37,0.224855
28,1,30,1991.74,0.202148
28,1,31,1950.87,0.174227
28,1,32,1905.33,0.144559
28,1,33,1856,0.116823
28,1,34,1803.55,0.0936287
28,1,35,1748.77,0.0755479
28,1,36,1693.33,0.0615425
28,1,37,1640.26,0.0498892
28,1,38,1593.57,0.0393772
28,1,39,1556.84,0.0297775
28,1,40,1531.49,0.0215967
28,1,41,1516.02,0.0153155
28,1,42,1506.8,0.0115551
28,1,43,1498.75,0.00989671
28,1,44,1487.29,0.00975602
28,1,45,1468.92,0.0103239
28,1,46,1441.39,0.0107707
28,1,47,1403.2,0.0105503
28,1,48,1354.23,0.0094628
28,1,49,1296.15,0.00769433
28,2,0,2709.15,0.454918
28,2,1,2881.59,0.528265
28,2,2,2992.93,0.572846
28,2,3,3059.51,0.587869
28,2,4,3101.28,0.581229
28,2,5,3135.56,0.565789
28,2,6,3173.11,0.554403
28,2,7,3216.87,0.556612
28,2,8,3264.63,0.577404
28,2,9,3312.37,0.617153
28,2,10,3356.65,0.672441
28,2,11,3394.98,0.737003
28,2,12,3425.5,0.803072
28,2,13,3445.27,0.861173
28,2,14,3449.82,0.900536
28,2,15,3433.97,0.910609
28,2,16,3393.04,0.884371
28,2,17,3323.67,0.821393
28,2,18,3225.02,0.729404
28,2,19,3099.64,0.622471
28,2,20,2954.16,0.517266
28,2,21,2798.58,0.427397
28,2,22,2645.08,0.361303
28,2,23,2505.43,0.320409
28,2,24,2388.54,0.300529
28,2,25,2297.74,0.294
28,2,26,2231.34,0.292693
28,2,27,2183.02,0.290043
28,2,28,2144.61,0.281384
28,2,29,2108.31,0.26403
28,2,30,2069.05,0.23762
28,2,31,2024.85,0.204237
28,2,32,1975.53,0.167938
28,2,33,1922.22,0.133332
28,2,34,1865.89,0.104021
28,2,35,1807.51,0.0812861
28,2,36,1748.86,0.0643635
28,2,37,1692.97,0.0513631
28,2,38,1643.81,0.0406063
28,2,39,1604.94,0.0312901
28,2,40,1577.69,0.0234404
28,2,41,1560.58,0.0172215
28,2,42,1550.09,0.0132039
28,2,43,1541.3,0.0110071
28,2,44,1529.75,0.0101893
28,2,45,1511.89,0.0101035
28,2,46,1485.05,0.0100503
28,2,47,1446.96,0.0095493
28,2,48,1396.65,0.00840636
28,2,49,1335.13,0.0067555
28,3,0,2790.42,0.487078
28,3,1,2965.33,0.565373
28,3,2,3078.24,0.613891
28,3,3,3145.54,0.632135
28,3,4,3186.16,0.62849
28,3,5,3216.1,0.616296
28,3,6,3245.52,0.608719
28,3,7,3278.05,0.615413
28,3,8,3313.25,0.64139
28,3,9,3349.25,0.686875
28,3,10,3384.36,0.748215
28,3,11,3416.88,0.818737
28,3,12,3444.86,0.890178
28,3,13,3464.49,0.952213
28,3,14,3470.21,0.993294
28,3,15,3455.94,1.00235
28,3,16,3416.49,0.972316
28,3,17,3348.44,0.903208
28,3,18,3251.18,0.803519
28,3,19,3127.63,0.688196
28,3,20,2984.71,0.574695
28,3,21,2832.52,0.477252
28,3,22,2683.06,0.404838
28,3,23,2547.67,0.359155
28,3,24,2434.6,0.336057
28,3,25,2346.63,0.327708
28,3,26,2281.77,0.325597
28,3,27,2233.63,0.322592
28,3,28,2194.21,0.313352
28,3,29,2155.97,0.294516
28,3,30,2114.09,0.26537
28,3,31,2066.83,0.22798
28,3,32,2014.26,0.186796
28,3,33,1957.8,0.147101
28,3,34,1898.66,0.113281
28,3,35,1838.09,0.0872058
28,3,36,1777.96,0.0683603
28,3,37,1721.19,0.0547109
28,3,38,1671.46,0.0441323
28,3,39,1632,0.0352547
28,3,40,1603.84,0.0276292
28,3,41,1585.55,0.0211507
28,3,42,1573.95,0.0163851
28,3,43,1564.65,0.0131018
28,3,44,1553.68,0.011089
28,3,45,1537.54,0.00992951
28,3,46,1513.12,0.00909226
28,3,47,1477.27,0.00816695
28,3,48,1427.98,0.00694413
28,3,49,1365.46,0.00546583
28,4,0,2826.16,0.497489
28,4,1,3001.05,0.577353
28,4,2,3113.95,0.627916
28,4,3,3180.8,0.648967
28,4,4,3219.27,0.648894
28,4,5,3243.97,0.64084
28,4,6,3264.37,0.63773
28,4,7,3284.63,0.64903
28,4,8,3305.99,0.679677
28,4,9,3328.79,0.729805
28,4,10,3353.35,0.795635
28,4,11,3379.05,0.870236
28,4,12,3404,0.9451
28,4,13,3423.51,1.00946
28,4,14,3430.92,1.05161
28,4,15,3419.23,1.06062
28,4,16,3382.81,1.02979
28,4,17,3318.31,0.959446
28,4,18,3225.49,0.858085
28,4,19,3107.71,0.740399
28,4,20,2972.01,0.623522
28,4,21,2828.22,0.521667
28,4,22,2687.55,0.444194
28,4,23,2560.28,0.393392
28,4,24,2453.6,0.365707
28,4,25,2369.65,0.353766
28,4,26,2306.37,0.349185
28,4,27,2257.73,0.344605
28,4,28,2216.4,0.334245
28,4,29,2175.57,0.314243
28,4,30,2130.95,0.283587
28,4,31,2081.08,0.244242
28,4,32,2026.25,0.200798
28,4,33,1967.96,0.158826
28,4,34,1907.55,0.123107
28,4,35,1846.4,0.0958187
28,4,36,1786.48,0.0765388
28,4,37,1730.55,0.0630624
28,4,38,1681.87,0.0528731
28,4,39,1643.15,0.044144
28,4,40,1614.98,0.0360889
28,4,41,1596.04,0.0285106
28,4,42,1583.65,0.0221046
28,4,43,1574.22,0.0169396
28,4,44,1564.38,0.0131089
28,4,45,1550.82,0.0104432
28,4,46,1529.9,0.00855568
28,4,47,1497.56,0.00705938
28,4,48,1450.67,0.00568142
28,4,49,1388.64,0.00433351
28,5,0,2827.55,0.488213
28,5,1,3000.43,0.566764
28,5,2,3111.95,0.617743
28,5,3,3177.28,0.64111
28,5,4,3212.81,0.644747
28,5,5,3231.75,0.640974
28,5,6,3242.78,0.642014
28,5,7,3250.37,0.65696
28,5,8,3257.16,0.69069
28,5,9,3265.63,0.743423
28,5,10,3278.3,0.811452
28,5,11,3295.91,0.887807
28,5,12,3316.98,0.963998
28,5,13,3336.13,1.02923
28,5,14,3345.65,1.07215
28,5,15,3337.69,1.08254
28,5,16,3306.27,1.05433
28,5,17,3248.16,0.987941
28,5,18,3163.48,0.891089
28,5,19,3055.77,0.777139
28,5,20,2931.88,0.661895
28,5,21,2800.74,0.558955
28,5,22,2672.26,0.477932
28,5,23,2555.21,0.421982
28,5,24,2455.58,0.38864
28,5,25,2375.07,0.371567
28,5,26,2311.94,0.362986
28,5,27,2261.1,0.355663
28,5,28,2216.4,0.34366
28,5,29,2172.12,0.322858
28,5,30,2124.74,0.29205
28,5,31,2073.11,0.25306
28,5,32,2017.53,0.210359
28,5,33,1959.29,0.169389
28,5,34,1899.58,0.134866
28,5,35,1839.73,0.108903
28,5,36,1781.71,0.0909269
28,5,37,1728.09,0.078474
28,5,38,1681.73,0.0686944
28,5,39,1644.81,0.0594714
28,5,40,1617.5,0.0499146
28,5,41,1598.57,0.0400093
28,5,42,1585.94,0.0307911
28,5,43,1576.84,0.0227988
28,5,44,1568.59,0.0164908
28,5,45,1557.99,0.0119217
28,5,46,1540.91,0.00877374
28,5,47,1512.33,0.00659737
28,5,48,1468.14,0.00498714
28,5,49,1407.07,0.00368634
28,6,0,2805.41,0.463427
28,6,1,2974.8,0.538586
28,6,2,3083.84,0.588795
28,6,3,3146.89,0.614007
28,6,4,3179.12,0.621156
28,6,5,3192.48,0.621245
28,6,6,3194.82,0.625451
28,6,7,3190.62,0.64237
28,6,8,3183.45,0.676883
28,6,9,3177.57,0.729499
28,6,10,3177.56,0.796831
28,6,11,3185.78,0.872143
28,6,12,3201.55,0.947256
28,6,13,3219.22,1.01174
28,6,14,3230.45,1.05502
28,6,15,3226.82,1.06795
28,6,16,3202.09,1.04518
28,6,17,3153.1,0.986987
28,6,18,3080.06,0.899694
28,6,19,2986.24,0.79458
28,6,20,2877.65,0.685414
28,6,21,2761.84,0.584732
28,6,22,2647,0.50223
28,6,23,2540.32,0.442039
28,6,24,2446.75,0.403062
28,6,25,2367.91,0.380357
28,6,26,2302.83,0.367087
28,6,27,2247.8,0.356439
28,6,28,2198.25,0.342608
28,6,29,2149.89,0.321478
28,6,30,2100.08,0.291793
28,6,31,2047.91,0.255242
28,6,32,1993.48,0.215987
28,6,33,1937.52,0.179006
28,6,34,1880.7,0.148545
28,6,35,1824.1,0.126296
28,6,36,1769.55,0.111268
28,6,37,1719.48,0.100617
28,6,38,1676.42,0.0911921
28,6,39,1642.14,0.080753
28,6,40,1616.49,0.0685694
28,6,41,1598.37,0.0551138
28,6,42,1586.24,0.0420031
28,6,43,1578.1,0.0304058
28,6,44,1571.82,0.0211782
28,6,45,1564.22,0.0145321
28,6,46,1550.66,0.0101023
28,6,47,1525.34,0.00725888
28,6,48,1483.34,0.00538215
28,6,49,1422.92,0.00401606
28,7,0,2769.18,0.428722
28,7,1,2934.26,0.499276
28,7,2,3040.25,0.547942
28,7,3,3100.79,0.57451
28,7,4,3130.07,0.584704
28,7,5,3139.05,0.587935
28,7,6,3134.8,0.594138
28,7,7,3121.51,0.611305
28,7,8,3103.05,0.644311
28,7,9,3084.63,0.694061
28,7,10,3072.35,0.75767
28,7,11,3070.06,0.828917
28,7,12,3078.31,0.900241
28,7,13,3092,0.96198
28,7,14,3102.9,1.00467
28,7,15,3102.62,1.02039
28,7,16,3084.87,1.00448
28,7,17,3046.39,0.956804
28,7,18,2986.98,0.882003
28,7,19,2909.04,0.788937
28,7,20,2817.17,0.689066
28,7,21,2717.16,0.593639
28,7,22,2615.39,0.512218
28,7,23,2517.67,0.449785
28,7,24,2428.28,0.406584
28,7,25,2349.1,0.379116
28,7,26,2280.23,0.361615
28,7,27,2219.59,0.347882
28,7,28,2164.4,0.332504
28,7,29,2111.94,0.311611
28,7,30,2060.47,0.284067
28,7,31,2009.28,0.25148
28,7,32,1958.02,0.217612
28,7,33,1906.57,0.186773
28,7,34,1854.82,0.162461
28,7,35,1803.33,0.145678
28,7,36,1753.7,0.134807
28,7,37,1708.25,0.126517
28,7,38,1669.29,0.117384
28,7,39,1638.34,0.105195
28,7,40,1615.06,0.0896102
28,7,41,1598.56,0.0718443
28,7,42,1587.72,0.0542899
28,7,43,1581.15,0.03884
28,7,44,1577.06,0.0267342
28,7,45,1572.23,0.018241
28,7,46,1561.56,0.0128101
28,7,47,1538.61,0.00950543
28,7,48,1497.94,0.00741419
28,7,49,1437.52,0.00586541
28,8,0,2726.74,0.390025
28,8,1,2887.44,0.455476
28,8,2,2990.39,0.502056
28,8,3,3048.76,0.529329
28,8,4,3076.1,0.541829
28,8,5,3082.8,0.547409
28,8,6,3075.34,0.554752
28,8,7,3057.34,0.571124
28,8,8,3032.19,0.601243
28,8,9,3004.97,0.64627
28,8,10,2982.23,0.703812
28,8,11,2968.83,0.768344
28,8,12,2966.83,0.833211
28,8,13,2972.63,0.889935
28,8,14,2979.29,0.930437
28,8,15,2979.25,0.94807
28,8,16,2966.55,0.938738
28,8,17,2937.58,0.901694
28,8,18,2891.31,0.839858
28,8,19,2828.65,0.759777
28,8,20,2752.38,0.670743
28,8,21,2666.46,0.582738
28,8,22,2575.67,0.504988
28,8,23,2484.8,0.443023
28,8,24,2397.83,0.398104
28,8,25,2317.08,0.367927
28,8,26,2243.78,0.347699
28,8,27,2177.43,0.33189
28,8,28,2117,0.315654
28,8,29,2061.27,0.295562
28,8,30,2009.43,0.270765
28,8,31,1960.85,0.242875
28,8,32,1914.58,0.215253
28,8,33,1869.5,0.191482
28,8,34,1824.56,0.174175
28,8,35,1779.68,0.163514
28,8,36,1736.15,0.157173
28,8,37,1696.15,0.151331
28,8,38,1661.89,0.142371
28,8,39,1634.8,0.128238
28,8,40,1614.5,0.109144
28,8,41,1600.29,0.0871604
28,8,42,1591.4,0.0655162
28,8,43,1586.86,0.0468029
28,8,44,1585.06,0.0325575
28,8,45,1582.65,0.0229774
28,8,46,1574.17,0.0171939
28,8,47,1552.74,0.0138537
28,8,48,1512.58,0.0116928
28,8,49,1451.57,0.00983552
28,9,0,2684.17,0.352897
28,9,1,2840.93,0.413275
28,9,2,2941.21,0.457308
28,9,3,2997.93,0.48441
28,9,4,3024.53,0.498233
28,9,5,3031.27,0.505413
28,9,6,3024.35,0.513553
28,9,7,3006.63,0.529083
28,9,8,2980.25,0.556253
28,9,9,2949.02,0.596089
28,9,10,2918.7,0.646448
28,9,11,2894.4,0.70251
28,9,12,2879.67,0.758744
28,9,13,2873.24,0.808224
28,9,14,2870.58,0.844519
28,9,15,2865.97,0.862279
28,9,16,2854.24,0.857828
28,9,17,2831.41,0.829723
28,9,18,2795.26,0.779333
28,9,19,2744.88,0.711269
28,9,20,2681.11,0.633073
28,9,21,2606.21,0.553637
28,9,22,2523.71,0.481683
28,9,23,2437.77,0.422892
28,9,24,2352.29,0.37908
28,9,25,2270.12,0.348715
28,9,26,2193.34,0.327745
28,9,27,2122.78,0.311267
28,9,28,2058.84,0.295079
28,9,29,2001.65,0.276296
28,9,30,1951.14,0.254467
28,9,31,1906.75,0.231268
28,9,32,1866.89,0.209685
28,9,33,1829.45,0.192597
28,9,34,1792.45,0.181733
28,9,35,1755.16,0.176485
28,9,36,1718.5,0.173925
28,9,37,1684.5,0.169912
28,9,38,1655.32,0.160823
28,9,39,1632.39,0.144901
28,9,40,1615.4,0.122955
28,9,41,1603.86,0.0978475
28,9,42,1597.3,0.0735059
28,9,43,1595,0.0530424
28,9,44,1595.42,0.0381252
28,9,45,1595.09,0.028739
28,9,46,1588.23,0.0235854
28,9,47,1567.72,0.0208178
28,9,48,1527.54,0.0187947
28,9,49,1465.57,0.0164766
28,10,0,2645.2,0.321757
28,10,1,2798.58,0.377377
28,10,2,2896.45,0.418349
28,10,3,2951.76,0.444134
28,10,4,2978.28,0.458019
28,10,5,2986.72,0.465991
28,10,6,2983.3,0.474897
28,10,7,2970.04,0.490277
28,10,8,2947.3,0.515544
28,10,9,2916.7,0.551063
28,10,10,2882.13,0.594515
28,10,11,2848.18,0.641597
28,10,12,2819.49,0.687952
28,10,13,2797.47,0.728434
28,10,14,2780.79,0.758487
28,10,15,2766.42,0.774118
28,10,16,2750.53,0.772063
28,10,17,2728.99,0.750272
28,10,18,2698.35,0.708859
28,10,19,2655.83,0.650968
28,10,20,2600.47,0.582804
28,10,21,2533.11,0.512324
28,10,22,2456.42,0.447576
28,10,23,2374.22,0.39401
28,10,24,2290.5,0.353569
28,10,25,2208.43,0.325127
28,10,26,2130.69,0.305182
28,10,27,2058.91,0.289406
28,10,28,1994.48,0.274242
28,10,29,1938.49,0.257345
28,10,30,1891.41,0.238628
28,10,31,1852.67,0.219758
28,10,32,1820.16,0.203312
28,10,33,1790.96,0.191481
28,10,34,1762.31,0.185211
28,10,35,1732.93,0.1833
28,10,36,1703.37,0.182549
28,10,37,1675.5,0.178884
28,10,38,1651.42,0.168999
28,10,39,1632.65,0.151592
28,10,40,1618.99,0.128008
28,10,41,1610.24,0.101641
28,10,42,1606.12,0.0767807
28,10,43,1606.11,0.0567423
28,10,44,1608.67,0.0430976
28,10,45,1610.18,0.0354822
28,10,46,1604.61,0.0320973
28,10,47,1584.64,0.0305727
28,10,48,1544.08,0.0288986
28,10,49,1480.83,0.0259401
28,11,0,2610.16,0.299406
28,11,1,2760.57,0.350737
28,11,2,2856.01,0.388161
28,11,3,2909.65,0.411436
28,11,4,2936.02,0.424046
28,11,5,2946.72,0.43193
28,11,6,2948.34,0.441536
28,11,7,2942.08,0.457538
28,11,8,2926.25,0.482229
28,11,9,2899.75,0.514853
28,11,10,2864,0.552482
28,11,11,2822.33,0.591013
28,11,12,2779.99,0.62713
28,11,13,2740.87,0.657473
28,11,14,2707.1,0.679485
28,11,15,2678.82,0.690659
28,11,16,2654.09,0.688346
28,11,17,2629,0.670201
28,11,18,2599.04,0.635482
28,11,19,2559.86,0.586233
28,11,20,2508.93,0.527535
28,11,21,2446.07,0.466355
28,11,22,2373.44,0.409811
28,11,23,2294.77,0.36279
28,11,24,2214.1,0.327099
28,11,25,2134.78,0.301851
28,11,26,2059.63,0.284072
28,11,27,1990.62,0.270053
28,11,28,1929.56,0.256852
28,11,29,1878.01,0.242555
28,11,30,1836.7,0.227244
28,11,31,1804.97,0.212334
28,11,32,1780.33,0.19983
28,11,33,1759.37,0.191208
28,11,34,1738.81,0.186791
28,11,35,1716.96,0.18513
28,11,36,1694.12,0.183274
28,11,37,1671.96,0.177763
28,11,38,1652.6,0.166029
28,11,39,1637.64,0.147376
28,11,40,1627.13,0.123526
28,11,41,1621.1,0.0980113
28,11,42,1619.5,0.0750213
28,11,43,1621.91,0.0576867
28,11,44,1626.7,0.0472417
28,11,45,1630.06,0.0428737
28,11,46,1625.66,0.0422666
28,11,47,1605.95,0.0425485
28,11,48,1564.61,0.0413828
28,11,49,1499.52,0.0376187
28,12,0,2576.92,0.287041
28,12,1,2724.74,0.334689
28,12,2,2817.68,0.368292
28,12,3,2869.3,0.38812
28,12,4,2895.09,0.398282
28,12,5,2907.9,0.405114
28,12,6,2914.93,0.414945
28,12,7,2916.64,0.431694
28,12,8,2909.3,0.456472
28,12,9,2888.95,0.487234
28,12,10,2854.31,0.520193
28,12,11,2807.1,0.551137
28,12,12,2752.66,0.577498
28,12,13,2696.88,0.597446
28,12,14,2645.16,0.610351
28,12,15,2600.88,0.6153
28,12,16,2564.28,0.610599
28,12,17,2532,0.594093
28,12,18,2498.82,0.564618
28,12,19,2459.21,0.523359
28,12,20,2409.5,0.474239
28,12,21,2348.91,0.422965
28,12,22,2279.37,0.375395
28,12,23,2204.68,0.335594
28,12,24,2128.93,0.305144
28,12,25,2055.39,0.283452
28,12,26,1986.68,0.268223
28,12,27,1924.64,0.256524
28,12,28,1870.97,0.246026
28,12,29,1827.17,0.235096
28,12,30,1793.9,0.223667
28,12,31,1770.32,0.212535
28,12,32,1753.67,0.202858
28,12,33,1740.35,0.195311
28,12,34,1726.9,0.18978
28,12,35,1711.5,0.184989
28,12,36,1694.32,0.178824
28,12,37,1676.95,0.16903
28,12,38,1661.53,0.154183
28,12,39,1649.87,0.1343
28,12,40,1642.24,0.111271
28,12,41,1638.96,0.0883423
28,12,42,1640.13,0.0691398
28,12,43,1645.35,0.0562487
28,12,44,1652.79,0.0503739
28,12,45,1658.27,0.0502168
28,12,46,1655.03,0.0529843
28,12,47,1635.2,0.0553729
28,12,48,1592.34,0.0547828
28,12,49,1524.34,0.0501189
28,13,0,2540.87,0.283706
28,13,1,2686.71,0.328474
28,13,2,2777.64,0.358504
28,13,3,2827.45,0.374666
28,13,4,2852.67,0.381836
28,13,5,2867.41,0.386848
28,13,6,2879.54,0.395987
28,13,7,2888.91,0.41257
28,13,8,2889.93,0.436729
28,13,9,2876.04,0.465379
28,13,10,2843.44,0.493989
28,13,11,2792.2,0.518108
28,13,12,2727.5,0.53559
28,13,13,2656.73,0.545682
28,13,14,2588.07,0.54936
28,13,15,2527.88,0.547286
28,13,16,2478.48,0.539022
28,13,17,2437.23,0.523108
28,13,18,2398.55,0.498371
28,13,19,2356.11,0.465279
28,13,20,2305.62,0.426433
28,13,21,2246.07,0.385914
28,13,22,2179.45,0.347994
28,13,23,2109.67,0.315733
28,13,24,2040.75,0.290504
28,13,25,1975.73,0.272173
28,13,26,1916.78,0.259356
28,13,27,1865.27,0.250096
28,13,28,1822.41,0.242723
28,13,29,1789.24,0.235759
28,13,30,1765.98,0.228673
28,13,31,1751.44,0.221268
28,13,32,1742.72,0.213554
28,13,33,1736.21,0.205306
28,13,34,1728.57,0.196164
28,13,35,1718.15,0.185426
28,13,36,1705.23,0.172331
28,13,37,1691.46,0.15629
28,13,38,1679.14,0.137294
28,13,39,1670.28,0.116082
28,13,40,1665.44,0.09449
28,13,41,1665.17,0.0751234
28,13,42,1669.71,0.0607004
28,13,43,1678.52,0.0530256
28,13,44,1689.38,0.0521902
28,13,45,1697.49,0.0564532
28,13,46,1695.47,0.0626424
28,13,47,1675.06,0.0671263
28,13,48,1629.61,0.0671137
28,13,49,1557.23,0.0616033
28,14,0,2497.94,0.287047
28,14,1,2643.11,0.329999
28,14,2,2733.56,0.357395
28,14,3,2783.03,0.370643
28,14,4,2808.74,0.375198
28,14,5,2825.75,0.378152
28,14,6,2842.44,0.385579
28,14,7,2858.21,0.400316
28,14,8,2866,0.42193
28,14,9,2857.24,0.446906
28,14,10,2826.15,0.470463
28,14,11,2771.44,0.488079
28,14,12,2698.04,0.497806
28,14,13,2614.48,0.499433
28,14,14,2531.16,0.494987
28,14,15,2456.84,0.486404
28,14,16,2395.61,0.474544
28,14,17,2345.46,0.458955
28,14,18,2300.61,0.438794
28,14,19,2254.4,0.413983
28,14,20,2202.35,0.385764
28,14,21,2143.53,0.356404
28,14,22,2080.15,0.328419
28,14,23,2016.24,0.303754
28,14,24,1955.61,0.283552
28,14,25,1900.94,0.268195
28,14,26,1853.86,0.257321
28,14,27,1815.13,0.250094
28,14,28,1785.28,0.245589
28,14,29,1764.6,0.242494
28,14,30,1752.66,0.239666
28,14,31,1747.75,0.235719
28,14,32,1746.75,0.229329
28,14,33,1746.19,0.219317
28,14,34,1743.08,0.205199
28,14,35,1736.17,0.187096
28,14,36,1726.11,0.165869
28,14,37,1714.85,0.142775
28,14,38,1704.91,0.119276
28,14,39,1698.57,0.0967359
28,14,40,1696.62,0.0767576
28,14,41,1699.85,0.0611093
28,14,42,1708.56,0.0514614
28,14,43,1721.93,0.0487747
28,14,44,1737.11,0.052564
28,14,45,1748.46,0.0607554
28,14,46,1747.77,0.0699258
28,14,47,1726.24,0.0762312
28,14,48,1677.09,0.076753
28,14,49,1598.69,0.0705845
28,15,0,2447.02,0.293895
28,15,1,2593.65,0.33631
28,15,2,2686.37,0.362642
28,15,3,2738.25,0.374637
28,15,4,2766.52,0.377919
28,15,5,2786.57,0.379346
28,15,6,2806.98,0.384457
28,15,7,2826.92,0.395653
28,15,8,2838.63,0.412403
28,15,9,2832.37,0.431524
28,15,10,2801.12,0.448718
28,15,11,2742.67,0.459809
28,15,12,2661.79,0.463012
28,15,13,2567.82,0.458192
28,15,14,2472.81,0.447747
28,15,15,2387.21,0.434307
28,15,16,2316.33,0.419713
28,15,17,2258.59,0.404515
28,15,18,2208.19,0.388407
28,15,19,2158.4,0.371033
28,15,20,2104.92,0.352534
28,15,21,2047.15,0.333543
28,15,22,1987.56,0.314927
28,15,23,1930.16,0.297487
28,15,24,1878.44,0.282002
28,15,25,1834.65,0.269205
28,15,26,1799.89,0.259626
28,15,27,1774.43,0.253525
28,15,28,1758.11,0.250819
28,15,29,1750.44,0.250505
28,15,30,1750.2,0.250953
28,15,31,1755,0.24968
28,15,32,1761.48,0.244076
28,15,33,1766.29,0.232049
28,15,34,1766.88,0.213042
28,15,35,1762.56,0.187993
28,15,36,1754.51,0.159308
28,15,37,1745.1,0.129929
28,15,38,1737.16,0.102588
28,15,39,1733.2,0.0790956
28,15,40,1734.3,0.0607325
28,15,41,1741.45,0.0484262
28,15,42,1754.94,0.0428726
28,15,43,1773.6,0.0442897
28,15,44,1793.78,0.0517472
28,15,45,1808.81,0.0629734
28,15,46,1809.48,0.0744185
28,15,47,1786.42,0.082127
28,15,48,1732.7,0.0831027
28,15,49,1647.04,0.0765116
28,16,0,2391.46,0.301133
28,16,1,2542.39,0.344327
28,16,2,2640.87,0.371461
28,16,3,2698.56,0.384357
28,16,4,2731.76,0.388344
28,16,5,2755.39,0.389538
28,16,6,2777.97,0.392596
28,16,7,2798.93,0.399445
28,16,8,2810.71,0.4098
28,16,9,2803.51,0.42145
28,16,10,2769.86,0.431268
28,16,11,2707.09,0.43594
28,16,12,2619.89,0.433974
28,16,13,2518.04,0.425019
28,16,14,2414.6,0.411194
28,16,15,2320.95,0.395096
28,16,16,2243.08,0.378937
28,16,17,2179.64,0.363966
28,16,18,2124.93,0.350496
28,16,19,2072.41,0.338275
28,16,20,2018.23,0.326909
28,16,21,1962.19,0.315963
28,16,22,1906.91,0.305032
28,16,23,1856.24,0.293824
28,16,24,1813.21,0.282507
28,16,25,1779.62,0.271774
28,16,26,1756.18,0.262667
28,16,27,1742.83,0.256339
28,16,28,1738.97,0.253606
28,16,29,1743.42,0.254021
28,16,30,1754.18,0.255832
28,16,31,1768.19,0.255857
28,16,32,1781.75,0.250504
28,16,33,1791.58,0.236936
28,16,34,1795.57,0.214478
28,16,35,1793.56,0.184631
28,16,36,1787.28,0.150923
28,16,37,1779.49,0.117501
28,16,38,1773.33,0.0879754
28,16,39,1771.56,0.0643967
28,16,40,1775.54,0.047739
28,16,41,1786.56,0.0382602
28,16,42,1804.87,0.0359184
28,16,43,1828.93,0.0403929
28,16,44,1854.21,0.0504724
28,16,45,1872.95,0.0637968
28,16,46,1874.95,0.0767756
28,16,47,1850.22,0.0854156
28,16,48,1791.7,0.0866884
28,16,49,1698.41,0.0798202
28,17,0,2338.72,0.30591
28,17,1,2497.07,0.350753
28,17,2,2604.7,0.380127
28,17,3,2671.04,0.395716
28,17,4,2710.57,0.402243
28,17,5,2737.12,0.404776
28,17,6,2759.16,0.406904
28,17,7,2777.09,0.410029
28,17,8,2784.66,0.41424
28,17,9,2773,0.418573
28,17,10,2734.94,0.421433
28,17,11,2667.68,0.420726
28,17,12,2575.71,0.41539
28,17,13,2468.85,0.404719
28,17,14,2360.41,0.390061
28,17,15,2262.02,0.3733
28,17,16,2179.83,0.356362
28,17,17,2112.67,0.340784
28,17,18,2055.09,0.327518
28,17,19,2001.03,0.316871
28,17,20,1947.15,0.308667
28,17,21,1893.67,0.302183
28,17,22,1843.19,0.296279
28,17,23,1799.14,0.28968
28,17,24,1764,0.281665
28,17,25,1739.14,0.272381
28,17,26,1725.02,0.262873
28,17,27,1721.47,0.254848
28,17,28,1727.7,0.249991
28,17,29,1742.08,0.248656
28,17,30,1762.02,0.249452
28,17,31,1783.89,0.249075
28,17,32,1803.69,0.243453
28,17,33,1818.18,0.229267
28,17,34,1825.58,0.205634
28,17,35,1826.07,0.17419
28,17,36,1821.74,0.138942
28,17,37,1815.57,0.104579
28,17,38,1810.91,0.0751137
28,17,39,1810.77,0.0526596
28,17,40,1816.89,0.0379875
28,17,41,1830.93,0.0309662
28,17,42,1853.22,0.0311244
28,17,43,1881.84,0.0378271
28,17,44,1911.48,0.0497132
28,17,45,1933.4,0.0643814
28,17,46,1936.51,0.0782344
28,17,47,1910.27,0.0872972
28,17,48,1847.44,0.0885738
28,17,49,1747.22,0.0813817
28,18,0,2298.49,0.306799
28,18,1,2466.91,0.353556
28,18,2,2585.85,0.385785
28,18,3,2661.89,0.40491
28,18,4,2707.14,0.414975
28,18,5,2734.19,0.420028
28,18,6,2751.8,0.422698
28,18,7,2762.18,0.42388
28,18,8,2761.37,0.423965
28,18,9,2742.31,0.423088
28,18,10,2698.61,0.421102
28,18,11,2627.49,0.417152
28,18,12,2532.98,0.410632
28,18,13,2424.38,0.400448
28,18,14,2314.49,0.386896
28,18,15,2214.51,0.370712
28,18,16,2130.51,0.353046
28,18,17,2061.47,0.335396
28,18,18,2002.48,0.31939
28,18,19,1948.1,0.306314
28,18,20,1895.65,0.296911
28,18,21,1845.59,0.290926
28,18,22,1800.36,0.28701
28,18,23,1762.78,0.283052
28,18,24,1734.69,0.277237
28,18,25,1717,0.268741
28,18,26,1709.98,0.25814
28,18,27,1713.47,0.247316
28,18,28,1726.7,0.238696
28,18,29,1747.87,0.233557
28,18,30,1774.08,0.231284
28,18,31,1801.47,0.229023
28,18,32,1825.91,0.222769
28,18,33,1844.22,0.209033
28,18,34,1854.82,0.186626
28,18,35,1857.95,0.156865
28,18,36,1855.71,0.12356
28,18,37,1851.01,0.0912737
28,18,38,1847.21,0.0639849
28,18,39,1847.59,0.0437748
28,18,40,1854.42,0.0313756
28,18,41,1869.82,0.0265798
28,18,42,1894.32,0.0287797
28,18,43,1925.77,0.0371992
28,18,44,1958.25,0.0503783
28,18,45,1982.25,0.0658413
28,18,46,1986.05,0.0799709
28,18,47,1958.66,0.0888654
28,18,48,1892.62,0.0896677
28,18,49,1787.14,0.0818832
28,19,0,2279.51,0.303843
28,19,1,2459.54,0.352255
28,19,2,2590,0.38709
28,19,3,2674.5,0.409455
28,19,4,2722.84,0.422855
28,19,5,2746.66,0.430673
28,19,6,2755.56,0.434973
28,19,7,2754.2,0.436318
28,19,8,2741.69,0.435256
28,19,9,2713.33,0.432584
28,19,10,2663.82,0.429126
28,19,11,2590.35,0.424927
28,19,12,2496.12,0.419658
28,19,13,2389.27,0.411795
28,19,14,2281.34,0.400483
28,19,15,2182.63,0.385173
28,19,16,2098.91,0.366077
28,19,17,2029.5,0.344572
28,19,18,1970.3,0.323052
28,19,19,1916.68,0.304114
28,19,20,1866.57,0.289885
28,19,21,1820.62,0.281077
28,19,22,1780.96,0.276487
28,19,23,1749.7,0.273323
28,19,24,1728.01,0.268615
28,19,25,1716.29,0.260362
28,19,26,1714.5,0.248379
28,19,27,1722.46,0.23442
28,19,28,1739.46,0.221453
28,19,29,1763.78,0.211627
28,19,30,1792.61,0.2053
28,19,31,1822.26,0.200438
28,19,32,1848.8,0.193519
28,19,33,1869.25,0.181139
28,19,34,1882.1,0.161746
28,19,35,1887.39,0.136009
28,19,36,1886.83,0.107039
28,19,37,1882.92,0.0788092
28,19,38,1878.9,0.0549841
28,19,39,1878.31,0.0376152
28,19,40,1883.99,0.0275661
28,19,41,1898.67,0.0248043
28,19,42,1923.13,0.0287837
28,19,43,1955.17,0.0386617
28,19,44,1988.48,0.0528388
28,19,45,2013.13,0.0686729
28,19,46,2017.02,0.0824913
28,19,47,1988.89,0.0905397
28,19,48,1921.05,0.0902515
28,19,49,1812.59,0.0814711
28,20,0,2286.08,0.298984
28,20,1,2477.59,0.348749
28,20,2,2617.72,0.385563
28,20,3,2707.6,0.410147
28,20,4,2755.32,0.425698
28,20,5,2772.07,0.435422
28,20,6,2768.74,0.441399
28,20,7,2752.79,0.444193
28,20,8,2726.67,0.444441
28,20,9,2688.38,0.443153
28,20,10,2633.85,0.441533
28,20,11,2560.12,0.44001
28,20,12,2469.12,0.4382
28,20,13,2367.24,0.434018
28,20,14,2264.22,0.425436
28,20,15,2169.03,0.410696
28,20,16,2087.13,0.389204
28,20,17,2018.41,0.362383
28,20,18,1959.77,0.333549
28,20,19,1907.57,0.306779
28,20,20,1860.3,0.285725
28,20,21,1818.72,0.272191
28,20,22,1784.59,0.265243
28,20,23,1759.39,0.261543
28,20,24,1743.64,0.257093
28,20,25,1737.11,0.248787
28,20,26,1739.3,0.235649
28,20,27,1749.73,0.219147
28,20,28,1767.7,0.202565
28,20,29,1791.73,0.188721
28,20,30,1819.44,0.178878
28,20,31,1847.73,0.171893
28,20,32,1873.27,0.164876
28,20,33,1893.43,0.154607
28,20,34,1906.72,0.139127
28,20,35,1912.79,0.118303
28,20,36,1912.69,0.0943382
28,20,37,1908.31,0.0704546
28,20,38,1902.64,0.0499643
28,20,39,1899.48,0.0350153
28,20,40,1902.22,0.0267697
28,20,41,1914.16,0.0255361
28,20,42,1936.38,0.0309174
28,20,43,1966.72,0.0419843
28,20,44,1998.76,0.0568873
28,20,45,2022.46,0.0726937
28,20,46,2025.71,0.0856278
28,20,47,1997.13,0.0921616
28,20,48,1928.91,0.0901764
28,20,49,1819.91,0.0800141
28,21,0,2317.07,0.295844
28,21,1,2518.22,0.347221
28,21,2,2664.73,0.385711
28,21,3,2756.18,0.41151
28,21,4,2799.81,0.427654
28,21,5,2806.89,0.43761
28,21,6,2789.71,0.444043
28,21,7,2758.42,0.447961
28,21,8,2718.69,0.450237
28,21,9,2671.17,0.451893
28,21,10,2613.07,0.454109
28,21,11,2541.14,0.45722
28,21,12,2455.79,0.460372
28,21,13,2361.23,0.460674
28,21,14,2264.98,0.45486
28,21,15,2174.57,0.440139
28,21,16,2095.13,0.415435
28,21,17,2027.36,0.382571
28,21,18,1969.36,0.345975
28,21,19,1918.57,0.311205
28,21,20,1873.98,0.283251
28,21,21,1836.39,0.264779
28,21,22,1807.24,0.255006
28,21,23,1787.5,0.250154
28,21,24,1777.1,0.245452
28,21,25,1775.13,0.237021
28,21,26,1780.4,0.223318
28,21,27,1791.88,0.205558
28,21,28,1808.75,0.187179
28,21,29,1829.8,0.171376
28,21,30,1853.34,0.160031
28,21,31,1877.17,0.152635
28,21,32,1898.78,0.146755
28,21,33,1916,0.139237
28,21,34,1927.39,0.12766
28,21,35,1932.15,0.111114
28,21,36,1930.65,0.0910023
28,21,37,1924.2,0.0699697
28,21,38,1915.5,0.0511807
28,21,39,1908.55,0.0371044
28,21,40,1907.15,0.0293471
28,21,41,1915,0.02863
28,21,42,1933.36,0.0346965
28,21,43,1960.17,0.046451
28,21,44,1989.12,0.0616671
28,21,45,2010.38,0.0770127
28,21,46,2012.15,0.0885689
28,21,47,1983.2,0.093093
28,21,48,1915.74,0.089022
28,21,49,1808.37,0.0772963
28,22,0,2367.83,0.298574
28,22,1,2575.45,0.352628
28,22,2,2724.35,0.393248
28,22,3,2813.76,0.419913
28,22,4,2850.85,0.435496
28,22,5,2847.39,0.443927
28,22,6,2816.87,0.448807
28,22,7,2771.6,0.451992
28,22,8,2720,0.454917
28,22,9,2665.01,0.458782
28,22,10,2605.02,0.464711
28,22,11,2536.46,0.472713
28,22,12,2458.16,0.481139
28,22,13,2371.99,0.486001
28,22,14,2283.17,0.48269
28,22,15,2197.68,0.467552
28,22,16,2120.43,0.439409
28,22,17,2053.05,0.400848
28,22,18,1994.95,0.357529
28,22,19,1944.7,0.316303
28,22,20,1901.76,0.28306
28,22,21,1866.97,0.260853
28,22,22,1841.54,0.248793
28,22,23,1826.07,0.242747
28,22,24,1820.03,0.237532
28,22,25,1821.81,0.228995
28,22,26,1829.39,0.215452
28,22,27,1841.06,0.198068
28,22,28,1855.74,0.180352
28,22,29,1872.45,0.165584
28,22,30,1890.21,0.155802
28,22,31,1907.75,0.150618
28,22,32,1923.4,0.147594
28,22,33,1935.46,0.143321
28,22,34,1942.56,0.134847
28,22,35,1943.65,0.120674
28,22,36,1938.69,0.101774
28,22,37,1928.59,0.0806518
28,22,38,1915.92,0.0607104
28,22,39,1904.73,0.0450128
28,22,40,1898.96,0.0357257
28,22,41,1902.36,0.0339831
28,22,42,1916.15,0.0396106
28,22,43,1938.31,0.0512596
28,22,44,1962.83,0.0662342
28,22,45,1980.42,0.0807338
28,22,46,1979.85,0.0906544
28,22,47,1950.38,0.0930332
28,22,48,1884.37,0.0868619
28,22,49,1780.3,0.0736725
28,23,0,2431.39,0.309696
28,23,1,2641.6,0.367896
28,23,2,2789.02,0.411691
28,23,3,2873.58,0.439714
28,23,4,2903.12,0.454546
28,23,5,2889.97,0.46048
28,23,6,2848.5,0.462017
28,23,7,2792.48,0.462035
28,23,8,2732.11,0.462877
28,23,9,2672.08,0.466354
28,23,10,2611.69,0.473867
28,23,11,2547.16,0.485187
28,23,12,2475.93,0.497753
28,23,13,2397.74,0.506299
28,23,14,2315.62,0.504835
28,23,15,2234.16,0.489027
28,23,16,2158.08,0.457919
28,23,17,2089.96,0.415104
28,23,18,2030.54,0.367405
28,23,19,1979.48,0.322576
28,23,20,1936.68,0.286795
28,23,21,1903.06,0.26294
28,23,22,1879.66,0.249733
28,23,23,1866.83,0.242796
28,23,24,1863.64,0.236946
28,23,25,1867.9,0.228339
28,23,26,1876.86,0.215665
28,23,27,1888.09,0.200342
28,23,28,1900.26,0.185935
28,23,29,1912.5,0.175511
28,23,30,1924.37,0.170721
28,23,31,1935.29,0.170624
28,23,32,1944.16,0.172151
28,23,33,1949.66,0.171242
28,23,34,1950.59,0.164383
28,23,35,1945.97,0.149813
28,23,36,1935.79,0.128611
28,23,37,1921.03,0.103723
28,23,38,1904.2,0.0792273
28,23,39,1889.31,0.059017
28,23,40,1880,0.0458726
28,23,41,1879.63,0.0412841
28,23,42,1889.1,0.0450842
28,23,43,1906.34,0.0556224
28,23,44,1925.76,0.0697161
28,23,45,1938.8,0.0830967
28,23,46,1935.17,0.0914416
28,23,47,1904.82,0.0919857
28,23,48,1840.51,0.0841456
28,23,49,1740.69,0.0699043
28,24,0,2501.13,0.328573
28,24,1,2710.07,0.392017
28,24,2,2852.76,0.440018
28,24,3,2930.73,0.470421
28,24,4,2952.84,0.48537
28,24,5,2932.04,0.489151
28,24,6,2883.15,0.486732
28,24,7,2820.48,0.481833
28,24,8,2755.04,0.477867
28,24,9,2692.41,0.47772
28,24,10,2632.53,0.483576
28,24,11,2571.56,0.495307
28,24,12,2506.01,0.509612
28,24,13,2434.02,0.520021
28,24,14,2356.87,0.519334
28,24,15,2277.98,0.50277
28,24,16,2201.92,0.469816
28,24,17,2132.08,0.425055
28,24,18,2070.32,0.376148
28,24,19,2017.27,0.331166
28,24,20,1973.23,0.29592
28,24,21,1939.14,0.272625
28,24,22,1915.94,0.259464
28,24,23,1903.77,0.252014
28,24,24,1901.47,0.245526
28,24,25,1906.45,0.23702
28,24,26,1915.46,0.226032
28,24,27,1925.63,0.214491
28,24,28,1935.38,0.205968
28,24,29,1943.88,0.20299
28,24,30,1950.85,0.206234
28,24,31,1955.97,0.21352
28,24,32,1958.33,0.220559
28,24,33,1956.79,0.222348
28,24,34,1950.4,0.214933
28,24,35,1938.72,0.196747
28,24,36,1922.29,0.169589
28,24,37,1902.57,0.137399
28,24,38,1882.21,0.105272
28,24,39,1864.9,0.078022
28,24,40,1853.64,0.058999
28,24,41,1850.95,0.0499497
28,24,42,1857.12,0.0506567
28,24,43,1869.95,0.0591851
28,24,44,1884.33,0.0719359
28,24,45,1892.61,0.0842294
28,24,46,1885.55,0.0914791
28,24,47,1854.02,0.090946
28,24,48,1791.35,0.0822194
28,24,49,1696.05,0.0674896
28,25,0,2571.54,0.351864
28,25,1,2776.02,0.420529
28,25,2,2911.79,0.472957
28,25,3,2982.43,0.506525
28,25,4,2998.07,0.522899
28,25,5,2972.19,0.525926
28,25,6,2919.59,0.520377
28,25,7,2854.32,0.510309
28,25,8,2787.14,0.500052
28,25,9,2723.76,0.493797
28,25,10,2664.45,0.494916
28,25,11,2605.54,0.503781
28,25,12,2543.28,0.516764
28,25,13,2474.94,0.526592
28,25,14,2400.67,0.525308
28,25,15,2323.14,0.508023
28,25,16,2246.67,0.474762
28,25,17,2175.15,0.430816
28,25,18,2111.14,0.3841
28,25,19,2055.89,0.342287
28,25,20,2009.98,0.310231
28,25,21,1974.28,0.289185
28,25,22,1949.65,0.276862
28,25,23,1936.12,0.269111
28,25,24,1932.41,0.262068
28,25,25,1935.9,0.254056
28,25,26,1943.23,0.245766
28,25,27,1951.41,0.23974
28,25,28,1958.74,0.239375
28,25,29,1964.27,0.246276
28,25,30,1967.54,0.259573
28,25,31,1967.95,0.275293
28,25,32,1964.42,0.287566
28,25,33,1955.79,0.290409
28,25,34,1941.58,0.279776
28,25,35,1922.25,0.254862
28,25,36,1899.35,0.218748
28,25,37,1875.15,0.176748
28,25,38,1852.48,0.135095
28,25,39,1834.49,0.0994112
28,25,40,1823.19,0.0734452
28,25,41,1819.99,0.0590729
28,25,42,1824.41,0.0560019
28,25,43,1834.05,0.0620991
28,25,44,1844.31,0.0734866
28,25,45,1848.44,0.0851628
28,25,46,1838.28,0.0922119
28,25,47,1805.67,0.0916781
28,25,48,1744.51,0.0829996
28,25,49,1653.47,0.0682879
28,26,0,2638.16,0.374194
28,26,1,2836.16,0.446637
28,26,2,2963.94,0.502476
28,26,3,3027.36,0.53912
28,26,4,3037.91,0.557899
28,26,5,3009.44,0.561918
28,26,6,2956.35,0.555094
28,26,7,2891.68,0.541174
28,26,8,2825.18,0.524953
28,26,9,2761.99,0.511784
28,26,10,2702.57,0.506339
28,26,11,2643.69,0.509788
28,26,12,2582.04,0.518704
28,26,13,2514.84,0.52565
28,26,14,2441.87,0.522576
28,26,15,2365.36,0.50487
28,26,16,2289.35,0.473062
28,26,17,2217.69,0.43267
28,26,18,2153.05,0.391143
28,26,19,2096.79,0.355051
28,26,20,2049.47,0.32786
28,26,21,2011.82,0.309814
28,26,22,1984.6,0.298443
28,26,23,1967.85,0.290313
28,26,24,1960.42,0.282858
28,26,25,1960.01,0.275969
28,26,26,1963.58,0.271537
28,26,27,1968.39,0.272551
28,26,28,1972.75,0.281869
28,26,29,1975.44,0.299743
28,26,30,1975.48,0.323337
28,26,31,1971.65,0.346635
28,26,32,1962.43,0.362231
28,26,33,1946.66,0.363507
28,26,34,1924.45,0.346891
28,26,35,1897.46,0.312913
28,26,36,1868.53,0.26631
28,26,37,1840.81,0.21386
28,26,38,1817.23,0.162739
28,26,39,1800.27,0.119035
28,26,40,1790.73,0.0866159
28,26,41,1788.88,0.0673401
28,26,42,1793.41,0.0608552
28,26,43,1801.74,0.0649658
28,26,44,1809.72,0.0756841
28,26,45,1811.34,0.0877672
28,26,46,1799.37,0.0958721
28,26,47,1766.4,0.0965441
28,26,48,1706.85,0.0887432
28,26,49,1619.47,0.074256
28,27,0,2697.48,0.390212
28,27,1,2888.35,0.463892
28,27,2,3008.26,0.520987
28,27,3,3065.31,0.559465
28,27,4,3072.25,0.580607
28,27,5,3043.19,0.586749
28,27,6,2991.78,0.580572
28,27,7,2929.64,0.564967
28,27,8,2864.94,0.544598
28,27,9,2801.99,0.525512
28,27,10,2741.33,0.513439
28,27,11,2680.49,0.510427
28,27,12,2617.23,0.513732
28,27,13,2549.45,0.51644
28,27,14,2477.22,0.511088
28,27,15,2402.64,0.49368
28,27,16,2329.25,0.465107
28,27,17,2260.31,0.430567
28,27,18,2197.9,0.396369
28,27,19,2142.94,0.367439
28,27,20,2095.62,0.345662
28,27,21,2056.47,0.330434
28,27,22,2026.2,0.319531
28,27,23,2005,0.310698
28,27,24,1992.1,0.302991
28,27,25,1985.77,0.297907
28,27,26,1983.65,0.298303
28,27,27,1983.45,0.307201
28,27,28,1983.57,0.326439
28,27,29,1982.52,0.354567
28,27,30,1978.61,0.38665
28,27,31,1969.87,0.414817
28,27,32,1954.35,0.43061
28,27,33,1931,0.427416
28,27,34,1900.7,0.40276
28,27,35,1866.38,0.358908
28,27,36,1832.15,0.302299
28,27,37,1801.93,0.24091
28,27,38,1778.63,0.182412
28,27,39,1763.95,0.13289
28,27,40,1757.57,0.0960099
28,27,41,1758.69,0.0734986
28,27,42,1765.32,0.0649975
28,27,43,1774.71,0.0684009
28,27,44,1782.98,0.0797643
28,27,45,1784.65,0.0936493
28,27,46,1773,0.104173
28,27,47,1741.08,0.10712
28,27,48,1683.52,0.100718
28,27,49,1599.08,0.0862854
28,28,0,2746.28,0.39597
28,28,1,2930.76,0.468015
28,28,2,3044.02,0.523689
28,28,3,3096.08,0.561858
28,28,4,3100.76,0.584095
28,28,5,3072.32,0.592226
28,28,6,3023.51,0.587753
28,28,7,2964.34,0.572485
28,28,8,2901.36,0.550456
28,28,9,2838,0.527775
28,28,10,2774.98,0.510727
28,28,11,2710.86,0.502067
28,28,12,2644.86,0.499986
28,28,13,2576.09,0.4986
28,28,14,2505.29,0.491516
28,28,15,2434.53,0.475522
28,28,16,2366.63,0.451682
28,28,17,2303.73,0.424443
28,28,18,2246.78,0.398555
28,28,19,2195.8,0.377069
28,28,20,2150.44,0.360341
28,28,21,2111,0.347201
28,28,22,2078.23,0.33607
28,28,23,2052.56,0.326211
28,28,24,2033.69,0.318443
28,28,25,2020.5,0.315666
28,28,26,2011.35,0.321251
28,28,27,2004.5,0.337707
28,28,28,1998.54,0.36542
28,28,29,1991.76,0.401105
28,28,30,1981.96,0.437994
28,28,31,1966.6,0.466983
28,28,32,1943.5,0.479379
28,28,33,1911.88,0.469338
28,28,34,1873.44,0.435959
28,28,35,1832.25,0.383319
28,28,36,1793.44,0.319213
28,28,37,1761.42,0.252267
28,28,38,1738.98,0.190053
28,28,39,1727.14,0.13818
28,28,40,1724.7,0.0998564
28,28,41,1730.08,0.0766243
28,28,42,1740.75,0.0682013
28,28,43,1753.76,0.0727011
28,28,44,1765.34,0.0863239
28,28,45,1770.14,0.103439
28,28,46,1761.52,0.117529
28,28,47,1732.47,0.123444
28,28,48,1677.48,0.118553
28,28,49,1595.18,0.103696
28,29,0,2781.64,0.390124
28,29,1,2961.59,0.458122
28,29,2,3070.29,0.509913
28,29,3,3119.12,0.545295
28,29,4,3122.71,0.566394
28,29,5,3095.32,0.574998
28,29,6,3048.85,0.571902
28,29,7,2991.9,0.558026
28,29,8,2929.64,0.536546
28,29,9,2864.89,0.513089
28,29,10,2798.79,0.493892
28,29,11,2731.07,0.482061
28,29,12,2662.61,0.476656
28,29,13,2593.82,0.472955
28,29,14,2526.19,0.465734
28,29,15,2461.59,0.452504
28,29,16,2401.8,0.434299
28,29,17,2347.58,0.41465
28,29,18,2298.49,0.396744
28,29,19,2253.61,0.381933
28,29,20,2212.09,0.369359
28,29,21,2174.12,0.357573
28,29,22,2140.54,0.345847
28,29,23,2111.97,0.334998
28,29,24,2088.32,0.327456
28,29,25,2068.82,0.327094
28,29,26,2052.32,0.337271
28,29,27,2037.59,0.359529
28,29,28,2023.55,0.39263
28,29,29,2008.66,0.431698
28,29,30,1990.57,0.468792
28,29,31,1966.61,0.494477
28,29,32,1934.68,0.500714
28,29,33,1894.39,0.483015
28,29,34,1848.09,0.442162
28,29,35,1800.66,0.383672
28,29,36,1757.84,0.316022
28,29,37,1724.27,0.247792
28,29,38,1702.58,0.185918
28,29,39,1693.39,0.135242
28,29,40,1694.97,0.0984371
28,29,41,1705.3,0.0769084
28,29,42,1721.5,0.0705521
28,29,43,1740.4,0.0777783
28,29,44,1758.06,0.0949636
28,29,45,1768.87,0.116262
28,29,46,1765.78,0.134486
28,29,47,1741.26,0.143506
28,29,48,1689.31,0.13986
28,29,49,1608.27,0.124013
28,30,0,2802.07,0.374206
28,30,1,2979.99,0.43676
28,30,2,3086.66,0.483019
28,30,3,3134.18,0.513445
28,30,4,3137.58,0.530832
28,30,5,3111.03,0.537457
28,30,6,3065.77,0.534147
28,30,7,3009.45,0.521467
28,30,8,2946.43,0.501851
28,30,9,2879.32,0.480125
28,30,10,2809.96,0.461974
28,30,11,2739.34,0.45042
28,30,12,2669.88,0.445041
28,30,13,2603.12,0.442024
28,30,14,2540.9,0.437008
28,30,15,2484.53,0.427917
28,30,16,2434.51,0.415578
28,30,17,2390.13,0.402696
28,30,18,2349.75,0.391296
28,30,19,2311.85,0.381606
28,30,20,2275.47,0.372079
28,30,21,2240.9,0.361253
28,30,22,2209.07,0.349201
28,30,23,2180.49,0.337981
28,30,24,2154.81,0.331144
28,30,25,2131.05,0.332944
28,30,26,2108.1,0.346258
28,30,27,2085.15,0.371456
28,30,28,2061.69,0.405911
28,30,29,2036.82,0.443786
28,30,30,2008.7,0.47689
28,30,31,1975.01,0.496398
28,30,32,1933.97,0.495584
28,30,33,1885.5,0.47149
28,30,34,1832.32,0.426201
28,30,35,1779.62,0.365921
28,30,36,1733.3,0.298965
28,30,37,1698,0.23324
28,30,38,1676.31,0.174762
28,30,39,1668.78,0.127613
28,30,40,1673.59,0.0940864
28,30,41,1688.67,0.0756047
28,30,42,1710.97,0.0723369
28,30,43,1737.05,0.0829932
28,30,44,1762.55,0.104091
28,30,45,1781.25,0.129555
28,30,46,1785.28,0.151598
28,30,47,1766.22,0.163238
28,30,48,1717.28,0.160352
28,30,49,1636.43,0.143182
28,31,0,2808.37,0.351752
28,31,1,2986.88,0.40867
28,31,2,3094.06,0.448901
28,31,3,3142.08,0.473113
28,31,4,3145.95,0.484702
28,31,5,3119.66,0.486841
28,31,6,3074.13,0.481138
28,31,7,3016.61,0.468473
28,31,8,2951.28,0.450907
28,31,9,2881.09,0.432439
28,31,10,2808.74,0.417915
28,31,11,2736.54,0.409927
28,31,12,2668.11,0.408128
28,31,13,2605.64,0.40912
28,31,14,2550.81,0.408838
28,31,15,2503.88,0.405137
28,31,16,2463.95,0.398428
28,31,17,2429,0.390817
28,31,18,2396.72,0.383813
28,31,19,2365.58,0.377333
28,31,20,2335.01,0.369833
28,31,21,2305.68,0.36009
28,31,22,2278.49,0.348737
28,31,23,2253.43,0.338455
28,31,24,2229.24,0.333162
28,31,25,2204.06,0.336798
28,31,26,2176.42,0.351421
28,31,27,2145.82,0.376347
28,31,28,2112.69,0.408172
28,31,29,2077.32,0.441
28,31,30,2038.95,0.467362
28,31,31,1996.02,0.479774
28,31,32,1947.15,0.473054
28,31,33,1892.33,0.445487
28,31,34,1834.21,0.399701
28,31,35,1777.73,0.341654
28,31,36,1728.57,0.278718
28,31,37,1691.19,0.217731
28,31,38,1668.3,0.163823
28,31,39,1660.75,0.120612
28,31,40,1667.05,0.0903564
28,31,41,1685.46,0.0747157
28,31,42,1712.98,0.0742084
28,31,43,1745.96,0.0877928
28,31,44,1779.45,0.112054
28,31,45,1806.37,0.140707
28,31,46,1817.74,0.165519
28,31,47,1804,0.178888
28,31,48,1757.5,0.17627
28,31,49,1675.7,0.157809
28,32,0,2802.89,0.326899
28,32,1,2984.2,0.379036
28,32,2,3094.02,0.413903
28,32,3,3143.99,0.43185
28,32,4,3148.78,0.43662
28,32,5,3122.16,0.432449
28,32,6,3075.02,0.42227
28,32,7,3014.74,0.407893
28,32,8,2945.95,0.391496
28,32,9,2872.31,0.376483
28,32,10,2797.56,0.366852
28,32,11,2725.17,0.364621
28,32,12,2659.57,0.369171
28,32,13,2603.12,0.377021
28,32,14,2556.8,0.383782
28,32,15,2519.49,0.386684
28,32,16,2488.89,0.385436
28,32,17,2462.02,0.381704
28,32,18,2436.46,0.377088
28,32,19,2411.29,0.372037
28,32,20,2386.81,0.365744
28,32,21,2364.26,0.357514
28,32,22,2344.33,0.348254
28,32,23,2326.01,0.340548
28,32,24,2306.54,0.337801
28,32,25,2282.67,0.342977
28,32,26,2252.32,0.357149
28,32,27,2215.36,0.378967
28,32,28,2173.47,0.405108
28,32,29,2128.65,0.430583
28,32,30,2081.62,0.449451
28,32,31,2031.76,0.45592
28,32,32,1977.95,0.44613
28,32,33,1919.91,0.418925
28,32,34,1859.71,0.376537
28,32,35,1801.61,0.323801
28,32,36,1750.69,0.266613
28,32,37,1711.11,0.210665
28,32,38,1685.79,0.160527
28,32,39,1676.13,0.119835
28,32,40,1681.36,0.0912393
28,32,41,1700.47,0.0768584
28,32,42,1730.85,0.0775873
28,32,43,1768.75,0.0925429
28,32,44,1808.66,0.118299
28,32,45,1842.51,0.148428
28,32,46,1860.09,0.174456
28,32,47,1850.59,0.188449
28,32,48,1805.41,0.185672
28,32,49,1721.53,0.166235
28,33,0,2788.87,0.303662
28,33,1,2974.43,0.352673
28,33,2,3088.28,0.383859
28,33,3,3141.14,0.39677
28,33,4,3147.09,0.3951
28,33,5,3119.74,0.384015
28,33,6,3070.18,0.367975
28,33,7,3006.34,0.350123
28,33,8,2933.66,0.333229
28,33,9,2856.74,0.320505
28,33,10,2780.34,0.315333
28,33,11,2708.83,0.319264
28,33,12,2647.09,0.331299
28,33,13,2597.24,0.34758
28,33,14,2559.3,0.362931
28,33,15,2530.76,0.373476
28,33,16,2508.06,0.377871
28,33,17,2487.68,0.377302
28,33,18,2467.49,0.373817
28,33,19,2447.61,0.369032
28,33,20,2429.47,0.363502
28,33,21,2414.88,0.357378
28,33,22,2404.11,0.351631
28,33,23,2394.78,0.348113
28,33,24,2382.24,0.34891
28,33,25,2361.67,0.355472
28,33,26,2330.36,0.36785
28,33,27,2288.69,0.384545
28,33,28,2239.88,0.403191
28,33,29,2187.86,0.420551
28,33,30,2135.06,0.432726
28,33,31,2081.73,0.435621
28,33,32,2026.8,0.426166
28,33,33,1969.34,0.402952
28,33,34,1910.47,0.366938
28,33,35,1853.37,0.32121
28,33,36,1802.25,0.269959
28,33,37,1760.8,0.217909
28,33,38,1732.11,0.169522
28,33,39,1718.28,0.128952
28,33,40,1719.55,0.0996236
28,33,41,1736.01,0.0842803
28,33,42,1765.86,0.0841864
28,33,43,1805.57,0.0985334
28,33,44,1849.17,0.123833
28,33,45,1887.64,0.153601
28,33,46,1909.46,0.179312
28,33,47,1902.55,0.192933
28,33,48,1857.37,0.18968
28,33,49,1770.35,0.169616
28,34,0,2768.85,0.285349
28,34,1,2959.08,0.333329
28,34,2,3077.37,0.363155
28,34,3,3133.38,0.373207
28,34,4,3140.56,0.366674
28,34,5,3112.39,0.349287
28,34,6,3060.37,0.326909
28,34,7,2993.17,0.304164
28,34,8,2917.16,0.28479
28,34,9,2837.86,0.272251
28,34,10,2760.77,0.269704
28,34,11,2690.86,0.278513
28,34,12,2633.07,0.297437
28,34,13,2589.2,0.322212
28,34,14,2558.37,0.346693
28,34,15,2536.9,0.365593
28,34,16,2520.38,0.376168
28,34,17,2505.02,0.378878
28,34,18,2489.25,0.376241
28,34,19,2474.3,0.371327
28,34,20,2462.75,0.366456
28,34,21,2456.83,0.362917
28,34,22,2456.16,0.361685
28,34,23,2456.76,0.363477
28,34,24,2452.08,0.368499
28,34,25,2435.9,0.376334
28,34,26,2405.03,0.386054
28,34,27,2360.56,0.396485
28,34,28,2307.34,0.406908
28,34,29,2251.17,0.416406
28,34,30,2196.09,0.423341
28,34,31,2143.05,0.425103
28,34,32,2090.77,0.41883
28,34,33,2037.44,0.402153
28,34,34,1983.02,0.374175
28,34,35,1929.43,0.335934
28,34,36,1879.8,0.289971
28,34,37,1837.16,0.240334
28,34,38,1804.66,0.191788
28,34,39,1785.14,0.149341
28,34,40,1779.98,0.117385
28,34,41,1790.77,0.0993322
28,34,42,1816.88,0.0967465
28,34,43,1855.3,0.108829
28,34,44,1899.79,0.132016
28,34,45,1940.42,0.159876
28,34,46,1964.38,0.183969
28,34,47,1958.32,0.196315
28,34,48,1911.73,0.192131
28,34,49,1820.54,0.17139
28,35,0,2744.69,0.275885
28,35,1,2938.96,0.325218
28,35,2,3061.13,0.356253
28,35,3,3119.82,0.365984
28,35,4,3127.97,0.356687
28,35,5,3099.1,0.334219
28,35,6,3045.16,0.305539
28,35,7,2975.63,0.276738
28,35,8,2897.73,0.252783
28,35,9,2817.6,0.237814
28,35,10,2741.1,0.235171
28,35,11,2673.36,0.246346
28,35,12,2619.11,0.270101
28,35,13,2579.78,0.30192
28,35,14,2553.96,0.334776
28,35,15,2537.26,0.361935
28,35,16,2524.93,0.379055
28,35,17,2513.2,0.385588
28,35,18,2501.17,0.384273
28,35,19,2491.09,0.379554
28,35,20,2486.39,0.375582
28,35,21,2489.45,0.374953
28,35,22,2499.03,0.37869
28,35,23,2509.54,0.386264
28,35,24,2512.8,0.395772
28,35,25,2501.55,0.404828
28,35,26,2472.45,0.411599
28,35,27,2427.4,0.41554
28,35,28,2372.67,0.417919
28,35,29,2315.69,0.420353
28,35,30,2261.76,0.423427
28,35,31,2212.27,0.425745
28,35,32,2165.57,0.424246
28,35,33,2118.99,0.415223
28,35,34,2071.25,0.395724
28,35,35,2023.01,0.364775
28,35,36,1976.2,0.323487
28,35,37,1933.15,0.275514
28,35,38,1896.95,0.226131
28,35,39,1871.12,0.181269
28,35,40,1858.29,0.146226
28,35,41,1861.66,0.124952
28,35,42,1882.01,0.119167
28,35,43,1917.05,0.128029
28,35,44,1960.41,0.147936
28,35,45,2001.26,0.172627
28,35,46,2025.51,0.193881
28,35,47,2018.64,0.203872
28,35,48,1969.2,0.197838
28,35,49,1872.69,0.175652
28,36,0,2717.89,0.279739
28,36,1,2914.83,0.332977
28,36,2,3039.62,0.36768
28,36,3,3100.02,0.379392
28,36,4,3108.66,0.369253
28,36,5,3079.2,0.342894
28,36,6,3024.15,0.308052
28,36,7,2953.72,0.272203
28,36,8,2875.79,0.24171
28,36,9,2796.8,0.221727
28,36,10,2722.53,0.216103
28,36,11,2657.8,0.226666
28,36,12,2606.82,0.252376
28,36,13,2570.67,0.288646
28,36,14,2547.66,0.327818
28,36,15,2533.25,0.361919
28,36,16,2522.84,0.385084
28,36,17,2513.08,0.395595
28,36,18,2503.83,0.396093
28,36,19,2498.17,0.392057
28,36,20,2500.1,0.389261
28,36,21,2511.8,0.391596
28,36,22,2531.05,0.400232
28,36,23,2550.83,0.413517
28,36,24,2561.75,0.427541
28,36,25,2555.97,0.438062
28,36,26,2530.27,0.44241
28,36,27,2487.33,0.440741
28,36,28,2434.46,0.436246
28,36,29,2380.17,0.432925
28,36,30,2330.51,0.43332
28,36,31,2287.05,0.437012
28,36,32,2247.76,0.44058
28,36,33,2209.22,0.438984
28,36,34,2169.09,0.427401
28,36,35,2126.91,0.403161
28,36,36,2083.52,0.366284
28,36,37,2040.58,0.320249
28,36,38,2001.18,0.270855
28,36,39,1969.48,0.224762
28,36,40,1949.32,0.187862
28,36,41,1945.39,0.164323
28,36,42,1959.86,0.155767
28,36,43,1991.13,0.161216
28,36,44,2032.61,0.177071
28,36,45,2072.6,0.197399
28,36,46,2095.8,0.214358
28,36,47,2086.6,0.220423
28,36,48,2032.78,0.210921
28,36,49,1929.5,0.185696
28,37,0,2690.18,0.301833
28,37,1,2888.24,0.361603
28,37,2,3014.19,0.401987
28,37,3,3075.18,0.417186
28,37,4,3083.68,0.40725
28,37,5,3053.63,0.377489
28,37,6,2998.11,0.336239
28,37,7,2927.98,0.292299
28,37,8,2851.68,0.253514
28,37,9,2775.74,0.226258
28,37,10,2705.54,0.215052
28,37,11,2645.19,0.222078
28,37,12,2598.04,0.246528
28,37,13,2564.59,0.283836
28,37,14,2542.93,0.326039
28,37,15,2528.71,0.364342
28,37,16,2517.92,0.39174
28,37,17,2508.03,0.405443
28,37,18,2499.86,0.407763
28,37,19,2497.28,0.404773
28,37,20,2504.64,0.40343
28,37,21,2523.77,0.408709
28,37,22,2551.43,0.421984
28,37,23,2579.46,0.440742
28,37,24,2597.7,0.459429
28,37,25,2598.13,0.472254
28,37,26,2577.83,0.475806
28,37,27,2540.09,0.4708
28,37,28,2492.74,0.461923
28,37,29,2444.68,0.455041
28,37,30,2402.1,0.454174
28,37,31,2366.48,0.459636
28,37,32,2335.48,0.467714
28,37,33,2305.17,0.472353
28,37,34,2272.46,0.467378
28,37,35,2236.02,0.448963
28,37,36,2195.91,0.41648
28,37,37,2153.43,0.373411
28,37,38,2111.78,0.325952
28,37,39,2075.75,0.281103
28,37,40,2050.19,0.24482
28,37,41,2040.99,0.220992
28,37,42,2051.3,0.210762
28,37,43,2079.94,0.212876
28,37,44,2119.98,0.22382
28,37,45,2158.8,0.238213
28,37,46,2180.01,0.248871
28,37,47,2167.12,0.248824
28,37,48,2107.29,0.233628
28,37,49,1995.46,0.203221
28,38,0,2664.9,0.344948
28,38,1,2862.97,0.413657
28,38,2,2989.01,0.461026
28,38,3,3049.76,0.480158
28,38,4,3057.67,0.470342
28,38,5,3026.96,0.436759
28,38,6,2971.21,0.388363
28,38,7,2901.96,0.335255
28,38,8,2828.19,0.286753
28,38,9,2756.56,0.250482
28,38,10,2692.01,0.23162
28,38,11,2637.7,0.232543
28,38,12,2595.76,0.252547
28,38,13,2565.7,0.287089
28,38,14,2545.1,0.328226
28,38,15,2529.84,0.366903
28,38,16,2516.67,0.395591
28,38,17,2504.29,0.410785
28,38,18,2494.75,0.4144
28,38,19,2492.87,0.412662
28,38,20,2503.37,0.41315
28,38,21,2527.75,0.421531
28,38,22,2561.94,0.439335
28,38,23,2596.94,0.4635
28,38,24,2622.22,0.487364
28,38,25,2629.85,0.504079
28,38,26,2617.18,0.509674
28,38,27,2587.84,0.505166
28,38,28,2549.56,0.496045
28,38,29,2510.93,0.489214
28,38,30,2477.71,0.489454
28,38,31,2451.07,0.497473
28,38,32,2428.42,0.509385
28,38,33,2405.68,0.518611
28,38,34,2379.35,0.518336
28,38,35,2347.68,0.504312
28,38,36,2310.36,0.475855
28,38,37,2268.71,0.436701
28,38,38,2226.28,0.393331
28,38,39,2188.46,0.352621
28,38,40,2160.74,0.319931
28,38,41,2149.69,0.29821
28,38,42,2158.89,0.287611
28,38,43,2187.15,0.286387
28,38,44,2227.01,0.291194
28,38,45,2264.97,0.297515
28,38,46,2283.75,0.299244
28,38,47,2266.15,0.290325
28,38,48,2198.83,0.26678
28,38,49,2076.54,0.228769
28,39,0,2645.94,0.408568
28,39,1,2843.89,0.488047
28,39,2,2969.9,0.542745
28,39,3,3030.42,0.565004
28,39,4,3037.83,0.553931
28,39,5,3006.53,0.515066
28,39,6,2950.49,0.458235
28,39,7,2881.91,0.394873
28,39,8,2810.5,0.335669
28,39,9,2743.39,0.28934
28,39,10,2685.32,0.261509
28,39,11,2638.47,0.25445
28,39,12,2603.5,0.267317
28,39,13,2578.44,0.295525
28,39,14,2559.89,0.331464
28,39,15,2543.64,0.366395
28,39,16,2527.17,0.393004
28,39,17,2510.49,0.407586
28,39,18,2497.12,0.411761
28,39,19,2493.07,0.411563
28,39,20,2503.63,0.414625
28,39,21,2530.25,0.426809
28,39,22,2568.38,0.449643
28,39,23,2608.63,0.479774
28,39,24,2640.36,0.510029
28,39,25,2655.86,0.533101
28,39,26,2652.64,0.54474
28,39,27,2634.22,0.545985
28,39,28,2607.66,0.542332
28,39,29,2580.68,0.540696
28,39,30,2558.15,0.545717
28,39,31,2540.83,0.558006
28,39,32,2526.07,0.573551
28,39,33,2509.86,0.585742
28,39,34,2488.74,0.587898
28,39,35,2460.97,0.576178
28,39,36,2426.32,0.550553
28,39,37,2386.53,0.515371
28,39,38,2345.66,0.477373
28,39,39,2309.51,0.442912
28,39,40,2283.79,0.416094
28,39,41,2275.07,0.398254
28,39,42,2286.75,0.388028
28,39,43,2317.26,0.382949
28,39,44,2358.52,0.379952
28,39,45,2396.32,0.375737
28,39,46,2412.69,0.365715
28,39,47,2389.91,0.345116
28,39,48,2314.1,0.310622
28,39,49,2179.63,0.262683
28,40,0,2636.15,0.487485
28,40,1,2834.99,0.578577
28,40,2,2961.99,0.63992
28,40,3,3023.32,0.663452
28,40,4,3031.17,0.648794
28,40,5,2999.84,0.602526
28,40,6,2943.51,0.535759
28,40,7,2874.98,0.461317
28,40,8,2804.94,0.391048
28,40,9,2741.42,0.334423
28,40,10,2689.45,0.297163
28,40,11,2650.5,0.28109
28,40,12,2623.73,0.284975
28,40,13,2605.33,0.304151
28,40,14,2590.52,0.331595
28,40,15,2574.6,0.359407
28,40,16,2555.4,0.381136
28,40,17,2534.04,0.39341
28,40,18,2515.43,0.397745
28,40,19,2506.84,0.399762
28,40,20,2514.34,0.406652
28,40,21,2539.79,0.42396
28,40,22,2578.68,0.452956
28,40,23,2621.73,0.490163
28,40,24,2658.56,0.528457
28,40,25,2681.67,0.560725
28,40,26,2688.48,0.582839
28,40,27,2681.98,0.595685
28,40,28,2668.12,0.604016
28,40,29,2653.34,0.613708
28,40,30,2641.52,0.62825
28,40,31,2633,0.647523
28,40,32,2625.23,0.667284
28,40,33,2614.58,0.68126
28,40,34,2597.91,0.68359
28,40,35,2573.84,0.671644
28,40,36,2542.59,0.646764
28,40,37,2506.54,0.614334
28,40,38,2470.21,0.581432
28,40,39,2439.56,0.553651
28,40,40,2419.97,0.533367
28,40,41,2417.49,0.519811
28,40,42,2434.85,0.509744
28,40,43,2469.93,0.499856
28,40,44,2514.11,0.487476
28,40,45,2552.71,0.470766
28,40,46,2567.33,0.446922
28,40,47,2539.8,0.412612
28,40,48,2455.53,0.365221
28,40,49,2308.09,0.305451
28,41,0,2638.35,0.573029
28,41,1,2839.81,0.675517
28,41,2,2969.55,0.742044
28,41,3,3033.41,0.764421
28,41,4,3043.21,0.743448
28,41,5,3012.93,0.687486
28,41,6,2956.64,0.609431
28,41,7,2887.63,0.523566
28,41,8,2817.65,0.442603
28,41,9,2756.06,0.376285
28,41,10,2708.62,0.329996
28,41,11,2676.58,0.304802
28,41,12,2657.9,0.298937
28,41,13,2646.99,0.307698
28,41,14,2637.52,0.324863
28,41,15,2624,0.343732
28,41,16,2604.13,0.359137
28,41,17,2579.58,0.368438
28,41,18,2556.15,0.373245
28,41,19,2542.05,0.378681
28,41,20,2544.22,0.391185
28,41,21,2565.29,0.415589
28,41,22,2601.45,0.452644
28,41,23,2644.2,0.498831
28,41,24,2683.75,0.547498
28,41,25,2712.86,0.592273
28,41,26,2728.63,0.629517
28,41,27,2733.15,0.659823
28,41,28,2730.97,0.686553
28,41,29,2727.21,0.71359
28,41,30,2724.79,0.742346
28,41,31,2723.85,0.771364
28,41,32,2722.13,0.796047
28,41,33,2716.53,0.810763
28,41,34,2704.42,0.811047
28,41,35,2684.95,0.796128
28,41,36,2658.93,0.769283
28,41,37,2629.31,0.737256
28,41,38,2600.88,0.707552
28,41,39,2579.39,0.684944
28,41,40,2569.48,0.669901
28,41,41,2576.27,0.659431
28,41,42,2601.63,0.648381
28,41,43,2642.89,0.63266
28,41,44,2691.08,0.610065
28,41,45,2731.39,0.580208
28,41,46,2745.22,0.54196
28,41,47,2714.02,0.493201
28,41,48,2622.27,0.431825
28,41,49,2462.2,0.358682
28,42,0,2652.91,0.654446
28,42,1,2858.69,0.767151
28,42,2,2992.84,0.837099
28,42,3,3060.86,0.856096
28,42,4,3074.14,0.826573
28,42,5,3046.15,0.75927
28,42,6,2990.64,0.669302
28,42,7,2921.14,0.572428
28,42,8,2850.28,0.481875
28,42,9,2788.78,0.407137
28,42,10,2743.52,0.352852
28,42,11,2716.06,0.319183
28,42,12,2703.79,0.303843
28,42,13,2699.79,0.302255
28,42,14,2696.47,0.309137
28,42,15,2687.38,0.319116
28,42,16,2669.69,0.328409
28,42,17,2644.88,0.33528
28,42,18,2618.84,0.341568
28,42,19,2600.05,0.351955
28,42,20,2596,0.37204
28,42,21,2610.3,0.405765
28,42,22,2640.46,0.453203
28,42,23,2679.39,0.510817
28,42,24,2718.41,0.572667
28,42,25,2750.67,0.633434
28,42,26,2772.81,0.690154
28,42,27,2785.8,0.742942
28,42,28,2792.79,0.793236
28,42,29,2797.65,0.842175
28,42,30,2802.61,0.88844
28,42,31,2807.86,0.928873
28,42,32,2811.55,0.958572
28,42,33,2811.19,0.972887
28,42,34,2804.69,0.969191
28,42,35,2791.64,0.948948
28,42,36,2773.32,0.917553
28,42,37,2752.99,0.883136
28,42,38,2735.38,0.853589
28,42,39,2725.69,0.832962
28,42,40,2727.59,0.82003
28,42,41,2745.2,0.809969
28,42,42,2779.55,0.796139
28,42,43,2827.51,0.773959
28,42,44,2880.05,0.741683
28,42,45,2922.49,0.699997
28,42,46,2936.32,0.648818
28,42,47,2902.72,0.586565
28,42,48,2805.21,0.511187
28,42,49,2634.16,0.423576
28,43,0,2676.2,0.720998
28,43,1,2887.19,0.841989
28,43,2,3026.6,0.913783
28,43,3,3099.64,0.928137
28,43,4,3117.36,0.889225
28,43,5,3092.71,0.810418
28,43,6,3039.04,0.709232
28,43,7,2969.77,0.602796
28,43,8,2897.96,0.504484
28,43,9,2835.33,0.423071
28,43,10,2789.86,0.362187
28,43,11,2763.94,0.321136
28,43,12,2755.17,0.297317
28,43,13,2756.16,0.286539
28,43,14,2758.53,0.28451
28,43,15,2755.04,0.287105
28,43,16,2741.99,0.291731
28,43,17,2720.04,0.29751
28,43,18,2694.34,0.306556
28,43,19,2672.84,0.323261
28,43,20,2663.01,0.352515
28,43,21,2669.39,0.397451
28,43,22,2691.12,0.45749
28,43,23,2723.12,0.529111
28,43,24,2758.26,0.607143
28,43,25,2790.32,0.687315
28,43,26,2815.55,0.767206
28,43,27,2833.83,0.846109
28,43,28,2846.98,0.923061
28,43,29,2857.86,0.995964
28,43,30,2868.3,1.0605
28,43,31,2878.7,1.11188
28,43,32,2887.73,1.14527
28,43,33,2893.45,1.15752
28,43,34,2894.19,1.14821
28,43,35,2889.73,1.1211
28,43,36,2881.45,1.08337
28,43,37,2872.57,1.04416
28,43,38,2867.42,1.01146
28,43,39,2870.52,0.988761
28,43,40,2884.59,0.973733
28,43,41,2912.88,0.960581
28,43,42,2955.74,0.942025
28,43,43,3009.79,0.913472
28,43,44,3066.1,0.873515
28,43,45,3110.33,0.823189
28,43,46,3124.34,0.762431
28,43,47,3089.33,0.689206
28,43,48,2987.97,0.600931
28,43,49,2808.58,0.498466
28,44,0,2699.49,0.763468
28,44,1,2915.34,0.89007
28,44,2,3059.71,0.962441
28,44,3,3137.65,0.972167
28,44,4,3159.97,0.924922
28,44,5,3139.28,0.836486
28,44,6,3088.49,0.726553
28,44,7,3020.65,0.613296
28,44,8,2948.69,0.509851
28,44,9,2884.65,0.423938
28,44,10,2837.33,0.358097
28,44,11,2810.17,0.311023
28,44,12,2801.75,0.280137
28,44,13,2805.08,0.261927
28,44,14,2811.68,0.253079
28,44,15,2813.77,0.250477
28,44,16,2806.64,0.252357
28,44,17,2789.74,0.258492
28,44,18,2766.88,0.271238
28,44,19,2744.75,0.294874
28,44,20,2730.31,0.333856
28,44,21,2728.73,0.390799
28,44,22,2740.86,0.464697
28,44,23,2763.88,0.552152
28,44,24,2792.56,0.648692
28,44,25,2821.57,0.750822
28,44,26,2847.01,0.856212
28,44,27,2867.8,0.962812
28,44,28,2884.62,1.06682
28,44,29,2899.59,1.16267
28,44,30,2914.27,1.24321
28,44,31,2929.43,1.3025
28,44,32,2944.25,1.33657
28,44,33,2957.2,1.34445
28,44,34,2966.77,1.32825
28,44,35,2972.59,1.29374
28,44,36,2975.76,1.24921
28,44,37,2979.06,1.20394
28,44,38,2986.32,1.16556
28,44,39,3001.38,1.13714
28,44,40,3026.31,1.11601
28,44,41,3063.74,1.09655
28,44,42,3113.54,1.07187
28,44,43,3172.19,1.03788
28,44,44,3230.95,0.99329
28,44,45,3276,0.938617
28,44,46,3289.78,0.872684
28,44,47,3253.79,0.792033
28,44,48,3150.16,0.693043
28,44,49,2965.31,0.576549
28,45,0,2708.56,0.774792
28,45,1,2927.71,0.903403
28,45,2,3075.86,0.975141
28,45,3,3157.89,0.981365
28,45,4,3184.46,0.928721
28,45,5,3167.97,0.834676
28,45,6,3120.96,0.720387
28,45,7,3055.94,0.604469
28,45,8,2985.22,0.499407
28,45,9,2920.48,0.411686
28,45,10,2870.85,0.342873
28,45,11,2840.79,0.291416
28,45,12,2830.28,0.255142
28,45,13,2833.5,0.231458
28,45,14,2842.45,0.217953
28,45,15,2849.11,0.212249
28,45,16,2847.86,0.213026
28,45,17,2836.78,0.220446
28,45,18,2818.01,0.237019
28,45,19,2796.69,0.267038
28,45,20,2778.89,0.314813
28,45,21,2770.1,0.382803
28,45,22,2772.72,0.469947
28,45,23,2786.09,0.573149
28,45,24,2807.02,0.688543
28,45,25,2831.3,0.812999
28,45,26,2855.09,0.943657
28,45,27,2876.57,1.07654
28,45,28,2895.52,1.20471
28,45,29,2913.46,1.31919
28,45,30,2931.84,1.41054
28,45,31,2951.77,1.47254
28,45,32,2972.9,1.50302
28,45,33,2993.94,1.50394
28,45,34,3013.24,1.4801
28,45,35,3029.94,1.43883
28,45,36,3044.53,1.3885
28,45,37,3059.2,1.33758
28,45,38,3077.27,1.29269
28,45,39,3102.2,1.25661
28,45,40,3135.71,1.22706
28,45,41,3180.06,1.19958
28,45,42,3234.82,1.16858
28,45,43,3296.34,1.13081
28,45,44,3356.12,1.08485
28,45,45,3400.89,1.02998
28,45,46,3413.79,0.963139
28,45,47,3376.76,0.878911
28,45,48,3271.74,0.772465
28,45,49,3083.69,0.64468
28,46,0,2686.35,0.750415
28,46,1,2906.24,0.876336
28,46,2,3056.53,0.945839
28,46,3,3141.64,0.950181
28,46,4,3171.99,0.896317
28,46,5,3159.81,0.802288
28,46,6,3117.34,0.689573
28,46,7,3056.48,0.576369
28,46,8,2988.59,0.47409
28,46,9,2924.55,0.387939
28,46,10,2873.3,0.318741
28,46,11,2840.07,0.265074
28,46,12,2826.32,0.225462
28,46,13,2827.75,0.19835
28,46,14,2837.32,0.182127
28,46,15,2847.07,0.174913
28,46,16,2850.68,0.175553
28,46,17,2844.91,0.184368
28,46,18,2830.27,0.203901
28,46,19,2810.29,0.238472
28,46,20,2790.03,0.292428
28,46,21,2775.1,0.368379
28,46,22,2769.09,0.465602
28,46,23,2773.33,0.581534
28,46,24,2786.52,0.712851
28,46,25,2805.59,0.856413
28,46,26,2826.93,1.00827
28,46,27,2848.21,1.16213
28,46,28,2868.49,1.3079
28,46,29,2888.81,1.43368
28,46,30,2910.59,1.52858
28,46,31,2935.26,1.58704
28,46,32,2962.83,1.60957
28,46,33,2992.04,1.60146
28,46,34,3020.91,1.57011
28,46,35,3047.8,1.5238
28,46,36,3072.49,1.47004
28,46,37,3096.57,1.4156
28,46,38,3123.08,1.36562
28,46,39,3155.34,1.32253
28,46,40,3195.03,1.28495
28,46,41,3244.18,1.25015
28,46,42,3302.16,1.21426
28,46,43,3365.19,1.17492
28,46,44,3424.99,1.13039
28,46,45,3468.75,1.07842
28,46,46,3480.23,1.01394
28,46,47,3441.79,0.929795
28,46,48,3335.39,0.820208
28,46,49,3145.28,0.686209
28,47,0,2616.92,0.68993
28,47,1,2833.96,0.807639
28,47,2,2984.28,0.872659
28,47,3,3071.36,0.876482
28,47,4,3105.05,0.825731
28,47,5,3097.31,0.737764
28,47,6,3060.04,0.633043
28,47,7,3004.49,0.528395
28,47,8,2941,0.433769
28,47,9,2879.34,0.353131
28,47,10,2827.96,0.286816
28,47,11,2792.5,0.233779
28,47,12,2775.68,0.193356
28,47,13,2774.72,0.164979
28,47,14,2783.74,0.147714
28,47,15,2795.14,0.140036
28,47,16,2802.19,0.140834
28,47,17,2800.58,0.150434
28,47,18,2789.35,0.171279
28,47,19,2770.59,0.207607
28,47,20,2748.41,0.263803
28,47,21,2728.38,0.342764
28,47,22,2715.05,0.444371
28,47,23,2711.35,0.56679
28,47,24,2717.62,0.707223
28,47,25,2731.82,0.862314
28,47,26,2750.6,1.0268
28,47,27,2771.27,1.19211
28,47,28,2792.3,1.34555
28,47,29,2814.43,1.47321
28,47,30,2839.08,1.56378
28,47,31,2867.92,1.61316
28,47,32,2901.25,1.62479
28,47,33,2937.73,1.60717
28,47,34,2974.85,1.56977
28,47,35,3010.2,1.52113
28,47,36,3042.85,1.46724
28,47,37,3073.95,1.41271
28,47,38,3106.44,1.36097
28,47,39,3143.75,1.31407
28,47,40,3187.65,1.2716
28,47,41,3240.04,1.23255
28,47,42,3300.09,1.19465
28,47,43,3363.89,1.15623
28,47,44,3423.3,1.11513
28,47,45,3465.86,1.0678
28,47,46,3475.67,1.00781
28,47,47,3435.36,0.927076
28,47,48,3327.08,0.819563
28,47,49,3135.31,0.686521
28,48,0,2489.59,0.59824
28,48,1,2698.61,0.702242
28,48,2,2845.87,0.760139
28,48,3,2933.27,0.764108
28,48,4,2969.66,0.719965
28,48,5,2966.42,0.643239
28,48,6,2934.96,0.552138
28,48,7,2885.81,0.46127
28,48,8,2828.21,0.378825
28,48,9,2770.81,0.307646
28,48,10,2721.3,0.247769
28,48,11,2685.39,0.198597
28,48,12,2666.62,0.160193
28,48,13,2663.55,0.132768
28,48,14,2671.48,0.115933
28,48,15,2683.39,0.108464
28,48,16,2692.48,0.109309
28,48,17,2693.7,0.118732
28,48,18,2684.95,0.138945
28,48,19,2667.11,0.173902
28,48,20,2643.43,0.227853
28,48,21,2619.42,0.3039
28,48,22,2600.32,0.402598
28,48,23,2590.28,0.522905
28,48,24,2590.9,0.662561
28,48,25,2600.92,0.818023
28,48,26,2617.22,0.98294
28,48,27,2636.85,1.14708
28,48,28,2657.89,1.29628
28,48,29,2680.85,1.41588
28,48,30,2707.2,1.49521
28,48,31,2738.82,1.532
28,48,32,2776.26,1.53226
28,48,33,2818.01,1.50676
28,48,34,2861.11,1.46615
28,48,35,2902.42,1.41851
28,48,36,2940.46,1.36812
28,48,37,2976.12,1.31745
28,48,38,3012.36,1.26832
28,48,39,3052.83,1.22236
28,48,40,3099.39,1.17988
28,48,41,3153.82,1.14108
28,48,42,3215.06,1.1048
28,48,43,3279.1,1.06973
28,48,44,3337.92,1.03337
28,48,45,3379.25,0.991505
28,48,46,3387.33,0.937385
28,48,47,3344.89,0.863184
28,48,48,3234.55,0.763378
28,48,49,3042.11,0.639433
28,49,0,2302.92,0.485867
28,49,1,2496.68,0.571913
28,49,2,2635.98,0.620322
28,49,3,2720.86,0.624401
28,49,4,2758.63,0.588877
28,49,5,2759.64,0.526656
28,49,6,2734.47,0.452818
28,49,7,2692.75,0.379202
28,49,8,2642.56,0.31213
28,49,9,2591.35,0.253477
28,49,10,2545.94,0.203111
28,49,11,2511.75,0.160803
28,49,12,2492.7,0.127102
28,49,13,2488.35,0.102698
28,49,14,2495.08,0.0875934
28,49,15,2506.68,0.0808469
28,49,16,2516.61,0.0815422
28,49,17,2519.5,0.0898662
28,49,18,2512.44,0.107711
28,49,19,2495.4,0.138522
28,49,20,2470.95,0.186165
28,49,21,2444.44,0.253718
28,49,22,2421.51,0.34226
28,49,23,2407.09,0.451453
28,49,24,2403.57,0.579568
28,49,25,2410.22,0.723082
28,49,26,2424.08,0.875165
28,49,27,2442.07,1.02503
28,49,28,2462.04,1.15851
28,49,29,2484.39,1.26165
28,49,30,2510.65,1.32529
28,49,31,2542.88,1.34888
28,49,32,2581.82,1.33998
28,49,33,2625.84,1.3102
28,49,34,2671.7,1.27017
28,49,35,2715.78,1.22696
28,49,36,2756.28,1.18326
28,49,37,2793.92,1.13986
28,49,38,2831.68,1.09734
28,49,39,2873.38,1.05688
28,49,40,2920.9,1.01914
28,49,41,2975.8,0.984884
28,49,42,3036.85,0.953478
28,49,43,3099.99,0.923686
28,49,44,3157.41,0.892897
28,49,45,3197.07,0.856972
28,49,46,3203.35,0.809881
28,49,47,3159.2,0.745059
28,49,48,3048.22,0.658112
28,49,49,2858.74,0.550619
29,0,0,2360.78,0.315647
29,0,1,2522.55,0.376046
29,0,2,2631.93,0.418936
29,0,3,2701.5,0.441576
29,0,4,2750.08,0.446976
29,0,5,2795.41,0.442269
29,0,6,2848.36,0.435742
29,0,7,2910.4,0.434506
29,0,8,2976.16,0.442949
29,0,9,3038.14,0.462442
29,0,10,3090.44,0.491637
29,0,11,3130.15,0.527391
29,0,12,3156.84,0.565824
29,0,13,3170.46,0.602246
29,0,14,3169.74,0.630485
29,0,15,3151.98,0.643209
29,0,16,3113.63,0.633951
29,0,17,3051.14,0.599696
29,0,18,2962.67,0.543156
29,0,19,2849.42,0.472457
29,0,20,2716.79,0.399172
29,0,21,2573.75,0.333923
29,0,22,2431.62,0.284152
29,0,23,2301.51,0.252132
29,0,24,2191.87,0.235393
29,0,25,2106.17,0.228319
29,0,26,2043.34,0.224543
29,0,27,1998.34,0.218962
29,0,28,1964.3,0.208283
29,0,29,1934.4,0.191236
29,0,30,1903.76,0.168317
29,0,31,1869.82,0.141723
29,0,32,1831.37,0.114649
29,0,33,1788.39,0.0901892
29,0,34,1741.33,0.0703355
29,0,35,1691.43,0.0553761
29,0,36,1641.34,0.0442862
29,0,37,1595.08,0.0354828
29,0,38,1557.24,0.0278467
29,0,39,1531.25,0.0210983
29,0,40,1517.82,0.0155992
29,0,41,1514.32,0.0117395
29,0,42,1515.8,0.010064
29,0,43,1515.99,0.0101979
29,0,44,1509.35,0.011539
29,0,45,1491.92,0.0131948
29,0,46,1461.7,0.0142459
29,0,47,1418.19,0.0140995
29,0,48,1362.81,0.0126289
29,0,49,1298.8,0.0101953
29,1,0,2564.59,0.380958
29,1,1,2737.1,0.452686
29,1,2,2852.3,0.503662
29,1,3,2924.58,0.531064
29,1,4,2973.13,0.53876
29,1,5,3015.28,0.535203
29,1,6,3061.76,0.529915
29,1,7,3114.77,0.530869
29,1,8,3170.51,0.542961
29,1,9,3223.29,0.56766
29,1,10,3268.61,0.603414
29,1,11,3304.14,0.646544
29,1,12,3329.24,0.692359
29,1,13,3343,0.734894
29,1,14,3343.02,0.766425
29,1,15,3325.55,0.778162
29,1,16,3286.31,0.762826
29,1,17,3221.41,0.717678
29,1,18,3128.94,0.646868
29,1,19,3010.26,0.560686
29,1,20,2871.11,0.472974
29,1,21,2720.99,0.39598
29,1,22,2571.89,0.338019
29,1,23,2435.56,0.301334
29,1,24,2320.85,0.282763
29,1,25,2231.29,0.275625
29,1,26,2165.66,0.272458
29,1,27,2118.51,0.267203
29,1,28,2082.46,0.255769
29,1,29,2050.18,0.23626
29,1,30,2016.46,0.208943
29,1,31,1978.68,0.176231
29,1,32,1935.74,0.142008
29,1,33,1887.95,0.110338
29,1,34,1836.1,0.0841502
29,1,35,1781.62,0.064313
29,1,36,1727.28,0.0499415
29,1,37,1677.15,0.039211
29,1,38,1635.93,0.0305816
29,1,39,1607.2,0.0233395
29,1,40,1591.67,0.0175325
29,1,41,1586.65,0.0133479
29,1,42,1587.06,0.0113356
29,1,43,1586.43,0.0110958
29,1,44,1579.04,0.0120724
29,1,45,1560.64,0.0134169
29,1,46,1528.81,0.0142363
29,1,47,1482.41,0.013945
29,1,48,1422.19,0.01241
29,1,49,1351.06,0.00997401
29,2,0,2714.27,0.430614
29,2,1,2891.48,0.510317
29,2,2,3008.57,0.567059
29,2,3,3080.96,0.598219
29,2,4,3127.43,0.608441
29,2,5,3164.36,0.607132
29,2,6,3202.08,0.60459
29,2,7,3243.6,0.609241
29,2,8,3286.95,0.626209
29,2,9,3328.49,0.656892
29,2,10,3365.32,0.699457
29,2,11,3395.67,0.749655
29,2,12,3418.66,0.802009
29,2,13,3432.4,0.849363
29,2,14,3433.3,0.882749
29,2,15,3416.6,0.892421
29,2,16,3377.4,0.870835
29,2,17,3311.65,0.81589
29,2,18,3217.61,0.73313
29,2,19,3097.02,0.634601
29,2,20,2956.01,0.535737
29,2,21,2804.48,0.449806
29,2,22,2654.65,0.385589
29,2,23,2518.28,0.345197
29,2,24,2404.01,0.324945
29,2,25,2315.04,0.317446
29,2,26,2249.86,0.31453
29,2,27,2202.67,0.309464
29,2,28,2165.84,0.297502
29,2,29,2131.85,0.276123
29,2,30,2095.38,0.245291
29,2,31,2053.91,0.207476
29,2,32,2006.69,0.167097
29,2,33,1954.53,0.129057
29,2,34,1898.71,0.0971827
29,2,35,1840.99,0.0729548
29,2,36,1784.2,0.0556933
29,2,37,1732.2,0.0433855
29,2,38,1689.36,0.0340674
29,2,39,1659.01,0.0265362
29,2,40,1641.65,0.02046
29,2,41,1634.7,0.0157969
29,2,42,1633.37,0.0131011
29,2,43,1631.53,0.0120256
29,2,44,1623.75,0.0121499
29,2,45,1605.73,0.0127656
29,2,46,1574.59,0.0130834
29,2,47,1528.35,0.01256
29,2,48,1466.83,0.0110457
29,2,49,1392.2,0.00881079
29,3,0,2810.9,0.459212
29,3,1,2988.78,0.542873
29,3,2,3105.25,0.602679
29,3,3,3176.07,0.636409
29,3,4,3219.2,0.649243
29,3,5,3249.78,0.651038
29,3,6,3277.6,0.652375
29,3,7,3306.38,0.661776
29,3,8,3335.99,0.684394
29,3,9,3365,0.72146
29,3,10,3392.24,0.770818
29,3,11,3416.67,0.827629
29,3,12,3437.2,0.885696
29,3,13,3450.91,0.936856
29,3,14,3452.97,0.97134
29,3,15,3437.6,0.979056
29,3,16,3399.39,0.952728
29,3,17,3334.29,0.891069
29,3,18,3240.94,0.800655
29,3,19,3121.65,0.694527
29,3,20,2983.03,0.588801
29,3,21,2835.15,0.497101
29,3,22,2690,0.428361
29,3,23,2558.71,0.384627
29,3,24,2449.1,0.362036
29,3,25,2363.76,0.35301
29,3,26,2300.81,0.349165
29,3,27,2254.39,0.343452
29,3,28,2216.97,0.330703
29,3,29,2181.17,0.307882
29,3,30,2141.89,0.274631
29,3,31,2096.86,0.233344
29,3,32,2045.74,0.188734
29,3,33,1989.9,0.146257
29,3,34,1931.11,0.110404
29,3,35,1871.5,0.0831264
29,3,36,1813.88,0.0639061
29,3,37,1761.75,0.0505641
29,3,38,1718.85,0.0407496
29,3,39,1687.91,0.0328118
29,3,40,1669.07,0.026083
29,3,41,1659.97,0.0203739
29,3,42,1656.45,0.0163087
29,3,43,1653.2,0.0137106
29,3,44,1645.44,0.0123783
29,3,45,1628.99,0.0118053
29,3,46,1600.47,0.0113378
29,3,47,1556.92,0.0104723
29,3,48,1496.99,0.00901065
29,3,49,1421.92,0.00709766
29,4,0,2861.55,0.465411
29,4,1,3037.5,0.549224
29,4,2,3151.73,0.609656
29,4,3,3219.89,0.644936
29,4,4,3258.85,0.660379
29,4,5,3282.47,0.665718
29,4,6,3299.87,0.671336
29,4,7,3315.31,0.685598
29,4,8,3330.36,0.713618
29,4,9,3345.81,0.756525
29,4,10,3362.47,0.811927
29,4,11,3380.29,0.874481
29,4,12,3398.11,0.937407
29,4,13,3411.98,0.991792
29,4,14,3415.79,1.02753
29,4,15,3402.75,1.03471
29,4,16,3366.99,1.00673
29,4,17,3304.61,0.943045
29,4,18,3214.77,0.850636
29,4,19,3100.41,0.742584
29,4,20,2968.47,0.634712
29,4,21,2828.84,0.540381
29,4,22,2692.74,0.468499
29,4,23,2570.1,0.421264
29,4,24,2467.54,0.395095
29,4,25,2386.89,0.382803
29,4,26,2326.15,0.376299
29,4,27,2279.75,0.368596
29,4,28,2240.75,0.354378
29,4,29,2202.39,0.330291
29,4,30,2160.06,0.295723
29,4,31,2111.85,0.2529
29,4,32,2057.8,0.206573
29,4,33,1999.61,0.162363
29,4,34,1939.39,0.125037
29,4,35,1879.47,0.0967339
29,4,36,1822.6,0.0769285
29,4,37,1771.79,0.063239
29,4,38,1730.03,0.052983
29,4,39,1699.35,0.0441829
29,4,40,1679.46,0.0359926
29,4,41,1668.31,0.0282716
29,4,42,1662.57,0.021859
29,4,43,1658.04,0.0168965
29,4,44,1650.76,0.0134687
29,4,45,1636.76,0.0112794
29,4,46,1612.1,0.00977916
29,4,47,1572.75,0.00845393
29,4,48,1516.14,0.00700523
29,4,49,1442.54,0.0054106
29,5,0,2875.29,0.45172
29,5,1,3047.65,0.532707
29,5,2,3158.63,0.591976
29,5,3,3223.44,0.628102
29,5,4,3257.83,0.646074
29,5,5,3274.4,0.654925
29,5,6,3281.55,0.664406
29,5,7,3283.85,0.682563
29,5,8,3284.28,0.714501
29,5,9,3285.74,0.761446
29,5,10,3291.17,0.821008
29,5,11,3301.76,0.887585
29,5,12,3316.56,0.954061
29,5,13,3330.72,1.01111
29,5,14,3336.91,1.04868
29,5,15,3327.41,1.05748
29,5,16,3296.01,1.03169
29,5,17,3239.02,0.971257
29,5,18,3156.11,0.882861
29,5,19,3050.63,0.778659
29,5,20,2929.48,0.6733
29,5,21,2801.84,0.579387
29,5,22,2677.65,0.505703
29,5,23,2565.29,0.454851
29,5,24,2470.07,0.423991
29,5,25,2393.26,0.406846
29,5,26,2333.05,0.396056
29,5,27,2284.69,0.385033
29,5,28,2242.34,0.368589
29,5,29,2200.29,0.343301
29,5,30,2154.71,0.308426
29,5,31,2104.11,0.266009
29,5,32,2048.73,0.220614
29,5,33,1990.26,0.177638
29,5,34,1930.75,0.141687
29,5,35,1872.44,0.114716
29,5,36,1817.88,0.0959417
29,5,37,1769.6,0.0826755
29,5,38,1729.9,0.0719471
29,5,39,1700.18,0.0616149
29,5,40,1679.8,0.0508902
29,5,41,1667.08,0.0399586
29,5,42,1659.6,0.0300811
29,5,43,1654.27,0.0218771
29,5,44,1647.99,0.0157619
29,5,45,1636.95,0.0116124
29,5,46,1616.57,0.00890329
29,5,47,1581.83,0.00702633
29,5,48,1528.98,0.00552002
29,5,49,1457.49,0.00416352
29,6,0,2861.1,0.423109
29,6,1,3029,0.499362
29,6,2,3136.27,0.556389
29,6,3,3197.52,0.592926
29,6,4,3227.5,0.613216
29,6,5,3237.72,0.625137
29,6,6,3235.89,0.637481
29,6,7,3226.66,0.657846
29,6,8,3213.98,0.691378
29,6,9,3202.44,0.739628
29,6,10,3196.91,0.80051
29,6,11,3199.94,0.868518
29,6,12,3211.1,0.936543
29,6,13,3224.98,0.995237
29,6,14,3233.44,1.03494
29,6,15,3228.16,1.04717
29,6,16,3202.74,1.02689
29,6,17,3153.68,0.974187
29,6,18,3080.9,0.8948
29,6,19,2987.69,0.799259
29,6,20,2880.32,0.700427
29,6,21,2766.75,0.609814
29,6,22,2655.3,0.535997
29,6,23,2552.77,0.482148
29,6,24,2463.39,0.44645
29,6,25,2388.17,0.423857
29,6,26,2325.94,0.408004
29,6,27,2273.19,0.392934
29,6,28,2225.55,0.37383
29,6,29,2178.8,0.347456
29,6,30,2130.06,0.313107
29,6,31,2078.29,0.272709
29,6,32,2023.68,0.230501
29,6,33,1967.46,0.191372
29,6,34,1911.16,0.159384
29,6,35,1856.57,0.135963
29,6,36,1805.84,0.119791
29,6,37,1761.1,0.107735
29,6,38,1724.16,0.0965527
29,6,39,1696,0.084092
29,6,40,1675.85,0.0698728
29,6,41,1662.43,0.0546949
29,6,42,1654.12,0.0404615
29,6,43,1648.84,0.0284046
29,6,44,1644.12,0.0192826
29,6,45,1636.19,0.0130699
29,6,46,1619.89,0.00915272
29,6,47,1589.24,0.00672527
29,6,48,1539.6,0.0051001
29,6,49,1469.85,0.00384423
29,7,0,2827.4,0.386018
29,7,1,2990.66,0.456624
29,7,2,3094.31,0.510822
29,7,3,3152.37,0.547343
29,7,4,3178.83,0.569458
29,7,5,3184.43,0.583673
29,7,6,3176.34,0.59766
29,7,7,3159.1,0.618455
29,7,8,3136.98,0.651212
29,7,9,3115.44,0.6979
29,7,10,3100.58,0.756948
29,7,11,3096.04,0.82329
29,7,12,3102.19,0.890198
29,7,13,3113.85,0.948736
29,7,14,3122.84,0.98993
29,7,15,3120.86,1.00622
29,7,16,3101.61,0.993181
29,7,17,3061.63,0.950693
29,7,18,3000.69,0.883212
29,7,19,2921.37,0.799287
29,7,20,2828.72,0.709766
29,7,21,2729.12,0.624929
29,7,22,2629.22,0.553043
29,7,23,2534.51,0.49782
29,7,24,2448.5,0.458471
29,7,25,2372.36,0.431207
29,7,26,2305.79,0.41071
29,7,27,2246.74,0.391761
29,7,28,2192.59,0.370106
29,7,29,2140.74,0.342921
29,7,30,2089.45,0.309741
29,7,31,2038.07,0.272483
29,7,32,1986.48,0.235026
29,7,33,1935.12,0.201593
29,7,34,1884.53,0.175448
29,7,35,1835.72,0.157234
29,7,36,1790.29,0.144892
29,7,37,1750.01,0.13473
29,7,38,1716.45,0.12325
29,7,39,1690.46,0.108415
29,7,40,1671.35,0.0902564
29,7,41,1658.26,0.0704027
29,7,42,1650.27,0.0515546
29,7,43,1645.99,0.0356192
29,7,44,1643.35,0.0236674
29,7,45,1638.47,0.0156729
29,7,46,1625.62,0.0108147
29,7,47,1598.13,0.0079924
29,7,48,1550.68,0.00624293
29,7,49,1481.81,0.00492848
29,8,0,2782.18,0.347036
29,8,1,2941.21,0.411802
29,8,2,3041.78,0.462752
29,8,3,3097.49,0.49855
29,8,4,3121.89,0.521565
29,8,5,3125.44,0.537057
29,8,6,3115.02,0.551633
29,8,7,3094.85,0.571672
29,8,8,3068.74,0.602156
29,8,9,3041.88,0.645289
29,8,10,3020.43,0.699978
29,8,11,3008.56,0.76178
29,8,12,3007.62,0.824676
29,8,13,3013.59,0.880588
29,8,14,3019.44,0.921551
29,8,15,3017.75,0.940977
29,8,16,3002.69,0.934915
29,8,17,2970.71,0.902772
29,8,18,2920.93,0.847601
29,8,19,2854.65,0.776011
29,8,20,2775.31,0.696966
29,8,21,2687.59,0.619584
29,8,22,2596.67,0.551725
29,8,23,2507.16,0.497442
29,8,24,2422.26,0.456725
29,8,25,2343.56,0.426786
29,8,26,2271.66,0.403183
29,8,27,2205.95,0.381405
29,8,28,2145.46,0.357866
29,8,29,2089.24,0.330323
29,8,30,2036.65,0.298743
29,8,31,1987.41,0.265168
29,8,32,1940.92,0.233148
29,8,33,1896.57,0.206209
29,8,34,1853.69,0.186706
29,8,35,1812.3,0.174384
29,8,36,1773.33,0.166377
29,8,37,1738.28,0.158447
29,8,38,1708.65,0.146905
29,8,39,1685.4,0.129931
29,8,40,1668.12,0.108174
29,8,41,1656.38,0.0841496
29,8,42,1649.79,0.0613627
29,8,43,1647.4,0.0423417
29,8,44,1647.25,0.0283826
29,8,45,1645.26,0.019353
29,8,46,1635.22,0.0141269
29,8,47,1609.93,0.011239
29,8,48,1563.66,0.0094283
29,8,49,1494.8,0.00788462
29,9,0,2732.84,0.312118
29,9,1,2888.3,0.371324
29,9,2,2986.44,0.418588
29,9,3,3040.64,0.452587
29,9,4,3064.47,0.475159
29,9,5,3068.63,0.490765
29,9,6,3060.01,0.505223
29,9,7,3042.27,0.524193
29,9,8,3018.04,0.552165
29,9,9,2990.99,0.591132
29,9,10,2966.09,0.640152
29,9,11,2947.3,0.695358
29,9,12,2936.98,0.75165
29,9,13,2933.1,0.802216
29,9,14,2930.92,0.840455
29,9,15,2924.87,0.86086
29,9,16,2910.07,0.859844
29,9,17,2882.83,0.836235
29,9,18,2841.29,0.791769
29,9,19,2785.12,0.731392
29,9,20,2715.93,0.66253
29,9,21,2636.87,0.593329
29,9,22,2551.99,0.531165
29,9,23,2465.43,0.480155
29,9,24,2380.45,0.440688
29,9,25,2299.09,0.410581
29,9,26,2222.76,0.385994
29,9,27,2151.93,0.362995
29,9,28,2087.02,0.338678
29,9,29,2028.44,0.311457
29,9,30,1976.54,0.281835
29,9,31,1931.27,0.252046
29,9,32,1891.52,0.225353
29,9,33,1855.59,0.204604
29,9,34,1821.62,0.191265
29,9,35,1788.57,0.18424
29,9,36,1756.76,0.180015
29,9,37,1727.42,0.174
29,9,38,1702.1,0.162504
29,9,39,1682.05,0.144014
29,9,40,1667.2,0.11978
29,9,41,1657.59,0.0930638
29,9,42,1653.17,0.067983
29,9,43,1653.26,0.0474969
29,9,44,1655.87,0.0329802
29,9,45,1656.64,0.0240938
29,9,46,1648.95,0.0193428
29,9,47,1625.21,0.0168651
29,9,48,1579.42,0.0151076
29,9,49,1509.9,0.0131454
29,10,0,2685.21,0.28575
29,10,1,2837.67,0.339903
29,10,2,2933.72,0.38293
29,10,3,2986.73,0.413726
29,10,4,3010.82,0.434174
29,10,5,3017.36,0.448598
29,10,6,3013.59,0.462456
29,10,7,3002.46,0.480702
29,10,8,2984.77,0.506971
29,10,9,2961.78,0.542453
29,10,10,2936.27,0.585832
29,10,11,2911.32,0.633542
29,10,12,2890.05,0.681432
29,10,13,2872.84,0.724236
29,10,14,2857.98,0.75707
29,10,15,2842.59,0.775688
29,10,16,2823.23,0.776929
29,10,17,2796.26,0.759106
29,10,18,2758.75,0.722842
29,10,19,2708.63,0.671746
29,10,20,2645.78,0.612037
29,10,21,2572.04,0.551037
29,10,22,2490.75,0.495542
29,10,23,2405.91,0.449479
29,10,24,2321.04,0.41332
29,10,25,2238.62,0.385175
29,10,26,2160.56,0.361593
29,10,27,2087.99,0.339111
29,10,28,2022.17,0.315433
29,10,29,1964.45,0.289572
29,10,30,1915.82,0.262499
29,10,31,1876.34,0.236545
29,10,32,1844.43,0.214617
29,10,33,1817.49,0.198899
29,10,34,1792.64,0.190069
29,10,35,1768.01,0.186435
29,10,36,1743.37,0.184219
29,10,37,1719.77,0.178915
29,10,38,1698.84,0.167152
29,10,39,1682.18,0.147838
29,10,40,1670.1,0.122689
29,10,41,1663.05,0.0953846
29,10,42,1661.27,0.0702851
29,10,43,1664.22,0.0504723
29,10,44,1669.76,0.03721
29,10,45,1673.27,0.0298679
29,10,46,1667.74,0.0265563
29,10,47,1645.23,0.0250198
29,10,48,1599.49,0.0234431
29,10,49,1528.75,0.0208594
29,11,0,2641.8,0.270387
29,11,1,2791.63,0.320084
29,11,2,2885.5,0.358341
29,11,3,2937.04,0.384533
29,11,4,2961.27,0.401196
29,11,5,2970.69,0.413176
29,11,6,2973.11,0.425998
29,11,7,2970.71,0.443985
29,11,8,2962.16,0.469626
29,11,9,2945.79,0.5028
29,11,10,2921.71,0.541294
29,11,11,2891.56,0.581462
29,11,12,2858.9,0.619973
29,11,13,2826.39,0.653193
29,11,14,2795.64,0.678201
29,11,15,2766.89,0.692263
29,11,16,2738.64,0.692893
29,11,17,2707.58,0.67816
29,11,18,2669.84,0.647856
29,11,19,2621.81,0.604487
29,11,20,2561.89,0.553178
29,11,21,2490.9,0.500371
29,11,22,2411.82,0.452107
29,11,23,2328.75,0.41192
29,11,24,2245.55,0.38023
29,11,25,2164.98,0.35535
29,11,26,2089.13,0.334206
29,11,27,2019.3,0.313792
29,11,28,1957.06,0.292323
29,11,29,1904.1,0.269222
29,11,30,1861.64,0.245667
29,11,31,1829.68,0.223789
29,11,32,1806.21,0.20594
29,11,33,1788.05,0.193579
29,11,34,1771.66,0.18677
29,11,35,1754.66,0.183603
29,11,36,1736.5,0.180624
29,11,37,1718.08,0.174002
29,11,38,1701.22,0.161111
29,11,39,1687.81,0.141397
29,11,40,1678.55,0.116829
29,11,41,1674.26,0.091072
29,11,42,1675.43,0.0682547
29,11,43,1681.54,0.0512249
29,11,44,1690.29,0.0409421
29,11,45,1696.73,0.0364304
29,11,46,1693.39,0.0354168
29,11,47,1671.95,0.0352844
29,11,48,1625.86,0.0339964
29,11,49,1553.25,0.0306139
29,12,0,2602.03,0.266311
29,12,1,2749.55,0.312206
29,12,2,2841.15,0.345405
29,12,3,2890.78,0.365997
29,12,4,2914.61,0.377616
29,12,5,2926.55,0.386084
29,12,6,2935.13,0.397285
29,12,7,2941.78,0.41502
29,12,8,2943.01,0.440544
29,12,9,2934.15,0.472206
29,12,10,2912.55,0.506604
29,12,11,2878.2,0.53968
29,12,12,2834.7,0.568689
29,12,13,2786.65,0.591476
29,12,14,2738.79,0.607124
29,12,15,2694.53,0.614604
29,12,16,2654.57,0.612448
29,12,17,2616.22,0.598892
29,12,18,2574.97,0.573207
29,12,19,2525.99,0.536918
29,12,20,2466.54,0.493954
29,12,21,2396.83,0.449608
29,12,22,2319.69,0.408921
29,12,23,2239.5,0.3749
29,12,24,2160.33,0.347951
29,12,25,2085.07,0.326731
29,12,26,2015.67,0.308722
29,12,27,1953.22,0.291487
29,12,28,1899.08,0.273669
29,12,29,1854.74,0.254863
29,12,30,1821.19,0.236051
29,12,31,1798.11,0.218735
29,12,32,1783.17,0.204386
29,12,33,1772.88,0.19363
29,12,34,1763.51,0.186103
29,12,35,1752.57,0.180133
29,12,36,1739.46,0.173226
29,12,37,1725.16,0.162857
29,12,38,1711.64,0.147566
29,12,39,1701.13,0.127426
29,12,40,1694.64,0.104426
29,12,41,1693.3,0.0817839
29,12,42,1697.75,0.0629537
29,12,43,1707.47,0.0502291
29,12,44,1719.88,0.044115
29,12,45,1729.55,0.0432764
29,12,46,1728.48,0.0450971
29,12,47,1707.85,0.0466482
29,12,48,1660.77,0.0457109
29,12,49,1585.25,0.041424
29,13,0,2562.06,0.271358
29,13,1,2707.98,0.314199
29,13,2,2797.81,0.342592
29,13,3,2845.76,0.357456
29,13,4,2869.08,0.363656
29,13,5,2883.05,0.36806
29,13,6,2896.92,0.376938
29,13,7,2911.49,0.393662
29,13,8,2921.3,0.418406
29,13,9,2919.08,0.448187
29,13,10,2899.65,0.478506
29,13,11,2861.47,0.504803
29,13,12,2807.99,0.524679
29,13,13,2745.32,0.537125
29,13,14,2680.89,0.543003
29,13,15,2621.02,0.543003
29,13,16,2568.5,0.536952
29,13,17,2521.4,0.523673
29,13,18,2474.85,0.502225
29,13,19,2423.24,0.473212
29,13,20,2363.13,0.439161
29,13,21,2294.44,0.40387
29,13,22,2220.06,0.371118
29,13,23,2144.54,0.343294
29,13,24,2072.02,0.320913
29,13,25,2005.26,0.303213
29,13,26,1945.88,0.288491
29,13,27,1894.56,0.275056
29,13,28,1852.11,0.26195
29,13,29,1819.44,0.248721
29,13,30,1796.91,0.235758
29,13,31,1783.65,0.223504
29,13,32,1777,0.212216
29,13,33,1773.42,0.201574
29,13,34,1769.34,0.190976
29,13,35,1762.58,0.179409
29,13,36,1752.87,0.165885
29,13,37,1741.44,0.149669
29,13,38,1730.52,0.130752
29,13,39,1722.6,0.109855
29,13,40,1718.92,0.0887723
29,13,41,1720.86,0.0699471
29,13,42,1729.15,0.0558527
29,13,43,1743.11,0.0480321
29,13,44,1759.74,0.0464744
29,13,45,1773.02,0.0495253
29,13,46,1774.21,0.0542934
29,13,47,1753.94,0.0575946
29,13,48,1704.94,0.0570553
29,13,49,1625.2,0.0519031
29,14,0,2517.86,0.281964
29,14,1,2663.69,0.322682
29,14,2,2753.47,0.347246
29,14,3,2801.3,0.357355
29,14,4,2825.12,0.358897
29,14,5,2841.17,0.359474
29,14,6,2859.2,0.365495
29,14,7,2879.55,0.37994
29,14,8,2895.35,0.402243
29,14,9,2897.35,0.428646
29,14,10,2878.52,0.454048
29,14,11,2836.08,0.473597
29,14,12,2773.38,0.485116
29,14,13,2697.66,0.488318
29,14,14,2618.54,0.48535
29,14,15,2544.66,0.47834
29,14,16,2480.53,0.46841
29,14,17,2424.91,0.45523
29,14,18,2372.79,0.437925
29,14,19,2318.18,0.416314
29,14,20,2257.43,0.391479
29,14,21,2190.43,0.365544
29,14,22,2120.15,0.340887
29,14,23,2051.16,0.319209
29,14,24,1987.38,0.301171
29,14,25,1931.27,0.286693
29,14,26,1884.04,0.275033
29,14,27,1845.95,0.265368
29,14,28,1817.19,0.257174
29,14,29,1797.87,0.249881
29,14,30,1787.5,0.243077
29,14,31,1784.43,0.235905
29,14,32,1785.61,0.227217
29,14,33,1787.56,0.215702
29,14,34,1787.19,0.200657
29,14,35,1782.96,0.181991
29,14,36,1775.22,0.160499
29,14,37,1765.65,0.137423
29,14,38,1756.83,0.114268
29,14,39,1751.42,0.0923255
29,14,40,1750.82,0.073048
29,14,41,1756.55,0.0579497
29,14,42,1769.31,0.048425
29,14,43,1788.17,0.0452278
29,14,44,1809.56,0.0478677
29,14,45,1826.66,0.0544531
29,14,46,1829.91,0.0618994
29,14,47,1809.33,0.0668237
29,14,48,1757.35,0.0667132
29,14,49,1672.02,0.0608607
29,15,0,2467.93,0.294161
29,15,1,2616.1,0.333905
29,15,2,2708.84,0.356317
29,15,3,2759.48,0.363673
29,15,4,2785.89,0.362417
29,15,5,2804.53,0.36031
29,15,6,2825.33,0.363487
29,15,7,2848.48,0.374498
29,15,8,2866.5,0.392443
29,15,9,2869.19,0.41351
29,15,10,2848.46,0.432715
29,15,11,2800.78,0.445384
29,15,12,2729.51,0.449592
29,15,13,2642.75,0.445382
29,15,14,2551.7,0.435549
29,15,15,2466.6,0.423082
29,15,16,2393.1,0.410071
29,15,17,2330.42,0.397014
29,15,18,2273.57,0.383308
29,15,19,2216.59,0.36828
29,15,20,2155.95,0.351826
29,15,21,2091.69,0.334566
29,15,22,2026.79,0.317557
29,15,23,1965.56,0.301765
29,15,24,1911.48,0.287866
29,15,25,1866.59,0.276319
29,15,26,1831.79,0.26723
29,15,27,1807.04,0.260621
29,15,28,1792.06,0.256467
29,15,29,1786.16,0.254171
29,15,30,1787.9,0.252599
29,15,31,1794.75,0.249678
29,15,32,1803.2,0.242921
29,15,33,1809.89,0.230115
29,15,34,1812.32,0.210534
29,15,35,1809.74,0.185025
29,15,36,1803.32,0.156075
29,15,37,1795.3,0.126721
29,15,38,1788.54,0.0997767
29,15,39,1785.85,0.0769433
29,15,40,1788.67,0.0592767
29,15,41,1798.59,0.0474015
29,15,42,1816.24,0.0417385
29,15,43,1840.33,0.0423582
29,15,44,1866.61,0.0484012
29,15,45,1887.39,0.0578343
29,15,46,1892.24,0.0674575
29,15,47,1870.64,0.0737414
29,15,48,1814.78,0.074049
29,15,49,1722.85,0.067703
29,16,0,2415.11,0.304834
29,16,1,2568.77,0.344938
29,16,2,2668.25,0.367325
29,16,3,2725.28,0.37455
29,16,4,2756.65,0.373059
29,16,5,2778.22,0.370173
29,16,6,2799.81,0.371326
29,16,7,2821.99,0.378559
29,16,8,2837.74,0.390957
29,16,9,2837.03,0.405279
29,16,10,2811.6,0.417358
29,16,11,2757.67,0.423243
29,16,12,2678.68,0.421423
29,16,13,2583.29,0.412014
29,16,14,2483.62,0.397818
29,16,15,2390.66,0.381947
29,16,16,2310.63,0.366853
29,16,17,2242.93,0.353596
29,16,18,2182.79,0.34197
29,16,19,2124.54,0.331252
29,16,20,2065.03,0.32074
29,16,21,2004.51,0.310083
29,16,22,1945.79,0.299322
29,16,23,1892.66,0.28867
29,16,24,1847.98,0.278537
29,16,25,1813.4,0.269519
29,16,26,1789.63,0.262221
29,16,27,1776.64,0.257318
29,16,28,1773.85,0.255323
29,16,29,1779.93,0.255833
29,16,30,1792.56,0.25734
29,16,31,1808.35,0.256954
29,16,32,1823.36,0.251212
29,16,33,1834.33,0.237233
29,16,34,1839.35,0.214277
29,16,35,1838.47,0.183891
29,16,36,1833.59,0.149801
29,16,37,1827.42,0.116319
29,16,38,1823.04,0.087152
29,16,39,1823.29,0.0642095
29,16,40,1829.66,0.0481913
29,16,41,1843.77,0.039037
29,16,42,1866.16,0.0364449
29,16,43,1895.18,0.0399943
29,16,44,1925.89,0.0485868
29,16,45,1949.75,0.0601193
29,16,46,1955.61,0.0713323
29,16,47,1932.44,0.0786025
29,16,48,1872.29,0.0792053
29,16,49,1773.5,0.0724846
29,17,0,2366.14,0.311861
29,17,1,2528.62,0.35346
29,17,2,2638.41,0.37773
29,17,3,2704.8,0.387199
29,17,4,2742.53,0.387894
29,17,5,2766.25,0.386286
29,17,6,2785.7,0.386872
29,17,7,2802.55,0.39113
29,17,8,2811.39,0.398288
29,17,9,2803.44,0.405998
29,17,10,2771.03,0.411321
29,17,11,2710.51,0.411419
29,17,12,2625.34,0.405349
29,17,13,2524.29,0.393152
29,17,14,2419.63,0.377103
29,17,15,2322.37,0.35973
29,17,16,2238.73,0.343188
29,17,17,2168.22,0.328725
29,17,18,2106.4,0.316636
29,17,19,2048.17,0.306675
29,17,20,1990.83,0.298315
29,17,21,1934.78,0.290978
29,17,22,1882.47,0.284134
29,17,23,1836.96,0.277258
29,17,24,1800.46,0.270157
29,17,25,1774.29,0.263059
29,17,26,1759.15,0.256577
29,17,27,1755.17,0.251731
29,17,28,1761.74,0.249552
29,17,29,1777.09,0.250058
29,17,30,1798.25,0.251843
29,17,31,1821.18,0.251807
29,17,32,1841.65,0.246072
29,17,33,1856.52,0.231433
29,17,34,1864.41,0.207101
29,17,35,1865.89,0.174904
29,17,36,1863.36,0.139126
29,17,37,1859.71,0.104634
29,17,38,1858.07,0.0755164
29,17,39,1861.21,0.0537115
29,17,40,1870.7,0.0396836
29,17,41,1888.28,0.0329867
29,17,42,1914.44,0.0329035
29,17,43,1947.27,0.0387219
29,17,44,1981.23,0.0491999
29,17,45,2007.13,0.0621827
29,17,46,2013.26,0.0743786
29,17,47,1988.26,0.0821351
29,17,48,1924.06,0.082724
29,17,49,1819.05,0.0755602
29,18,0,2329.88,0.31479
29,18,1,2503.88,0.358654
29,18,2,2626.19,0.386065
29,18,3,2703,0.399281
29,18,4,2746.54,0.403699
29,18,5,2770.05,0.404874
29,18,6,2783.54,0.406433
29,18,7,2790.59,0.409339
29,18,8,2788.36,0.412986
29,18,9,2770.23,0.415878
29,18,10,2729.63,0.416319
29,18,11,2663.22,0.412661
29,18,12,2574.21,0.404554
29,18,13,2470.91,0.391882
29,18,14,2365,0.376034
29,18,15,2266.83,0.358452
29,18,16,2182.3,0.340475
29,18,17,2111.03,0.323245
29,18,18,2049.14,0.307663
29,18,19,1992.19,0.294462
29,18,20,1937.97,0.284021
29,18,21,1886.89,0.276257
29,18,22,1840.9,0.270506
29,18,23,1802.24,0.26557
29,18,24,1772.5,0.260394
29,18,25,1752.7,0.254411
29,18,26,1743.61,0.247802
29,18,27,1745.59,0.241594
29,18,28,1758.08,0.237229
29,18,29,1779.15,0.235275
29,18,30,1805.49,0.234847
29,18,31,1832.85,0.233227
29,18,32,1856.99,0.226722
29,18,33,1875.01,0.212174
29,18,34,1885.9,0.188688
29,18,35,1890.44,0.157913
29,18,36,1891.04,0.123969
29,18,37,1890.39,0.091565
29,18,38,1891.4,0.0647028
29,18,39,1896.76,0.0452507
29,18,40,1908.21,0.033614
29,18,41,1927.74,0.0292823
29,18,42,1955.93,0.0314023
29,18,43,1990.7,0.039115
29,18,44,2026.18,0.0510525
29,18,45,2052.75,0.0649588
29,18,46,2058.41,0.0775048
29,18,47,2031.61,0.0850949
29,18,48,1964.14,0.0851381
29,18,49,1854.39,0.0772438
29,19,0,2314.06,0.314378
29,19,1,2500.95,0.360883
29,19,2,2635.87,0.391906
29,19,3,2721.88,0.409237
29,19,4,2768.74,0.417647
29,19,5,2788.61,0.422016
29,19,6,2792.23,0.425476
29,19,7,2785.7,0.428712
29,19,8,2769.43,0.43126
29,19,9,2739.49,0.432206
29,19,10,2690.78,0.430763
29,19,11,2620.21,0.426212
29,19,12,2530.33,0.418612
29,19,13,2428.35,0.407556
29,19,14,2324.64,0.393346
29,19,15,2228.45,0.376097
29,19,16,2145.24,0.356114
29,19,17,2074.87,0.334356
29,19,18,2014.23,0.312489
29,19,19,1959.61,0.292607
29,19,20,1909.24,0.276501
29,19,21,1863.42,0.265061
29,19,22,1823.51,0.257789
29,19,23,1791,0.252899
29,19,24,1766.88,0.24837
29,19,25,1751.92,0.242636
29,19,26,1746.8,0.235196
29,19,27,1751.95,0.226838
29,19,28,1766.89,0.219259
29,19,29,1789.73,0.213561
29,19,30,1817.27,0.20959
29,19,31,1845.55,0.205391
29,19,32,1870.77,0.197884
29,19,33,1890.44,0.184228
29,19,34,1903.77,0.163365
29,19,35,1911.4,0.136411
29,19,36,1915.24,0.106788
29,19,37,1917.39,0.0785493
29,19,38,1920.29,0.0553199
29,19,39,1926.6,0.0389062
29,19,40,1938.31,0.029837
29,19,41,1957.8,0.0277908
29,19,42,1985.84,0.0319618
29,19,43,2020.39,0.041395
29,19,44,2055.45,0.0545339
29,19,45,2081.26,0.0689208
29,19,46,2085.78,0.0811653
29,19,47,2057.4,0.0878335
29,19,48,1987.83,0.0866551
29,19,49,1875.33,0.0776086
29,20,0,2322.02,0.312649
29,20,1,2521.34,0.362088
29,20,2,2666.85,0.396749
29,20,3,2759.03,0.417757
29,20,4,2805.79,0.429346
29,20,5,2818.69,0.436114
29,20,6,2809.57,0.441245
29,20,7,2787.26,0.445546
29,20,8,2755.65,0.448774
29,20,9,2713.78,0.450335
29,20,10,2658.13,0.449921
29,20,11,2585.72,0.447308
29,20,12,2498.02,0.44261
29,20,13,2400.49,0.434904
29,20,14,2301.72,0.423253
29,20,15,2209.58,0.406415
29,20,16,2129.13,0.383733
29,20,17,2060.71,0.356138
29,20,18,2002.11,0.326254
29,20,19,1950.47,0.297741
29,20,20,1904.29,0.273973
29,20,21,1863.69,0.25694
29,20,22,1829.53,0.246395
29,20,23,1802.62,0.240055
29,20,24,1783.49,0.23502
29,20,25,1772.52,0.228798
29,20,26,1770.08,0.22022
29,20,27,1776.38,0.209748
29,20,28,1790.86,0.199197
29,20,29,1811.83,0.190057
29,20,30,1836.63,0.182866
29,20,31,1862.13,0.176494
29,20,32,1885.4,0.168594
29,20,33,1904.51,0.156693
29,20,34,1918.83,0.139492
29,20,35,1928.52,0.117381
29,20,36,1934.67,0.0928517
29,20,37,1938.5,0.0691398
29,20,38,1941.89,0.0494674
29,20,39,1947.45,0.0357188
29,20,40,1957.54,0.0287274
29,20,41,1974.97,0.028526
29,20,42,2000.79,0.0344347
29,20,43,2033.06,0.0453683
29,20,44,2065.88,0.059462
29,20,45,2089.63,0.0739284
29,20,46,2092.44,0.0852731
29,20,47,2062.79,0.0903169
29,20,48,1992.39,0.0872825
29,20,49,1879.29,0.076688
29,21,0,2352.03,0.312776
29,21,1,2561.51,0.365805
29,21,2,2714.1,0.404261
29,21,3,2808.67,0.428355
29,21,4,2852.16,0.441811
29,21,5,2856.04,0.44929
29,21,6,2833.28,0.454567
29,21,7,2795.2,0.459072
29,21,8,2748.95,0.463075
29,21,9,2696.46,0.466278
29,21,10,2635.75,0.468595
29,21,11,2563.8,0.469884
29,21,12,2480.69,0.469858
29,21,13,2389.78,0.466721
29,21,14,2297.53,0.458118
29,21,15,2210.4,0.441538
29,21,16,2133.15,0.415649
29,21,17,2066.85,0.381693
29,21,18,2010.34,0.343473
29,21,19,1961.57,0.306233
29,21,20,1919.29,0.27476
29,21,21,1883.42,0.251917
29,21,22,1854.38,0.237568
29,21,23,1832.52,0.228992
29,21,24,1817.96,0.222624
29,21,25,1810.57,0.215361
29,21,26,1810.12,0.205631
29,21,27,1816.24,0.193695
29,21,28,1828.2,0.181438
29,21,29,1844.58,0.170556
29,21,30,1863.56,0.162034
29,21,31,1883.22,0.155292
29,21,32,1901.72,0.14847
29,21,33,1917.86,0.139253
29,21,34,1931.05,0.125969
29,21,35,1940.88,0.108262
29,21,36,1947.5,0.0877992
29,21,37,1951.22,0.0671881
29,21,38,1953.41,0.0494782
29,21,39,1956.66,0.0368755
29,21,40,1963.64,0.0306765
29,21,41,1977.54,0.0313384
29,21,42,1999.6,0.0383011
29,21,43,2028.09,0.0502693
29,21,44,2057.3,0.0649465
29,21,45,2077.95,0.079107
29,21,46,2078.59,0.0891049
29,21,47,2047.95,0.0920679
29,21,48,1977.81,0.0868125
29,21,49,1866.07,0.0744965
29,22,0,2399.51,0.318291
29,22,1,2615.51,0.376094
29,22,2,2770.91,0.418985
29,22,3,2864.19,0.446002
29,22,4,2902.14,0.460274
29,22,5,2896.48,0.466641
29,22,6,2861.1,0.46979
29,22,7,2809.29,0.472224
29,22,8,2750.78,0.475158
29,22,9,2689.97,0.478899
29,22,10,2626.25,0.483663
29,22,11,2556.52,0.489188
29,22,12,2479.39,0.494404
29,22,13,2396.04,0.496255
29,22,14,2310.74,0.49078
29,22,15,2228.56,0.474334
29,22,16,2154.06,0.445272
29,22,17,2089.18,0.405528
29,22,18,2033.89,0.360205
29,22,19,1986.98,0.315942
29,22,20,1947.43,0.278501
29,22,21,1915.05,0.251138
29,22,22,1889.99,0.233552
29,22,23,1872.29,0.222633
29,22,24,1861.71,0.21445
29,22,25,1857.52,0.205763
29,22,26,1858.67,0.195044
29,22,27,1864.03,0.182645
29,22,28,1872.56,0.170582
29,22,29,1883.11,0.160592
29,22,30,1894.79,0.153717
29,22,31,1906.91,0.149392
29,22,32,1918.78,0.145688
29,22,33,1929.85,0.140016
29,22,34,1939.59,0.130168
29,22,35,1947.14,0.115187
29,22,36,1951.92,0.0962806
29,22,37,1953.57,0.0759032
29,22,38,1953.09,0.0573446
29,22,39,1953.07,0.0434201
29,22,40,1956.3,0.036013
29,22,41,1966.08,0.0360015
29,22,42,1983.73,0.042895
29,22,43,2007.61,0.0551132
29,22,44,2032.36,0.0698515
29,22,45,2049.21,0.0833854
29,22,46,2047.29,0.0918674
29,22,47,2015.8,0.0927095
29,22,48,1946.72,0.0853008
29,22,49,1837.89,0.0714168
29,23,0,2458.14,0.331324
29,23,1,2676.28,0.395232
29,23,2,2830.24,0.443516
29,23,3,2919.21,0.473905
29,23,4,2950.5,0.488767
29,23,5,2936.21,0.492963
29,23,6,2890.84,0.492022
29,23,7,2828.82,0.489704
29,23,8,2761.59,0.488577
29,23,9,2695.24,0.490071
29,23,10,2630.29,0.495098
29,23,11,2563.58,0.503362
29,23,12,2492.57,0.512849
29,23,13,2416.43,0.518991
29,23,14,2337.4,0.516149
29,23,15,2259.29,0.499725
29,23,16,2186.5,0.468123
29,23,17,2121.8,0.424222
29,23,18,2066.29,0.374364
29,23,19,2019.63,0.32616
29,23,20,1981.1,0.285722
29,23,21,1950.48,0.256114
29,23,22,1927.83,0.236574
29,23,23,1912.97,0.223677
29,23,24,1905.34,0.213477
29,23,25,1903.6,0.203131
29,23,26,1905.87,0.191681
29,23,27,1910.24,0.179953
29,23,28,1915.33,0.170216
29,23,29,1920.23,0.164097
29,23,30,1924.79,0.162229
29,23,31,1929.27,0.163378
29,23,32,1933.88,0.164833
29,23,33,1938.55,0.16321
29,23,34,1942.86,0.155646
29,23,35,1945.82,0.140855
29,23,36,1946.59,0.120138
29,23,37,1944.61,0.0964038
29,23,38,1940.74,0.0736492
29,23,39,1937.44,0.0555441
29,23,40,1937.32,0.0446127
29,23,41,1943.45,0.0420899
29,23,42,1956.94,0.0474898
29,23,43,1976.18,0.058914
29,23,44,1996.19,0.0730574
29,23,45,2008.88,0.0857165
29,23,46,2004.14,0.0928117
29,23,47,1971.8,0.091946
29,23,48,1904.21,0.0829302
29,23,49,1799.24,0.0679954
29,24,0,2522.43,0.351274
29,24,1,2738.37,0.422033
29,24,2,2887.19,0.476404
29,24,3,2969.68,0.51092
29,24,4,2994.1,0.52706
29,24,5,2972.97,0.529333
29,24,6,2920.97,0.523639
29,24,7,2852.85,0.514786
29,24,8,2780.64,0.506849
29,24,9,2711.31,0.502853
29,24,10,2646.14,0.504922
29,24,11,2582.15,0.513046
29,24,12,2516.09,0.524404
29,24,13,2445.68,0.532979
29,24,14,2371.52,0.531641
29,24,15,2296.31,0.515129
29,24,16,2224.23,0.482165
29,24,17,2158.71,0.436585
29,24,18,2101.77,0.385624
29,24,19,2053.9,0.337229
29,24,20,2014.73,0.297168
29,24,21,1984.1,0.267789
29,24,22,1962.04,0.247704
29,24,23,1948.27,0.233346
29,24,24,1941.93,0.221146
29,24,25,1941.25,0.209169
29,24,26,1943.69,0.19749
29,24,27,1946.79,0.187734
29,24,28,1948.93,0.182489
29,24,29,1949.29,0.18308
29,24,30,1948.13,0.189225
29,24,31,1946.17,0.19833
29,24,32,1944.02,0.206237
29,24,33,1941.82,0.208361
29,24,34,1939.38,0.201214
29,24,35,1936.03,0.183607
29,24,36,1931.27,0.157549
29,24,37,1924.86,0.126988
29,24,38,1917.68,0.0969958
29,24,39,1911.97,0.0721973
29,24,40,1909.77,0.055706
29,24,41,1913.52,0.0490016
29,24,42,1923.86,0.0515491
29,24,43,1939.13,0.0611618
29,24,44,1954.77,0.0741325
29,24,45,1963.42,0.0858692
29,24,46,1955.84,0.0920413
29,24,47,1922.65,0.0902813
29,24,48,1856.7,0.0805617
29,24,49,1755.93,0.0653009
29,25,0,2588.08,0.375028
29,25,1,2798.24,0.452121
29,25,2,2939.26,0.512269
29,25,3,3014.05,0.551241
29,25,4,3032.08,0.56968
29,25,5,3006.24,0.571354
29,25,6,2950.98,0.56184
29,25,7,2880.52,0.546421
29,25,8,2806.47,0.530442
29,25,9,2735.88,0.518681
29,25,10,2670.52,0.514826
29,25,11,2607.83,0.519525
29,25,12,2544.56,0.529564
29,25,13,2477.71,0.537912
29,25,14,2406.8,0.536476
29,25,15,2333.66,0.519751
29,25,16,2262.09,0.486941
29,25,17,2195.79,0.442578
29,25,18,2137.33,0.394164
29,25,19,2087.76,0.349208
29,25,20,2047.01,0.312484
29,25,21,2015.02,0.285289
29,25,22,1991.84,0.265664
29,25,23,1977.14,0.250213
29,25,24,1969.9,0.236164
29,25,25,1968.17,0.222905
29,25,26,1969.21,0.211843
29,25,27,1970.34,0.205546
29,25,28,1969.86,0.206827
29,25,29,1966.95,0.216424
29,25,30,1961.8,0.232633
29,25,31,1955.02,0.250945
29,25,32,1947.07,0.265325
29,25,33,1938.1,0.269863
29,25,34,1928.24,0.260718
29,25,35,1917.63,0.237332
29,25,36,1906.65,0.202994
29,25,37,1895.79,0.163108
29,25,38,1886.13,0.12396
29,25,39,1879.44,0.0910307
29,25,40,1876.92,0.0678471
29,25,41,1880.06,0.0559877
29,25,42,1888.83,0.0548363
29,25,43,1901.44,0.0620073
29,25,44,1913.74,0.073555
29,25,45,1919.13,0.0846319
29,25,46,1909.25,0.09064
29,25,47,1875.49,0.0890359
29,25,48,1811.21,0.0796408
29,25,49,1714.53,0.064752
29,26,0,2651.51,0.397324
29,26,1,2853.61,0.478724
29,26,2,2985.4,0.542975
29,26,3,3052.18,0.585737
29,26,4,3064.72,0.607105
29,26,5,3036.21,0.609888
29,26,6,2980.45,0.598676
29,26,7,2910.46,0.578481
29,26,8,2836.64,0.555321
29,26,9,2765.49,0.535448
29,26,10,2699.1,0.524114
29,26,11,2635.65,0.522883
29,26,12,2572.61,0.528694
29,26,13,2507.09,0.534221
29,26,14,2438.17,0.531175
29,26,15,2367.08,0.5143
29,26,16,2297.04,0.48332
29,26,17,2231.51,0.443
29,26,18,2173.02,0.400333
29,26,19,2122.73,0.361623
29,26,20,2080.69,0.330155
29,26,21,2046.83,0.306097
29,26,22,2021.23,0.287205
29,26,23,2003.57,0.270701
29,26,24,1992.93,0.255028
29,26,25,1987.56,0.241151
29,26,26,1984.99,0.231852
29,26,27,1982.82,0.230497
29,26,28,1979.44,0.239804
29,26,29,1973.91,0.25954
29,26,30,1965.97,0.28619
29,26,31,1955.56,0.313068
29,26,32,1942.62,0.332256
29,26,33,1927.11,0.3368
29,26,34,1909.66,0.323022
29,26,35,1891.52,0.291558
29,26,36,1874.33,0.247366
29,26,37,1859.57,0.197422
29,26,38,1848.53,0.149065
29,26,39,1842.41,0.108302
29,26,40,1841.36,0.0787815
29,26,41,1845.78,0.0620187
29,26,42,1854.89,0.0573139
29,26,43,1866.73,0.0622133
29,26,44,1877.51,0.0727193
29,26,45,1881.25,0.0838545
29,26,46,1870.34,0.0907182
29,26,47,1836.79,0.090366
29,26,48,1774.37,0.0821686
29,26,49,1681.29,0.0680422
29,27,0,2709.3,0.412465
29,27,1,2902.64,0.494982
29,27,2,3025.16,0.560473
29,27,3,3084.5,0.605176
29,27,4,3092.74,0.629089
29,27,5,3063.21,0.634134
29,27,6,3008.81,0.623543
29,27,7,2940.89,0.601408
29,27,8,2868.16,0.573656
29,27,9,2796.23,0.547362
29,27,10,2727.5,0.528964
29,27,11,2661.19,0.520961
29,27,12,2596.14,0.520942
29,27,13,2530.27,0.52207
29,27,14,2462.87,0.516652
29,27,15,2394.77,0.500125
29,27,16,2328.43,0.472653
29,27,17,2266.47,0.438697
29,27,18,2210.72,0.404028
29,27,19,2161.94,0.373147
29,27,20,2119.93,0.347613
29,27,21,2084.52,0.326612
29,27,22,2055.82,0.308049
29,27,23,2033.67,0.290255
29,27,24,2017.44,0.273225
29,27,25,2005.98,0.259555
29,27,26,1997.52,0.25316
29,27,27,1990.33,0.257785
29,27,28,1983.07,0.275563
29,27,29,1974.65,0.304928
29,27,30,1964.07,0.340401
29,27,31,1950.32,0.373292
29,27,32,1932.57,0.394261
29,27,33,1910.62,0.395936
29,27,34,1885.64,0.375427
29,27,35,1860.17,0.334976
29,27,36,1837.21,0.281276
29,27,37,1819.23,0.222632
29,27,38,1807.74,0.166997
29,27,39,1803.33,0.120439
29,27,40,1805.16,0.0863988
29,27,41,1812.55,0.0662059
29,27,42,1824.03,0.0591155
29,27,43,1837.39,0.0627491
29,27,44,1849.09,0.0732194
29,27,45,1853.56,0.085496
29,27,46,1843.62,0.0943173
29,27,47,1811.61,0.0961325
29,27,48,1751.44,0.0896385
29,27,49,1661.33,0.076225
29,28,0,2757.52,0.415781
29,28,1,2942.98,0.495874
29,28,2,3057.5,0.55927
29,28,3,3110.78,0.603258
29,28,4,3116.02,0.628203
29,28,5,3086.59,0.635486
29,28,6,3034.33,0.627036
29,28,7,2968.81,0.605716
29,28,8,2896.95,0.576721
29,28,9,2823.48,0.547151
29,28,10,2751.17,0.523986
29,28,11,2680.51,0.510422
29,28,12,2612.15,0.50496
29,28,13,2545.32,0.501815
29,28,14,2479.9,0.49446
29,28,15,2416.48,0.479271
29,28,16,2356.52,0.456704
29,28,17,2301.32,0.4305
29,28,18,2251.48,0.404768
29,28,19,2206.86,0.381962
29,28,20,2166.8,0.361963
29,28,21,2130.95,0.343267
29,28,22,2099.45,0.324357
29,28,23,2072.36,0.305035
29,28,24,2049.53,0.287027
29,28,25,2030.51,0.274365
29,28,26,2014.49,0.271637
29,28,27,2000.61,0.282373
29,28,28,1988,0.307617
29,28,29,1975.48,0.344255
29,28,30,1961.32,0.38505
29,28,31,1943.57,0.419911
29,28,32,1920.64,0.438924
29,28,33,1892.16,0.435125
29,28,34,1859.88,0.406948
29,28,35,1827.49,0.358359
29,28,36,1799.22,0.297461
29,28,37,1778.42,0.233329
29,28,38,1766.79,0.17392
29,28,39,1764.54,0.124879
29,28,40,1769.99,0.0891824
29,28,41,1781.65,0.0679155
29,28,42,1797.39,0.0603673
29,28,43,1814.73,0.0643595
29,28,44,1830.16,0.0762126
29,28,45,1838.21,0.0908526
29,28,46,1831.7,0.102587
29,28,47,1802.9,0.107116
29,28,48,1745.52,0.102363
29,28,49,1657.65,0.0891925
29,29,0,2791.89,0.40525
29,29,1,2971.58,0.479875
29,29,2,3080.43,0.538176
29,29,3,3129.65,0.57862
29,29,4,3133.24,0.602267
29,29,5,3104.52,0.610453
29,29,6,3054.3,0.604269
29,29,7,2990.55,0.585481
29,29,8,2918.69,0.558234
29,29,9,2842.85,0.528995
29,29,10,2766.28,0.504589
29,29,11,2690.93,0.488489
29,29,12,2619.31,0.480023
29,29,13,2552.14,0.474617
29,29,14,2489.99,0.467033
29,29,15,2433.13,0.454543
29,29,16,2381.82,0.437713
29,29,17,2335.78,0.419401
29,29,18,2294.15,0.402073
29,29,19,2255.78,0.386352
29,29,20,2219.49,0.370792
29,29,21,2184.79,0.353543
29,29,22,2151.86,0.333913
29,29,23,2120.99,0.313252
29,29,24,2092.31,0.294883
29,29,25,2065.95,0.283854
29,29,26,2041.97,0.284851
29,29,27,2020.4,0.30064
29,29,28,2001.01,0.330864
29,29,29,1982.79,0.370959
29,29,30,1963.6,0.412509
29,29,31,1940.76,0.444938
29,29,32,1912.14,0.458748
29,29,33,1877.2,0.44812
29,29,34,1838.1,0.413048
29,29,35,1799.35,0.358927
29,29,36,1766.12,0.294596
29,29,37,1742.43,0.229157
29,29,38,1730.31,0.169982
29,29,39,1729.82,0.12196
29,29,40,1738.87,0.087512
29,29,41,1755.44,0.0675419
29,29,42,1776.87,0.0614874
29,29,43,1800.33,0.0674552
29,29,44,1822.06,0.0819928
29,29,45,1836.35,0.0999346
29,29,46,1835.6,0.115102
29,29,47,1811.56,0.122394
29,29,48,1757.41,0.118997
29,29,49,1670.95,0.105374
29,30,0,2809.5,0.382299
29,30,1,2986.23,0.449571
29,30,2,3092.33,0.500793
29,30,3,3139.79,0.535386
29,30,4,3143.04,0.555216
29,30,5,3115.18,0.562073
29,30,6,3066.24,0.556912
29,30,7,3003.05,0.540906
29,30,8,2930.09,0.517237
29,30,9,2851.25,0.491391
29,30,10,2770.55,0.469494
29,30,11,2691.34,0.454831
29,30,12,2617.85,0.447188
29,30,13,2552.02,0.442913
29,30,14,2494.85,0.437724
29,30,15,2446.03,0.429443
29,30,16,2404.49,0.418542
29,30,17,2368.41,0.407097
29,30,18,2335.64,0.396381
29,30,19,2304.27,0.385835
29,30,20,2272.89,0.373302
29,30,21,2241.03,0.35693
29,30,22,2208.95,0.336863
29,30,23,2176.92,0.315718
29,30,24,2145.03,0.297947
29,30,25,2113.47,0.288993
29,30,26,2082.76,0.293088
29,30,27,2053.69,0.311879
29,30,28,2026.83,0.343648
29,30,29,2001.72,0.382844
29,30,30,1976.3,0.420725
29,30,31,1947.63,0.447237
29,30,32,1913.27,0.454138
29,30,33,1872.46,0.437152
29,30,34,1827.47,0.397637
29,30,35,1783.17,0.341737
29,30,36,1745.25,0.278158
29,30,37,1718.23,0.215305
29,30,38,1704.61,0.159575
29,30,39,1704.73,0.115037
29,30,40,1716.49,0.0836961
29,30,41,1737.69,0.0664544
29,30,42,1765.33,0.0630299
29,30,43,1796.14,0.0718427
29,30,44,1825.89,0.0896196
29,30,45,1848.22,0.111042
29,30,46,1854.76,0.129453
29,30,47,1836.36,0.139022
29,30,48,1785.47,0.136351
29,30,49,1699.44,0.121683
29,31,0,2810.42,0.351257
29,31,1,2987.13,0.410749
29,31,2,3093.41,0.454302
29,31,3,3141.34,0.481837
29,31,4,3145.32,0.495914
29,31,5,3118.19,0.499119
29,31,6,3069.5,0.492973
29,31,7,3005.5,0.478718
29,31,8,2930.42,0.458963
29,31,9,2848.4,0.438224
29,31,10,2764.36,0.421674
29,31,11,2682.96,0.412071
29,31,12,2609.68,0.409194
29,31,13,2547.22,0.409772
29,31,14,2496.49,0.409837
29,31,15,2456.27,0.4072
29,31,16,2424.2,0.401982
29,31,17,2397.2,0.395711
29,31,18,2372.31,0.389162
29,31,19,2347.46,0.381512
29,31,20,2321.41,0.370677
29,31,21,2294.01,0.355147
29,31,22,2265.55,0.335722
29,31,23,2235.96,0.315699
29,31,24,2204.7,0.299901
29,31,25,2171.4,0.293425
29,31,26,2136.49,0.299595
29,31,27,2101.24,0.318878
29,31,28,2067.19,0.34862
29,31,29,2034.9,0.383032
29,31,30,2002.98,0.413999
29,31,31,1968.69,0.432835
29,31,32,1929.45,0.433018
29,31,33,1884.16,0.411771
29,31,34,1834.81,0.371232
29,31,35,1786.12,0.317419
29,31,36,1743.91,0.258059
29,31,37,1713.01,0.200335
29,31,38,1696.56,0.149568
29,31,39,1695.52,0.109214
29,31,40,1708.19,0.0811873
29,31,41,1732.63,0.0666453
29,31,42,1765.68,0.065717
29,31,43,1803.68,0.0771268
29,31,44,1841.71,0.097706
29,31,45,1872.54,0.121948
29,31,46,1886.68,0.142782
29,31,47,1873.9,0.153807
29,31,48,1825.75,0.151239
29,31,49,1739.13,0.135255
29,32,0,2797.54,0.317858
29,32,1,2976.72,0.370521
29,32,2,3085.62,0.407222
29,32,3,3135.8,0.427826
29,32,4,3141.23,0.435284
29,32,5,3114.49,0.433087
29,32,6,3064.98,0.42383
29,32,7,2999.01,0.40944
29,32,8,2921.13,0.392496
29,32,9,2836.19,0.376846
29,32,10,2750.02,0.366771
29,32,11,2668.34,0.364403
29,32,12,2597.35,0.369169
29,32,13,2539.86,0.377635
29,32,14,2496.26,0.385456
29,32,15,2464.19,0.389793
29,32,16,2440.15,0.390081
29,32,17,2420.27,0.387448
29,32,18,2401.42,0.382831
29,32,19,2381.95,0.376057
29,32,20,2361.3,0.365921
29,32,21,2339.84,0.351615
29,32,22,2317.78,0.334348
29,32,23,2294.33,0.317388
29,32,24,2267.74,0.30504
29,32,25,2236.44,0.301325
29,32,26,2200.28,0.308374
29,32,27,2160.83,0.325709
29,32,28,2120.75,0.350446
29,32,29,2081.99,0.377454
29,32,30,2044.38,0.400079
29,32,31,2005.76,0.41151
29,32,32,1963.46,0.406939
29,32,33,1915.87,0.384621
29,32,34,1864.35,0.346661
29,32,35,1813.01,0.298091
29,32,36,1767.39,0.24504
29,32,37,1732.46,0.193249
29,32,38,1711.96,0.14715
29,32,39,1707.73,0.109976
29,32,40,1718.89,0.0839465
29,32,41,1744.1,0.070728
29,32,42,1780.42,0.0709497
29,32,43,1823.92,0.0836066
29,32,44,1868.97,0.105577
29,32,45,1907.28,0.131198
29,32,46,1928.13,0.153124
29,32,47,1920.03,0.164589
29,32,48,1873.66,0.161605
29,32,49,1785.39,0.144358
29,33,0,2776,0.288023
29,33,1,2959.3,0.335946
29,33,2,3072.37,0.367829
29,33,3,3125.77,0.382953
29,33,4,3132.86,0.38424
29,33,5,3106,0.375938
29,33,6,3054.82,0.361915
29,33,7,2986.14,0.345209
29,33,8,2905.34,0.328895
29,33,9,2818.13,0.316626
29,33,10,2731.18,0.312105
29,33,11,2650.88,0.317001
29,33,12,2583.54,0.330304
29,33,13,2531.66,0.348106
29,33,14,2494.77,0.365175
29,33,15,2469.46,0.377494
29,33,16,2451.41,0.383422
29,33,17,2436.41,0.383642
29,33,18,2421.7,0.37963
29,33,19,2406.55,0.372523
29,33,20,2391.4,0.362653
29,33,21,2377.22,0.350241
29,33,22,2363.99,0.336713
29,33,23,2349.79,0.324665
29,33,24,2331.19,0.317055
29,33,25,2305.02,0.316226
29,33,26,2270.28,0.323002
29,33,27,2228.71,0.336379
29,33,28,2184.2,0.354057
29,33,29,2140.39,0.372407
29,33,30,2098.64,0.386833
29,33,31,2057.61,0.392548
29,33,32,2014.59,0.386078
29,33,33,1967.33,0.366017
29,33,34,1916.23,0.333623
29,33,35,1864.48,0.292284
29,33,36,1816.95,0.246223
29,33,37,1778.44,0.199795
29,33,38,1753.18,0.156884
29,33,39,1743.94,0.120916
29,33,40,1750.9,0.0947692
29,33,41,1773.81,0.0807997
29,33,42,1810.35,0.0801758
29,33,43,1856.59,0.0921369
29,33,44,1906.28,0.1136
29,33,45,1950.08,0.138849
29,33,46,1975.91,0.160425
29,33,47,1971.07,0.171384
29,33,48,1925.28,0.167644
29,33,49,1834.4,0.149369
29,34,0,2750.94,0.266543
29,34,1,2938.91,0.312494
29,34,2,3056.5,0.342343
29,34,3,3113.1,0.354369
29,34,4,3121.46,0.351009
29,34,5,3093.87,0.336939
29,34,6,3040.48,0.317225
29,34,7,2968.99,0.296206
29,34,8,2885.79,0.27787
29,34,9,2797.44,0.266176
29,34,10,2711.14,0.264697
29,34,11,2633.44,0.274973
29,34,12,2570.27,0.295727
29,34,13,2523.55,0.322553
29,34,14,2492.03,0.349141
29,34,15,2471.48,0.369977
29,34,16,2457.2,0.381979
29,34,17,2445.06,0.385144
29,34,18,2433.02,0.381497
29,34,19,2421.51,0.373758
29,34,20,2412.08,0.36418
29,34,21,2406.23,0.354281
29,34,22,2403.46,0.345616
29,34,23,2400.45,0.339685
29,34,24,2391.84,0.337509
29,34,25,2372.82,0.339376
29,34,26,2341.46,0.344815
29,34,27,2299.71,0.352762
29,34,28,2252.64,0.362214
29,34,29,2205.65,0.371681
29,34,30,2161.72,0.378935
29,34,31,2120.38,0.381074
29,34,32,2078.94,0.375431
29,34,33,2034.45,0.360249
29,34,34,1986.27,0.335331
29,34,35,1936.42,0.302091
29,34,36,1888.8,0.262844
29,34,37,1847.71,0.220799
29,34,38,1817.6,0.179638
29,34,39,1802.11,0.143266
29,34,40,1802.68,0.11537
29,34,41,1820.47,0.0990143
29,34,42,1854.21,0.0958457
29,34,43,1900.32,0.105319
29,34,44,1952.12,0.124441
29,34,45,1999.19,0.147602
29,34,46,2028.14,0.167418
29,34,47,2024.99,0.176929
29,34,48,1978.56,0.171998
29,34,49,1884.19,0.152695
29,35,0,2726.52,0.257871
29,35,1,2918.53,0.304974
29,35,2,3039.76,0.335818
29,35,3,3098.55,0.347407
29,35,4,3107.19,0.341316
29,35,5,3078.14,0.322292
29,35,6,3022.28,0.296365
29,35,7,2948.37,0.269233
29,35,8,2863.81,0.246094
29,35,9,2775.79,0.231667
29,35,10,2691.59,0.229839
29,35,11,2617.4,0.242359
29,35,12,2558.36,0.267954
29,35,13,2515.7,0.301889
29,35,14,2487.61,0.336873
29,35,15,2469.52,0.365869
29,35,16,2456.79,0.384175
29,35,17,2445.8,0.390816
29,35,18,2435.41,0.388101
29,35,19,2427.25,0.380218
29,35,20,2423.86,0.371359
29,35,21,2427.01,0.36444
29,35,22,2435.51,0.361143
29,35,23,2444.45,0.361712
29,35,24,2446.64,0.364993
29,35,25,2435.79,0.369123
29,35,26,2409.23,0.37246
29,35,27,2369.14,0.374262
29,35,28,2321.64,0.375255
29,35,29,2273.64,0.376393
29,35,30,2229.6,0.377825
29,35,31,2189.9,0.378256
29,35,32,2151.88,0.375355
29,35,33,2112.04,0.366544
29,35,34,2068.69,0.349901
29,35,35,2022.61,0.324871
29,35,36,1976.55,0.292091
29,35,37,1934.06,0.253936
29,35,38,1899.58,0.214109
29,35,39,1877.49,0.177049
29,35,40,1870.51,0.147143
29,35,41,1881.4,0.127974
29,35,42,1910.27,0.121482
29,35,43,1954.13,0.127284
29,35,44,2005.99,0.142565
29,35,45,2054.47,0.162039
29,35,46,2084.85,0.178614
29,35,47,2081.93,0.185483
29,35,48,2033.66,0.178492
29,35,49,1934.88,0.157566
29,36,0,2705.19,0.265966
29,36,1,2899.8,0.317405
29,36,2,3023,0.352053
29,36,3,3082.37,0.365525
29,36,4,3089.99,0.358348
29,36,5,3058.72,0.335086
29,36,6,3000.31,0.30252
29,36,7,2924.61,0.2677
29,36,8,2839.99,0.237246
29,36,9,2753.93,0.216988
29,36,10,2673.37,0.211459
29,36,11,2603.64,0.222831
29,36,12,2548.77,0.250023
29,36,13,2509.2,0.288158
29,36,14,2482.77,0.329217
29,36,15,2464.97,0.364866
29,36,16,2451.7,0.38886
29,36,17,2440.18,0.399104
29,36,18,2430.39,0.397859
29,36,19,2425.06,0.390414
29,36,20,2427.54,0.382639
29,36,21,2439.59,0.37878
29,36,22,2459.11,0.380677
29,36,23,2479.66,0.387404
29,36,24,2492.51,0.39573
29,36,25,2490.27,0.401806
29,36,26,2469.79,0.402989
29,36,27,2433.46,0.399058
29,36,28,2388.13,0.392527
29,36,29,2341.77,0.386715
29,36,30,2299.89,0.383876
29,36,31,2263.57,0.383984
29,36,32,2230.27,0.384738
29,36,33,2196.13,0.382584
29,36,34,2158.55,0.373967
29,36,35,2117.19,0.356669
29,36,36,2073.64,0.33006
29,36,37,2030.66,0.296008
29,36,38,1992.58,0.258338
29,36,39,1964.37,0.221868
29,36,40,1949.99,0.191328
29,36,41,1953.77,0.170419
29,36,42,1977.2,0.161023
29,36,43,2017.98,0.162792
29,36,44,2068.88,0.173159
29,36,45,2117.58,0.187403
29,36,46,2148.09,0.198996
29,36,47,2144.12,0.201518
29,36,48,2092.77,0.190901
29,36,49,1988.51,0.166969
29,37,0,2687.68,0.294287
29,37,1,2883.24,0.353064
29,37,2,3006.65,0.3937
29,37,3,3065.02,0.410488
29,37,4,3070.44,0.402985
29,37,5,3036.32,0.375561
29,37,6,2975.33,0.335667
29,37,7,2898.44,0.291727
29,37,8,2814.83,0.2519
29,37,9,2732.19,0.22334
29,37,10,2656.8,0.21138
29,37,11,2592.82,0.218603
29,37,12,2542.83,0.244132
29,37,13,2506.3,0.283019
29,37,14,2480.65,0.326829
29,37,15,2461.68,0.366344
29,37,16,2446.13,0.394163
29,37,17,2432.39,0.407179
29,37,18,2421.74,0.407379
29,37,19,2418.04,0.400701
29,37,20,2425.24,0.394224
29,37,21,2444.94,0.393276
29,37,22,2474.1,0.399852
29,37,23,2504.95,0.412095
29,37,24,2527.64,0.425069
29,37,25,2534.12,0.433321
29,37,26,2521,0.433435
29,37,27,2490.85,0.425709
29,37,28,2450.76,0.414137
29,37,29,2409.14,0.403928
29,37,30,2371.99,0.398901
29,37,31,2340.78,0.399912
29,37,32,2313.16,0.404562
29,37,33,2285.08,0.408461
29,37,34,2253.34,0.406825
29,37,35,2216.74,0.396308
29,37,36,2175.9,0.37555
29,37,37,2133,0.346243
29,37,38,2092.29,0.312355
29,37,39,2059.29,0.278781
29,37,40,2038.94,0.250071
29,37,41,2036.93,0.229474
29,37,42,2055.87,0.218338
29,37,43,2094.01,0.21614
29,37,44,2143.86,0.22062
29,37,45,2192.17,0.227892
29,37,46,2221.85,0.232344
29,37,47,2215.63,0.228258
29,37,48,2159.89,0.211834
29,37,49,2048.78,0.182904
29,38,0,2674.83,0.343908
29,38,1,2870.2,0.412533
29,38,2,2992.68,0.460479
29,38,3,3049.13,0.480926
29,38,4,3051.79,0.472802
29,38,5,3014.61,0.440534
29,38,6,2951.12,0.392338
29,38,7,2873.33,0.338053
29,38,8,2791.32,0.2874
29,38,9,2712.97,0.248881
29,38,10,2643.97,0.228586
29,38,11,2587.13,0.229318
29,38,12,2543.41,0.250232
29,38,13,2510.91,0.28629
29,38,14,2486.39,0.328943
29,38,15,2465.84,0.368623
29,38,16,2446.91,0.39738
29,38,17,2429.38,0.411448
29,38,18,2416.02,0.412486
29,38,19,2411.91,0.406653
29,38,20,2421.61,0.401683
29,38,21,2446.56,0.403576
29,38,22,2482.95,0.414418
29,38,23,2522.04,0.43171
29,38,24,2553.36,0.449366
29,38,25,2568.56,0.46089
29,38,26,2564.15,0.46237
29,38,27,2542.68,0.454491
29,38,28,2510.98,0.442114
29,38,29,2477.24,0.431537
29,38,30,2447.29,0.427365
29,38,31,2422.71,0.430871
29,38,32,2401.29,0.439506
29,38,33,2379.06,0.448367
29,38,34,2352.53,0.45203
29,38,35,2320.02,0.446716
29,38,36,2281.57,0.430994
29,38,37,2239.14,0.406767
29,38,38,2197.07,0.378195
29,38,39,2161.33,0.349931
29,38,40,2137.57,0.325749
29,38,41,2132.32,0.307786
29,38,42,2148.91,0.296285
29,38,43,2185.84,0.290255
29,38,44,2235.28,0.287772
29,38,45,2283.15,0.286063
29,38,46,2311.41,0.280838
29,38,47,2301.97,0.267462
29,38,48,2240.6,0.24265
29,38,49,2121.1,0.206383
29,39,0,2667.3,0.4129
29,39,1,2862.43,0.493109
29,39,2,2984.06,0.548643
29,39,3,3038.91,0.571876
29,39,4,3039.31,0.561667
29,39,5,2999.57,0.523015
29,39,6,2933.9,0.465199
29,39,7,2855.27,0.39956
29,39,8,2774.72,0.337288
29,39,9,2700.7,0.288063
29,39,10,2638.57,0.258481
29,39,11,2589.97,0.251225
29,39,12,2554.11,0.265215
29,39,13,2527.41,0.295246
29,39,14,2505.54,0.332943
29,39,15,2484.35,0.368943
29,39,16,2462.18,0.395448
29,39,17,2440.14,0.40853
29,39,18,2422.55,0.40963
29,39,19,2415.77,0.404808
29,39,20,2425.06,0.401912
29,39,21,2451.98,0.407141
29,39,22,2492.29,0.422513
29,39,23,2536.87,0.445154
29,39,24,2575.03,0.468418
29,39,25,2598.44,0.485388
29,39,26,2603.53,0.491985
29,39,27,2592.56,0.489065
29,39,28,2571.62,0.481618
29,39,29,2548.07,0.476048
29,39,30,2527.09,0.476835
29,39,31,2510.08,0.485126
29,39,32,2494.98,0.49817
29,39,33,2478.1,0.510901
29,39,34,2456,0.517885
29,39,35,2426.9,0.51563
29,39,36,2390.76,0.503315
29,39,37,2349.65,0.483484
29,39,38,2308.17,0.460616
29,39,39,2272.59,0.438905
29,39,40,2248.84,0.420859
29,39,41,2243.74,0.406931
29,39,42,2260.8,0.39575
29,39,43,2298.5,0.385587
29,39,44,2348.6,0.374862
29,39,45,2396.37,0.362153
29,39,46,2422.99,0.344832
29,39,47,2409.75,0.319654
29,39,48,2341.73,0.284029
29,39,49,2212.29,0.238177
29,40,0,2665.39,0.495582
29,40,1,2861.39,0.58808
29,40,2,2983.58,0.650463
29,40,3,3038.48,0.674617
29,40,4,3038.32,0.660003
29,40,5,2997.46,0.612873
29,40,6,2930.43,0.544021
29,40,7,2850.99,0.466381
29,40,8,2771.27,0.392411
29,40,9,2700.69,0.332597
29,40,10,2644.84,0.293644
29,40,11,2604.55,0.277741
29,40,12,2577.5,0.283324
29,40,13,2558.27,0.304986
29,40,14,2541.12,0.334795
29,40,15,2521.37,0.364084
29,40,16,2497.6,0.38582
29,40,17,2471.85,0.396402
29,40,18,2449.71,0.397235
29,40,19,2438.67,0.394078
29,40,20,2444.82,0.394443
29,40,21,2470.13,0.404255
29,40,22,2510.53,0.42523
29,40,23,2557.14,0.45428
29,40,24,2599.58,0.48474
29,40,25,2629.73,0.509893
29,40,26,2643.88,0.525877
29,40,27,2643.72,0.533556
29,40,28,2634.24,0.537357
29,40,29,2621.58,0.542813
29,40,30,2609.98,0.553346
29,40,31,2600.56,0.569384
29,40,32,2591.44,0.587841
29,40,33,2579.33,0.603752
29,40,34,2561.13,0.612176
29,40,35,2535.3,0.610528
29,40,36,2502.05,0.599192
29,40,37,2463.85,0.581763
29,40,38,2425.54,0.563233
29,40,39,2393.49,0.547312
29,40,40,2373.43,0.535002
29,40,41,2371.97,0.524789
29,40,42,2392.38,0.513437
29,40,43,2432.89,0.498346
29,40,44,2484.93,0.478292
29,40,45,2533.29,0.453281
29,40,46,2558.64,0.422449
29,40,47,2541.67,0.383969
29,40,48,2466.74,0.335929
29,40,49,2326.4,0.278767
29,41,0,2670.59,0.583849
29,41,1,2869.34,0.688367
29,41,2,2994.29,0.756146
29,41,3,3051.62,0.778821
29,41,4,3053.29,0.757092
29,41,5,3013.36,0.69921
29,41,6,2946.31,0.618035
29,41,7,2866.39,0.528194
29,41,8,2786.77,0.44312
29,41,9,2718.14,0.373595
29,41,10,2666.83,0.32594
29,41,11,2633.53,0.301521
29,41,12,2614.85,0.298153
29,41,13,2603.78,0.310309
29,41,14,2593.16,0.330747
29,41,15,2577.49,0.351842
29,41,16,2555.03,0.367708
29,41,17,2528.1,0.375412
29,41,18,2502.88,0.376486
29,41,19,2487.53,0.376321
29,41,20,2488.81,0.381805
29,41,21,2509.43,0.398237
29,41,22,2546.08,0.426798
29,41,23,2590.83,0.464253
29,41,24,2634.14,0.504294
29,41,25,2668.37,0.540885
29,41,26,2689.58,0.570697
29,41,27,2698.69,0.594462
29,41,28,2699.36,0.615459
29,41,29,2696.42,0.63751
29,41,30,2693.15,0.662196
29,41,31,2690.43,0.68872
29,41,32,2686.63,0.713554
29,41,33,2678.97,0.732036
29,41,34,2664.81,0.740092
29,41,35,2643.04,0.73646
29,41,36,2614.29,0.723109
29,41,37,2581.42,0.704952
29,41,38,2549.43,0.687678
29,41,39,2524.43,0.674667
29,41,40,2511.63,0.665514
29,41,41,2517.01,0.656874
29,41,42,2543.29,0.643763
29,41,43,2588.42,0.6228
29,41,44,2643.59,0.593086
29,41,45,2693.35,0.555882
29,41,46,2718.06,0.511778
29,41,47,2697.95,0.459995
29,41,48,2616.51,0.399018
29,41,49,2465.09,0.329384
29,42,0,2683.72,0.668196
29,42,1,2887.06,0.783645
29,42,2,3016.78,0.855118
29,42,3,3078.74,0.874094
29,42,4,3084.44,0.842959
29,42,5,3047.46,0.772594
29,42,6,2981.95,0.678414
29,42,7,2902.29,0.576795
29,42,8,2822.37,0.481803
29,42,9,2754.09,0.403952
29,42,10,2704.9,0.348721
29,42,11,2675.94,0.316486
29,42,12,2663.6,0.304488
29,42,13,2659.9,0.307293
29,42,14,2656.59,0.318527
29,42,15,2647.29,0.331745
29,42,16,2629.47,0.342277
29,42,17,2604.96,0.347969
29,42,18,2579.64,0.350584
29,42,19,2561.59,0.35518
29,42,20,2557.79,0.36794
29,42,21,2571.73,0.39338
29,42,22,2601.37,0.431989
29,42,23,2640.42,0.48039
29,42,24,2680.74,0.53282
29,42,25,2715.42,0.584182
29,42,26,2740.42,0.631826
29,42,27,2755.75,0.676179
29,42,28,2763.77,0.71892
29,42,29,2768.1,0.761539
29,42,30,2771.2,0.803262
29,42,31,2773.88,0.841802
29,42,32,2774.82,0.873241
29,42,33,2771.74,0.893457
29,42,34,2762.51,0.899496
29,42,35,2746.39,0.891584
29,42,36,2724.37,0.873294
29,42,37,2699.55,0.850846
29,42,38,2676.84,0.83068
29,42,39,2661.86,0.816129
29,42,40,2658.99,0.805836
29,42,41,2673.44,0.795229
29,42,42,2707.28,0.778142
29,42,43,2758.13,0.750734
29,42,44,2817.07,0.712351
29,42,45,2868.66,0.664988
29,42,46,2893.23,0.609925
29,42,47,2870.73,0.54662
29,42,48,2783.82,0.473409
29,42,49,2622.25,0.390768
29,43,0,2702.64,0.739092
29,43,1,2911.54,0.863709
29,43,2,3047.11,0.937354
29,43,3,3114.84,0.951308
29,43,4,3125.88,0.909789
29,43,5,3093.32,0.826613
29,43,6,3030.84,0.719987
29,43,7,2952.6,0.607953
29,43,8,2872.67,0.504831
29,43,9,2803.71,0.420363
29,43,10,2754.2,0.358877
29,43,11,2726.32,0.319805
29,43,12,2717.09,0.300049
29,43,13,2718.51,0.294575
29,43,14,2721.87,0.297976
29,43,15,2720.01,0.304921
29,43,16,2709.38,0.31176
29,43,17,2690.65,0.317032
29,43,18,2668.59,0.32274
29,43,19,2650.32,0.333726
29,43,20,2642.46,0.355571
29,43,21,2649.09,0.392069
29,43,22,2669.68,0.443021
29,43,23,2700.01,0.504917
29,43,24,2733.84,0.572569
29,43,25,2765.35,0.6418
29,43,26,2790.55,0.710524
29,43,27,2808.67,0.778561
29,43,28,2820.91,0.845604
29,43,29,2829.84,0.910409
29,43,30,2837.38,0.969661
29,43,31,2844.34,1.01966
29,43,32,2849.79,1.05645
29,43,33,2851.93,1.07684
29,43,34,2848.98,1.07923
29,43,35,2840.41,1.06527
29,43,36,2827.3,1.03979
29,43,37,2812.75,1.00994
29,43,38,2801.32,0.982747
29,43,39,2798,0.96179
29,43,40,2806.32,0.945466
29,43,41,2830.66,0.928946
29,43,42,2872.48,0.905789
29,43,43,2929.08,0.872164
29,43,44,2991.54,0.827509
29,43,45,3044.68,0.773763
29,43,46,3069.08,0.711788
29,43,47,3044.76,0.640215
29,43,48,2953.69,0.556568
29,43,49,2783.88,0.461127
29,44,0,2720.4,0.787748
29,44,1,2934.53,0.918964
29,44,2,3075.66,0.993482
29,44,3,3149.04,1.00231
29,44,4,3165.61,0.951313
29,44,5,3138.13,0.857079
29,44,6,3079.83,0.740405
29,44,7,3004.36,0.620654
29,44,8,2925.38,0.511978
29,44,9,2855.57,0.422964
29,44,10,2804.09,0.356691
29,44,11,2774.34,0.311894
29,44,12,2764.77,0.285518
29,44,13,2768.29,0.273258
29,44,14,2776.48,0.270696
29,44,15,2781.69,0.273424
29,44,16,2779.28,0.278467
29,44,17,2768.37,0.284855
29,44,18,2752.03,0.294772
29,44,19,2735.8,0.312972
29,44,20,2725.4,0.344653
29,44,21,2725.19,0.393118
29,44,22,2736.1,0.457666
29,44,23,2756.12,0.534742
29,44,24,2781.21,0.619676
29,44,25,2806.9,0.708971
29,44,26,2829.54,0.800722
29,44,27,2847.78,0.893692
29,44,28,2861.84,0.985212
29,44,29,2873.46,1.0711
29,44,30,2884.17,1.14563
29,44,31,2894.87,1.20413
29,44,32,2905.06,1.24322
29,44,33,2913.27,1.26129
29,44,34,2917.91,1.25837
29,44,35,2918.38,1.23732
29,44,36,2915.58,1.20358
29,44,37,2912.28,1.16455
29,44,38,2912.6,1.12746
29,44,39,2920.91,1.09629
29,44,40,2940,1.06998
29,44,41,2973.57,1.0445
29,44,42,3022.5,1.01413
29,44,43,3083.83,0.975516
29,44,44,3148.73,0.927962
29,44,45,3202.44,0.872479
29,44,46,3226.14,0.808395
29,44,47,3200.19,0.73253
29,44,48,3106.19,0.64107
29,44,49,2930.5,0.534051
29,45,0,2724.01,0.806334
29,45,1,2941.69,0.940458
29,45,2,3087.05,1.01449
29,45,3,3165.11,1.0192
29,45,4,3186.7,0.961645
29,45,5,3164.4,0.860472
29,45,6,3111.12,0.738312
29,45,7,3039.8,0.615162
29,45,8,2963.18,0.504525
29,45,9,2893.28,0.413602
29,45,10,2839.37,0.34433
29,45,11,2805.99,0.295137
29,45,12,2793.4,0.263424
29,45,13,2796.18,0.245901
29,45,14,2806.82,0.239099
29,45,15,2817.62,0.239319
29,45,16,2822.91,0.243933
29,45,17,2820.19,0.252236
29,45,18,2810.57,0.266501
29,45,19,2797.7,0.291473
29,45,20,2786.09,0.33218
29,45,21,2780.1,0.391732
29,45,22,2781.88,0.469246
29,45,23,2791.54,0.561308
29,45,24,2807.23,0.663709
29,45,25,2825.99,0.773292
29,45,26,2844.73,0.887785
29,45,27,2861.7,1.00437
29,45,28,2876.34,1.11774
29,45,29,2889.72,1.22076
29,45,30,2903.05,1.30573
29,45,31,2917.41,1.36768
29,45,32,2932.66,1.40467
29,45,33,2947.59,1.41734
29,45,34,2960.57,1.40763
29,45,35,2970.63,1.37936
29,45,36,2978.24,1.33781
29,45,37,2985.72,1.28983
29,45,38,2996.72,1.24225
29,45,39,3015.17,1.19953
29,45,40,3043.38,1.16168
29,45,41,3084.46,1.12629
29,45,42,3138.84,1.08912
29,45,43,3203.33,1.04759
29,45,44,3269.24,1.0006
29,45,45,3322.41,0.947585
29,45,46,3344.72,0.885634
29,45,47,3317.08,0.809287
29,45,48,3220.95,0.71324
29,45,49,3041.48,0.597361
29,46,0,2696.86,0.788584
29,46,1,2915.35,0.920575
29,46,2,3063.07,0.992288
29,46,3,3144.58,0.994463
29,46,4,3170.52,0.934743
29,46,5,3153.4,0.832667
29,46,6,3105.79,0.711439
29,46,7,3039.9,0.5907
29,46,8,2967.24,0.482773
29,46,9,2898.66,0.393381
29,46,10,2843.03,0.32356
29,46,11,2805.73,0.271835
29,46,12,2788.8,0.236397
29,46,13,2788.84,0.215124
29,46,14,2799.74,0.205435
29,46,15,2814.1,0.20418
29,46,16,2825.52,0.208873
29,46,17,2830,0.218914
29,46,18,2826.69,0.236551
29,46,19,2817.39,0.266495
29,46,20,2805.33,0.31372
29,46,21,2794.67,0.381385
29,46,22,2788.56,0.468792
29,46,23,2788.92,0.57293
29,46,24,2795.91,0.690042
29,46,25,2808.05,0.816997
29,46,26,2822.84,0.950652
29,46,27,2838.29,1.08621
29,46,28,2853.18,1.21563
29,46,29,2868.03,1.3292
29,46,30,2883.81,1.41786
29,46,31,2901.79,1.47715
29,46,32,2922.18,1.50734
29,46,33,2943.86,1.51179
29,46,34,2965.02,1.49452
29,46,35,2984.11,1.45998
29,46,36,3001.04,1.41264
29,46,37,3017.64,1.35808
29,46,38,3037.27,1.30224
29,46,39,3063.63,1.24979
29,46,40,3098.73,1.20206
29,46,41,3145.29,1.15858
29,46,42,3203.33,1.11681
29,46,43,3269.46,1.07494
29,46,44,3335.25,1.03131
29,46,45,3387.08,0.983551
29,46,46,3407.51,0.926529
29,46,47,3377.92,0.85278
29,46,48,3279.88,0.755873
29,46,49,3097.91,0.63566
29,47,0,2622.95,0.73213
29,47,1,2838.44,0.855933
29,47,2,2986.21,0.922825
29,47,3,3069.89,0.923947
29,47,4,3099.64,0.866857
29,47,5,3087.74,0.770613
29,47,6,3046.43,0.657476
29,47,7,2987.11,0.545615
29,47,8,2919.95,0.445686
29,47,9,2854.41,0.361948
29,47,10,2798.62,0.294807
29,47,11,2758.38,0.243165
29,47,12,2737.24,0.20615
29,47,13,2733.76,0.182788
29,47,14,2743.41,0.171307
29,47,15,2759.4,0.169039
29,47,16,2774.99,0.173605
29,47,17,2784.93,0.184431
29,47,18,2786.7,0.203635
29,47,19,2780.39,0.235754
29,47,20,2768.03,0.285673
29,47,21,2753.61,0.356699
29,47,22,2741.01,0.4486
29,47,23,2733.68,0.559008
29,47,24,2733.48,0.684665
29,47,25,2740.14,0.822286
29,47,26,2751.69,0.967605
29,47,27,2765.92,1.1138
29,47,28,2781.06,1.2505
29,47,29,2797.18,1.36612
29,47,30,2815.11,1.45111
29,47,31,2836.29,1.50216
29,47,32,2861.26,1.52203
29,47,33,2888.93,1.51688
29,47,34,2917.17,1.49257
29,47,35,2943.8,1.45386
29,47,36,2968.15,1.40405
29,47,37,2991.67,1.34701
29,47,38,3017.56,1.28742
29,47,39,3049.51,1.22991
29,47,40,3089.41,1.17687
29,47,41,3139.63,1.12948
29,47,42,3199.85,1.08667
29,47,43,3266.57,1.04713
29,47,44,3331.59,1.00859
29,47,45,3381.76,0.967219
29,47,46,3400.12,0.916358
29,47,47,3368.37,0.847506
29,47,48,3268.26,0.753877
29,47,49,3084.6,0.635488
29,48,0,2491.46,0.640571
29,48,1,2698.63,0.750128
29,48,2,2843.19,0.809385
29,48,3,2927.3,0.810381
29,48,4,2960.19,0.760018
29,48,5,2953.6,0.67556
29,48,6,2919.22,0.576901
29,48,7,2867.54,0.479758
29,48,8,2807.37,0.39277
29,48,9,2746.75,0.31885
29,48,10,2692.89,0.257998
29,48,11,2651.65,0.20959
29,48,12,2627.59,0.173616
29,48,13,2620.91,0.150049
29,48,14,2628.6,0.13783
29,48,15,2644.71,0.13478
29,48,16,2662.52,0.138718
29,48,17,2675.96,0.149097
29,48,18,2681.19,0.167807
29,48,19,2676.9,0.198998
29,48,20,2664.16,0.247281
29,48,21,2646.75,0.31604
29,48,22,2629.17,0.405608
29,48,23,2616.03,0.514399
29,48,24,2610.47,0.639709
29,48,25,2613.11,0.778121
29,48,26,2622.28,0.924369
29,48,27,2635.56,1.07007
29,48,28,2650.72,1.20344
29,48,29,2667.53,1.31205
29,48,30,2686.77,1.38681
29,48,31,2710.09,1.42586
29,48,32,2738.32,1.43424
29,48,33,2770.35,1.4202
29,48,34,2803.75,1.39092
29,48,35,2835.75,1.35111
29,48,36,2865.21,1.30278
29,48,37,2893.3,1.24813
29,48,38,2923.2,1.1905
29,48,39,2958.65,1.13408
29,48,40,3001.49,1.08183
29,48,41,3053.76,1.03589
29,48,42,3114.87,0.996058
29,48,43,3181.26,0.961202
29,48,44,3245.01,0.928548
29,48,45,3293.35,0.893533
29,48,46,3309.62,0.849107
29,48,47,3275.66,0.786995
29,48,48,3173.71,0.700952
29,48,49,2989.78,0.591275
29,49,0,2301.03,0.524299
29,49,1,2492.52,0.614928
29,49,2,2628.96,0.664145
29,49,3,2710.66,0.665305
29,49,4,2745.4,0.624247
29,49,5,2743.91,0.555475
29,49,6,2716.95,0.475491
29,49,7,2673.92,0.396949
29,49,8,2622.21,0.326361
29,49,9,2568.46,0.265499
29,49,10,2518.91,0.214127
29,49,11,2479.13,0.172023
29,49,12,2454.19,0.139779
29,49,13,2445.43,0.117998
29,49,14,2451.13,0.10619
29,49,15,2466.3,0.102681
29,49,16,2484.57,0.105617
29,49,17,2499.57,0.114513
29,49,18,2506.61,0.130956
29,49,19,2503.39,0.158511
29,49,20,2490.27,0.201277
29,49,21,2470.84,0.262504
29,49,22,2450.03,0.343013
29,49,23,2433.2,0.441968
29,49,24,2424.26,0.557248
29,49,25,2424.31,0.68548
29,49,26,2431.79,0.820882
29,49,27,2444.07,0.954422
29,49,28,2458.66,1.07411
29,49,29,2475.15,1.16799
29,49,30,2494.36,1.22815
29,49,31,2518.12,1.2542
29,49,32,2547.54,1.25256
29,49,33,2581.52,1.2325
29,49,34,2617.42,1.2016
29,49,35,2652.08,1.16411
29,49,36,2684.03,1.12101
29,49,37,2714.27,1.07315
29,49,38,2745.92,1.02264
29,49,39,2782.77,0.972975
29,49,40,2826.55,0.927097
29,49,41,2878.99,0.887345
29,49,42,2939.26,0.853777
29,49,43,3003.84,0.825176
29,49,44,3065.19,0.798589
29,49,45,3111.05,0.769502
29,49,46,3125.09,0.731574
29,49,47,3089.46,0.677841
29,49,48,2987.33,0.603291
29,49,49,2807.07,0.508502
30,0,0,2379.86,0.304853
30,0,1,2549.83,0.371441
30,0,2,2667.44,0.424544
30,0,3,2744.13,0.459933
30,0,4,2797.62,0.478153
30,0,5,2845.11,0.483837
30,0,6,2897.49,0.483503
30,0,7,2956.56,0.483559
30,0,8,3017.06,0.488514
30,0,9,3071.47,0.500374
30,0,10,3113.98,0.518774
30,0,11,3142.07,0.541958
30,0,12,3156.36,0.567858
30,0,13,3158.38,0.593856
30,0,14,3148.73,0.615639
30,0,15,3126.18,0.627006
30,0,16,3087.74,0.62138
30,0,17,3029.39,0.594387
30,0,18,2947.99,0.546574
30,0,19,2843.08,0.483767
30,0,20,2718.5,0.41587
30,0,21,2582.12,0.352874
30,0,22,2444.7,0.302559
30,0,23,2317.32,0.268152
30,0,24,2208.73,0.24821
30,0,25,2122.91,0.237915
30,0,26,2059.53,0.231229
30,0,27,2014.4,0.223
30,0,28,1981.21,0.209758
30,0,29,1953.39,0.190168
30,0,30,1925.63,0.164801
30,0,31,1894.59,0.135989
30,0,32,1858.24,0.107008
30,0,33,1815.95,0.081003
30,0,34,1768.31,0.0600158
30,0,35,1717.34,0.0445103
30,0,36,1666.91,0.0336448
30,0,37,1622.32,0.0258926
30,0,38,1589.07,0.0200194
30,0,39,1570.87,0.0154797
30,0,40,1567.9,0.0123344
30,0,41,1576.43,0.0107721
30,0,42,1589.93,0.0112514
30,0,43,1600.47,0.0133804
30,0,44,1600.99,0.0164661
30,0,45,1586.44,0.0194232
30,0,46,1554.26,0.0211206
30,0,47,1504.06,0.0208414
30,0,48,1437.95,0.0185401
30,0,49,1360.52,0.0148371
30,1,0,2596.94,0.369255
30,1,1,2776.48,0.447609
30,1,2,2898.2,0.50959
30,1,3,2975.63,0.550766
30,1,4,3027.02,0.572311
30,1,5,3069.24,0.57992
30,1,6,3113.14,0.581181
30,1,7,3161.38,0.583303
30,1,8,3210.4,0.591328
30,1,9,3254.56,0.60742
30,1,10,3289.42,0.631073
30,1,11,3313.01,0.660067
30,1,12,3325.62,0.691629
30,1,13,3327.81,0.72205
30,1,14,3318.88,0.745706
30,1,15,3296.45,0.755181
30,1,16,3256.78,0.743243
30,1,17,3195.59,0.705796
30,1,18,3109.85,0.644659
30,1,19,2999.43,0.567576
30,1,20,2868.65,0.486451
30,1,21,2725.86,0.41271
30,1,22,2582.37,0.354879
30,1,23,2449.68,0.316145
30,1,24,2336.73,0.294413
30,1,25,2247.55,0.283898
30,1,26,2181.71,0.27758
30,1,27,2134.68,0.26945
30,1,28,2099.76,0.255333
30,1,29,2069.85,0.233331
30,1,30,2039.26,0.203814
30,1,31,2004.53,0.1693
30,1,32,1963.77,0.133702
30,1,33,1916.77,0.10104
30,1,34,1864.58,0.0742082
30,1,35,1809.54,0.0541836
30,1,36,1755.71,0.0402322
30,1,37,1708.36,0.0305887
30,1,38,1672.96,0.0236352
30,1,39,1653.17,0.0184419
30,1,40,1649.02,0.0148042
30,1,41,1656.71,0.0127491
30,1,42,1669.58,0.0127628
30,1,43,1679.56,0.0144364
30,1,44,1679.48,0.0171158
30,1,45,1663.96,0.0197441
30,1,46,1629.98,0.0211996
30,1,47,1576.44,0.0207629
30,1,48,1504.79,0.0183795
30,1,49,1419.24,0.0146544
30,2,0,2761.63,0.417743
30,2,1,2943.86,0.503791
30,2,2,3065.04,0.571359
30,2,3,3140.1,0.61623
30,2,4,3187.07,0.640298
30,2,5,3221.96,0.650117
30,2,6,3255.3,0.654005
30,2,7,3290.58,0.659621
30,2,8,3326.14,0.67227
30,2,9,3358.39,0.694072
30,2,10,3384.41,0.724216
30,2,11,3402.72,0.75983
30,2,12,3413.28,0.79727
30,2,13,3415.54,0.831607
30,2,14,3407.49,0.856048
30,2,15,3385.58,0.862397
30,2,16,3345.43,0.84339
30,2,17,3282.65,0.795761
30,2,18,3194.56,0.722824
30,2,19,3081.66,0.634074
30,2,20,2948.85,0.542889
30,2,21,2804.93,0.461511
30,2,22,2661.36,0.398687
30,2,23,2529.43,0.357271
30,2,24,2417.67,0.334513
30,2,25,2329.71,0.323926
30,2,26,2264.8,0.31789
30,2,27,2218.15,0.309888
30,2,28,2182.82,0.295267
30,2,29,2151.47,0.271629
30,2,30,2118.31,0.239069
30,2,31,2079.94,0.200124
30,2,32,2034.89,0.159142
30,2,33,1983.59,0.120868
30,2,34,1927.75,0.0889828
30,2,35,1870.14,0.0649856
30,2,36,1814.84,0.0483002
30,2,37,1766.75,0.0369758
30,2,38,1730.76,0.0290243
30,2,39,1710.03,0.0231077
30,2,40,1704.3,0.0187232
30,2,41,1709.89,0.0157365
30,2,42,1720.62,0.0146755
30,2,43,1728.93,0.0151998
30,2,44,1728.06,0.0167944
30,2,45,1712.62,0.0185433
30,2,46,1679.1,0.0194282
30,2,47,1625.55,0.0187691
30,2,48,1552.39,0.0164796
30,2,49,1463.06,0.0130675
30,3,0,2873.61,0.444333
30,3,1,3054.11,0.53339
30,3,2,3172,0.603009
30,3,3,3242.92,0.649492
30,3,4,3284.25,0.67535
30,3,5,3310.9,0.687624
30,3,6,3332.87,0.69495
30,3,7,3354.38,0.70512
30,3,8,3375.58,0.723513
30,3,9,3394.99,0.752097
30,3,10,3411.37,0.789666
30,3,11,3423.86,0.832569
30,3,12,3432.15,0.876194
30,3,13,3434.54,0.914384
30,3,14,3427.63,0.939435
30,3,15,3406.73,0.942866
30,3,16,3366.85,0.917929
30,3,17,3303.68,0.862519
30,3,18,3215.09,0.781332
30,3,19,3102.42,0.685124
30,3,20,2971.27,0.588016
30,3,21,2830.77,0.502434
30,3,22,2692.15,0.436922
30,3,23,2565.92,0.393878
30,3,24,2459.61,0.370063
30,3,25,2376.04,0.358683
30,3,26,2314.08,0.351996
30,3,27,2268.8,0.343384
30,3,28,2233.35,0.32803
30,3,29,2200.49,0.303196
30,3,30,2164.6,0.268712
30,3,31,2122.61,0.226975
30,3,32,2073.55,0.182524
30,3,33,2018.6,0.140529
30,3,34,1960.13,0.105223
30,3,35,1901.35,0.0784901
30,3,36,1846.23,0.0598631
30,3,37,1799.03,0.0472274
30,3,38,1763.71,0.0382692
30,3,39,1742.6,0.0312961
30,3,40,1735.01,0.0255665
30,3,41,1737.61,0.0208782
30,3,42,1745.09,0.0178753
30,3,43,1750.98,0.0164047
30,3,44,1749.34,0.0161818
30,3,45,1734.95,0.0165052
30,3,46,1703.82,0.0165035
30,3,47,1652.97,0.015538
30,3,48,1581.61,0.0134495
30,3,49,1492.17,0.0105749
30,4,0,2938.3,0.4474
30,4,1,3114.59,0.535229
30,4,2,3227.77,0.603975
30,4,3,3293.66,0.650561
30,4,4,3328.8,0.677803
30,4,5,3346.92,0.692716
30,4,6,3357.42,0.703803
30,4,7,3365.03,0.718748
30,4,8,3371.53,0.742939
30,4,9,3377.58,0.778257
30,4,10,3383.8,0.823193
30,4,11,3390.21,0.873382
30,4,12,3396.31,0.923295
30,4,13,3399.26,0.965679
30,4,14,3394.19,0.992211
30,4,15,3375.28,0.994532
30,4,16,3337,0.966729
30,4,17,3275.23,0.907866
30,4,18,3188.55,0.823579
30,4,19,3079.18,0.725153
30,4,20,2953.35,0.626653
30,4,21,2820.27,0.540142
30,4,22,2690.49,0.473724
30,4,23,2573.26,0.429416
30,4,24,2474.71,0.403796
30,4,25,2396.72,0.390228
30,4,26,2337.83,0.381313
30,4,27,2293.3,0.370736
30,4,28,2256.75,0.353837
30,4,29,2221.53,0.327786
30,4,30,2182.54,0.292234
30,4,31,2137.16,0.249366
30,4,32,2084.97,0.203658
30,4,33,2027.68,0.160339
30,4,34,1968.15,0.123827
30,4,35,1909.78,0.0961191
30,4,36,1856.32,0.0766958
30,4,37,1811.24,0.0632421
30,4,38,1777.46,0.0531721
30,4,39,1756.38,0.0445586
30,4,40,1746.89,0.0365766
30,4,41,1746.14,0.0291481
30,4,42,1749.96,0.0231735
30,4,43,1753.25,0.0188277
30,4,44,1751.1,0.0161199
30,4,45,1738.59,0.0145747
30,4,46,1711.14,0.0134423
30,4,47,1664.7,0.0120782
30,4,48,1597.19,0.0101962
30,4,49,1509.96,0.00791205
30,5,0,2962.95,0.429634
30,5,1,3133.9,0.513129
30,5,2,3241.89,0.579108
30,5,3,3302.54,0.625026
30,5,4,3331.5,0.653567
30,5,5,3341.39,0.671167
30,5,6,3341,0.685753
30,5,7,3335.42,0.704711
30,5,8,3327.79,0.73345
30,5,9,3320.79,0.773983
30,5,10,3317.01,0.824776
30,5,11,3317.51,0.88104
30,5,12,3321.82,0.93659
30,5,13,3325.97,0.983355
30,5,14,3323.69,1.01268
30,5,15,3308.09,1.01659
30,5,16,3273.26,0.990045
30,5,17,3215.33,0.933005
30,5,18,3133.56,0.851407
30,5,19,3030.87,0.756249
30,5,20,2913.78,0.660807
30,5,21,2791.16,0.576362
30,5,22,2672.49,0.510488
30,5,23,2565.48,0.465018
30,5,24,2474.79,0.436708
30,5,25,2401.45,0.41951
30,5,26,2343.91,0.406748
30,5,27,2298.03,0.392735
30,5,28,2258.39,0.373255
30,5,29,2219.43,0.345664
30,5,30,2176.9,0.309593
30,5,31,2128.78,0.267032
30,5,32,2075.02,0.222206
30,5,33,2017.52,0.180051
30,5,34,1959.13,0.144759
30,5,35,1903.12,0.11809
30,5,36,1852.77,0.0992263
30,5,37,1810.77,0.0855516
30,5,38,1779.09,0.0742473
30,5,39,1758.38,0.0633058
30,5,40,1747.26,0.0520415
30,5,41,1743.44,0.0407572
30,5,42,1743.96,0.0307979
30,5,43,1745.1,0.0228032
30,5,44,1742.98,0.0171055
30,5,45,1732.91,0.0134111
30,5,46,1709.72,0.0110111
30,5,47,1668.27,0.00917662
30,5,48,1605.27,0.00743811
30,5,49,1521.12,0.00566571
30,6,0,2954.96,0.396671
30,6,1,3120.45,0.47405
30,6,2,3223.5,0.536331
30,6,3,3279.31,0.581316
30,6,4,3302.71,0.611137
30,6,5,3305.47,0.631216
30,6,6,3295.88,0.648552
30,6,7,3279.23,0.670072
30,6,8,3259.7,0.70123
30,6,9,3241.59,0.744392
30,6,10,3229.21,0.798351
30,6,11,3224.64,0.858327
30,6,12,3227.56,0.917871
30,6,13,3233.15,0.968495
30,6,14,3234.07,1.00149
30,6,15,3222.69,1.00935
30,6,16,3192.92,0.987802
30,6,17,3141.17,0.937264
30,6,18,3067.16,0.863351
30,6,19,2974.05,0.776107
30,6,20,2868.13,0.687483
30,6,21,2757.42,0.607721
30,6,22,2650.08,0.54385
30,6,23,2552.32,0.497691
30,6,24,2467.56,0.466449
30,6,25,2396.3,0.444937
30,6,26,2337.24,0.427405
30,6,27,2287.18,0.40899
30,6,28,2242.14,0.386139
30,6,29,2198.01,0.356655
30,6,30,2151.73,0.320359
30,6,31,2101.94,0.279155
30,6,32,2048.74,0.23693
30,6,33,1993.7,0.19807
30,6,34,1939.14,0.166186
30,6,35,1887.65,0.142465
30,6,36,1841.83,0.125525
30,6,37,1803.68,0.112311
30,6,38,1774.48,0.0997917
30,6,39,1754.49,0.0860233
30,6,40,1742.31,0.070692
30,6,41,1736.3,0.0547383
30,6,42,1734.55,0.0401364
30,6,43,1734.56,0.0280904
30,6,44,1733.23,0.0192454
30,6,45,1725.96,0.0134018
30,6,46,1706.97,0.00978078
30,6,47,1670.17,0.00747837
30,6,48,1611.25,0.00579626
30,6,49,1529.88,0.00436438
30,7,0,2921.72,0.355879
30,7,1,3082.33,0.426481
30,7,2,3181.26,0.484697
30,7,3,3233.22,0.528489
30,7,4,3252.43,0.559239
30,7,5,3250.18,0.58117
30,7,6,3234.5,0.600211
30,7,7,3210.84,0.6227
30,7,8,3183.84,0.654064
30,7,9,3158.62,0.697091
30,7,10,3140.44,0.751125
30,7,11,3132.05,0.811787
30,7,12,3133.37,0.872793
30,7,13,3139.33,0.925698
30,7,14,3142.3,0.962023
30,7,15,3134.55,0.974815
30,7,16,3110.11,0.960343
30,7,17,3065.61,0.919066
30,7,18,3000.88,0.85585
30,7,19,2918.7,0.779395
30,7,20,2824.51,0.700092
30,7,21,2725.16,0.627058
30,7,22,2627.43,0.56676
30,7,23,2536.35,0.521067
30,7,24,2454.52,0.487698
30,7,25,2382.28,0.462354
30,7,26,2318.85,0.440218
30,7,27,2262.23,0.417301
30,7,28,2210.03,0.390854
30,7,29,2159.93,0.359347
30,7,30,2110.22,0.323021
30,7,31,2060.22,0.283851
30,7,32,2009.93,0.245388
30,7,33,1960.19,0.211341
30,7,34,1912.18,0.184494
30,7,35,1867.39,0.165213
30,7,36,1827.51,0.151347
30,7,37,1793.93,0.139302
30,7,38,1767.59,0.125848
30,7,39,1748.75,0.109223
30,7,40,1736.3,0.0896668
30,7,41,1729.28,0.06893
30,7,42,1726.68,0.0497278
30,7,43,1726.84,0.0338538
30,7,44,1727.13,0.0222116
30,7,45,1722.88,0.014592
30,7,46,1707.7,0.010038
30,7,47,1674.7,0.00739499
30,7,48,1618.84,0.00571349
30,7,49,1539.32,0.00441538
30,8,0,2871.24,0.314756
30,8,1,3027.96,0.378673
30,8,2,3123.92,0.432565
30,8,3,3173.39,0.474486
30,8,4,3190.35,0.505172
30,8,5,3186.05,0.52785
30,8,6,3168.63,0.547491
30,8,7,3143.5,0.569772
30,8,8,3115.06,0.599888
30,8,9,3088.13,0.640835
30,8,10,3067.71,0.69243
30,8,11,3056.58,0.750872
30,8,12,3055.04,0.810391
30,8,13,3058.66,0.863064
30,8,14,3060.57,0.901017
30,8,15,3053.83,0.91794
30,8,16,3032.98,0.910474
30,8,17,2994.8,0.878822
30,8,18,2938.74,0.82688
30,8,19,2866.65,0.76192
30,8,20,2782.72,0.692825
30,8,21,2692.44,0.627666
30,8,22,2601.39,0.57235
30,8,23,2513.87,0.528739
30,8,24,2432.13,0.494932
30,8,25,2356.7,0.467319
30,8,26,2287.43,0.441829
30,8,27,2223.42,0.415248
30,8,28,2163.91,0.385676
30,8,29,2108.3,0.352395
30,8,30,2056.28,0.316259
30,8,31,2007.85,0.279485
30,8,32,1962.72,0.245343
30,8,33,1920.66,0.21684
30,8,34,1881.38,0.195823
30,8,35,1844.97,0.181717
30,8,36,1812.11,0.171549
30,8,37,1783.69,0.161199
30,8,38,1760.59,0.147307
30,8,39,1743.39,0.12838
30,8,40,1731.53,0.105282
30,8,41,1724.75,0.0805948
30,8,42,1722.71,0.0577394
30,8,43,1724.31,0.039019
30,8,44,1727.04,0.0255001
30,8,45,1725.97,0.0168676
30,8,46,1714.16,0.011911
30,8,47,1684.12,0.00918636
30,8,48,1630.25,0.0075008
30,8,49,1551.51,0.00612423
30,9,0,2812.05,0.279923
30,9,1,2965.89,0.337706
30,9,2,3059.96,0.386918
30,9,3,3108.25,0.425774
30,9,4,3124.89,0.454777
30,9,5,3121.6,0.476691
30,9,6,3106.89,0.4959
30,9,7,3085.96,0.517422
30,9,8,3062.16,0.545904
30,9,9,3038.76,0.58406
30,9,10,3019.33,0.63179
30,9,11,3006,0.685778
30,9,12,2999.55,0.740972
30,9,13,2997.02,0.790417
30,9,14,2993.43,0.827289
30,9,15,2983.49,0.846112
30,9,16,2962.73,0.843833
30,9,17,2927.98,0.820234
30,9,18,2878.02,0.778199
30,9,19,2813.4,0.723671
30,9,20,2736.79,0.664248
30,9,21,2652.41,0.607129
30,9,22,2564.95,0.557687
30,9,23,2478.41,0.517674
30,9,24,2395.14,0.485357
30,9,25,2316.02,0.457525
30,9,26,2241.47,0.430576
30,9,27,2171.47,0.401893
30,9,28,2106.51,0.370357
30,9,29,2047.49,0.336085
30,9,30,1995.3,0.300629
30,9,31,1950.45,0.266514
30,9,32,1912.31,0.236769
30,9,33,1879.48,0.213717
30,9,34,1850.14,0.198282
30,9,35,1822.95,0.189009
30,9,36,1797.62,0.182269
30,9,37,1774.64,0.17362
30,9,38,1755.03,0.159747
30,9,39,1739.91,0.139485
30,9,40,1729.38,0.114275
30,9,41,1723.86,0.0873509
30,9,42,1723.55,0.0626245
30,9,43,1727.6,0.0427176
30,9,44,1733.41,0.0287282
30,9,45,1735.72,0.0201624
30,9,46,1727.06,0.0155247
30,9,47,1699.41,0.0130817
30,9,48,1646.78,0.0114306
30,9,49,1567.94,0.00976129
30,10,0,2752.09,0.256088
30,10,1,2903.79,0.308504
30,10,2,2996.61,0.352547
30,10,3,3044.41,0.386783
30,10,4,3061.91,0.412085
30,10,5,3061.74,0.431479
30,10,6,3053.02,0.449288
30,10,7,3040.46,0.469954
30,10,8,3025.71,0.49724
30,10,9,3009.58,0.532959
30,10,10,2993.29,0.57651
30,10,11,2977.86,0.624727
30,10,12,2964.48,0.673323
30,10,13,2952.17,0.716655
30,10,14,2938.6,0.749404
30,10,15,2920.85,0.767217
30,10,16,2895.85,0.767446
30,10,17,2860.63,0.749438
30,10,18,2813.14,0.715114
30,10,19,2752.48,0.669212
30,10,20,2679.85,0.618233
30,10,21,2598.34,0.56863
30,10,22,2512.12,0.525261
30,10,23,2425.24,0.489705
30,10,24,2340.46,0.460278
30,10,25,2259.1,0.433975
30,10,26,2181.95,0.407487
30,10,27,2109.48,0.37862
30,10,28,2042.9,0.346885
30,10,29,1984.07,0.313088
30,10,30,1934.69,0.27936
30,10,31,1895.59,0.248413
30,10,32,1865.71,0.222952
30,10,33,1842.63,0.204614
30,10,34,1823.24,0.193512
30,10,35,1805.01,0.187558
30,10,36,1786.89,0.182865
30,10,37,1769.12,0.1751
30,10,38,1752.98,0.161288
30,10,39,1740.17,0.140671
30,10,40,1731.47,0.115092
30,10,41,1727.94,0.0880962
30,10,42,1730.15,0.0637156
30,10,43,1737.39,0.0446133
30,10,44,1746.83,0.0317691
30,10,45,1752.8,0.0244655
30,10,46,1747.3,0.0209287
30,10,47,1721.82,0.0191633
30,10,48,1669.97,0.0176017
30,10,49,1590.28,0.0154274
30,11,0,2696.34,0.245361
30,11,1,2846.34,0.293238
30,11,2,2937.98,0.331669
30,11,3,2985.23,0.359809
30,11,4,3003.74,0.379511
30,11,5,3007.37,0.394748
30,11,6,3005.96,0.410262
30,11,7,3003.6,0.430049
30,11,8,2999.85,0.456724
30,11,9,2992.58,0.490676
30,11,10,2980.29,0.530247
30,11,11,2962.56,0.57202
30,11,12,2940.85,0.612389
30,11,13,2916.19,0.647201
30,11,14,2889.19,0.673015
30,11,15,2859.72,0.686939
30,11,16,2826.51,0.686975
30,11,17,2786.99,0.672206
30,11,18,2738.38,0.643684
30,11,19,2678.44,0.604988
30,11,20,2607.02,0.56151
30,11,21,2526.37,0.518904
30,11,22,2440.4,0.481456
30,11,23,2353.51,0.450567
30,11,24,2268.93,0.424654
30,11,25,2188.38,0.400965
30,11,26,2112.8,0.376501
30,11,27,2042.71,0.349418
30,11,28,1979.52,0.319659
30,11,29,1925.37,0.288426
30,11,30,1882.24,0.258081
30,11,31,1850.95,0.23119
30,11,32,1830,0.209911
30,11,33,1816.24,0.195138
30,11,34,1805.69,0.186346
30,11,35,1795.11,0.181213
30,11,36,1783.03,0.176184
30,11,37,1769.64,0.167618
30,11,38,1756.52,0.153274
30,11,39,1745.97,0.132875
30,11,40,1739.35,0.108432
30,11,41,1738.27,0.0833681
30,11,42,1743.58,0.0613962
30,11,43,1754.56,0.0449179
30,11,44,1768.12,0.0346548
30,11,45,1778.12,0.0296513
30,11,46,1775.96,0.0278877
30,11,47,1752.6,0.027144
30,11,48,1701.14,0.0257252
30,11,49,1619.91,0.0228665
30,12,0,2646.16,0.247088
30,12,1,2794.83,0.29124
30,12,2,2885.28,0.323898
30,12,3,2931.69,0.345023
30,12,4,2950.79,0.35786
30,12,5,2957.85,0.367761
30,12,6,2963.49,0.38018
30,12,7,2971.11,0.398785
30,12,8,2978.11,0.424957
30,12,9,2979.42,0.457438
30,12,10,2970.87,0.4932
30,12,11,2950.49,0.528272
30,12,12,2919.79,0.559567
30,12,13,2881.6,0.584399
30,12,14,2839.33,0.601359
30,12,15,2795.75,0.609272
30,12,16,2751.61,0.607104
30,12,17,2704.99,0.593961
30,12,18,2652.58,0.570167
30,12,19,2591.06,0.538102
30,12,20,2519.23,0.501868
30,12,21,2438.75,0.466075
30,12,22,2353.51,0.434313
30,12,23,2268.3,0.407835
30,12,24,2186.76,0.385368
30,12,25,2110.87,0.364661
30,12,26,2041.47,0.343227
30,12,27,1978.84,0.319623
30,12,28,1924.08,0.294033
30,12,29,1879.04,0.267694
30,12,30,1845.39,0.242713
30,12,31,1823.54,0.221032
30,12,32,1811.54,0.203927
30,12,33,1805.81,0.191447
30,12,34,1802.07,0.18263
30,12,35,1796.94,0.175389
30,12,36,1788.98,0.167148
30,12,37,1778.6,0.155572
30,12,38,1767.74,0.139546
30,12,39,1759.21,0.119338
30,12,40,1754.83,0.0968849
30,12,41,1756.58,0.0750762
30,12,42,1765.49,0.0569101
30,12,43,1780.77,0.0442679
30,12,44,1798.92,0.0375121
30,12,45,1813.26,0.0354613
30,12,46,1814.54,0.03589
30,12,47,1793.05,0.0363853
30,12,48,1741.41,0.035143
30,12,49,1657.65,0.0314793
30,13,0,2598.9,0.257962
30,13,1,2746.98,0.299185
30,13,2,2836.79,0.326447
30,13,3,2882.58,0.340615
30,13,4,2902.13,0.346421
30,13,5,2911.97,0.35061
30,13,6,2923.38,0.359338
30,13,7,2939.13,0.376002
30,13,8,2954.73,0.400883
30,13,9,2962.6,0.431243
30,13,10,2956.25,0.462769
30,13,11,2932.32,0.490875
30,13,12,2892.32,0.512845
30,13,13,2840.46,0.527247
30,13,14,2782.68,0.534577
30,13,15,2724.37,0.53544
30,13,16,2668.28,0.529999
30,13,17,2613.26,0.51771
30,13,18,2555.75,0.498353
30,13,19,2491.69,0.473075
30,13,20,2419.23,0.444449
30,13,21,2339.68,0.415728
30,13,22,2256.98,0.389639
30,13,23,2176.12,0.367312
30,13,24,2100.92,0.348018
30,13,25,2033.35,0.33031
30,13,26,1974.04,0.312485
30,13,27,1922.89,0.293616
30,13,28,1880.47,0.273994
30,13,29,1847.9,0.254563
30,13,30,1826.1,0.2367
30,13,31,1814.7,0.221254
30,13,32,1811.22,0.208291
30,13,33,1811.91,0.196924
30,13,34,1812.7,0.185959
30,13,35,1810.62,0.173986
30,13,36,1804.76,0.159957
30,13,37,1795.99,0.143316
30,13,38,1786.69,0.124347
30,13,39,1780.05,0.103873
30,13,40,1778.15,0.0835478
30,13,41,1783.21,0.0654352
30,13,42,1796.3,0.0515642
30,13,43,1816.39,0.0431473
30,13,44,1839.51,0.0401557
30,13,45,1858.33,0.0412232
30,13,46,1862.83,0.0439631
30,13,47,1842.66,0.0457876
30,13,48,1789.95,0.0447763
30,13,49,1702.49,0.0403158
30,14,0,2550.74,0.273437
30,14,1,2699.78,0.312606
30,14,2,2790.64,0.335541
30,14,3,2837.34,0.343962
30,14,4,2858.21,0.343834
30,14,5,2870.61,0.342926
30,14,6,2886.2,0.347794
30,14,7,2907.24,0.361557
30,14,8,2927.95,0.383694
30,14,9,2938.98,0.410498
30,14,10,2932.23,0.436832
30,14,11,2903.33,0.457718
30,14,12,2853.79,0.470737
30,14,13,2788.97,0.475377
30,14,14,2716.8,0.473628
30,14,15,2644.83,0.467629
30,14,16,2577.46,0.45875
30,14,17,2514.29,0.447014
30,14,18,2451.72,0.431881
30,14,19,2385.4,0.413381
30,14,20,2313.2,0.392508
30,14,21,2236.28,0.371007
30,14,22,2158.49,0.350642
30,14,23,2084.73,0.332401
30,14,24,2018.61,0.316183
30,14,25,1961.87,0.301475
30,14,26,1914.92,0.287495
30,14,27,1877.39,0.273903
30,14,28,1849.29,0.261051
30,14,29,1830.89,0.249422
30,14,30,1822.02,0.239393
30,14,31,1821.27,0.230462
30,14,32,1825.56,0.22131
30,14,33,1831.13,0.210109
30,14,34,1834.48,0.195603
30,14,35,1833.5,0.177348
30,14,36,1828.2,0.156103
30,14,37,1820.12,0.133282
30,14,38,1812.09,0.110617
30,14,39,1807.54,0.0894196
30,14,40,1808.63,0.0709317
30,14,41,1817.61,0.056268
30,14,42,1835.44,0.0464242
30,14,43,1860.73,0.0419274
30,14,44,1888.94,0.0423947
30,14,45,1911.97,0.0463334
30,14,46,1919.06,0.0512388
30,14,47,1899.29,0.0543588
30,14,48,1844.4,0.0536378
30,14,49,1752.08,0.0484952
30,15,0,2499.77,0.289048
30,15,1,2652.18,0.327211
30,15,2,2747.02,0.34757
30,15,3,2797.43,0.352489
30,15,4,2821.5,0.348657
30,15,5,2836.67,0.344244
30,15,6,2854.61,0.345742
30,15,7,2877.39,0.355927
30,15,8,2898.77,0.373842
30,15,9,2908.69,0.395477
30,15,10,2898.3,0.415542
30,15,11,2862.74,0.429097
30,15,12,2803.64,0.43405
30,15,13,2727.25,0.430464
30,15,14,2642.95,0.421234
30,15,15,2559.75,0.409512
30,15,16,2483.17,0.397588
30,15,17,2413.36,0.386082
30,15,18,2346.87,0.374365
30,15,19,2279.43,0.361672
30,15,20,2208.94,0.347689
30,15,21,2136.51,0.332813
30,15,22,2065.68,0.317903
30,15,23,2000.85,0.303732
30,15,24,1945.08,0.290691
30,15,25,1899.81,0.279046
30,15,26,1865.37,0.268812
30,15,27,1841.36,0.260188
30,15,28,1827.45,0.253588
30,15,29,1823.03,0.249065
30,15,30,1826.76,0.246036
30,15,31,1836.07,0.242723
30,15,32,1847.24,0.236528
30,15,33,1856.63,0.224826
30,15,34,1861.48,0.206428
30,15,35,1860.78,0.181903
30,15,36,1855.61,0.153738
30,15,37,1848.25,0.125125
30,15,38,1841.92,0.0990436
30,15,39,1840.08,0.0771434
30,15,40,1844.8,0.0602148
30,15,41,1858.22,0.0484868
30,15,42,1881.04,0.0420376
30,15,43,1911.47,0.0408079
30,15,44,1944.31,0.0441427
30,15,45,1970.76,0.0504802
30,15,46,1979.43,0.0572349
30,15,47,1958.94,0.0615067
30,15,48,1900.82,0.0610982
30,15,49,1802.74,0.0554252
30,16,0,2448.05,0.301872
30,16,1,2606.87,0.34034
30,16,2,2709.28,0.360383
30,16,3,2766.75,0.364679
30,16,4,2796.14,0.360052
30,16,5,2814.14,0.354423
30,16,6,2832.13,0.353777
30,16,7,2852.52,0.360457
30,16,8,2869.67,0.373385
30,16,9,2873.98,0.388837
30,16,10,2856.73,0.402023
30,16,11,2813.1,0.408534
30,16,12,2744.99,0.406729
30,16,13,2659.19,0.396976
30,16,14,2565.91,0.382448
30,16,15,2474.82,0.366622
30,16,16,2391.93,0.352178
30,16,17,2317.69,0.34015
30,16,18,2248.99,0.330035
30,16,19,2181.89,0.320779
30,16,20,2114.56,0.311361
30,16,21,2047.97,0.301319
30,16,22,1985.14,0.290838
30,16,23,1929.62,0.280384
30,16,24,1883.79,0.270507
30,16,25,1848.84,0.26183
30,16,26,1825.23,0.254814
30,16,27,1812.83,0.249996
30,16,28,1811.13,0.247865
30,16,29,1818.83,0.248224
30,16,30,1833.48,0.249854
30,16,31,1851.44,0.250107
30,16,32,1868.46,0.245515
30,16,33,1881.07,0.232966
30,16,34,1887.34,0.211407
30,16,35,1887.3,0.182224
30,16,36,1883.02,0.149183
30,16,37,1877.36,0.116723
30,16,38,1873.72,0.0886505
30,16,39,1875.41,0.0667622
30,16,40,1884.28,0.0514499
30,16,41,1902.25,0.0422712
30,16,42,1929.77,0.0386259
30,16,43,1964.62,0.0400287
30,16,44,2001.06,0.045638
30,16,45,2029.71,0.053854
30,16,46,2038.73,0.0620396
30,16,47,2016.51,0.0671847
30,16,48,1954.51,0.0669864
30,16,49,1850.42,0.0608593
30,17,0,2401.14,0.310474
30,17,1,2569.48,0.350531
30,17,2,2682.78,0.372418
30,17,3,2749.98,0.378782
30,17,4,2785.87,0.376089
30,17,5,2805.75,0.371566
30,17,6,2820.77,0.370436
30,17,7,2834.35,0.374572
30,17,8,2842.57,0.38297
30,17,9,2837.35,0.392531
30,17,10,2810.9,0.399378
30,17,11,2758.83,0.399993
30,17,12,2683.23,0.393295
30,17,13,2591.05,0.379763
30,17,14,2492.58,0.362294
30,17,15,2397.36,0.343995
30,17,16,2311.37,0.32733
30,17,17,2235.19,0.313472
30,17,18,2166.14,0.302246
30,17,19,2100.84,0.292913
30,17,20,2037.74,0.284521
30,17,21,1977.6,0.276438
30,17,22,1922.68,0.268507
30,17,23,1875.54,0.260806
30,17,24,1837.93,0.253649
30,17,25,1810.93,0.247491
30,17,26,1795.33,0.242766
30,17,27,1791.43,0.240058
30,17,28,1798.73,0.239914
30,17,29,1815.39,0.242101
30,17,30,1838.1,0.245228
30,17,31,1862.46,0.246385
30,17,32,1883.96,0.241846
30,17,33,1899.41,0.228425
30,17,34,1907.64,0.205238
30,17,35,1909.51,0.174103
30,17,36,1907.71,0.13938
30,17,37,1905.31,0.106022
30,17,38,1905.56,0.0781428
30,17,39,1911.42,0.0575075
30,17,40,1924.48,0.044238
30,17,41,1946.48,0.0375187
30,17,42,1977.64,0.0363508
30,17,43,2015.47,0.0399796
30,17,44,2053.87,0.0474249
30,17,45,2083.16,0.0570356
30,17,46,2091.32,0.0661434
30,17,47,2066.68,0.0717035
30,17,48,2000.7,0.0714083
30,17,49,1891.09,0.0647391
30,18,0,2366.56,0.31507
30,18,1,2546.81,0.357793
30,18,2,2672.92,0.383155
30,18,3,2750.72,0.393456
30,18,4,2792.46,0.39453
30,18,5,2811.94,0.392779
30,18,6,2820.36,0.39271
30,18,7,2822.93,0.395811
30,18,8,2818.35,0.401229
30,18,9,2800.93,0.406536
30,18,10,2764.34,0.408842
30,18,11,2704.76,0.405625
30,18,12,2624.24,0.396366
30,18,13,2529.33,0.381503
30,18,14,2429.64,0.363238
30,18,15,2333.96,0.343758
30,18,16,2247.86,0.324811
30,18,17,2172.04,0.307475
30,18,18,2104.38,0.292097
30,18,19,2042.11,0.278825
30,18,20,1983.92,0.267514
30,18,21,1930.23,0.258028
30,18,22,1882.45,0.250203
30,18,23,1842.19,0.243695
30,18,24,1810.7,0.238264
30,18,25,1789.1,0.233768
30,18,26,1778.57,0.230207
30,18,27,1779.81,0.227925
30,18,28,1792.36,0.227446
30,18,29,1813.99,0.228646
30,18,30,1840.97,0.230369
30,18,31,1868.63,0.230042
30,18,32,1892.62,0.224309
30,18,33,1910.25,0.210323
30,18,34,1921.01,0.187356
30,18,35,1926.17,0.157223
30,18,36,1928.5,0.12415
30,18,37,1930.75,0.0928805
30,18,38,1935.64,0.0673568
30,18,39,1945.66,0.0492195
30,18,40,1962.16,0.0384991
30,18,41,1986.85,0.0343178
30,18,42,2019.9,0.0355249
30,18,43,2058.73,0.0411987
30,18,44,2097.17,0.050201
30,18,45,2125.49,0.060764
30,18,46,2131.78,0.0701926
30,18,47,2104.45,0.0755167
30,18,48,2034.98,0.0745881
30,18,49,1921.06,0.0670923
30,19,0,2350.65,0.316747
30,19,1,2543.87,0.362887
30,19,2,2682.71,0.392619
30,19,3,2769.87,0.407623
30,19,4,2815.13,0.413021
30,19,5,2831.07,0.414563
30,19,6,2829.42,0.416381
30,19,7,2817.72,0.41983
30,19,8,2797.92,0.424267
30,19,9,2767.25,0.427791
30,19,10,2721.11,0.428289
30,19,11,2656.22,0.424048
30,19,12,2574.11,0.414927
30,19,13,2480.24,0.401122
30,19,14,2382.93,0.383835
30,19,15,2289.77,0.364009
30,19,16,2205.86,0.342415
30,19,17,2132.13,0.319973
30,19,18,2067.14,0.297775
30,19,19,2008.75,0.27729
30,19,20,1955.78,0.259705
30,19,21,1908.21,0.245824
30,19,22,1866.64,0.235697
30,19,23,1831.87,0.22856
30,19,24,1804.84,0.223469
30,19,25,1786.74,0.219482
30,19,26,1778.95,0.215969
30,19,27,1782.34,0.212852
30,19,28,1796.38,0.210546
30,19,29,1818.71,0.209057
30,19,30,1845.6,0.207687
30,19,31,1872.8,0.204575
30,19,32,1896.63,0.197153
30,19,33,1915.15,0.183184
30,19,34,1928.36,0.16205
30,19,35,1937.52,0.135199
30,19,36,1944.88,0.106186
30,19,37,1952.31,0.079037
30,19,38,1961.69,0.0572404
30,19,39,1975.02,0.0423211
30,19,40,1993.54,0.0344044
30,19,41,2019.09,0.0327939
30,19,42,2051.96,0.0363462
30,19,43,2089.73,0.043996
30,19,44,2126.36,0.0543666
30,19,45,2152.36,0.0654714
30,19,46,2156.1,0.0745775
30,19,47,2126.2,0.0789126
30,19,48,2054.18,0.0766831
30,19,49,1937.6,0.0679582
30,20,0,2355.85,0.317319
30,20,1,2561.35,0.367483
30,20,2,2710.87,0.40198
30,20,3,2804.54,0.421609
30,20,4,2850.22,0.43079
30,20,5,2859.79,0.434934
30,20,6,2845.81,0.438295
30,20,7,2818.35,0.442498
30,20,8,2782.78,0.447274
30,20,9,2739.46,0.451115
30,20,10,2685.6,0.452407
30,20,11,2618.19,0.449915
30,20,12,2537.79,0.443535
30,20,13,2448.15,0.432927
30,20,14,2355.82,0.418032
30,20,15,2267.06,0.398413
30,20,16,2186.61,0.373863
30,20,17,2115.82,0.345273
30,20,18,2054.09,0.31471
30,20,19,1999.89,0.285209
30,20,20,1952.06,0.259487
30,20,21,1910.11,0.239408
30,20,22,1873.96,0.225273
30,20,23,1843.84,0.215926
30,20,24,1820.45,0.20975
30,20,25,1804.94,0.205078
30,20,26,1798.57,0.200711
30,20,27,1801.99,0.196159
30,20,28,1814.47,0.191691
30,20,29,1833.64,0.187376
30,20,30,1856.3,0.182965
30,20,31,1879.22,0.177353
30,20,32,1899.92,0.168836
30,20,33,1917.4,0.155785
30,20,34,1932.05,0.137576
30,20,35,1944.73,0.115072
30,20,36,1956.67,0.0909207
30,20,37,1968.51,0.0682773
30,20,38,1981.18,0.0501574
30,20,39,1996.21,0.0381177
30,20,40,2014.9,0.0325631
30,20,41,2039.36,0.0331369
30,20,42,2070.13,0.0387727
30,20,43,2105.07,0.0482211
30,20,44,2138.46,0.0597491
30,20,45,2161.2,0.0710305
30,20,46,2162.1,0.0792566
30,20,47,2130.04,0.0819456
30,20,48,2056.62,0.0778238
30,20,49,1939.24,0.0675058
30,21,0,2380.25,0.319386
30,21,1,2595.62,0.374363
30,21,2,2752.39,0.41399
30,21,3,2849.04,0.437899
30,21,4,2892.37,0.449767
30,21,5,2894,0.454926
30,21,6,2867.38,0.458233
30,21,7,2824.87,0.462086
30,21,8,2775,0.466932
30,21,9,2721.04,0.471758
30,21,10,2661.9,0.475325
30,21,11,2594.63,0.476547
30,21,12,2518.43,0.474924
30,21,13,2435.02,0.46916
30,21,14,2348.94,0.457664
30,21,15,2265.2,0.438603
30,21,16,2188.3,0.411005
30,21,17,2120.33,0.376037
30,21,18,2061.59,0.336969
30,21,19,2011.15,0.298447
30,21,20,1967.84,0.264594
30,21,21,1930.77,0.238119
30,21,22,1899.37,0.219408
30,21,23,1873.45,0.206918
30,21,24,1853.54,0.198511
30,21,25,1840.49,0.192083
30,21,26,1835.05,0.186174
30,21,27,1837.3,0.180103
30,21,28,1846.12,0.174079
30,21,29,1859.33,0.168177
30,21,30,1874.63,0.162403
30,21,31,1890.21,0.156119
30,21,32,1905.11,0.148162
30,21,33,1919.38,0.13721
30,21,34,1933.66,0.12243
30,21,35,1948.17,0.104044
30,21,36,1962.95,0.0838836
30,21,37,1977.36,0.0644325
30,21,38,1991.38,0.0484795
30,21,39,2006.26,0.0378587
30,21,40,2023.41,0.0334196
30,21,41,2045.24,0.035215
30,21,42,2072.58,0.0422617
30,21,43,2103.58,0.0530615
30,21,44,2132.91,0.0654206
30,21,45,2151.97,0.0765713
30,21,46,2150.05,0.0835718
30,21,47,2116.38,0.0842612
30,21,48,2042.68,0.0779619
30,21,49,1926.24,0.0659171
30,22,0,2419.96,0.325899
30,22,1,2641.48,0.386804
30,22,2,2801.29,0.432218
30,22,3,2897.4,0.46033
30,22,4,2936.36,0.473939
30,22,5,2929.84,0.478356
30,22,6,2892.03,0.479305
30,22,7,2837,0.480389
30,22,8,2775.75,0.483245
30,22,9,2713.93,0.487744
30,22,10,2651.87,0.493183
30,22,11,2586.56,0.49849
30,22,12,2515.83,0.502394
30,22,13,2439.31,0.502221
30,22,14,2359.56,0.494604
30,22,15,2280.44,0.476381
30,22,16,2206.38,0.446121
30,22,17,2140.27,0.405598
30,22,18,2083.39,0.359408
30,22,19,2035.45,0.313628
30,22,20,1995.33,0.273394
30,22,21,1961.91,0.241809
30,22,22,1934.34,0.219072
30,22,23,1912.21,0.203248
30,22,24,1895.76,0.191902
30,22,25,1885.36,0.182912
30,22,26,1880.93,0.175016
30,22,27,1881.68,0.167723
30,22,28,1886.06,0.161387
30,22,29,1892.15,0.156063
30,22,30,1898.68,0.151712
30,22,31,1905.35,0.14762
30,22,32,1912.73,0.142538
30,22,33,1921.84,0.134913
30,22,34,1933.5,0.123455
30,22,35,1947.35,0.107829
30,22,36,1962.37,0.0894062
30,22,37,1976.91,0.0704779
30,22,38,1990.27,0.054027
30,22,39,2003.46,0.0424537
30,22,40,2017.99,0.0371797
30,22,41,2036.44,0.0386691
30,22,42,2059.81,0.0459982
30,22,43,2086.5,0.0573744
30,22,44,2111.56,0.070093
30,22,45,2126.91,0.080892
30,22,46,2122.41,0.0866297
30,22,47,2087.68,0.085412
30,22,48,2014.65,0.0771066
30,22,49,1900.57,0.0635456
30,23,0,2469.9,0.338783
30,23,1,2693.08,0.40674
30,23,2,2851.62,0.458762
30,23,3,2944.17,0.49146
30,23,4,2977.63,0.506572
30,23,5,2963.94,0.509187
30,23,6,2917.67,0.505789
30,23,7,2853.84,0.501351
30,23,8,2784.89,0.499116
30,23,9,2718.1,0.50039
30,23,10,2654.83,0.505442
30,23,11,2592.11,0.513331
30,23,12,2526.71,0.52186
30,23,13,2456.49,0.526723
30,23,14,2382.25,0.522687
30,23,15,2306.8,0.505421
30,23,16,2234.47,0.473351
30,23,17,2168.91,0.429076
30,23,18,2112.32,0.378432
30,23,19,2065.11,0.328512
30,23,20,2026.38,0.284881
30,23,21,1994.97,0.250488
30,23,22,1969.99,0.225058
30,23,23,1950.89,0.206304
30,23,24,1937.56,0.191757
30,23,25,1929.72,0.179739
30,23,26,1926.35,0.169684
30,23,27,1925.76,0.161734
30,23,28,1925.99,0.156642
30,23,29,1925.36,0.154443
30,23,30,1923.51,0.154686
30,23,31,1921.4,0.155922
30,23,32,1920.8,0.156045
30,23,33,1923.47,0.152653
30,23,34,1930.38,0.143787
30,23,35,1940.92,0.128771
30,23,36,1953.48,0.109041
30,23,37,1965.9,0.0873024
30,23,38,1977.12,0.067201
30,23,39,1987.94,0.0519469
30,23,40,1999.73,0.0435926
30,23,41,2015,0.042956
30,23,42,2034.72,0.0491391
30,23,43,2057.42,0.0600517
30,23,44,2078.53,0.072511
30,23,45,2090.5,0.0827876
30,23,46,2083.75,0.0874954
30,23,47,2048.42,0.0848903
30,23,48,1976.72,0.0752154
30,23,49,1865.95,0.0607207
30,24,0,2526.11,0.357721
30,24,1,2746.43,0.433221
30,24,2,2899.81,0.492299
30,24,3,2986.38,0.530136
30,24,4,3013.91,0.547297
30,24,5,2994.59,0.548275
30,24,6,2943.03,0.53983
30,24,7,2874.29,0.528069
30,24,8,2801.17,0.517968
30,24,9,2731.62,0.512723
30,24,10,2667.79,0.514081
30,24,11,2606.97,0.521556
30,24,12,2545.48,0.532187
30,24,13,2480.01,0.540129
30,24,14,2409.97,0.538501
30,24,15,2337.23,0.522102
30,24,16,2265.85,0.489474
30,24,17,2199.95,0.444022
30,24,18,2142.48,0.392444
30,24,19,2094.48,0.342199
30,24,20,2055.43,0.298613
30,24,21,2024.35,0.263984
30,24,22,2000.44,0.237412
30,24,23,1983.06,0.216401
30,24,24,1971.74,0.198772
30,24,25,1965.61,0.183714
30,24,26,1962.82,0.171779
30,24,27,1961,0.164095
30,24,28,1957.86,0.16198
30,24,29,1951.94,0.165393
30,24,30,1943.45,0.173072
30,24,31,1934.06,0.182188
30,24,32,1926.2,0.189076
30,24,33,1922,0.190002
30,24,34,1922.65,0.182284
30,24,35,1927.7,0.16526
30,24,36,1935.64,0.141016
30,24,37,1944.38,0.113252
30,24,38,1952.81,0.0866449
30,24,39,1961.46,0.0653215
30,24,40,1971.3,0.0519178
30,24,41,1984.41,0.0474974
30,24,42,2001.49,0.0511546
30,24,43,2021.11,0.0605505
30,24,44,2039.03,0.0721405
30,24,45,2048.24,0.0818297
30,24,46,2039.75,0.0859725
30,24,47,2004.21,0.0828167
30,24,48,1934.23,0.0727252
30,24,49,1827.21,0.0580982
30,25,0,2585.51,0.380083
30,25,1,2799.24,0.462351
30,25,2,2944.47,0.527874
30,25,3,3023.49,0.57089
30,25,4,3045.17,0.590901
30,25,5,3021.98,0.591458
30,25,6,2968.07,0.578905
30,25,7,2897.72,0.55987
30,25,8,2823.05,0.540758
30,25,9,2751.91,0.526746
30,25,10,2686.97,0.521364
30,25,11,2626.21,0.524948
30,25,12,2566.26,0.534211
30,25,13,2503.42,0.542269
30,25,14,2436.23,0.541181
30,25,15,2365.7,0.525341
30,25,16,2295.38,0.493586
30,25,17,2229.38,0.449856
30,25,18,2170.97,0.401054
30,25,19,2121.67,0.354211
30,25,20,2081.35,0.313761
30,25,21,2049.29,0.281023
30,25,22,2024.86,0.254526
30,25,23,2007.39,0.231864
30,25,24,1996.16,0.211509
30,25,25,1989.9,0.193867
30,25,26,1986.35,0.180858
30,25,27,1982.8,0.174745
30,25,28,1976.91,0.177391
30,25,29,1967.33,0.188491
30,25,30,1954.41,0.205566
30,25,31,1939.86,0.223896
30,25,32,1926.1,0.237819
30,25,33,1915.31,0.242083
30,25,34,1908.92,0.233471
30,25,35,1907.13,0.211808
30,25,36,1909.16,0.180367
30,25,37,1913.56,0.144253
30,25,38,1919.37,0.109331
30,25,39,1926.78,0.0805587
30,25,40,1936.06,0.0609871
30,25,41,1948.57,0.0517805
30,25,42,1964.54,0.0519969
30,25,43,1982.45,0.0591387
30,25,44,1998.41,0.0694713
30,25,45,2005.88,0.0786833
30,25,46,1996.42,0.0828816
30,25,47,1961.2,0.0801363
30,25,48,1893.19,0.0706463
30,25,49,1789.93,0.0566657
30,26,0,2645.2,0.400978
30,26,1,2849.92,0.487735
30,26,2,2985.29,0.557696
30,26,3,3056.04,0.60489
30,26,4,3072.35,0.628137
30,26,5,3046.85,0.629903
30,26,6,2992.83,0.61547
30,26,7,2923.11,0.591186
30,26,8,2848.32,0.564187
30,26,9,2775.67,0.541242
30,26,10,2708.25,0.527587
30,26,11,2645.1,0.524609
30,26,12,2584,0.529269
30,26,13,2521.64,0.534433
30,26,14,2456.27,0.53195
30,26,15,2388.21,0.516381
30,26,16,2320.2,0.48694
30,26,17,2255.78,0.44766
30,26,18,2197.96,0.404856
30,26,19,2148.36,0.364333
30,26,20,2107.06,0.329122
30,26,21,2073.51,0.299452
30,26,22,2047.27,0.27356
30,26,23,2027.67,0.249549
30,26,24,2013.96,0.226929
30,26,25,2004.88,0.207545
30,26,26,1998.27,0.194693
30,26,27,1991.68,0.191633
30,26,28,1982.97,0.200494
30,26,29,1970.83,0.220386
30,26,30,1955.33,0.247281
30,26,31,1937.58,0.274346
30,26,32,1919.43,0.2939
30,26,33,1902.74,0.299398
30,26,34,1889.24,0.287538
30,26,35,1880.12,0.259141
30,26,36,1875.81,0.219034
30,26,37,1875.88,0.173855
30,26,38,1879.69,0.130517
30,26,39,1887.03,0.0945129
30,26,40,1897.32,0.0690297
30,26,41,1910.99,0.0551682
30,26,42,1927.65,0.0519346
30,26,43,1945.65,0.0567888
30,26,44,1961.35,0.0659902
30,26,45,1968.6,0.0751584
30,26,46,1959.39,0.0801656
30,26,47,1925.28,0.0787396
30,26,48,1859.48,0.0706632
30,26,49,1759.65,0.0578013
30,27,0,2701.51,0.4146
30,27,1,2896.5,0.502357
30,27,2,3021.78,0.573531
30,27,3,3084.56,0.622723
30,27,4,3096.32,0.648628
30,27,5,3069.75,0.652779
30,27,6,3017.02,0.639038
30,27,7,2949.02,0.612754
30,27,8,2874.48,0.580923
30,27,9,2799.67,0.551126
30,27,10,2728.11,0.529829
30,27,11,2660.24,0.519443
30,27,12,2595.65,0.517683
30,27,13,2532.13,0.518006
30,27,14,2468.21,0.512929
30,27,15,2403.65,0.497706
30,27,16,2340.13,0.47193
30,27,17,2280.08,0.439239
30,27,18,2225.63,0.404647
30,27,19,2177.96,0.372126
30,27,20,2137.01,0.343017
30,27,21,2102.28,0.316573
30,27,22,2073.41,0.291133
30,27,23,2049.86,0.265778
30,27,24,2031.09,0.241388
30,27,25,2016.27,0.221291
30,27,26,2003.98,0.209922
30,27,27,1992.51,0.211124
30,27,28,1980.2,0.226816
30,27,29,1965.82,0.255164
30,27,30,1948.8,0.290458
30,27,31,1929.19,0.323918
30,27,32,1907.85,0.346291
30,27,33,1886.07,0.35034
30,27,34,1865.88,0.33326
30,27,35,1849.61,0.297251
30,27,36,1839.09,0.248757
30,27,37,1835.09,0.195722
30,27,38,1837.46,0.1457
30,27,39,1845.64,0.104285
30,27,40,1858.19,0.0744912
30,27,41,1874.61,0.057229
30,27,42,1893.82,0.051476
30,27,43,1913.94,0.0547749
30,27,44,1931.46,0.0635347
30,27,45,1940.48,0.0734027
30,27,46,1933.21,0.0800069
30,27,47,1901.32,0.0805914
30,27,48,1838.06,0.0743462
30,27,49,1741.12,0.0626165
30,28,0,2749.63,0.415804
30,28,1,2935.8,0.500656
30,28,2,3052.23,0.569346
30,28,3,3108.29,0.617616
30,28,4,3116.61,0.644591
30,28,5,3089.82,0.651261
30,28,6,3038.85,0.640112
30,28,7,2972.6,0.615116
30,28,8,2897.85,0.582381
30,28,9,2819.94,0.549405
30,28,10,2742.91,0.523151
30,28,11,2668.8,0.50677
30,28,12,2599.38,0.498977
30,28,13,2534.03,0.494409
30,28,14,2471.92,0.486869
30,28,15,2412.41,0.472632
30,28,16,2355.93,0.451603
30,28,17,2303.33,0.426667
30,28,18,2255.39,0.401132
30,28,19,2212.33,0.376889
30,28,20,2173.68,0.353602
30,28,21,2138.76,0.329801
30,28,22,2107.26,0.304319
30,28,23,2078.83,0.27757
30,28,24,2053.31,0.251979
30,28,25,2030.65,0.232199
30,28,26,2010.53,0.223362
30,28,27,1992.41,0.229309
30,28,28,1975.42,0.251214
30,28,29,1958.41,0.286039
30,28,30,1940.06,0.326541
30,28,31,1919.18,0.362573
30,28,32,1895.38,0.38414
30,28,33,1869.27,0.384144
30,28,34,1843.05,0.360824
30,28,35,1820.08,0.317885
30,28,36,1803.58,0.26308
30,28,37,1795.55,0.205118
30,28,38,1796.49,0.151608
30,28,39,1805.72,0.107788
30,28,40,1821.17,0.0762488
30,28,41,1841.5,0.0576665
30,28,42,1864.93,0.0510564
30,28,43,1889.26,0.0541557
30,28,44,1910.9,0.0636121
30,28,45,1923.97,0.0751189
30,28,46,1920.58,0.0840204
30,28,47,1892.24,0.0869752
30,28,48,1831.94,0.0825117
30,28,49,1737.25,0.0714654
30,29,0,2783.84,0.40204
30,29,1,2963.41,0.48053
30,29,2,3073.41,0.543407
30,29,3,3124.79,0.587771
30,29,4,3131.03,0.613552
30,29,5,3104.58,0.621689
30,29,6,3055.23,0.613703
30,29,7,2990.1,0.592247
30,29,8,2914.35,0.562157
30,29,9,2832.66,0.530132
30,29,10,2749.7,0.502897
30,29,11,2669.16,0.483891
30,29,12,2594.99,0.472717
30,29,13,2528.31,0.465337
30,29,14,2469.04,0.456977
30,29,15,2416.14,0.444929
30,29,16,2368.68,0.429284
30,29,17,2325.79,0.412073
30,29,18,2286.62,0.394943
30,29,19,2250.28,0.377939
30,29,20,2215.69,0.359382
30,29,21,2181.97,0.337409
30,29,22,2148.77,0.311587
30,29,23,2115.94,0.283738
30,29,24,2083.73,0.257739
30,29,25,2052.87,0.239185
30,29,26,2024.22,0.233358
30,29,27,1998.58,0.24352
30,29,28,1976.06,0.269715
30,29,29,1955.78,0.307684
30,29,30,1935.78,0.349131
30,29,31,1913.68,0.383408
30,29,32,1887.85,0.400791
30,29,33,1858.08,0.395119
30,29,34,1826.58,0.365984
30,29,35,1797.45,0.318364
30,29,36,1775.07,0.260682
30,29,37,1762.65,0.20167
30,29,38,1761.5,0.148397
30,29,39,1771.22,0.105404
30,29,40,1789.42,0.0747727
30,29,41,1814.16,0.0570154
30,29,42,1843.01,0.0513053
30,29,43,1873.29,0.0556607
30,29,44,1901.13,0.066982
30,29,45,1920.38,0.0809529
30,29,46,1922.72,0.0925736
30,29,47,1899.14,0.0978674
30,29,48,1842.13,0.0947337
30,29,49,1748.97,0.0836241
30,30,0,2799.92,0.37463
30,30,1,2975.85,0.444512
30,30,2,3082.49,0.499369
30,30,3,3131.68,0.537508
30,30,4,3137.29,0.559776
30,30,5,3111.52,0.567493
30,30,6,3063.24,0.561832
30,30,7,2998.28,0.544555
30,30,8,2920.77,0.519288
30,30,9,2835.14,0.491597
30,30,10,2746.83,0.467447
30,30,11,2661.03,0.450104
30,30,12,2583.61,0.439674
30,30,13,2517.14,0.433121
30,30,14,2462.07,0.426728
30,30,15,2416.85,0.418452
30,30,16,2379.22,0.408378
30,30,17,2346.65,0.397809
30,30,18,2316.84,0.387209
30,30,19,2287.95,0.37544
30,30,20,2258.42,0.360101
30,30,21,2227.26,0.3393
30,30,22,2194.12,0.313369
30,30,23,2158.95,0.2853
30,30,24,2122.15,0.260003
30,30,25,2084.93,0.243448
30,30,26,2049.06,0.240509
30,30,27,2016.53,0.253458
30,30,28,1988.48,0.281116
30,30,29,1964.58,0.318308
30,30,30,1942.55,0.356419
30,30,31,1919.1,0.385277
30,30,32,1891.53,0.396332
30,30,33,1858.79,0.384892
30,30,34,1822.82,0.351846
30,30,35,1788.08,0.302864
30,30,36,1759.81,0.2462
30,30,37,1742.28,0.18986
30,30,38,1737.87,0.139934
30,30,39,1746.79,0.10015
30,30,40,1766.77,0.0722028
30,30,41,1795.58,0.0566317
30,30,42,1830.25,0.0529214
30,30,43,1867.52,0.0594232
30,30,44,1902.99,0.0732451
30,30,45,1929.92,0.0899756
30,30,46,1939.27,0.104232
30,30,47,1921.2,0.111427
30,30,48,1867.52,0.108948
30,30,49,1775.08,0.0970392
30,31,0,2797.18,0.338463
30,31,1,2972.5,0.39912
30,31,2,3078.94,0.445307
30,31,3,3128.41,0.476118
30,31,4,3134.75,0.493178
30,31,5,3109.83,0.498446
30,31,6,3061.91,0.493345
30,31,7,2996.18,0.479349
30,31,8,2916.41,0.459278
30,31,9,2827.23,0.437643
30,31,10,2734.95,0.419473
30,31,11,2646.04,0.407568
30,31,12,2567.7,0.402073
30,31,13,2503.36,0.400367
30,31,14,2453.61,0.399093
30,31,15,2416.21,0.396266
30,31,16,2387.72,0.391684
30,31,17,2364.35,0.386145
30,31,18,2342.81,0.379629
30,31,19,2320.78,0.370739
30,31,20,2296.55,0.357148
30,31,21,2269.24,0.337309
30,31,22,2238.55,0.312192
30,31,23,2204.31,0.285444
30,31,24,2166.68,0.262319
30,31,25,2126.76,0.248462
30,31,26,2086.67,0.247867
30,31,27,2049.19,0.261659
30,31,28,2016.53,0.287697
30,31,29,1989.14,0.320481
30,31,30,1964.91,0.351926
30,31,31,1940.12,0.373184
30,31,32,1911.24,0.377452
30,31,33,1876.35,0.361636
30,31,34,1836.9,0.327503
30,31,35,1797.25,0.280647
30,31,36,1763.17,0.228325
30,31,37,1739.82,0.177237
30,31,38,1730.73,0.132306
30,31,39,1737.09,0.0965736
30,31,40,1757.12,0.0716328
30,31,41,1788.7,0.058319
30,31,42,1828.49,0.0565948
30,31,43,1872.69,0.0651744
30,31,44,1916.16,0.0813107
30,31,45,1951.29,0.100428
30,31,46,1968.05,0.11676
30,31,47,1955.57,0.125181
30,31,48,1904.84,0.122706
30,31,49,1812.25,0.109522
30,32,0,2778.79,0.30047
30,32,1,2956.13,0.352921
30,32,2,3064.97,0.39136
30,32,3,3116.7,0.415127
30,32,4,3124.7,0.426292
30,32,5,3100.5,0.427489
30,32,6,3052.18,0.420825
30,32,7,2984.88,0.408078
30,32,8,2902.68,0.391835
30,32,9,2810.81,0.375938
30,32,10,2716.42,0.364642
30,32,11,2626.89,0.360248
30,32,12,2550.01,0.362615
30,32,13,2489.42,0.368961
30,32,14,2445.38,0.375549
30,32,15,2414.91,0.379756
30,32,16,2393.71,0.38072
30,32,17,2377.26,0.378851
30,32,18,2361.92,0.374286
30,32,19,2345.43,0.366266
30,32,20,2326.38,0.353338
30,32,21,2304.24,0.334681
30,32,22,2278.71,0.311723
30,32,23,2249.26,0.288127
30,32,24,2215.27,0.26868
30,32,25,2177.08,0.257998
30,32,26,2136.51,0.25888
30,32,27,2096.69,0.271425
30,32,28,2060.81,0.293097
30,32,29,2030.39,0.318838
30,32,30,2004.06,0.341872
30,32,31,1978.12,0.355228
30,32,32,1948.55,0.353969
30,32,33,1912.6,0.3363
30,32,34,1870.97,0.304207
30,32,35,1827.59,0.262432
30,32,36,1788.33,0.216621
30,32,37,1758.96,0.171872
30,32,38,1744.08,0.132014
30,32,39,1746.06,0.0996927
30,32,40,1763.96,0.0767429
30,32,41,1796.15,0.0645468
30,32,42,1839.32,0.0636742
30,32,43,1889.21,0.0732193
30,32,44,1939.88,0.0905494
30,32,45,1982.65,0.110936
30,32,46,2006.28,0.128297
30,32,47,1998.76,0.13709
30,32,48,1950.21,0.134081
30,32,49,1856.53,0.119461
30,33,0,2751.37,0.268008
30,33,1,2932.5,0.314677
30,33,2,3045.39,0.347639
30,33,3,3100.39,0.365933
30,33,4,3110.24,0.371641
30,33,5,3086.24,0.367921
30,33,6,3036.67,0.357758
30,33,7,2967.22,0.343674
30,33,8,2882.75,0.328594
30,33,9,2789.35,0.316236
30,33,10,2694.78,0.310478
30,33,11,2606.86,0.313338
30,33,12,2533.22,0.324324
30,33,13,2477.12,0.340164
30,33,14,2438.24,0.356195
30,33,15,2412.94,0.36859
30,33,16,2396.51,0.375405
30,33,17,2384.31,0.376599
30,33,18,2372.89,0.372805
30,33,19,2360.61,0.364526
30,33,20,2346.71,0.351811
30,33,21,2331.14,0.334904
30,33,22,2313.52,0.315532
30,33,23,2292.59,0.296797
30,33,24,2266.47,0.282259
30,33,25,2234.15,0.274928
30,33,26,2196.6,0.276249
30,33,27,2156.89,0.285633
30,33,28,2119.14,0.300859
30,33,29,2086.19,0.318093
30,33,30,2057.87,0.332469
30,33,31,2031.06,0.33909
30,33,32,2001.5,0.334625
30,33,33,1965.75,0.317995
30,33,34,1923.62,0.290691
30,33,35,1878.28,0.255999
30,33,36,1835.24,0.217625
30,33,37,1800.45,0.179056
30,33,38,1779.33,0.143267
30,33,39,1775.41,0.112831
30,33,40,1788.87,0.0901129
30,33,41,1819.05,0.0772112
30,33,42,1863.09,0.0753701
30,33,43,1916.53,0.0840863
30,33,44,1972.68,0.100876
30,33,45,2021.71,0.120963
30,33,46,2051.01,0.138081
30,33,47,2047.36,0.146405
30,33,48,2000.03,0.142511
30,33,49,1904.39,0.126559
30,34,0,2722.47,0.246977
30,34,1,2908.05,0.291158
30,34,2,3025.27,0.321712
30,34,3,3083.31,0.33692
30,34,4,3094.27,0.338449
30,34,5,3069.45,0.329722
30,34,6,3017.73,0.314595
30,34,7,2945.79,0.296601
30,34,8,2859.57,0.279475
30,34,9,2765.97,0.267352
30,34,10,2673.09,0.264209
30,34,11,2588.53,0.272129
30,34,12,2519.13,0.290436
30,34,13,2467.39,0.315328
30,34,14,2432.37,0.341006
30,34,15,2410.05,0.362111
30,34,16,2395.78,0.375245
30,34,17,2385.29,0.379666
30,34,18,2375.85,0.376487
30,34,19,2366.74,0.367714
30,34,20,2358.11,0.355246
30,34,21,2350.37,0.340634
30,34,22,2342.9,0.325842
30,34,23,2333.34,0.313019
30,34,24,2318.18,0.303952
30,34,25,2294.72,0.299675
30,34,26,2262.73,0.300276
30,34,27,2225.05,0.3049
30,34,28,2186.56,0.312319
30,34,29,2151.61,0.320561
30,34,30,2121.53,0.327006
30,34,31,2094.15,0.328749
30,34,32,2065.31,0.323582
30,34,33,2031.03,0.310497
30,34,34,1990.21,0.289908
30,34,35,1944.99,0.263329
30,34,36,1900.11,0.232516
30,34,37,1861.21,0.199554
30,34,38,1834.15,0.166844
30,34,39,1823.45,0.137107
30,34,40,1830.6,0.113327
30,34,41,1856.33,0.098302
30,34,42,1898.67,0.0938871
30,34,43,1953.34,0.0999817
30,34,44,2012.98,0.114346
30,34,45,2066.59,0.13236
30,34,46,2100.16,0.147783
30,34,47,2099.19,0.154669
30,34,48,2052.06,0.149443
30,34,49,1953.67,0.132141
30,35,0,2698.64,0.242103
30,35,1,2888.09,0.28748
30,35,2,3008.56,0.318899
30,35,3,3068.17,0.333551
30,35,4,3078.63,0.332366
30,35,5,3051.51,0.318794
30,35,6,2996.67,0.297484
30,35,7,2922.02,0.273151
30,35,8,2834.72,0.250696
30,35,9,2742.32,0.235136
30,35,10,2652.75,0.230969
30,35,11,2572.84,0.240641
30,35,12,2508.15,0.263521
30,35,13,2460.15,0.29542
30,35,14,2427.39,0.329485
30,35,15,2405.8,0.358808
30,35,16,2391.27,0.378375
30,35,17,2380.34,0.386477
30,35,18,2371.34,0.384449
30,35,19,2364.7,0.375655
30,35,20,2361.52,0.363839
30,35,21,2362.55,0.351935
30,35,22,2366.66,0.342123
30,35,23,2370.11,0.335447
30,35,24,2367.61,0.33169
30,35,25,2354.67,0.329824
30,35,26,2329.86,0.328713
30,35,27,2295.66,0.327626
30,35,28,2257.63,0.326794
30,35,29,2221.48,0.326456
30,35,30,2190.17,0.326286
30,35,31,2162.69,0.325097
30,35,32,2135.25,0.321303
30,35,33,2103.58,0.31345
30,35,34,2065.66,0.30057
30,35,35,2022.52,0.282393
30,35,36,1977.77,0.258973
30,35,37,1936.37,0.231323
30,35,38,1904.22,0.201504
30,35,39,1886.64,0.172424
30,35,40,1886.47,0.14753
30,35,41,1906.07,0.130078
30,35,42,1944.73,0.122306
30,35,43,1998.65,0.124462
30,35,44,2060.01,0.134672
30,35,45,2116.64,0.148753
30,35,46,2153.1,0.160783
30,35,47,2153.64,0.164918
30,35,48,2105.77,0.157495
30,35,49,2003.88,0.138362
30,36,0,2683.64,0.256716
30,36,1,2875.53,0.306922
30,36,2,2997.28,0.342139
30,36,3,3056.31,0.358302
30,36,4,3064.22,0.355473
30,36,5,3033.22,0.337037
30,36,6,2974.29,0.308399
30,36,7,2896.81,0.275598
30,36,8,2809.13,0.244974
30,36,9,2719.2,0.222761
30,36,10,2634.44,0.214248
30,36,11,2560.38,0.222369
30,36,12,2500.91,0.246652
30,36,13,2456.3,0.282664
30,36,14,2424.6,0.322733
30,36,15,2401.97,0.35863
30,36,16,2385.16,0.38383
30,36,17,2371.91,0.395542
30,36,18,2361.88,0.395019
30,36,19,2356.82,0.386632
30,36,20,2358.7,0.375707
30,36,21,2368.47,0.366479
30,36,22,2384.27,0.361349
30,36,23,2400.89,0.360313
30,36,24,2411.29,0.361235
30,36,25,2409.45,0.361189
30,36,26,2392.85,0.358019
30,36,27,2363.63,0.351375
30,36,28,2327.75,0.343079
30,36,29,2292,0.335565
30,36,30,2260.71,0.330551
30,36,31,2234.03,0.328189
30,36,32,2208.74,0.327121
30,36,33,2180.49,0.325176
30,36,34,2146.51,0.32001
30,36,35,2106.71,0.309849
30,36,36,2063.49,0.293495
30,36,37,2020.91,0.271293
30,36,38,1984.69,0.245144
30,36,39,1960.76,0.218025
30,36,40,1953.22,0.193473
30,36,41,1966.11,0.174733
30,36,42,2000.17,0.164005
30,36,43,2052.22,0.161711
30,36,44,2114.1,0.166434
30,36,45,2172.53,0.174726
30,36,46,2210.73,0.18135
30,36,47,2211.74,0.180885
30,36,48,2162.18,0.169733
30,36,49,2055.99,0.147587
30,37,0,2677.64,0.292768
30,37,1,2870.33,0.351001
30,37,2,2991.36,0.392166
30,37,3,3047.81,0.410958
30,37,4,3051.47,0.406706
30,37,5,3015.3,0.38286
30,37,6,2951.58,0.345668
30,37,7,2871.16,0.302652
30,37,8,2783.59,0.26176
30,37,9,2697.16,0.230616
30,37,10,2618.52,0.215366
30,37,11,2551.65,0.219318
30,37,12,2498.46,0.24207
30,37,13,2457.78,0.278966
30,37,14,2427.01,0.321792
30,37,15,2402.55,0.36142
30,37,16,2382.17,0.390211
30,37,17,2365.05,0.404448
30,37,18,2352.44,0.405121
30,37,19,2347.48,0.397206
30,37,20,2353.03,0.387172
30,37,21,2370.14,0.380299
30,37,22,2396.16,0.379177
30,37,23,2424.53,0.38295
30,37,24,2446.77,0.387898
30,37,25,2455.7,0.389579
30,37,26,2447.99,0.385093
30,37,27,2425.47,0.374554
30,37,28,2394.14,0.361164
30,37,29,2361.34,0.349154
30,37,30,2332.27,0.341757
30,37,31,2307.97,0.340009
30,37,32,2285.83,0.342525
30,37,33,2261.61,0.346409
30,37,34,2232,0.348218
30,37,35,2195.99,0.345158
30,37,36,2154.89,0.335346
30,37,37,2111.98,0.318897
30,37,38,2072.7,0.297697
30,37,39,2043.47,0.274598
30,37,40,2029.48,0.252735
30,37,41,2036.26,0.234737
30,37,42,2065.87,0.222217
30,37,43,2115.76,0.215495
30,37,44,2177.53,0.213635
30,37,45,2236.89,0.214224
30,37,46,2275.8,0.213123
30,37,47,2276.23,0.205723
30,37,48,2223.97,0.18873
30,37,49,2112.53,0.161791
30,38,0,2679.19,0.3496
30,38,1,2871.56,0.418315
30,38,2,2990.68,0.466601
30,38,3,3043.54,0.488092
30,38,4,3042.22,0.481757
30,38,5,3000.47,0.451456
30,38,6,2931.76,0.404505
30,38,7,2848.39,0.350048
30,38,8,2761.16,0.297685
30,38,9,2678.78,0.256409
30,38,10,2607.23,0.233082
30,38,11,2548.84,0.231086
30,38,12,2503.46,0.249842
30,38,13,2468.15,0.284403
30,38,14,2439.32,0.326292
30,38,15,2413.44,0.366
30,38,16,2389.17,0.395393
30,38,17,2367.17,0.41021
30,38,18,2350.44,0.411182
30,38,19,2343.58,0.403526
30,38,20,2350.39,0.39435
30,38,21,2372.09,0.389589
30,38,22,2405.42,0.391927
30,38,23,2442.84,0.399892
30,38,24,2474.94,0.408682
30,38,25,2493.79,0.412878
30,38,26,2495.48,0.40915
30,38,27,2481.49,0.398026
30,38,28,2457.46,0.383587
30,38,29,2430.64,0.371145
30,38,30,2406.43,0.364695
30,38,31,2386.4,0.365647
30,38,32,2368.39,0.372429
30,38,33,2348.46,0.381585
30,38,34,2323.04,0.389024
30,38,35,2290.53,0.391524
30,38,36,2251.48,0.387167
30,38,37,2208.65,0.376302
30,38,38,2167.36,0.360986
30,38,39,2134.36,0.343781
30,38,40,2115.68,0.326931
30,38,41,2117.95,0.311827
30,38,42,2144.26,0.298884
30,38,43,2192.54,0.287967
30,38,44,2254.14,0.278576
30,38,45,2313.92,0.269573
30,38,46,2352.75,0.258312
30,38,47,2351.67,0.241403
30,38,48,2295.67,0.216133
30,38,49,2177.81,0.182266
30,39,0,2685.69,0.423842
30,39,1,2877.76,0.504557
30,39,2,2995.2,0.560085
30,39,3,3045.01,0.583276
30,39,4,3039.52,0.573293
30,39,5,2993.03,0.534961
30,39,6,2919.94,0.47703
30,39,7,2833.88,0.410397
30,39,8,2746.92,0.346228
30,39,9,2668.52,0.294653
30,39,10,2604.33,0.262915
30,39,11,2555.27,0.254058
30,39,12,2519.2,0.267005
30,39,13,2491.19,0.296426
30,39,14,2466.31,0.333859
30,39,15,2440.7,0.369961
30,39,16,2413.59,0.396786
30,39,17,2386.91,0.410038
30,39,18,2365.25,0.410341
30,39,19,2354.64,0.402899
30,39,20,2359.9,0.394979
30,39,21,2382.59,0.392729
30,39,22,2419.29,0.398745
30,39,23,2462.05,0.411143
30,39,24,2501.12,0.424559
30,39,25,2528.28,0.433174
30,39,26,2539.22,0.433559
30,39,27,2534.95,0.426512
30,39,28,2520.34,0.416359
30,39,29,2501.98,0.408629
30,39,30,2484.87,0.407234
30,39,31,2470.66,0.413436
30,39,32,2457.56,0.425365
30,39,33,2441.94,0.439229
30,39,34,2420.32,0.450739
30,39,35,2390.86,0.456808
30,39,36,2353.77,0.456065
30,39,37,2311.67,0.449535
30,39,38,2269.86,0.439689
30,39,39,2235.33,0.428772
30,39,40,2214.56,0.417842
30,39,41,2214.8,0.406616
30,39,42,2239.73,0.393855
30,39,43,2287.58,0.378649
30,39,44,2349.46,0.360846
30,39,45,2409.51,0.340695
30,39,46,2447.75,0.317289
30,39,47,2444.41,0.288712
30,39,48,2383.71,0.253011
30,39,49,2258.14,0.21018
30,40,0,2694.59,0.509316
30,40,1,2887.52,0.602527
30,40,2,3004.96,0.664516
30,40,3,3053.82,0.687623
30,40,4,3046.46,0.671831
30,40,5,2997.35,0.623591
30,40,6,2921.44,0.553555
30,40,7,2833.37,0.474488
30,40,8,2746.51,0.398903
30,40,9,2671.36,0.337659
30,40,10,2613.79,0.297908
30,40,11,2573.84,0.281946
30,40,12,2547.69,0.287947
30,40,13,2528.5,0.310188
30,40,14,2509.81,0.340509
30,40,15,2487.11,0.370203
30,40,16,2459.65,0.392097
30,40,17,2430.11,0.40232
30,40,18,2404.2,0.401587
30,40,19,2389.07,0.394945
30,40,20,2390.44,0.389427
30,40,21,2410.51,0.390958
30,40,22,2446.22,0.401795
30,40,23,2489.99,0.419754
30,40,24,2532.35,0.439352
30,40,25,2565.24,0.454918
30,40,26,2584.07,0.463275
30,40,27,2589.27,0.465375
30,40,28,2584.64,0.465198
30,40,29,2575.7,0.467652
30,40,30,2566.62,0.47577
30,40,31,2558.87,0.490152
30,40,32,2550.86,0.508499
30,40,33,2539.38,0.526848
30,40,34,2521.21,0.54103
30,40,35,2494.65,0.548494
30,40,36,2459.93,0.54883
30,40,37,2419.76,0.544085
30,40,38,2379.51,0.537421
30,40,39,2346.24,0.530938
30,40,40,2326.45,0.524526
30,40,41,2327.58,0.516179
30,40,42,2353.5,0.502871
30,40,43,2402.53,0.482794
30,40,44,2465.55,0.456034
30,40,45,2526.21,0.424145
30,40,46,2563.85,0.387885
30,40,47,2557.99,0.34673
30,40,48,2492.07,0.299425
30,40,49,2357.8,0.246192
30,41,0,2705.55,0.598548
30,41,1,2901.27,0.703943
30,41,2,3021.2,0.771075
30,41,3,3072.02,0.791961
30,41,4,3065.87,0.767962
30,41,5,3017.05,0.707854
30,41,6,2940.58,0.624731
30,41,7,2851.69,0.533329
30,41,8,2764.84,0.447212
30,41,9,2691.77,0.377428
30,41,10,2639.03,0.330518
30,41,11,2606.49,0.307705
30,41,12,2589.35,0.306328
30,41,13,2579.3,0.320406
30,41,14,2568.5,0.342357
30,41,15,2551.6,0.364438
30,41,16,2527.32,0.380572
30,41,17,2498.33,0.387589
30,41,18,2470.68,0.386452
30,41,19,2451.97,0.382004
30,41,20,2448.5,0.380812
30,41,21,2463.21,0.388258
30,41,22,2493.96,0.406024
30,41,23,2534.28,0.431634
30,41,24,2575.71,0.459775
30,41,25,2610.75,0.485324
30,41,26,2634.74,0.505629
30,41,27,2647.42,0.521677
30,41,28,2651.38,0.536632
30,41,29,2650.89,0.55409
30,41,30,2649.16,0.575582
30,41,31,2647.35,0.600668
30,41,32,2644.07,0.626539
30,41,33,2636.52,0.64918
30,41,34,2621.91,0.66472
30,41,35,2598.84,0.671311
30,41,36,2567.74,0.669668
30,41,37,2531.54,0.663029
30,41,38,2495.62,0.655489
30,41,39,2466.87,0.649355
30,41,40,2451.48,0.643726
30,41,41,2456.67,0.63527
30,41,42,2486.15,0.619469
30,41,43,2538.18,0.593731
30,41,44,2603.47,0.558259
30,41,45,2665.32,0.515555
30,41,46,2702.63,0.467552
30,41,47,2694.38,0.414605
30,41,48,2623.2,0.355788
30,41,49,2479.7,0.291424
30,42,0,2719.16,0.683487
30,42,1,2919.59,0.800157
30,42,2,3044.34,0.87102
30,42,3,3099.76,0.887805
30,42,4,3097.63,0.853629
30,42,5,3051.85,0.780166
30,42,6,2977.18,0.683421
30,42,7,2888.99,0.580162
30,42,8,2802.35,0.484669
30,42,9,2730.06,0.407622
30,42,10,2679.65,0.354506
30,42,11,2651.5,0.325353
30,42,12,2640.82,0.316788
30,42,13,2638.62,0.322851
30,42,14,2636.21,0.336757
30,42,15,2627.34,0.35182
30,42,16,2609.82,0.363065
30,42,17,2585.53,0.368048
30,42,18,2559.89,0.368036
30,42,19,2540.1,0.367715
30,42,20,2532.45,0.373125
30,42,21,2540.53,0.388975
30,42,22,2563.43,0.416214
30,42,23,2596.42,0.452032
30,42,24,2632.7,0.491416
30,42,25,2665.81,0.529983
30,42,26,2691.25,0.565729
30,42,27,2708.12,0.59954
30,42,28,2717.83,0.633403
30,42,29,2723.43,0.669118
30,42,30,2727.25,0.706345
30,42,31,2730.16,0.743437
30,42,32,2730.97,0.777139
30,42,33,2727.34,0.803532
30,42,34,2716.88,0.819122
30,42,35,2698.5,0.822723
30,42,36,2672.91,0.816027
30,42,37,2643.14,0.80338
30,42,38,2614.47,0.789938
30,42,39,2593.38,0.778651
30,42,40,2585.49,0.76851
30,42,41,2597.52,0.755675
30,42,42,2632.77,0.734838
30,42,43,2689.31,0.702978
30,42,44,2757.71,0.660272
30,42,45,2821.14,0.609527
30,42,46,2858.33,0.552941
30,42,47,2847.97,0.49081
30,42,48,2771.97,0.421904
30,42,49,2619.58,0.346437
30,43,0,2734.38,0.756129
30,43,1,2940.59,0.882617
30,43,2,3071.46,0.956004
30,43,3,3132.97,0.967657
30,43,4,3136.58,0.922546
30,43,5,3095.78,0.835507
30,43,6,3024.91,0.725674
30,43,7,2939.07,0.611749
30,43,8,2853.29,0.508363
30,43,9,2780.87,0.425351
30,43,10,2730.22,0.366886
30,43,11,2702.84,0.331933
30,43,12,2694.93,0.316735
30,43,13,2697.86,0.315721
30,43,14,2702.79,0.323011
30,43,15,2702.8,0.332878
30,43,16,2694.54,0.341175
30,43,17,2678.46,0.346014
30,43,18,2658.54,0.348927
30,43,19,2640.73,0.354537
30,43,20,2630.67,0.368466
30,43,21,2632.27,0.394809
30,43,22,2645.94,0.43378
30,43,23,2669.03,0.482226
30,43,24,2696.86,0.535433
30,43,25,2724.44,0.589734
30,43,26,2747.73,0.643677
30,43,27,2765.38,0.697793
30,43,28,2777.76,0.752587
30,43,29,2786.85,0.807745
30,43,30,2794.21,0.86094
30,43,31,2800.58,0.909412
30,43,32,2804.99,0.949759
30,43,33,2805.51,0.978464
30,43,34,2800.13,0.992521
30,43,35,2787.96,0.991245
30,43,36,2769.79,0.976906
30,43,37,2748.65,0.954621
30,43,38,2729.53,0.930526
30,43,39,2718.37,0.908616
30,43,40,2720.07,0.888576
30,43,41,2740.66,0.867111
30,43,42,2782.9,0.839065
30,43,43,2844.57,0.801465
30,43,44,2916.13,0.754281
30,43,45,2980.88,0.699793
30,43,46,3017.74,0.639306
30,43,47,3005.45,0.571919
30,43,48,2925.4,0.495368
30,43,49,2765.37,0.409551
30,44,0,2746.04,0.808451
30,44,1,2957.77,0.942447
30,44,2,3094.64,1.01726
30,44,3,3162.29,1.02382
30,44,4,3172.02,0.968789
30,44,5,3137.07,0.869963
30,44,6,3071.36,0.749358
30,44,7,2989.37,0.627226
30,44,8,2905.49,0.518117
30,44,9,2832.74,0.430671
30,44,10,2780.02,0.36772
30,44,11,2750.17,0.327515
30,44,12,2741.16,0.306381
30,44,13,2745.77,0.29952
30,44,14,2755.79,0.301977
30,44,15,2763.97,0.308761
30,44,16,2765.72,0.316158
30,44,17,2759.73,0.322579
30,44,18,2748.02,0.32972
30,44,19,2734.66,0.342237
30,44,20,2724.15,0.365518
30,44,21,2720.37,0.403264
30,44,22,2724.89,0.455118
30,44,23,2737.18,0.517674
30,44,24,2754.88,0.586476
30,44,25,2774.75,0.658373
30,44,26,2793.52,0.732147
30,44,27,2809.57,0.807581
30,44,28,2822.43,0.883373
30,44,29,2833.14,0.956899
30,44,30,2842.67,1.02394
30,44,31,2851.67,1.08097
30,44,32,2859.51,1.12498
30,44,33,2864.6,1.15338
30,44,34,2865.2,1.16391
30,44,35,2860.43,1.15623
30,44,36,2850.99,1.13267
30,44,37,2839.7,1.09857
30,44,38,2831.16,1.06075
30,44,39,2830.74,1.02446
30,44,40,2842.58,0.990778
30,44,41,2871.99,0.957932
30,44,42,2921.11,0.921824
30,44,43,2987.35,0.879958
30,44,44,3061.2,0.831876
30,44,45,3126.34,0.778504
30,44,46,3162.22,0.719183
30,44,47,3147.98,0.650842
30,44,48,3064.72,0.56962
30,44,49,2898.88,0.474993
30,45,0,2742.77,0.832166
30,45,1,2958.36,0.970008
30,45,2,3099.92,1.04487
30,45,3,3172.79,1.04735
30,45,4,3188.18,0.985375
30,45,5,3159.23,0.878973
30,45,6,3099.53,0.752207
30,45,7,3022.78,0.626099
30,45,8,2942.16,0.514585
30,45,9,2869.71,0.424889
30,45,10,2814.27,0.358686
30,45,11,2779.93,0.31399
30,45,12,2766.83,0.287711
30,45,13,2769.89,0.276135
30,45,14,2782.23,0.275198
30,45,15,2796.67,0.280426
30,45,16,2807.56,0.288202
30,45,17,2811.72,0.297011
30,45,18,2808.97,0.308599
30,45,19,2801.29,0.327694
30,45,20,2791.77,0.359622
30,45,21,2783.98,0.40794
30,45,22,2780.43,0.472023
30,45,23,2782.53,0.548415
30,45,24,2790.17,0.632907
30,45,25,2801.94,0.722589
30,45,26,2815.5,0.816006
30,45,27,2829.09,0.911717
30,45,28,2841.54,1.00632
30,45,29,2853.06,1.09481
30,45,30,2864.16,1.17136
30,45,31,2875.49,1.23221
30,45,32,2886.78,1.27546
30,45,33,2896.77,1.30009
30,45,34,2903.84,1.30495
30,45,35,2906.93,1.28999
30,45,36,2906.48,1.25709
30,45,37,2904.94,1.21123
30,45,38,2906.53,1.15943
30,45,39,2916.12,1.1081
30,45,40,2937.21,1.06012
30,45,41,2974.37,1.01579
30,45,42,3029.11,0.97266
30,45,43,3098.56,0.928912
30,45,44,3173.34,0.883441
30,45,45,3237.72,0.835269
30,45,46,3271.9,0.781176
30,45,47,3255.56,0.715519
30,45,48,3169.79,0.632712
30,45,49,2999.94,0.531859
30,46,0,2709,0.819538
30,46,1,2925.63,0.955908
30,46,2,3069.93,1.02875
30,46,3,3146.73,1.02866
30,46,4,3167.1,0.964242
30,46,5,3144.13,0.856557
30,46,6,3091.11,0.730335
30,46,7,3020.84,0.606243
30,46,8,2944.99,0.496992
30,46,9,2874.12,0.40828
30,46,10,2816.54,0.340911
30,46,11,2777.25,0.293132
30,46,12,2758.53,0.262828
30,46,13,2757.76,0.247554
30,46,14,2769.86,0.244092
30,46,15,2788.12,0.248371
30,46,16,2806.17,0.25672
30,46,17,2819.09,0.26758
30,46,18,2824.56,0.282648
30,46,19,2822.51,0.306657
30,46,20,2814.56,0.344928
30,46,21,2803.9,0.40107
30,46,22,2793.77,0.47453
30,46,23,2787.21,0.562098
30,46,24,2786.18,0.659861
30,46,25,2790.9,0.764902
30,46,26,2799.94,0.875073
30,46,27,2811.45,0.987297
30,46,28,2823.59,1.09593
30,46,29,2835.89,1.19376
30,46,30,2848.44,1.27383
30,46,31,2861.99,1.33275
30,46,32,2876.68,1.37033
30,46,33,2891.54,1.38772
30,46,34,2904.94,1.38523
30,46,35,2915.49,1.36313
30,46,36,2923.22,1.3225
30,46,37,2930.21,1.26743
30,46,38,2940.36,1.20463
30,46,39,2958.2,1.1413
30,46,40,2986.69,1.082
30,46,41,3029.76,1.02912
30,46,42,3088.37,0.981882
30,46,43,3159.44,0.9391
30,46,44,3233.88,0.89887
30,46,45,3296.61,0.858233
30,46,46,3328.59,0.811536
30,46,47,3310,0.750946
30,46,48,3222.02,0.669569
30,46,49,3049.52,0.56633
30,47,0,2629.16,0.766388
30,47,1,2842.86,0.894723
30,47,2,2987.47,0.962709
30,47,3,3066.83,0.961471
30,47,4,3091.61,0.899627
30,47,5,3074.71,0.79782
30,47,6,3029.04,0.679792
30,47,7,2966.39,0.564604
30,47,8,2896.81,0.463158
30,47,9,2829.2,0.379609
30,47,10,2770.99,0.314179
30,47,11,2727.7,0.265655
30,47,12,2703.42,0.233067
30,47,13,2697.88,0.215235
30,47,14,2707.95,0.209756
30,47,15,2727.76,0.212978
30,47,16,2750.53,0.22124
30,47,17,2770.03,0.232954
30,47,18,2782.02,0.249682
30,47,19,2784.61,0.276002
30,47,20,2778.09,0.317133
30,47,21,2765.29,0.376791
30,47,22,2750.02,0.454769
30,47,23,2736.72,0.548389
30,47,24,2729.01,0.654133
30,47,25,2728.49,0.768943
30,47,26,2734.39,0.889709
30,47,27,2744.7,1.0116
30,47,28,2756.97,1.12694
30,47,29,2770.13,1.22683
30,47,30,2784.01,1.30381
30,47,31,2799.51,1.35536
30,47,32,2817.24,1.38336
30,47,33,2836.4,1.39127
30,47,34,2855.33,1.38101
30,47,35,2872.2,1.35318
30,47,36,2886.58,1.30799
30,47,37,2900.24,1.24835
30,47,38,2916.85,1.18018
30,47,39,2940.75,1.1109
30,47,40,2974.53,1.0462
30,47,41,3021.55,0.990023
30,47,42,3082.31,0.942833
30,47,43,3153.63,0.903748
30,47,44,3226.83,0.870095
30,47,45,3287.47,0.837369
30,47,46,3317.07,0.798316
30,47,47,3296.15,0.743961
30,47,48,3206.09,0.666962
30,47,49,3031.99,0.566318
30,48,0,2492.57,0.675046
30,48,1,2697.84,0.78874
30,48,2,2839.36,0.848781
30,48,3,2919.51,0.847354
30,48,4,2948.04,0.792496
30,48,5,2937.37,0.703005
30,48,6,2899.74,0.60008
30,48,7,2845.82,0.500096
30,48,8,2784,0.411741
30,48,9,2721.52,0.337726
30,48,10,2664.83,0.27791
30,48,11,2619.6,0.231705
30,48,12,2591.19,0.199188
30,48,13,2581.27,0.180258
30,48,14,2588.5,0.173277
30,48,15,2608,0.175126
30,48,16,2633.08,0.182366
30,48,17,2656.62,0.193479
30,48,18,2672.94,0.209833
30,48,19,2678.69,0.235617
30,48,20,2673.06,0.275729
30,48,21,2658.59,0.33388
30,48,22,2639.59,0.410331
30,48,23,2621.56,0.503118
30,48,24,2609.4,0.609233
30,48,25,2605.59,0.725502
30,48,26,2609.73,0.847899
30,48,27,2619.54,0.970144
30,48,28,2632.08,1.0832
30,48,29,2645.84,1.17732
30,48,30,2660.54,1.24524
30,48,31,2677.28,1.2856
30,48,32,2697.13,1.3022
30,48,33,2719.48,1.30044
30,48,34,2742.54,1.28364
30,48,35,2764.04,1.25271
30,48,36,2783.19,1.2071
30,48,37,2801.43,1.14854
30,48,38,2822.35,1.08187
30,48,39,2850.15,1.0141
30,48,40,2887.16,0.951244
30,48,41,2936.2,0.897869
30,48,42,2997.46,0.855014
30,48,43,3067.74,0.821765
30,48,44,3138.86,0.794881
30,48,45,3197.02,0.769103
30,48,46,3224.17,0.736788
30,48,47,3201.04,0.689165
30,48,48,3109.38,0.619418
30,48,49,2935.47,0.526841
30,49,0,2297.97,0.555678
30,49,1,2487.34,0.649643
30,49,2,2620.79,0.699205
30,49,3,2698.89,0.698012
30,49,4,2729.98,0.65303
30,49,5,2725.41,0.580133
30,49,6,2696.38,0.496866
30,49,7,2652.19,0.416273
30,49,8,2599.58,0.344724
30,49,9,2544.23,0.283706
30,49,10,2491.6,0.232871
30,49,11,2447.2,0.192136
30,49,12,2417.07,0.162317
30,49,13,2404.19,0.144053
30,49,14,2408.63,0.136377
30,49,15,2426.55,0.136805
30,49,16,2451.69,0.142364
30,49,17,2476.64,0.151722
30,49,18,2494.92,0.166018
30,49,19,2502.15,0.188836
30,49,20,2496.82,0.224497
30,49,21,2481.24,0.276487
30,49,22,2460.07,0.345488
30,49,23,2439.5,0.43028
30,49,24,2425.11,0.528438
30,49,25,2419.8,0.636827
30,49,26,2423.17,0.750872
30,49,27,2432.73,0.86355
30,49,28,2445.17,0.965444
30,49,29,2458.79,1.04699
30,49,30,2473.33,1.10181
30,49,31,2490.18,1.12967
30,49,32,2510.76,1.13564
30,49,33,2534.61,1.12626
30,49,34,2559.86,1.10568
30,49,35,2583.93,1.07496
30,49,36,2605.7,1.03311
30,49,37,2626.43,0.980874
30,49,38,2649.51,0.921921
30,49,39,2679.05,0.862307
30,49,40,2717.11,0.807603
30,49,41,2766.02,0.762101
30,49,42,2825.71,0.726792
30,49,43,2893.13,0.700527
30,49,44,2960.73,0.679863
30,49,45,3015.48,0.659645
30,49,46,3039.89,0.632988
30,49,47,3015.06,0.592459
30,49,48,2923.62,0.532527
30,49,49,2753.97,0.452878
31,0,0,2431.61,0.306933
31,0,1,2609.41,0.379423
31,0,2,2733.12,0.440629
31,0,3,2813.62,0.48518
31,0,4,2868.19,0.511948
31,0,5,2914.01,0.524017
31,0,6,2962.44,0.526935
31,0,7,3015.77,0.526842
31,0,8,3068.87,0.528397
31,0,9,3113.94,0.533912
31,0,10,3144.92,0.543442
31,0,11,3159.35,0.555937
31,0,12,3158.65,0.570494
31,0,13,3145.94,0.586106
31,0,14,3124.1,0.600203
31,0,15,3094.03,0.608054
31,0,16,3053.9,0.603668
31,0,17,2999.5,0.582094
31,0,18,2926.27,0.542198
31,0,19,2831.68,0.487545
31,0,20,2717.45,0.425905
31,0,21,2589.68,0.365987
31,0,22,2458.16,0.315298
31,0,23,2333.8,0.277702
31,0,24,2225.85,0.252898
31,0,25,2139.33,0.237335
31,0,26,2075.07,0.225929
31,0,27,2029.92,0.214047
31,0,28,1998.12,0.198364
31,0,29,1973.03,0.177511
31,0,30,1948.66,0.151937
31,0,31,1920.68,0.123737
31,0,32,1886.19,0.095845
31,0,33,1844.11,0.0710334
31,0,34,1795.27,0.0510657
31,0,35,1742.55,0.0363999
31,0,36,1691.03,0.0263571
31,0,37,1647.23,0.0195966
31,0,38,1617.66,0.0150099
31,0,39,1606.49,0.0120616
31,0,40,1613.68,0.0107479
31,0,41,1634.69,0.011213
31,0,42,1661.54,0.013856
31,0,43,1684.58,0.0182322
31,0,44,1695.08,0.0234318
31,0,45,1686.52,0.0280207
31,0,46,1655.39,0.0305162
31,0,47,1600.88,0.0300089
31,0,48,1525.37,0.0265515
31,0,49,1434.51,0.0211121
31,1,0,2662.41,0.373285
31,1,1,2847.85,0.458103
31,1,2,2973.43,0.528753
31,1,3,3052.44,0.579564
31,1,4,3102.8,0.609903
31,1,5,3141.41,0.623812
31,1,6,3179.64,0.627908
31,1,7,3220.7,0.629204
31,1,8,3261.22,0.632994
31,1,9,3295.32,0.641825
31,1,10,3318.25,0.655629
31,1,11,3327.99,0.672858
31,1,12,3325.55,0.691894
31,1,13,3312.98,0.710689
31,1,14,3291.76,0.725499
31,1,15,3261.57,0.730577
31,1,16,3219.83,0.719451
31,1,17,3162.17,0.687512
31,1,18,3084.28,0.634819
31,1,19,2984.16,0.566667
31,1,20,2864.04,0.492593
31,1,21,2730.48,0.422543
31,1,22,2593.63,0.364645
31,1,23,2464.59,0.322703
31,1,24,2352.73,0.295821
31,1,25,2263.09,0.279615
31,1,26,2196.52,0.268165
31,1,27,2149.67,0.256103
31,1,28,2116.47,0.239503
31,1,29,2089.76,0.216495
31,1,30,2063.1,0.187322
31,1,31,2031.95,0.154207
31,1,32,1993.51,0.120606
31,1,33,1947.13,0.0900332
31,1,34,1894.17,0.0649801
31,1,35,1837.97,0.0463448
31,1,36,1783.85,0.0335379
31,1,37,1738.31,0.0250068
31,1,38,1707.71,0.019318
31,1,39,1696.04,0.0156175
31,1,40,1702.98,0.0136904
31,1,41,1723.85,0.0135627
31,1,42,1750.58,0.0156754
31,1,43,1773.43,0.0195727
31,1,44,1783.57,0.024369
31,1,45,1774.15,0.0286362
31,1,46,1741.13,0.0308817
31,1,47,1682.95,0.0301849
31,1,48,1601.23,0.0265936
31,1,49,1501.2,0.0210726
31,2,0,2840.81,0.423286
31,2,1,3026.39,0.515723
31,2,2,3148.74,0.591718
31,2,3,3222.89,0.645823
31,2,4,3266.67,0.678127
31,2,5,3296.18,0.693538
31,2,6,3322.49,0.699476
31,2,7,3349.66,0.703504
31,2,8,3376.17,0.711292
31,2,9,3398.11,0.725415
31,2,10,3412.15,0.745483
31,2,11,3416.68,0.769183
31,2,12,3412.33,0.793867
31,2,13,3399.96,0.816139
31,2,14,3379.6,0.831042
31,2,15,3349.65,0.832119
31,2,16,3306.85,0.813032
31,2,17,3246.77,0.770192
31,2,18,3165.67,0.705305
31,2,19,3062.4,0.625509
31,2,20,2939.91,0.541791
31,2,21,2805.28,0.464806
31,2,22,2668.72,0.402705
31,2,23,2540.96,0.358792
31,2,24,2430.79,0.331386
31,2,25,2342.79,0.31538
31,2,26,2277.51,0.30433
31,2,27,2231.38,0.292472
31,2,28,2198.16,0.275559
31,2,29,2170.44,0.251327
31,2,30,2141.65,0.219772
31,2,31,2107.3,0.183084
31,2,32,2065.02,0.14505
31,2,33,2014.84,0.109778
31,2,34,1958.87,0.0804289
31,2,35,1900.96,0.0583451
31,2,36,1846.43,0.043065
31,2,37,1801.3,0.0328701
31,2,38,1771.18,0.0260147
31,2,39,1759.34,0.0213096
31,2,40,1765.04,0.018306
31,2,41,1783.8,0.0169192
31,2,42,1808.09,0.017655
31,2,43,1828.86,0.0201396
31,2,44,1837.8,0.0236344
31,2,45,1828.07,0.0268645
31,2,46,1795.13,0.0284538
31,2,47,1736.54,0.0275295
31,2,48,1652.89,0.0240993
31,2,49,1548.61,0.0190075
31,3,0,2965.67,0.450145
31,3,1,3146.85,0.544892
31,3,2,3263.24,0.622
31,3,3,3330.84,0.676644
31,3,4,3367.01,0.709639
31,3,5,3386.79,0.726455
31,3,6,3400.78,0.734923
31,3,7,3413.72,0.742829
31,3,8,3425.81,0.75602
31,3,9,3435.11,0.77699
31,3,10,3439.83,0.80493
31,3,11,3438.88,0.836601
31,3,12,3432.56,0.868132
31,3,13,3420.55,0.894622
31,3,14,3401.33,0.909985
31,3,15,3372.04,0.907398
31,3,16,3328.7,0.881156
31,3,17,3267,0.829114
31,3,18,3183.95,0.754743
31,3,19,3079.5,0.666818
31,3,20,2957.58,0.577292
31,3,21,2825.78,0.49698
31,3,22,2694.1,0.433581
31,3,23,2572.4,0.389601
31,3,24,2468.29,0.362529
31,3,25,2385.38,0.346757
31,3,26,2323.72,0.335701
31,3,27,2279.55,0.32361
31,3,28,2246.68,0.306273
31,3,29,2217.82,0.281246
31,3,30,2186.6,0.248329
31,3,31,2148.91,0.209547
31,3,32,2102.97,0.168789
31,3,33,2049.64,0.130487
31,3,34,1991.8,0.0982613
31,3,35,1933.72,0.0737745
31,3,36,1880.57,0.0566446
31,3,37,1837.5,0.0450044
31,3,38,1808.95,0.036834
31,3,39,1797.15,0.0306561
31,3,40,1800.88,0.0258421
31,3,41,1816.05,0.0222833
31,3,42,1836.22,0.020623
31,3,43,1853.62,0.0206892
31,3,44,1860.89,0.0219986
31,3,45,1851.45,0.0235318
31,3,46,1820.28,0.0241011
31,3,47,1763.95,0.0228974
31,3,48,1681.89,0.0198376
31,3,49,1577.46,0.0155428
31,4,0,3041.39,0.451664
31,4,1,3216.03,0.544033
31,4,2,3325.39,0.618925
31,4,3,3385.91,0.672303
31,4,4,3414.19,0.705448
31,4,5,3424.26,0.723895
31,4,6,3426.16,0.735399
31,4,7,3425.15,0.747684
31,4,8,3422.97,0.766666
31,4,9,3419.65,0.794823
31,4,10,3415.05,0.831044
31,4,11,3408.82,0.871246
31,4,12,3401.02,0.910373
31,4,13,3390.06,0.942073
31,4,14,3372.86,0.95929
31,4,15,3345.19,0.9551
31,4,16,3302.44,0.924673
31,4,17,3240.5,0.867348
31,4,18,3157.28,0.788087
31,4,19,3053.93,0.696806
31,4,20,2935.4,0.60583
31,4,21,2809.65,0.525685
31,4,22,2686.24,0.463338
31,4,23,2573.71,0.420418
31,4,24,2478.09,0.393713
31,4,25,2401.76,0.377409
31,4,26,2344.16,0.365159
31,4,27,2301.51,0.351619
31,4,28,2268.04,0.332973
31,4,29,2237.07,0.306904
31,4,30,2202.83,0.273148
31,4,31,2161.82,0.233527
31,4,32,2112.91,0.191818
31,4,33,2057.67,0.152446
31,4,34,1999.53,0.119159
31,4,35,1942.93,0.0936909
31,4,36,1892.63,0.0755884
31,4,37,1852.75,0.0628016
31,4,38,1826.43,0.0530847
31,4,39,1814.79,0.0447804
31,4,40,1816.16,0.037218
31,4,41,1827.03,0.0304331
31,4,42,1842.33,0.0253322
31,4,43,1855.87,0.022072
31,4,44,1861.48,0.0204921
31,4,45,1852.95,0.0198557
31,4,46,1824.75,0.0191559
31,4,47,1772.47,0.0176114
31,4,48,1694.25,0.0149914
31,4,49,1592.39,0.0116296
31,5,0,3073.98,0.430415
31,5,1,3241.64,0.517091
31,5,2,3344.11,0.587797
31,5,3,3397.78,0.639216
31,5,4,3418.53,0.672658
31,5,5,3419.45,0.693151
31,5,6,3410.1,0.707868
31,5,7,3396.18,0.724204
31,5,8,3380.78,0.748109
31,5,9,3365.8,0.782242
31,5,10,3352.84,0.825511
31,5,11,3342.36,0.873343
31,5,12,3334.23,0.919791
31,5,13,3325.58,0.957327
31,5,14,3311.71,0.978151
31,5,15,3287.14,0.975383
31,5,16,3246.71,0.945034
31,5,17,3186.6,0.887635
31,5,18,3105.63,0.809072
31,5,19,3006.02,0.719727
31,5,20,2893.46,0.631698
31,5,21,2776.09,0.554877
31,5,22,2662.66,0.495397
31,5,23,2560.27,0.454116
31,5,24,2473.23,0.427354
31,5,25,2402.67,0.409405
31,5,26,2347.53,0.394465
31,5,27,2304.32,0.377918
31,5,28,2268.13,0.356647
31,5,29,2233.39,0.328789
31,5,30,2195.38,0.294228
31,5,31,2151.4,0.254643
31,5,32,2100.91,0.213551
31,5,33,2045.81,0.175053
31,5,34,1989.59,0.142644
31,5,35,1936.4,0.1178
31,5,36,1890.33,0.0997666
31,5,37,1854.43,0.0862221
31,5,38,1830.64,0.0747396
31,5,39,1819.23,0.0636269
31,5,40,1818.27,0.0523713
31,5,41,1824.97,0.0413741
31,5,42,1835.64,0.0319605
31,5,43,1845.69,0.0247239
31,5,44,1850.14,0.0198436
31,5,45,1843.12,0.0168201
31,5,46,1818.6,0.0147537
31,5,47,1771.12,0.0128207
31,5,48,1697.67,0.0105926
31,5,49,1599.54,0.00809588
31,6,0,3069.74,0.39255
31,6,1,3231.11,0.471767
31,6,2,3327.63,0.537507
31,6,3,3375.39,0.586973
31,6,4,3389.57,0.62108
31,6,5,3382.61,0.64389
31,6,6,3363.84,0.661588
31,6,7,3339.39,0.681018
31,6,8,3313.46,0.708122
31,6,9,3289.51,0.74594
31,6,10,3270.6,0.793768
31,6,11,3257.84,0.847037
31,6,12,3250.9,0.899361
31,6,13,3245.72,0.942469
31,6,14,3236.2,0.96808
31,6,15,3215.93,0.969431
31,6,16,3179.45,0.943179
31,6,17,3123.33,0.89058
31,6,18,3047.07,0.817823
31,6,19,2953.59,0.735097
31,6,20,2848.85,0.653779
31,6,21,2740.73,0.582903
31,6,22,2637.04,0.52777
31,6,23,2543.48,0.488631
31,6,24,2462.86,0.461573
31,6,25,2395.32,0.441223
31,6,26,2339.56,0.422487
31,6,27,2292.7,0.40166
31,6,28,2251.07,0.37655
31,6,29,2210.74,0.34604
31,6,30,2168.38,0.310412
31,6,31,2122.23,0.271352
31,6,32,2072.17,0.232062
31,6,33,2019.91,0.196085
31,6,34,1968.34,0.166316
31,6,35,1920.75,0.143645
31,6,36,1880.25,0.126768
31,6,37,1848.89,0.112976
31,6,38,1827.75,0.099696
31,6,39,1816.65,0.0853476
31,6,40,1813.78,0.0697873
31,6,41,1817.09,0.0539969
31,6,42,1824.21,0.0398611
31,6,43,1831.9,0.0284692
31,6,44,1836.11,0.0203045
31,6,45,1831.19,0.0150068
31,6,46,1810.55,0.0116747
31,6,47,1767.81,0.00936232
31,6,48,1698.95,0.00741407
31,6,49,1604.43,0.00557326
31,7,0,3035.3,0.34641
31,7,1,3191.74,0.417675
31,7,2,3283.82,0.47831
31,7,3,3327.15,0.525835
31,7,4,3336.45,0.560564
31,7,5,3323.91,0.585425
31,7,6,3298.96,0.60546
31,7,7,3268.2,0.626803
31,7,8,3236.55,0.655272
31,7,9,3208.33,0.694312
31,7,10,3187.25,0.743818
31,7,11,3174.65,0.799637
31,7,12,3169.86,0.85541
31,7,13,3168.1,0.902629
31,7,14,3162.54,0.932867
31,7,15,3146.42,0.939566
31,7,16,3114.4,0.919806
31,7,17,3063.38,0.875127
31,7,18,2993.31,0.811507
31,7,19,2907.15,0.738472
31,7,20,2810.62,0.666373
31,7,21,2710.93,0.603284
31,7,22,2614.92,0.55371
31,7,23,2527.2,0.517418
31,7,24,2449.53,0.490396
31,7,25,2381.47,0.467671
31,7,26,2321.76,0.444865
31,7,27,2268.32,0.419226
31,7,28,2219.04,0.389606
31,7,29,2171.85,0.355858
31,7,30,2125.11,0.318912
31,7,31,2078.09,0.280647
31,7,32,2030.81,0.24397
31,7,33,1984.32,0.211735
31,7,34,1940.26,0.185988
31,7,35,1900.49,0.16678
31,7,36,1866.86,0.152062
31,7,37,1840.53,0.13866
31,7,38,1822.13,0.123892
31,7,39,1811.55,0.106411
31,7,40,1807.4,0.0866052
31,7,41,1808.54,0.0661752
31,7,42,1813.65,0.0476305
31,7,43,1820.49,0.0325422
31,7,44,1825.61,0.021618
31,7,45,1823.33,0.0145221
31,7,46,1806.51,0.0102456
31,7,47,1767.97,0.00766092
31,7,48,1702.88,0.00588558
31,7,49,1611.12,0.00443643
31,8,0,2978.58,0.300652
31,8,1,3131.7,0.364306
31,8,2,3221.1,0.419789
31,8,3,3261.86,0.464843
31,8,4,3268.58,0.499295
31,8,5,3253.67,0.525183
31,8,6,3227.02,0.546568
31,8,7,3195.66,0.568821
31,8,8,3164.58,0.59741
31,8,9,3137.86,0.635931
31,8,10,3118.77,0.684756
31,8,11,3108.18,0.740301
31,8,12,3105.16,0.796593
31,8,13,3104.93,0.845408
31,8,14,3100.96,0.878614
31,8,15,3086.95,0.890029
31,8,16,3058.07,0.877031
31,8,17,3011.56,0.841096
31,8,18,2947.36,0.787659
31,8,19,2867.98,0.725317
31,8,20,2778.37,0.663304
31,8,21,2684.84,0.608763
31,8,22,2593.4,0.565469
31,8,23,2507.98,0.532794
31,8,24,2429.88,0.506652
31,8,25,2358.46,0.482387
31,8,26,2292.69,0.456189
31,8,27,2231.34,0.426149
31,8,28,2173.8,0.392168
31,8,29,2119.92,0.355177
31,8,30,2069.76,0.316941
31,8,31,2023.62,0.279701
31,8,32,1981.46,0.246125
31,8,33,1943.29,0.218344
31,8,34,1909.03,0.197427
31,8,35,1878.76,0.182456
31,8,36,1852.93,0.170588
31,8,37,1831.96,0.158201
31,8,38,1816.4,0.142583
31,8,39,1806.59,0.122699
31,8,40,1801.93,0.0995362
31,8,41,1802.18,0.0755061
31,8,42,1806.89,0.0536806
31,8,43,1814.48,0.0360126
31,8,44,1821.68,0.0233271
31,8,45,1822.59,0.0152152
31,8,46,1809.5,0.010495
31,8,47,1774.56,0.00783734
31,8,48,1712.31,0.00616413
31,8,49,1622.21,0.00484375
31,9,0,2908.86,0.262855
31,9,1,3060.14,0.319748
31,9,2,3148.45,0.369896
31,9,3,3188.47,0.411304
31,9,4,3195,0.443737
31,9,5,3181.15,0.468933
31,9,6,3157.53,0.490416
31,9,7,3131.36,0.512859
31,9,8,3106.95,0.541082
31,9,9,3086.92,0.578318
31,9,10,3072.95,0.624983
31,9,11,3064.94,0.677922
31,9,12,3061.86,0.731761
31,9,13,3059.76,0.779045
31,9,14,3053.45,0.812469
31,9,15,3037.94,0.826518
31,9,16,3009.27,0.81885
31,9,17,2964.98,0.790654
31,9,18,2904.66,0.746614
31,9,19,2829.97,0.694272
31,9,20,2744.82,0.64177
31,9,21,2654.56,0.595437
31,9,22,2564.55,0.558433
31,9,23,2478.56,0.529829
31,9,24,2397.89,0.505474
31,9,25,2322.07,0.480905
31,9,26,2250.34,0.452681
31,9,27,2182.15,0.419532
31,9,28,2118.06,0.382275
31,9,29,2059.54,0.342875
31,9,30,2008.16,0.303963
31,9,31,1965.07,0.268193
31,9,32,1930.03,0.238018
31,9,33,1901.83,0.214851
31,9,34,1878.56,0.198795
31,9,35,1858.45,0.188012
31,9,36,1840.65,0.179015
31,9,37,1825.02,0.167928
31,9,38,1812.26,0.152158
31,9,39,1803.48,0.131032
31,9,40,1799,0.106068
31,9,41,1799.5,0.0802115
31,9,42,1805.2,0.0568852
31,9,43,1814.88,0.0382454
31,9,44,1825.19,0.0251169
31,9,45,1829.86,0.0169592
31,9,46,1820.59,0.0124019
31,9,47,1788.9,0.00993179
31,9,48,1728.78,0.0083273
31,9,49,1639.36,0.00689149
31,10,0,2835.78,0.238172
31,10,1,2986.28,0.289397
31,10,2,3074.57,0.3339
31,10,3,3115.06,0.370097
31,10,4,3123.12,0.398286
31,10,5,3112.89,0.420669
31,10,6,3095.85,0.440832
31,10,7,3079.1,0.462907
31,10,8,3065.5,0.490767
31,10,9,3055.32,0.526672
31,10,10,3047.92,0.570468
31,10,11,3041.87,0.619083
31,10,12,3036.2,0.667813
31,10,13,3028.44,0.710383
31,10,14,3015.49,0.740875
31,10,15,2994.27,0.754816
31,10,16,2962.07,0.750249
31,10,17,2916.74,0.727973
31,10,18,2857.39,0.691764
31,10,19,2784.61,0.647992
31,10,20,2701.17,0.603713
31,10,21,2611.58,0.564523
31,10,22,2520.81,0.533102
31,10,23,2432.85,0.508377
31,10,24,2349.38,0.486252
31,10,25,2270.32,0.462453
31,10,26,2195.13,0.433797
31,10,27,2123.58,0.399451
31,10,28,2056.9,0.360906
31,10,29,1997.62,0.320915
31,10,30,1948.33,0.282779
31,10,31,1910.7,0.249412
31,10,32,1884.18,0.222962
31,10,33,1866.41,0.204127
31,10,34,1853.88,0.192156
31,10,35,1843.29,0.18453
31,10,36,1832.77,0.177501
31,10,37,1821.86,0.167317
31,10,38,1811.62,0.151753
31,10,39,1803.98,0.130531
31,10,40,1800.21,0.105524
31,10,41,1801.84,0.0798888
31,10,42,1809.62,0.0570673
31,10,43,1822.46,0.0391922
31,10,44,1836.75,0.0269785
31,10,45,1845.77,0.019738
31,10,46,1840.56,0.0159373
31,10,47,1812.02,0.0139172
31,10,48,1753.59,0.0123654
31,10,49,1664.02,0.0105915
31,11,0,2766.51,0.228493
31,11,1,2916.82,0.275179
31,11,2,3005.53,0.313781
31,11,3,3046.88,0.343324
31,11,4,3057.08,0.365212
31,11,5,3051.53,0.382795
31,11,6,3042.58,0.400254
31,11,7,3036.93,0.421356
31,11,8,3035.55,0.44881
31,11,9,3035.94,0.483405
31,11,10,3034.81,0.523865
31,11,11,3029.35,0.566823
31,11,12,3018.69,0.608229
31,11,13,3002.03,0.643266
31,11,14,2978.69,0.667869
31,11,15,2947.94,0.679002
31,11,16,2908.59,0.675305
31,11,17,2858.96,0.657215
31,11,18,2797.68,0.62749
31,11,19,2724.31,0.591153
31,11,20,2640.52,0.554033
31,11,21,2550.15,0.520933
31,11,22,2458.04,0.494133
31,11,23,2368.6,0.472624
31,11,24,2284.11,0.452644
31,11,25,2204.9,0.430305
31,11,26,2130.53,0.402757
31,11,27,2060.72,0.369474
31,11,28,1996.87,0.332314
31,11,29,1941.79,0.294402
31,11,30,1898.47,0.259279
31,11,31,1868.66,0.229754
31,11,32,1851.35,0.207454
31,11,33,1843.29,0.192327
31,11,34,1839.88,0.182963
31,11,35,1836.89,0.17656
31,11,36,1831.91,0.16966
31,11,37,1824.47,0.159159
31,11,38,1816.09,0.143521
31,11,39,1809.52,0.122893
31,11,40,1806.82,0.0992574
31,11,41,1810.26,0.075591
31,11,42,1820.93,0.0549812
31,11,43,1837.75,0.0393064
31,11,44,1856.74,0.0290895
31,11,45,1870.63,0.0235148
31,11,46,1869.77,0.0209314
31,11,47,1844.39,0.0195715
31,11,48,1787.3,0.018064
31,11,49,1696.83,0.0157695
31,12,0,2704.32,0.232336
31,12,1,2854.88,0.275508
31,12,2,2944.15,0.308228
31,12,3,2986.34,0.330299
31,12,4,2998.58,0.344607
31,12,5,2997.58,0.356045
31,12,6,2996.48,0.369684
31,12,7,3001.39,0.389066
31,12,8,3011.3,0.415685
31,12,9,3020.97,0.448644
31,12,10,3024.6,0.485248
31,12,11,3018.04,0.521572
31,12,12,3000.5,0.554145
31,12,13,2972.73,0.579697
31,12,14,2936.49,0.596264
31,12,15,2893.48,0.60254
31,12,16,2844.28,0.598014
31,12,17,2787.87,0.582909
31,12,18,2722.54,0.558925
31,12,19,2646.99,0.529544
31,12,20,2562.02,0.499116
31,12,21,2470.93,0.471447
31,12,22,2378.6,0.448421
31,12,23,2289.89,0.429301
31,12,24,2207.62,0.41103
31,12,25,2132.4,0.390462
31,12,26,2063.78,0.365301
31,12,27,2001.19,0.335301
31,12,28,1945.69,0.302388
31,12,29,1899.78,0.269566
31,12,30,1866.09,0.240057
31,12,31,1845.92,0.216072
31,12,32,1837.72,0.198397
31,12,33,1837.64,0.18617
31,12,34,1840.68,0.177552
31,12,35,1842.38,0.169932
31,12,36,1840.44,0.160757
31,12,37,1834.74,0.148127
31,12,38,1827.31,0.131518
31,12,39,1821.62,0.111523
31,12,40,1820.33,0.0899881
31,12,41,1826.21,0.0693375
31,12,42,1840.52,0.0519787
31,12,43,1862.01,0.0393512
31,12,44,1886.24,0.03174
31,12,45,1905.31,0.028241
31,12,46,1908.82,0.0271295
31,12,47,1886.32,0.0265468
31,12,48,1829.99,0.0250667
31,12,49,1737.72,0.022112
31,13,0,2647.78,0.245429
31,13,1,2799.29,0.285952
31,13,2,2889.65,0.313277
31,13,3,2932.94,0.328064
31,13,4,2947.14,0.334722
31,13,5,2950.03,0.339671
31,13,6,2955.34,0.348839
31,13,7,2968.53,0.365606
31,13,8,2986.88,0.390383
31,13,9,3002.83,0.420744
31,13,10,3008.58,0.452652
31,13,11,2998.85,0.481581
31,13,12,2972.92,0.504544
31,13,13,2932.84,0.519706
31,13,14,2882.54,0.52715
31,13,15,2826.03,0.52739
31,13,16,2765.68,0.520966
31,13,17,2701.27,0.508119
31,13,18,2630.98,0.489568
31,13,19,2552.96,0.46715
31,13,20,2467.4,0.443488
31,13,21,2377.25,0.421135
31,13,22,2287.35,0.401511
31,13,23,2202.78,0.384284
31,13,24,2126.57,0.367429
31,13,25,2059.43,0.348889
31,13,26,2000.81,0.327174
31,13,27,1949.82,0.302356
31,13,28,1906.96,0.27618
31,13,29,1873.96,0.251102
31,13,30,1852.56,0.229484
31,13,31,1843.11,0.212466
31,13,32,1843.34,0.199702
31,13,33,1849.16,0.189478
31,13,34,1855.75,0.179759
31,13,35,1859.2,0.168586
31,13,36,1857.87,0.154834
31,13,37,1852.29,0.138247
31,13,38,1845.12,0.119536
31,13,39,1840.34,0.0997267
31,13,40,1840.97,0.0803197
31,13,41,1849.98,0.0629273
31,13,42,1868.61,0.0490754
31,13,43,1895.29,0.0396696
31,13,44,1924.98,0.0347587
31,13,45,1949.09,0.0334001
31,13,46,1956.53,0.0338261
31,13,47,1936.18,0.0340811
31,13,48,1879.69,0.0326559
31,13,49,1784.58,0.0290112
31,14,0,2593.51,0.262519
31,14,1,2747.29,0.301203
31,14,2,2840.2,0.324216
31,14,3,2885.91,0.333012
31,14,4,2902.78,0.333246
31,14,5,2909.19,0.33247
31,14,6,2919.06,0.337158
31,14,7,2937.3,0.350521
31,14,8,2959.98,0.372172
31,14,9,2978.06,0.398628
31,14,10,2982.49,0.42491
31,14,11,2967.25,0.446073
31,14,12,2931.76,0.459539
31,14,13,2879.11,0.464612
31,14,14,2815.02,0.463071
31,14,15,2745.39,0.457057
31,14,16,2674.17,0.44819
31,14,17,2601.95,0.436951
31,14,18,2527.05,0.423283
31,14,19,2447.42,0.407497
31,14,20,2362.96,0.390461
31,14,21,2276.32,0.373361
31,14,22,2192.1,0.357097
31,14,23,2115.12,0.341763
31,14,24,2048.22,0.326472
31,14,25,1992,0.310385
31,14,26,1945.85,0.29292
31,14,27,1908.75,0.274466
31,14,28,1880.7,0.256449
31,14,29,1862.46,0.240514
31,14,30,1854.5,0.227858
31,14,31,1855.87,0.218282
31,14,32,1863.52,0.210175
31,14,33,1873.31,0.201022
31,14,34,1881.1,0.188804
31,14,35,1884.03,0.172524
31,14,36,1881.62,0.15278
31,14,37,1875.29,0.131131
31,14,38,1868.29,0.109567
31,14,39,1864.93,0.0894676
31,14,40,1868.26,0.0718605
31,14,41,1881.22,0.05744
31,14,42,1904.79,0.0468068
31,14,43,1936.86,0.0403329
31,14,44,1971.77,0.0378681
31,14,45,2000.24,0.0384744
31,14,46,2010.56,0.0403593
31,14,47,1991.13,0.0414554
31,14,48,1933.26,0.0401346
31,14,49,1834.22,0.0358557
31,15,0,2539.33,0.278945
31,15,1,2697.43,0.316704
31,15,2,2795.38,0.337093
31,15,3,2845.86,0.342157
31,15,4,2866.92,0.338287
31,15,5,2876.81,0.333538
31,15,6,2889.19,0.334483
31,15,7,2908.63,0.344105
31,15,8,2930.81,0.361587
31,15,9,2946.29,0.382992
31,15,10,2945.61,0.402982
31,15,11,2922.57,0.416523
31,15,12,2876.85,0.421394
31,15,13,2812.37,0.41768
31,15,14,2736.11,0.4083
31,15,15,2655.3,0.396574
31,15,16,2575,0.385011
31,15,17,2496.5,0.374445
31,15,18,2418.44,0.364348
31,15,19,2338.88,0.353877
31,15,20,2257.67,0.34244
31,15,21,2177.12,0.33001
31,15,22,2101.21,0.317003
31,15,23,2034.06,0.303838
31,15,24,1977.96,0.290606
31,15,25,1933.34,0.277504
31,15,26,1899.77,0.264703
31,15,27,1876.43,0.252813
31,15,28,1863.02,0.242873
31,15,29,1859.29,0.235691
31,15,30,1864.31,0.231298
31,15,31,1875.69,0.228227
31,15,32,1889.62,0.223744
31,15,33,1902.07,0.214736
31,15,34,1909.86,0.199372
31,15,35,1911.48,0.177722
31,15,36,1907.76,0.152041
31,15,37,1901.06,0.125538
31,15,38,1895.12,0.101282
31,15,39,1894.26,0.0808692
31,15,40,1901.33,0.0648195
31,15,41,1918.95,0.0529715
31,15,42,1947.64,0.0451044
31,15,43,1984.74,0.0411321
31,15,44,2023.96,0.0407547
31,15,45,2055.43,0.043061
31,15,46,2067.08,0.0462429
31,15,47,2047.07,0.0481182
31,15,48,1986.57,0.0469285
31,15,49,1882.72,0.0421048
31,16,0,2486.55,0.292125
31,16,1,2651.5,0.330181
31,16,2,2757.49,0.350156
31,16,3,2815.53,0.354357
31,16,4,2842.43,0.349321
31,16,5,2855.55,0.342975
31,16,6,2867.99,0.341568
31,16,7,2884.41,0.347807
31,16,8,2901.09,0.360772
31,16,9,2909.3,0.37663
31,16,10,2900.09,0.390253
31,16,11,2867.6,0.396885
31,16,12,2811.89,0.394678
31,16,13,2737.44,0.384154
31,16,14,2651.92,0.368752
31,16,15,2563.11,0.352348
31,16,16,2476.67,0.337933
31,16,17,2394.31,0.32666
31,16,18,2315.14,0.317854
31,16,19,2237.55,0.310111
31,16,20,2161.43,0.301977
31,16,21,2088.61,0.292661
31,16,22,2022.17,0.282243
31,16,23,1965.16,0.271301
31,16,24,1919.23,0.260529
31,16,25,1884.79,0.250712
31,16,26,1861.89,0.242407
31,16,27,1850.19,0.236232
31,16,28,1849.27,0.232818
31,16,29,1857.98,0.232271
31,16,30,1874.02,0.233745
31,16,31,1893.71,0.234896
31,16,32,1912.65,0.232309
31,16,33,1927.08,0.222629
31,16,34,1934.89,0.204352
31,16,35,1935.9,0.178463
31,16,36,1932.16,0.148475
31,16,37,1926.76,0.118738
31,16,38,1923.59,0.0930116
31,16,39,1926.71,0.0729339
31,16,40,1938.49,0.058573
31,16,41,1961.09,0.0491153
31,16,42,1994.51,0.043719
31,16,43,2035.6,0.0419481
31,16,44,2077.57,0.0433825
31,16,45,2110.27,0.0471264
31,16,46,2121.5,0.0513634
31,16,47,2099.48,0.0538311
31,16,48,2035.41,0.052685
31,16,49,1926.4,0.0473482
31,17,0,2439.47,0.301211
31,17,1,2613.77,0.340898
31,17,2,2730.47,0.362671
31,17,3,2798.18,0.368742
31,17,4,2831.71,0.365295
31,17,5,2846.94,0.35968
31,17,6,2856.43,0.35759
31,17,7,2865.57,0.361466
31,17,8,2872.24,0.370518
31,17,9,2869.44,0.381374
31,17,10,2849.48,0.389502
31,17,11,2807.23,0.390707
31,17,12,2743.12,0.383522
31,17,13,2661.77,0.368621
31,17,14,2570.86,0.349379
31,17,15,2478.02,0.329567
31,17,16,2388.91,0.312156
31,17,17,2305.51,0.298479
31,17,18,2227.42,0.288035
31,17,19,2153.47,0.279533
31,17,20,2083.56,0.271422
31,17,21,2018.9,0.262756
31,17,22,1961.41,0.253509
31,17,23,1913.05,0.244246
31,17,24,1874.97,0.235815
31,17,25,1847.85,0.229055
31,17,26,1832.44,0.224457
31,17,27,1829.03,0.222376
31,17,28,1837.15,0.223012
31,17,29,1854.85,0.225971
31,17,30,1878.72,0.229956
31,17,31,1904.15,0.232337
31,17,32,1926.51,0.229639
31,17,33,1942.56,0.218721
31,17,34,1951.23,0.19849
31,17,35,1953.44,0.170523
31,17,36,1952.07,0.138943
31,17,37,1950.45,0.108547
31,17,38,1952.19,0.0832895
31,17,39,1960.71,0.0646999
31,17,40,1977.77,0.0525272
31,17,41,2005.02,0.0455854
31,17,42,2042.04,0.0426389
31,17,43,2085.38,0.0429943
31,17,44,2128.09,0.046098
31,17,45,2160.04,0.0510206
31,17,46,2169.25,0.0559499
31,17,47,2144.16,0.0586286
31,17,48,2076.11,0.0572423
31,17,49,1962.21,0.0512903
31,18,0,2403.98,0.306739
31,18,1,2589.48,0.34929
31,18,2,2718.33,0.374651
31,18,3,2796.25,0.384593
31,18,4,2835.6,0.384643
31,18,5,2850.69,0.381427
31,18,6,2853.84,0.38012
31,18,7,2851.87,0.383001
31,18,8,2845.15,0.389546
31,18,9,2829.17,0.396958
31,18,10,2797.99,0.401423
31,18,11,2747.34,0.39941
31,18,12,2677.74,0.389783
31,18,13,2593.41,0.373133
31,18,14,2501.35,0.352281
31,18,15,2408.41,0.330328
31,18,16,2319.94,0.309768
31,18,17,2238.05,0.291963
31,18,18,2162.88,0.276884
31,18,19,2093.72,0.263981
31,18,20,2030.36,0.252327
31,18,21,1973.23,0.241415
31,18,22,1923.16,0.231338
31,18,23,1881.11,0.222519
31,18,24,1848.05,0.215599
31,18,25,1825.16,0.211043
31,18,26,1813.92,0.208912
31,18,27,1815.18,0.209061
31,18,28,1828.33,0.211221
31,18,29,1850.77,0.214648
31,18,30,1878.35,0.217987
31,18,31,1906.15,0.218888
31,18,32,1929.83,0.214429
31,18,33,1946.96,0.202113
31,18,34,1957.46,0.181286
31,18,35,1962.95,0.153714
31,18,36,1966.52,0.123444
31,18,37,1971.09,0.0950298
31,18,38,1979.43,0.0721757
31,18,39,1994.1,0.0562285
31,18,40,2016.18,0.0468016
31,18,41,2046.97,0.0426255
31,18,42,2085.83,0.0422658
31,18,43,2129.32,0.0448147
31,18,44,2170.66,0.0495189
31,18,45,2200.1,0.0553303
31,18,46,2206.08,0.0604517
31,18,47,2177.42,0.0627552
31,18,48,2105.61,0.0606319
31,18,49,1987.71,0.053799
31,19,0,2384.81,0.309707
31,19,1,2582.18,0.356059
31,19,2,2722.93,0.386105
31,19,3,2809.8,0.400886
31,19,4,2852.79,0.405156
31,19,5,2864.9,0.404935
31,19,6,2858.67,0.405174
31,19,7,2842.93,0.40824
31,19,8,2821.1,0.413978
31,19,9,2791.66,0.420112
31,19,10,2750.64,0.423449
31,19,11,2694.43,0.421008
31,19,12,2623.16,0.41181
31,19,13,2539.99,0.396097
31,19,14,2450.56,0.375744
31,19,15,2360.65,0.352783
31,19,16,2275.15,0.328946
31,19,17,2196.44,0.305584
31,19,18,2125.27,0.283416
31,19,19,2061.34,0.263116
31,19,20,2004.23,0.24491
31,19,21,1953.57,0.229131
31,19,22,1909.19,0.216123
31,19,23,1871.35,0.206093
31,19,24,1841.07,0.199271
31,19,25,1820.07,0.195549
31,19,26,1810.38,0.19441
31,19,27,1813.09,0.19511
31,19,28,1827.32,0.196896
31,19,29,1849.95,0.198746
31,19,30,1876.64,0.19947
31,19,31,1902.86,0.19735
31,19,32,1925.21,0.190406
31,19,33,1942.36,0.177024
31,19,34,1955.12,0.156943
31,19,35,1965.35,0.131767
31,19,36,1975.64,0.104952
31,19,37,1987.79,0.0803251
31,19,38,2003.36,0.0610866
31,19,39,2023.88,0.0484264
31,19,40,2049.9,0.0420131
31,19,41,2082.57,0.0407212
31,19,42,2121.31,0.0430414
31,19,43,2162.97,0.0478397
31,19,44,2201.22,0.0540622
31,19,45,2226.88,0.0604392
31,19,46,2229.01,0.0651872
31,19,47,2196.84,0.0664373
31,19,48,2121.99,0.0629756
31,19,49,2001.42,0.0549044
31,20,0,2383.4,0.311436
31,20,1,2591.87,0.36228
31,20,2,2742.64,0.397558
31,20,3,2835.95,0.417306
31,20,4,2879.89,0.42548
31,20,5,2886.63,0.427741
31,20,6,2869.3,0.429242
31,20,7,2838.96,0.4328
31,20,8,2802.31,0.438799
31,20,9,2760.92,0.445446
31,20,10,2712.72,0.450011
31,20,11,2654.45,0.449846
31,20,12,2585.24,0.443841
31,20,13,2506.56,0.431559
31,20,14,2422.34,0.413587
31,20,15,2337.15,0.390649
31,20,16,2255.61,0.363634
31,20,17,2180.56,0.33398
31,20,18,2113.5,0.303413
31,20,19,2054.51,0.274115
31,20,20,2002.89,0.247698
31,20,21,1957.56,0.22545
31,20,22,1917.59,0.207954
31,20,23,1882.76,0.19515
31,20,24,1854.25,0.186827
31,20,25,1834.13,0.182361
31,20,26,1824.58,0.180767
31,20,27,1826.51,0.180801
31,20,28,1838.56,0.181301
31,20,29,1857.33,0.180995
31,20,30,1878.83,0.178885
31,20,31,1899.61,0.173912
31,20,32,1917.76,0.165047
31,20,33,1933.31,0.151505
31,20,34,1947.82,0.133258
31,20,35,1962.92,0.111516
31,20,36,1980.1,0.0889041
31,20,37,1999.62,0.0683872
31,20,38,2021.55,0.0526654
31,20,39,2046.51,0.0429253
31,20,40,2074.73,0.0390806
31,20,41,2107.43,0.0402999
31,20,42,2144.31,0.045061
31,20,43,2182.67,0.05196
31,20,44,2216.77,0.0595325
31,20,45,2238.11,0.066177
31,20,46,2236.38,0.0700891
31,20,47,2201.23,0.0697384
31,20,48,2124.4,0.064447
31,20,49,2002.72,0.0548384
31,21,0,2397.97,0.313846
31,21,1,2615.31,0.369883
31,21,2,2773.04,0.410764
31,21,3,2869.73,0.435254
31,21,4,2912.32,0.44645
31,21,5,2912.57,0.449856
31,21,6,2884.31,0.451223
31,21,7,2840.71,0.454246
31,21,8,2791.42,0.460173
31,21,9,2740.88,0.467838
31,21,10,2688.61,0.47495
31,21,11,2631.36,0.478976
31,21,12,2566.88,0.478314
31,21,13,2494.56,0.471437
31,21,14,2416.51,0.457319
31,21,15,2336.26,0.435258
31,21,16,2258.32,0.405411
31,21,17,2186.29,0.369533
31,21,18,2122.48,0.330584
31,21,19,2067.41,0.292334
31,21,20,2020.15,0.257727
31,21,21,1979.08,0.228831
31,21,22,1942.74,0.206289
31,21,23,1910.67,0.189712
31,21,24,1884.04,0.178515
31,21,25,1864.97,0.1718
31,21,26,1855.25,0.168443
31,21,27,1855.21,0.167013
31,21,28,1862.9,0.166158
31,21,29,1874.9,0.164425
31,21,30,1888.01,0.160885
31,21,31,1900.33,0.154846
31,21,32,1911.8,0.14585
31,21,33,1923.89,0.133554
31,21,34,1938.71,0.117897
31,21,35,1957.36,0.0995845
31,21,36,1979.91,0.0804877
31,21,37,2004.93,0.0629036
31,21,38,2031.15,0.0492801
31,21,39,2058.47,0.0410444
31,21,40,2087.01,0.0385264
31,21,41,2118.21,0.0412659
31,21,42,2152.13,0.0477588
31,21,43,2186.52,0.0562948
31,21,44,2216.25,0.0649227
31,21,45,2233.45,0.0716191
31,21,46,2228.39,0.0744882
31,21,47,2191.09,0.0723338
31,21,48,2113.45,0.0650519
31,21,49,1992.19,0.0538421
31,22,0,2425.85,0.319407
31,22,1,2648.59,0.381513
31,22,2,2809.47,0.428519
31,22,3,2906.44,0.457673
31,22,4,2945.98,0.471082
31,22,5,2939.83,0.474105
31,22,6,2902.43,0.473289
31,22,7,2848.47,0.473561
31,22,8,2789.91,0.477451
31,22,9,2733.35,0.484805
31,22,10,2679.57,0.493977
31,22,11,2625.13,0.502499
31,22,12,2566.34,0.50799
31,22,13,2500.64,0.507459
31,22,14,2428.41,0.498012
31,22,15,2352.28,0.477514
31,22,16,2276.85,0.445585
31,22,17,2206.51,0.404527
31,22,18,2144.42,0.358629
31,22,19,2091.63,0.313102
31,22,20,2047.18,0.27192
31,22,21,2009.15,0.237558
31,22,22,1975.89,0.210463
31,22,23,1946.72,0.189867
31,22,24,1922.67,0.174937
31,22,25,1905.47,0.164836
31,22,26,1896.11,0.158741
31,22,27,1893.98,0.155478
31,22,28,1896.57,0.153843
31,22,29,1900.6,0.152318
31,22,30,1903.92,0.149843
31,22,31,1906.31,0.145579
31,22,32,1909.55,0.138971
31,22,33,1916.44,0.1295
31,22,34,1929.47,0.116745
31,22,35,1949.14,0.100927
31,22,36,1974.22,0.083471
31,22,37,2001.85,0.0664597
31,22,38,2029.75,0.0524935
31,22,39,2057.33,0.0435182
31,22,40,2084.7,0.040416
31,22,41,2113.51,0.0431202
31,22,42,2144.13,0.0501692
31,22,43,2174.69,0.0595488
31,22,44,2200.53,0.0688069
31,22,45,2214.29,0.0754504
31,22,46,2206.77,0.0773993
31,22,47,2168.31,0.0736937
31,22,48,2090.98,0.0647155
31,22,49,1971.43,0.0521816
31,23,0,2463.83,0.33007
31,23,1,2687.76,0.399113
31,23,2,2847.7,0.452874
31,23,3,2942.08,0.48699
31,23,4,2977.57,0.502396
31,23,5,2966.07,0.504093
31,23,6,2922.3,0.499282
31,23,7,2861.73,0.494228
31,23,8,2797.52,0.493093
31,23,9,2737.6,0.497239
31,23,10,2683.62,0.506103
31,23,11,2632.05,0.517459
31,23,12,2578.22,0.528079
31,23,13,2518.01,0.53334
31,23,14,2450.39,0.528414
31,23,15,2377.22,0.509845
31,23,16,2303.08,0.476927
31,23,17,2233.03,0.432618
31,23,18,2171.01,0.382403
31,23,19,2118.64,0.332539
31,23,20,2075.2,0.287555
31,23,21,2038.84,0.249875
31,23,22,2007.92,0.219517
31,23,23,1981.66,0.195334
31,23,24,1960.73,0.176414
31,23,25,1946.13,0.162332
31,23,26,1937.79,0.153005
31,23,27,1934.11,0.147979
31,23,28,1932.07,0.146555
31,23,29,1928.63,0.147291
31,23,30,1922.66,0.148746
31,23,31,1915.37,0.149339
31,23,32,1910.06,0.147641
31,23,33,1910.54,0.142285
31,23,34,1919.59,0.1322
31,23,35,1937.31,0.11726
31,23,36,1961.62,0.098907
31,23,37,1988.86,0.0795651
31,23,38,2016.1,0.062426
31,23,39,2042.46,0.0501838
31,23,40,2067.98,0.0443432
31,23,41,2094.35,0.0452023
31,23,42,2122.09,0.0513649
31,23,43,2149.59,0.06056
31,23,44,2172.51,0.0698963
31,23,45,2183.91,0.0764326
31,23,46,2174.93,0.0778281
31,23,47,2136.26,0.073206
31,23,48,2060.15,0.0632444
31,23,49,1943.3,0.0500057
31,24,0,2509.85,0.346089
31,24,1,2730.62,0.422405
31,24,2,2885.76,0.483221
31,24,3,2975.06,0.52272
31,24,4,3005.92,0.540573
31,24,5,2990.44,0.541072
31,24,6,2943.2,0.531591
31,24,7,2879.53,0.519458
31,24,8,2812.64,0.510535
31,24,9,2750.85,0.50809
31,24,10,2696.41,0.513122
31,24,11,2646.1,0.524002
31,24,12,2595.03,0.536906
31,24,13,2538.27,0.54577
31,24,14,2473.77,0.54411
31,24,15,2402.65,0.527425
31,24,16,2329.22,0.494857
31,24,17,2258.81,0.449914
31,24,18,2195.86,0.398831
31,24,19,2142.56,0.348288
31,24,20,2098.65,0.302776
31,24,21,2062.62,0.264258
31,24,22,2033.06,0.232225
31,24,23,2009.15,0.205278
31,24,24,1991.03,0.182655
31,24,25,1978.92,0.164663
31,24,26,1971.71,0.152292
31,24,27,1966.95,0.146144
31,24,28,1961.27,0.146266
31,24,29,1951.94,0.151343
31,24,30,1938.56,0.159283
31,24,31,1923.29,0.167203
31,24,32,1910.32,0.172132
31,24,33,1904.02,0.171339
31,24,34,1907.38,0.162984
31,24,35,1920.53,0.14686
31,24,36,1941.22,0.124939
31,24,37,1965.63,0.100508
31,24,38,1990.66,0.0776865
31,24,39,2015.2,0.0600171
31,24,40,2039.04,0.0495928
31,24,41,2063.68,0.0469969
31,24,42,2089.58,0.0509104
31,24,43,2115.21,0.0588886
31,24,44,2136.48,0.0677309
31,24,45,2146.7,0.0741403
31,24,46,2137.31,0.0754809
31,24,47,2099.27,0.0707899
31,24,48,2025.06,0.0607949
31,24,49,1911.47,0.0476582
31,25,0,2562.14,0.365579
31,25,1,2776.1,0.4484
31,25,2,2923.33,0.515614
31,25,3,3005.72,0.560426
31,25,4,3031.75,0.581386
31,25,5,3013.65,0.581766
31,25,6,2965.4,0.568457
31,25,7,2901.26,0.549222
31,25,8,2833.43,0.531268
31,25,9,2769.89,0.519795
31,25,10,2713.36,0.517628
31,25,11,2661.49,0.524127
31,25,12,2610.11,0.535379
31,25,13,2554.33,0.544473
31,25,14,2491.56,0.543918
31,25,15,2422.18,0.52864
31,25,16,2349.88,0.497761
31,25,17,2279.67,0.455013
31,25,18,2216.05,0.406696
31,25,19,2161.58,0.35912
31,25,20,2116.53,0.316135
31,25,21,2079.85,0.278961
31,25,22,2050.51,0.246637
31,25,23,2027.63,0.217787
31,25,24,2010.93,0.192103
31,25,25,1999.95,0.170878
31,25,26,1992.88,0.15635
31,25,27,1986.79,0.150297
31,25,28,1978.29,0.153523
31,25,29,1964.9,0.164738
31,25,30,1946.59,0.180906
31,25,31,1925.8,0.197426
31,25,32,1906.87,0.209391
31,25,33,1894.25,0.212509
31,25,34,1891.07,0.204293
31,25,35,1897.93,0.184844
31,25,36,1913.08,0.157126
31,25,37,1933.23,0.125656
31,25,38,1955.44,0.0956145
31,25,39,1978.38,0.0713171
31,25,40,2001.42,0.0552932
31,25,41,2025.57,0.048286
31,25,42,2051.02,0.049047
31,25,43,2076.24,0.0550577
31,25,44,2097.29,0.0629765
31,25,45,2107.64,0.0692925
31,25,46,2098.93,0.0710897
31,25,47,2062.3,0.0671735
31,25,48,1990.46,0.0580748
31,25,49,1880.31,0.0457971
31,26,0,2618.16,0.384264
31,26,1,2822.93,0.471444
31,26,2,2960.38,0.54309
31,26,3,3034.85,0.592158
31,26,4,3056.12,0.616482
31,26,5,3036.47,0.61823
31,26,6,2988.82,0.603202
31,26,7,2925.65,0.578792
31,26,8,2857.37,0.552815
31,26,9,2791.15,0.531958
31,26,10,2730.19,0.520755
31,26,11,2673.54,0.519788
31,26,12,2618.66,0.525667
31,26,13,2561.5,0.531488
31,26,14,2499.47,0.529652
31,26,15,2432.27,0.515117
31,26,16,2362.57,0.487084
31,26,17,2294.49,0.449074
31,26,18,2232,0.406661
31,26,19,2177.64,0.364995
31,26,20,2132.01,0.326769
31,26,21,2094.48,0.29234
31,26,22,2064.32,0.260544
31,26,23,2040.67,0.230421
31,26,24,2022.98,0.202454
31,26,25,2010.51,0.179095
31,26,26,2001.31,0.163797
31,26,27,1992.63,0.15936
31,26,28,1981.34,0.167092
31,26,29,1965.27,0.185465
31,26,30,1944.36,0.210236
31,26,31,1920.63,0.234938
31,26,32,1897.88,0.252728
31,26,33,1880.11,0.257961
31,26,34,1870.51,0.247888
31,26,35,1870.42,0.223354
31,26,36,1879.15,0.188628
31,26,37,1894.45,0.149565
31,26,38,1913.86,0.11228
31,26,39,1935.88,0.0815929
31,26,40,1959.27,0.0602112
31,26,41,1984.41,0.0488843
31,26,42,2011.02,0.0464161
31,26,43,2037.44,0.0503159
31,26,44,2059.82,0.0572724
31,26,45,2071.73,0.0637083
31,26,46,2064.85,0.0664675
31,26,47,2030.43,0.0640127
31,26,48,1961.25,0.0564811
31,26,49,1854.35,0.0455133
31,27,0,2673.64,0.396462
31,27,1,2868.54,0.484647
31,27,2,2995.85,0.557559
31,27,3,3062.43,0.608689
31,27,4,3079.38,0.63575
31,27,5,3058.92,0.63999
31,27,6,3012.63,0.625792
31,27,7,2950.81,0.599452
31,27,8,2881.71,0.568492
31,27,9,2811.47,0.540272
31,27,10,2743.86,0.520523
31,27,11,2679.7,0.511011
31,27,12,2618.74,0.509364
31,27,13,2558.49,0.509539
31,27,14,2496.83,0.504736
31,27,15,2432.9,0.490529
31,27,16,2368.05,0.466271
31,27,17,2304.98,0.43486
31,27,18,2246.55,0.400472
31,27,19,2194.74,0.3665
31,27,20,2150.12,0.334155
31,27,21,2112.22,0.302969
31,27,22,2080.48,0.271911
31,27,23,2054.11,0.240847
31,27,24,2032.57,0.21136
31,27,25,2015.36,0.187104
31,27,26,2001.11,0.172519
31,27,27,1987.83,0.171033
31,27,28,1973.14,0.184008
31,27,29,1955.17,0.209336
31,27,30,1933.48,0.241457
31,27,31,1909.1,0.272216
31,27,32,1884.68,0.29327
31,27,33,1863.33,0.298186
31,27,34,1848.13,0.28448
31,27,35,1841.29,0.254086
31,27,36,1843.47,0.212628
31,27,37,1853.76,0.167083
31,27,38,1870.5,0.124131
31,27,39,1892.17,0.0887007
31,27,40,1916.93,0.0633897
31,27,41,1944.39,0.0488302
31,27,42,1973.7,0.0438834
31,27,43,2002.95,0.0461885
31,27,44,2028.28,0.0526041
31,27,45,2043.24,0.0595937
31,27,46,2039.46,0.0637903
31,27,47,2008.07,0.0632345
31,27,48,1941.8,0.0575445
31,27,49,1837.7,0.0478957
31,28,0,2722.6,0.396825
31,28,1,2908.57,0.482147
31,28,2,3026.89,0.552643
31,28,3,3086.65,0.602941
31,28,4,3100.07,0.631205
31,28,5,3079.24,0.638166
31,28,6,3034.33,0.626816
31,28,7,2973.4,0.60195
31,28,8,2902.63,0.570036
31,28,9,2827.17,0.538205
31,28,10,2751.46,0.512649
31,28,11,2678.25,0.496003
31,28,12,2609.89,0.487115
31,28,13,2545.88,0.481359
31,28,14,2484.96,0.473351
31,28,15,2425.79,0.459668
31,28,16,2368.26,0.439847
31,28,17,2313.27,0.415921
31,28,18,2262.09,0.390328
31,28,19,2215.69,0.364465
31,28,20,2174.18,0.338005
31,28,21,2136.94,0.309827
31,28,22,2103.4,0.279327
31,28,23,2072.89,0.247502
31,28,24,2045.17,0.21721
31,28,25,2020.42,0.193196
31,28,26,1998.46,0.180502
31,28,27,1978.7,0.182656
31,28,28,1959.79,0.200556
31,28,29,1940.27,0.231229
31,28,30,1919.06,0.267906
31,28,31,1895.83,0.301262
31,28,32,1871.6,0.322234
31,28,33,1848.25,0.324384
31,28,34,1828.56,0.30602
31,28,35,1815.49,0.270289
31,28,36,1811.13,0.223897
31,28,37,1816.15,0.174448
31,28,38,1829.94,0.128655
31,28,39,1851.27,0.0911308
31,28,40,1877.85,0.0641366
31,28,41,1908.58,0.0481391
31,28,42,1941.89,0.0421039
31,28,43,1975.49,0.0438913
31,28,44,2005.35,0.0506089
31,28,45,2024.9,0.0587914
31,28,46,2025.49,0.0648546
31,28,47,1997.98,0.0663609
31,28,48,1934.8,0.0623686
31,28,49,1832.92,0.0536048
31,29,0,2758,0.382449
31,29,1,2937.23,0.461358
31,29,2,3048.92,0.526058
31,29,3,3103.79,0.57259
31,29,4,3114.88,0.59996
31,29,5,3094.02,0.608831
31,29,6,3050.1,0.601148
31,29,7,2989.29,0.580213
31,29,8,2916.07,0.551053
31,29,9,2834.9,0.519888
31,29,10,2750.92,0.49266
31,29,11,2668.74,0.47241
31,29,12,2593.28,0.459043
31,29,13,2526.1,0.449425
31,29,14,2466.87,0.439702
31,29,15,2413.88,0.427495
31,29,16,2365.56,0.412501
31,29,17,2320.85,0.395875
31,29,18,2279.27,0.378426
31,29,19,2240.5,0.35978
31,29,20,2203.9,0.338343
31,29,21,2168.5,0.312585
31,29,22,2133.62,0.282496
31,29,23,2098.7,0.250267
31,29,24,2063.96,0.219963
31,29,25,2030.51,0.197125
31,29,26,1999.68,0.186936
31,29,27,1972.56,0.192508
31,29,28,1949.13,0.213873
31,29,29,1928.38,0.247099
31,29,30,1908.5,0.284576
31,29,31,1887.63,0.316574
31,29,32,1864.95,0.334241
31,29,33,1840.86,0.331918
31,29,34,1817.65,0.309042
31,29,35,1798.81,0.269801
31,29,36,1787.79,0.22142
31,29,37,1786.91,0.171456
31,29,38,1796.92,0.126097
31,29,39,1817.21,0.0893218
31,29,40,1845.38,0.0629608
31,29,41,1879.7,0.0473827
31,29,42,1917.85,0.0417615
31,29,43,1956.99,0.0442576
31,29,44,1992.75,0.0522417
31,29,45,2018.23,0.0622734
31,29,46,2024.35,0.0705015
31,29,47,2001.45,0.0739696
31,29,48,1941.5,0.0712016
31,29,49,1841.22,0.0625871
31,30,0,2774.44,0.354525
31,30,1,2949.83,0.424617
31,30,2,3057.96,0.481246
31,30,3,3110.4,0.521782
31,30,4,3120.59,0.546187
31,30,5,3100.03,0.555413
31,30,6,3056.61,0.550857
31,30,7,2995.15,0.534686
31,30,8,2919.03,0.51055
31,30,9,2832.46,0.483488
31,30,10,2741.33,0.458749
31,30,11,2651.89,0.43934
31,30,12,2571.17,0.4258
31,30,13,2502.46,0.416099
31,30,14,2446.22,0.407515
31,30,15,2400.34,0.398377
31,30,16,2361.9,0.388407
31,30,17,2328.08,0.378066
31,30,18,2296.77,0.367022
31,30,19,2266.42,0.353764
31,30,20,2235.63,0.335976
31,30,21,2203.09,0.312028
31,30,22,2167.96,0.28252
31,30,23,2129.83,0.250619
31,30,24,2089.32,0.221264
31,30,25,2048.4,0.200331
31,30,26,2009.77,0.192678
31,30,27,1976.16,0.200611
31,30,28,1948.9,0.223151
31,30,29,1927.48,0.255581
31,30,30,1909.46,0.290033
31,30,31,1891.52,0.317222
31,30,32,1871.05,0.329362
31,30,33,1846.94,0.322133
31,30,34,1820.79,0.296126
31,30,35,1796.42,0.256115
31,30,36,1778.42,0.209105
31,30,37,1770.73,0.161911
31,30,38,1775.69,0.119767
31,30,39,1793.67,0.0858767
31,30,40,1822.48,0.0617341
31,30,41,1859.99,0.0477846
31,30,42,1903.18,0.0435599
31,30,43,1948.54,0.0475829
31,30,44,1991.15,0.0574549
31,30,45,2023.57,0.069675
31,30,46,2036.07,0.0800649
31,30,47,2018.27,0.0851365
31,30,48,1961.5,0.0829524
31,30,49,1862.17,0.0737126
31,31,0,2770.54,0.318174
31,31,1,2945.09,0.378712
31,31,2,3052.79,0.426582
31,31,3,3105.34,0.460134
31,31,4,3116.08,0.480134
31,31,5,3096.15,0.487989
31,31,6,3052.78,0.485026
31,31,7,2990.08,0.472802
31,31,8,2911.08,0.454002
31,31,9,2820.12,0.43265
31,31,10,2723.91,0.413226
31,31,11,2629.96,0.398466
31,31,12,2546.72,0.389078
31,31,13,2478.56,0.383503
31,31,14,2426.34,0.379415
31,31,15,2387.53,0.375241
31,31,16,2358.17,0.370464
31,31,17,2334.12,0.365075
31,31,18,2312.03,0.358271
31,31,19,2289.5,0.348255
31,31,20,2264.57,0.332709
31,31,21,2235.74,0.310247
31,31,22,2202.12,0.281975
31,31,23,2163.4,0.251606
31,31,24,2120.36,0.224384
31,31,25,2075.39,0.205942
31,31,26,2032.11,0.200408
31,31,27,1994.42,0.209118
31,31,28,1964.83,0.230235
31,31,29,1943.4,0.258704
31,31,30,1927.36,0.287081
31,31,31,1912.25,0.307273
31,31,32,1893.96,0.313118
31,31,33,1870.01,0.301833
31,31,34,1841.24,0.274886
31,31,35,1811.51,0.237006
31,31,36,1786.3,0.194257
31,31,37,1770.98,0.152161
31,31,38,1769.53,0.114781
31,31,39,1783.6,0.0846122
31,31,40,1811.5,0.0630436
31,31,41,1851.05,0.0508429
31,31,42,1898.69,0.0480708
31,31,43,1950.25,0.0536673
31,31,44,2000.05,0.0654208
31,31,45,2039.89,0.079691
31,31,46,2059.15,0.0919236
31,31,47,2046.55,0.0981045
31,31,48,1992.73,0.0959095
31,31,49,1893.64,0.0854677
31,32,0,2749.54,0.280902
31,32,1,2925.81,0.332913
31,32,2,3035.73,0.372972
31,32,3,3090.42,0.399917
31,32,4,3102.78,0.414983
31,32,5,3083.56,0.420013
31,32,6,3039.74,0.416602
31,32,7,2975.41,0.406226
31,32,8,2893.85,0.391187
31,32,9,2799.99,0.374957
31,32,10,2701.23,0.361509
31,32,11,2605.9,0.353342
31,32,12,2522.95,0.351029
31,32,13,2457.14,0.352894
31,32,14,2409.27,0.356237
31,32,15,2376.46,0.358883
31,32,16,2354.14,0.359692
31,32,17,2337.48,0.358283
31,32,18,2322.48,0.353945
31,32,19,2306.36,0.345404
31,32,20,2286.96,0.331056
31,32,21,2262.82,0.310115
31,32,22,2233.08,0.284065
31,32,23,2197.38,0.256641
31,32,24,2156.27,0.232717
31,32,25,2111.99,0.217093
31,32,26,2068.27,0.212891
31,32,27,2029.59,0.220551
31,32,28,1999.32,0.237825
31,32,29,1978.22,0.259937
31,32,30,1963.65,0.28053
31,32,31,1950.6,0.293189
31,32,32,1933.94,0.293528
31,32,33,1910.06,0.280109
31,32,34,1879.05,0.254763
31,32,35,1844.54,0.221536
31,32,36,1812.5,0.185004
31,32,37,1789.39,0.149109
31,32,38,1780.66,0.116752
31,32,39,1789.28,0.0899186
31,32,40,1814.42,0.0701684
31,32,41,1854.25,0.0588126
31,32,42,1905.04,0.0565788
31,32,43,1962.02,0.0628739
31,32,44,2018.69,0.0756684
31,32,45,2065.83,0.0911813
31,32,46,2091.71,0.1045
31,32,47,2084.02,0.111129
31,32,48,2032.6,0.108416
31,32,49,1932.99,0.0964635
31,33,0,2718.96,0.250749
31,33,1,2898.72,0.296818
31,33,2,3012.51,0.331408
31,33,3,3070.39,0.353317
31,33,4,3084.61,0.363842
31,33,5,3065.64,0.365106
31,33,6,3020.69,0.359151
31,33,7,2954.38,0.347804
31,33,8,2870.79,0.333568
31,33,9,2775.63,0.319954
31,33,10,2676.85,0.310887
31,33,11,2582.93,0.308884
31,33,12,2502.54,0.314341
31,33,13,2440.04,0.325121
31,33,14,2395.98,0.337602
31,33,15,2367.22,0.34843
31,33,16,2349.17,0.355415
31,33,17,2336.94,0.357705
31,33,18,2326.52,0.354958
31,33,19,2315.24,0.346953
31,33,20,2301.12,0.33335
31,33,21,2282.93,0.314276
31,33,22,2259.83,0.2915
31,33,23,2231.16,0.268314
31,33,24,2196.79,0.248596
31,33,25,2158.05,0.23582
31,33,26,2118.05,0.231953
31,33,27,2081.13,0.236807
31,33,28,2051.29,0.248318
31,33,29,2030.18,0.262665
31,33,30,2015.9,0.275101
31,33,31,2003.6,0.281084
31,33,32,1987.71,0.277796
31,33,33,1963.87,0.26466
31,33,34,1931.38,0.243271
31,33,35,1893.37,0.216484
31,33,36,1855.81,0.187105
31,33,37,1825.68,0.157459
31,33,38,1809.51,0.129454
31,33,39,1811.56,0.104807
31,33,40,1832.08,0.085461
31,33,41,1870.1,0.07341
31,33,42,1922.15,0.070125
31,33,43,1983.15,0.0755345
31,33,44,2045.75,0.0878548
31,33,45,2099.55,0.103267
31,33,46,2131.49,0.116599
31,33,47,2128.08,0.122953
31,33,48,2078.38,0.119372
31,33,49,1977.46,0.105883
31,34,0,2688.12,0.234074
31,34,1,2872.06,0.277756
31,34,2,2989.97,0.310005
31,34,3,3050.7,0.329112
31,34,4,3065.88,0.336055
31,34,5,3045.96,0.333059
31,34,6,2998.83,0.322682
31,34,7,2930.13,0.307433
31,34,8,2845.08,0.290513
31,34,9,2750.21,0.27602
31,34,10,2653.63,0.268308
31,34,11,2563.38,0.270242
31,34,12,2487.05,0.282183
31,34,13,2428.13,0.301479
31,34,14,2386.74,0.323362
31,34,15,2359.76,0.342975
31,34,16,2343.06,0.356715
31,34,17,2332.33,0.363
31,34,18,2324.09,0.361802
31,34,19,2316.25,0.354123
31,34,20,2307.3,0.34119
31,34,21,2296.35,0.324282
31,34,22,2282.48,0.305439
31,34,23,2264.38,0.287207
31,34,24,2240.72,0.27202
31,34,25,2211.37,0.261696
31,34,26,2178.19,0.257031
31,34,27,2144.91,0.257556
31,34,28,2115.93,0.261986
31,34,29,2094.02,0.268035
31,34,30,2078.58,0.272892
31,34,31,2065.61,0.273825
31,34,32,2049.7,0.269157
31,34,33,2026.08,0.258584
31,34,34,1993.3,0.242949
31,34,35,1953.68,0.223636
31,34,36,1912.67,0.201682
31,34,37,1877.12,0.177982
31,34,38,1854.15,0.153682
31,34,39,1849.11,0.130388
31,34,40,1863.54,0.110462
31,34,41,1897.75,0.096529
31,34,42,1949.09,0.0907353
31,34,43,2012.48,0.0935488
31,34,44,2079.81,0.103552
31,34,45,2139.34,0.117107
31,34,46,2176.56,0.129002
31,34,47,2176.72,0.134094
31,34,48,2128.01,0.129156
31,34,49,2025.05,0.114053
31,35,0,2665.62,0.23546
31,35,1,2853.24,0.280695
31,35,2,2974.05,0.313865
31,35,3,3035.9,0.332387
31,35,4,3049.99,0.336662
31,35,5,3027.2,0.328917
31,35,6,2976.42,0.312309
31,35,7,2904.7,0.290318
31,35,8,2818.59,0.267256
31,35,9,2725.31,0.248245
31,35,10,2632.74,0.238421
31,35,11,2547.84,0.241209
31,35,12,2476.57,0.257098
31,35,13,2421.17,0.283015
31,35,14,2381.25,0.313113
31,35,15,2353.93,0.341016
31,35,16,2335.98,0.36156
31,35,17,2324.13,0.372187
31,35,18,2315.96,0.372925
31,35,19,2310.34,0.365855
31,35,20,2306.46,0.353758
31,35,21,2303.75,0.339156
31,35,22,2301.01,0.324382
31,35,23,2295.91,0.311132
31,35,24,2285.56,0.300206
31,35,25,2268.01,0.291675
31,35,26,2243.52,0.285257
31,35,27,2214.99,0.280541
31,35,28,2187.09,0.277447
31,35,29,2163.8,0.275575
31,35,30,2146.17,0.274125
31,35,31,2131.61,0.271934
31,35,32,2115.29,0.267985
31,35,33,2092.37,0.261731
31,35,34,2060.67,0.252944
31,35,35,2021.51,0.241515
31,35,36,1979.33,0.226949
31,35,37,1940.36,0.209046
31,35,38,1911.77,0.188413
31,35,39,1899.75,0.166578
31,35,40,1907.2,0.146145
31,35,41,1936.1,0.130099
31,35,42,1985,0.121013
31,35,43,2049.2,0.119836
31,35,44,2119.93,0.125653
31,35,45,2184.14,0.135322
31,35,46,2225.77,0.143922
31,35,47,2228.73,0.146331
31,35,48,2180.33,0.13915
31,35,49,2074.7,0.122023
31,36,0,2656.59,0.257486
31,36,1,2846.54,0.308049
31,36,2,2968.13,0.344949
31,36,3,3028.54,0.364515
31,36,4,3039,0.36651
31,36,5,3011.07,0.353238
31,36,6,2955.01,0.328619
31,36,7,2879.52,0.297414
31,36,8,2792.53,0.265371
31,36,9,2701.84,0.238923
31,36,10,2614.74,0.224142
31,36,11,2536.68,0.225007
31,36,12,2471.53,0.242132
31,36,13,2419.99,0.272104
31,36,14,2381,0.30819
31,36,15,2351.98,0.342727
31,36,16,2330.81,0.369106
31,36,17,2315.65,0.383717
31,36,18,2305.54,0.386382
31,36,19,2300.63,0.379957
31,36,20,2301.04,0.368567
31,36,21,2306.51,0.355938
31,36,22,2315.33,0.34473
31,36,23,2323.94,0.335858
31,36,24,2327.71,0.328553
31,36,25,2322.82,0.321256
31,36,26,2307.93,0.31277
31,36,27,2285.07,0.302958
31,36,28,2259.01,0.293095
31,36,29,2234.81,0.284693
31,36,30,2215.18,0.278765
31,36,31,2199.08,0.275365
31,36,32,2182.59,0.273729
31,36,33,2161.05,0.272741
31,36,34,2131.62,0.271039
31,36,35,2094.55,0.267245
31,36,36,2053.01,0.259768
31,36,37,2012.28,0.247741
31,36,38,1979.27,0.23146
31,36,39,1960.77,0.212309
31,36,40,1961.03,0.192768
31,36,41,1983.79,0.175697
31,36,42,2029.11,0.163636
31,36,43,2092.88,0.157811
31,36,44,2165.86,0.157897
31,36,45,2233.7,0.161576
31,36,46,2278.82,0.164654
31,36,47,2283.81,0.162415
31,36,48,2235.06,0.151497
31,36,49,2126.19,0.131355
31,37,0,2661.19,0.300748
31,37,1,2851.9,0.359771
31,37,2,2972.1,0.402299
31,37,3,3028.77,0.423552
31,37,4,3033.4,0.422851
31,37,5,2998.51,0.402859
31,37,6,2935.83,0.368549
31,37,7,2855.84,0.326262
31,37,8,2767.95,0.283399
31,37,9,2680.49,0.247808
31,37,10,2600.06,0.226423
31,37,11,2530.31,0.223508
31,37,12,2472.81,0.239587
31,37,13,2426.35,0.270856
31,37,14,2388.94,0.309935
31,37,15,2358.1,0.348283
31,37,16,2332.78,0.378262
31,37,17,2312.74,0.395406
31,37,18,2298.79,0.399227
31,37,19,2292.66,0.39303
31,37,20,2295.54,0.381938
31,37,21,2307.55,0.370679
31,37,22,2326.44,0.362224
31,37,23,2347.4,0.356869
31,37,24,2364.22,0.352547
31,37,25,2371.46,0.346382
31,37,26,2366.38,0.336487
31,37,27,2350.25,0.323092
31,37,28,2327.7,0.308669
31,37,29,2304.51,0.296329
31,37,30,2284.61,0.288445
31,37,31,2268.35,0.285859
31,37,32,2252.74,0.287768
31,37,33,2233.43,0.29238
31,37,34,2207.12,0.297358
31,37,35,2173.03,0.300442
31,37,36,2133.13,0.299474
31,37,37,2091.71,0.293392
31,37,38,2055.27,0.282414
31,37,39,2031.04,0.267689
31,37,40,2024.49,0.25115
31,37,41,2041.05,0.234939
31,37,42,2082.3,0.220975
31,37,43,2144.8,0.210434
31,37,44,2219.02,0.203577
31,37,45,2289.43,0.199214
31,37,46,2337.02,0.194331
31,37,47,2343.16,0.185077
31,37,48,2293.3,0.168419
31,37,49,2180.54,0.143744
31,38,0,2676.29,0.36317
31,38,1,2866.69,0.432842
31,38,2,2984.24,0.481852
31,38,3,3035.99,0.504466
31,38,4,3033.87,0.499975
31,38,5,2991.31,0.471864
31,38,6,2921.51,0.426519
31,38,7,2836.68,0.372108
31,38,8,2747.81,0.317741
31,38,9,2663.92,0.272576
31,38,10,2590.99,0.244124
31,38,11,2530.92,0.236498
31,38,12,2482.86,0.249772
31,38,13,2443.46,0.279629
31,38,14,2409.33,0.318297
31,38,15,2377.81,0.356868
31,38,16,2348.61,0.387297
31,38,17,2323.03,0.404685
31,38,18,2303.74,0.408317
31,38,19,2294.18,0.401692
31,38,20,2296.82,0.390521
31,38,21,2312.26,0.380204
31,38,22,2337.97,0.373915
31,38,23,2368.2,0.371506
31,38,24,2395.55,0.370009
31,38,25,2413.41,0.365672
31,38,26,2417.94,0.356199
31,38,27,2409.74,0.342161
31,38,28,2393.01,0.326824
31,38,29,2373.67,0.314306
31,38,30,2356.25,0.307686
31,38,31,2342,0.308126
31,38,32,2328.7,0.314591
31,38,33,2312.38,0.324673
31,38,34,2289.46,0.33536
31,38,35,2258.44,0.343964
31,38,36,2220.33,0.348331
31,38,37,2178.63,0.347682
31,38,38,2139.52,0.342437
31,38,39,2110.55,0.333488
31,38,40,2098.18,0.321858
31,38,41,2109.26,0.308414
31,38,42,2146.67,0.293852
31,38,43,2207.66,0.27889
31,38,44,2282.44,0.264257
31,38,45,2354.49,0.250087
31,38,46,2403.55,0.234931
31,38,47,2409.89,0.216234
31,38,48,2358.07,0.191613
31,38,49,2240.64,0.160568
31,39,0,2696.71,0.440311
31,39,1,2886.79,0.521783
31,39,2,3001.95,0.577131
31,39,3,3049.38,0.599923
31,39,4,3041.39,0.589979
31,39,5,2992.1,0.552197
31,39,6,2915.89,0.494809
31,39,7,2826.58,0.427989
31,39,8,2736.76,0.362448
31,39,9,2656.41,0.308345
31,39,10,2591.24,0.273316
31,39,11,2541.64,0.260801
31,39,12,2504.53,0.270048
31,39,13,2474.28,0.296122
31,39,14,2445.82,0.331124
31,39,15,2415.89,0.366323
31,39,16,2384.53,0.393946
31,39,17,2354.2,0.4092
31,39,18,2329.22,0.411359
31,39,19,2314.62,0.403966
31,39,20,2314.17,0.392929
31,39,21,2329.22,0.383913
31,39,22,2357.35,0.380087
31,39,23,2392.47,0.380965
31,39,24,2426.65,0.383072
31,39,25,2452.61,0.38226
31,39,26,2465.81,0.37611
31,39,27,2466.16,0.365448
31,39,28,2457.17,0.353826
31,39,29,2444.32,0.345658
31,39,30,2432.07,0.344021
31,39,31,2422.01,0.349948
31,39,32,2412.41,0.362051
31,39,33,2399.63,0.377432
31,39,34,2380.09,0.392693
31,39,35,2351.89,0.405099
31,39,36,2315.45,0.412939
31,39,37,2273.83,0.416121
31,39,38,2233.04,0.415585
31,39,39,2200.85,0.412102
31,39,40,2184.39,0.405683
31,39,41,2191.55,0.395633
31,39,42,2226.18,0.381021
31,39,43,2286.06,0.361762
31,39,44,2361.2,0.338864
31,39,45,2434.26,0.313783
31,39,46,2483.96,0.286794
31,39,47,2489.6,0.256865
31,39,48,2434.9,0.222449
31,39,49,2311.75,0.183305
31,40,0,2717.28,0.525777
31,40,1,2908.15,0.61926
31,40,2,3022.65,0.680088
31,40,3,3068.03,0.701383
31,40,4,3056.72,0.684062
31,40,5,3003.21,0.635072
31,40,6,2922.61,0.564955
31,40,7,2830.02,0.486
31,40,8,2739.53,0.410283
31,40,9,2662.29,0.348493
31,40,10,2604.22,0.307847
31,40,11,2564.71,0.290661
31,40,12,2538.91,0.295096
31,40,13,2519.1,0.315614
31,40,14,2498.52,0.344494
31,40,15,2473.06,0.373638
31,40,16,2442.54,0.396106
31,40,17,2409.97,0.407671
31,40,18,2380.69,0.407841
31,40,19,2360.9,0.400137
31,40,20,2355.45,0.390348
31,40,21,2366.6,0.383992
31,40,22,2392.53,0.383939
31,40,23,2427.62,0.389371
31,40,24,2464.14,0.396619
31,40,25,2494.78,0.40158
31,40,26,2514.57,0.402032
31,40,27,2522.85,0.39899
31,40,28,2522.16,0.39584
31,40,29,2517.12,0.396629
31,40,30,2511.55,0.403788
31,40,31,2506.93,0.417824
31,40,32,2501.75,0.436885
31,40,33,2492.7,0.457673
31,40,34,2476.35,0.476556
31,40,35,2450.76,0.49094
31,40,36,2416.13,0.499784
31,40,37,2375.38,0.503936
31,40,38,2334.4,0.50518
31,40,39,2301.11,0.504499
31,40,40,2282.98,0.501141
31,40,41,2288.49,0.493004
31,40,42,2322.11,0.477521
31,40,43,2381.94,0.45367
31,40,44,2457.83,0.422524
31,40,45,2531.78,0.38662
31,40,46,2581.69,0.347743
31,40,47,2586.07,0.306219
31,40,48,2527.79,0.261257
31,40,49,2398,0.212903
31,41,0,2735.78,0.612926
31,41,1,2929.31,0.718056
31,41,2,3045.72,0.783236
31,41,3,3092.16,0.801276
31,41,4,3080.96,0.774657
31,41,5,3026.61,0.712984
31,41,6,2944.51,0.629598
31,41,7,2850.54,0.538992
31,41,8,2759.94,0.454299
31,41,9,2685.06,0.386188
31,41,10,2632.39,0.340924
31,41,11,2601.02,0.3194
31,41,12,2585.13,0.318653
31,41,13,2575.56,0.332728
31,41,14,2564.19,0.35438
31,41,15,2545.97,0.37644
31,41,16,2520.06,0.39307
31,41,17,2489.21,0.400838
31,41,18,2458.9,0.399653
31,41,19,2435.69,0.393027
31,41,20,2425.06,0.386447
31,41,21,2430.11,0.384992
31,41,22,2450.06,0.390953
31,41,23,2480.46,0.403095
31,41,24,2514.62,0.417732
31,41,25,2545.8,0.431118
31,41,26,2569.03,0.441471
31,41,27,2583.06,0.449946
31,41,28,2589.4,0.459419
31,41,29,2591.58,0.473044
31,41,30,2592.48,0.492151
31,41,31,2593.23,0.516447
31,41,32,2592.36,0.543575
31,41,33,2586.91,0.569884
31,41,34,2573.73,0.591525
31,41,35,2551.05,0.606
31,41,36,2519.07,0.612899
31,41,37,2480.75,0.614069
31,41,38,2441.91,0.612406
31,41,39,2410.41,0.609605
31,41,40,2393.73,0.604763
31,41,41,2400.56,0.594996
31,41,42,2435.58,0.576534
31,41,43,2497.05,0.547554
31,41,44,2574.58,0.508981
31,41,45,2649.72,0.463924
31,41,46,2699.75,0.415034
31,41,47,2702.59,0.363371
31,41,48,2640.35,0.308484
31,41,49,2503.2,0.250586
31,42,0,2752.12,0.695302
31,42,1,2950.18,0.811408
31,42,2,3070.96,0.879954
31,42,3,3121.33,0.893398
31,42,4,3113.41,0.856049
31,42,5,3061.46,0.780626
31,42,6,2980.82,0.683678
31,42,7,2887.63,0.581942
31,42,8,2797.7,0.489298
31,42,9,2724.21,0.415887
31,42,10,2674.41,0.366635
31,42,11,2647.83,0.340975
31,42,12,2638.72,0.335036
31,42,13,2637.47,0.342783
31,42,14,2635.26,0.357665
31,42,15,2626.19,0.373479
31,42,16,2608.42,0.385404
31,42,17,2583.7,0.390745
31,42,18,2556.67,0.389843
31,42,19,2533.33,0.386269
31,42,20,2519.07,0.3852
31,42,21,2517.57,0.391161
31,42,22,2529.26,0.405684
31,42,23,2551.41,0.427015
31,42,24,2579.02,0.451503
31,42,25,2606.56,0.475901
31,42,26,2629.44,0.498992
31,42,27,2646.01,0.521992
31,42,28,2656.79,0.547014
31,42,29,2664.12,0.575972
31,42,30,2669.92,0.60884
31,42,31,2674.89,0.644442
31,42,32,2677.63,0.679979
31,42,33,2675.48,0.711532
31,42,34,2665.69,0.73497
31,42,35,2646.69,0.747683
31,42,36,2618.83,0.749596
31,42,37,2585.08,0.74341
31,42,38,2551.14,0.733292
31,42,39,2524.62,0.722205
31,42,40,2512.72,0.709947
31,42,41,2523.97,0.693838
31,42,42,2562.93,0.669709
31,42,43,2627.76,0.635307
31,42,44,2707.84,0.591217
31,42,45,2784.46,0.540382
31,42,46,2834.56,0.485302
31,42,47,2835.78,0.426751
31,42,48,2769.57,0.363924
31,42,49,2624.97,0.296963
31,43,0,2765.73,0.766551
31,43,1,2969.46,0.892608
31,43,2,3096.1,0.963815
31,43,3,3152.16,0.972145
31,43,4,3149.57,0.923731
31,43,5,3102.36,0.834574
31,43,6,3025.6,0.72457
31,43,7,2935.21,0.612596
31,43,8,2846.86,0.512954
31,43,9,2773.93,0.434873
31,43,10,2724.28,0.381799
31,43,11,2698.48,0.351957
31,43,12,2691.93,0.34101
31,43,13,2695.71,0.343253
31,43,14,2701.11,0.352926
31,43,15,2701.7,0.364597
31,43,16,2694.39,0.374079
31,43,17,2679.33,0.379138
31,43,18,2659.57,0.380466
31,43,19,2639.67,0.381791
31,43,20,2624.29,0.388109
31,43,21,2617.24,0.403481
31,43,22,2620.09,0.428672
31,43,23,2632.06,0.461378
31,43,24,2650.3,0.49795
31,43,25,2670.96,0.535615
31,43,26,2690.23,0.573656
31,43,27,2706.26,0.613162
31,43,28,2718.69,0.655258
31,43,29,2728.74,0.700369
31,43,30,2737.44,0.747046
31,43,31,2745.15,0.793327
31,43,32,2750.6,0.836217
31,43,33,2751.52,0.871755
31,43,34,2745.5,0.89554
31,43,35,2731.21,0.904621
31,43,36,2709.07,0.898831
31,43,37,2682,0.88141
31,43,38,2655.49,0.857792
31,43,39,2636.73,0.832666
31,43,40,2632.4,0.807398
31,43,41,2650.54,0.780591
31,43,42,2695.29,0.748627
31,43,43,2764.51,0.709295
31,43,44,2847.43,0.662651
31,43,45,2925.29,0.610639
31,43,46,2975.14,0.554445
31,43,47,2974.62,0.493385
31,43,48,2904.8,0.42552
31,43,49,2753.49,0.350658
31,44,0,2772.77,0.819608
31,44,1,2982.02,0.953732
31,44,2,3114.62,1.0269
31,44,3,3176.72,1.0305
31,44,4,3180.15,0.972271
31,44,5,3138.83,0.871219
31,44,6,3067.53,0.75028
31,44,7,2981.58,0.630051
31,44,8,2895.83,0.524865
31,44,9,2823.07,0.442782
31,44,10,2771.41,0.385885
31,44,11,2742.75,0.35169
31,44,12,2734.47,0.33597
31,44,13,2739.41,0.333758
31,44,14,2749.83,0.340065
31,44,15,2759.06,0.349919
31,44,16,2762.77,0.359269
31,44,17,2759.18,0.365992
31,44,18,2749.19,0.370989
31,44,19,2735.44,0.378226
31,44,20,2721.32,0.392718
31,44,21,2710.41,0.418289
31,44,22,2705.2,0.455109
31,44,23,2706.79,0.500415
31,44,24,2714.68,0.550536
31,44,25,2726.94,0.603012
31,44,26,2740.82,0.657366
31,44,27,2754.45,0.714225
31,44,28,2766.68,0.773447
31,44,29,2777.69,0.833774
31,44,30,2787.78,0.892388
31,44,31,2797.04,0.9468
31,44,32,2804.52,0.994262
31,44,33,2808.34,1.0312
31,44,34,2806.5,1.05317
31,44,35,2797.75,1.0568
31,44,36,2782.5,1.04141
31,44,37,2763.53,1.01038
31,44,38,2746,0.970216
31,44,39,2736.62,0.927527
31,44,40,2741.34,0.885869
31,44,41,2767.48,0.845974
31,44,42,2818.57,0.805567
31,44,43,2892.07,0.762873
31,44,44,2977.18,0.717229
31,44,45,3055.42,0.66885
31,44,46,3104.31,0.616619
31,44,47,3101.88,0.557463
31,44,48,3028.99,0.487725
31,44,49,2872.31,0.406701
31,45,0,2763.39,0.846011
31,45,1,2976.65,0.984759
31,45,2,3114.11,1.05866
31,45,3,3181.55,1.05865
31,45,4,3190.78,0.993648
31,45,5,3155.72,0.88489
31,45,6,3090.88,0.757445
31,45,7,3010.74,0.632792
31,45,8,2928.74,0.524758
31,45,9,2856.46,0.440087
31,45,10,2801.78,0.379805
31,45,11,2767.86,0.341326
31,45,12,2754.54,0.321125
31,45,13,2757.14,0.315303
31,45,14,2769.56,0.319573
31,45,15,2785.33,0.329146
31,45,16,2799,0.33972
31,45,17,2806.78,0.349019
31,45,18,2807.24,0.358008
31,45,19,2800.87,0.370918
31,45,20,2789.53,0.392934
31,45,21,2776.38,0.427896
31,45,22,2764.58,0.475672
31,45,23,2756.95,0.53327
31,45,24,2755.2,0.597012
31,45,25,2759.38,0.664534
31,45,26,2767.88,0.735204
31,45,27,2778.84,0.808747
31,45,28,2790.36,0.883454
31,45,29,2801.68,0.956252
31,45,30,2812.43,1.02312
31,45,31,2822.62,1.08141
31,45,32,2831.73,1.12919
31,45,33,2838.38,1.16387
31,45,34,2840.88,1.18142
31,45,35,2838,1.17814
31,45,36,2830.02,1.15262
31,45,37,2819.44,1.10797
31,45,38,2811.11,1.05136
31,45,39,2811.18,0.991181
31,45,40,2824.86,0.933332
31,45,41,2858.62,0.881007
31,45,42,2915.26,0.833652
31,45,43,2991.91,0.790074
31,45,44,3077.91,0.748734
31,45,45,3155.39,0.707715
31,45,46,3202.59,0.663145
31,45,47,3198.06,0.609235
31,45,48,3122.65,0.540484
31,45,49,2962.15,0.45568
31,46,0,2723.33,0.836905
31,46,1,2937.85,0.974878
31,46,2,3078.33,1.04733
31,46,3,3149.99,1.04513
31,46,4,3164.51,0.977821
31,46,5,3135.86,0.867669
31,46,6,3078.24,0.740405
31,46,7,3005.12,0.617181
31,46,8,2928.22,0.510658
31,46,9,2857.43,0.42616
31,46,10,2799.97,0.36402
31,46,11,2760.07,0.322102
31,46,12,2739.95,0.298031
31,46,13,2737.74,0.289177
31,46,14,2749.42,0.291914
31,46,15,2769.13,0.301533
31,46,16,2790.59,0.31335
31,46,17,2808.17,0.324855
31,46,18,2818.17,0.336976
31,46,19,2818.94,0.354118
31,46,20,2810.87,0.381652
31,46,21,2796.58,0.423593
31,46,22,2779.78,0.47983
31,46,23,2764.75,0.547456
31,46,24,2755.21,0.622878
31,46,25,2752.96,0.703637
31,46,26,2757.39,0.788535
31,46,27,2766.58,0.875986
31,46,28,2777.87,0.962512
31,46,29,2789.62,1.04326
31,46,30,2800.91,1.11328
31,46,31,2811.81,1.1702
31,46,32,2822.37,1.21344
31,46,33,2831.71,1.24197
31,46,34,2838.43,1.25271
31,46,35,2841.17,1.24195
31,46,36,2839.97,1.20749
31,46,37,2837.05,1.15189
31,46,38,2836.91,1.08247
31,46,39,2845.24,1.00886
31,46,40,2866.52,0.938913
31,46,41,2906.38,0.877994
31,46,42,2966.95,0.827122
31,46,43,3045.14,0.785546
31,46,44,3130.66,0.750791
31,46,45,3206.41,0.718882
31,46,46,3251.39,0.683462
31,46,47,3244.61,0.636483
31,46,48,3167.04,0.571041
31,46,49,3004.02,0.485593
31,47,0,2637.75,0.786603
31,47,1,2849.54,0.916907
31,47,2,2990.63,0.984781
31,47,3,3065.23,0.981637
31,47,4,3084.62,0.91704
31,47,5,3062.63,0.812781
31,47,6,3013.03,0.693532
31,47,7,2948.12,0.578766
31,47,8,2877.73,0.479317
31,47,9,2809.92,0.399048
31,47,10,2751.04,0.337893
31,47,11,2705.98,0.294491
31,47,12,2679.05,0.267807
31,47,13,2671.03,0.256501
31,47,14,2680.08,0.257619
31,47,15,2701.23,0.266638
31,47,16,2727.82,0.27866
31,47,17,2752.74,0.291039
31,47,18,2770.3,0.304614
31,47,19,2776.98,0.323773
31,47,20,2771.79,0.353915
31,47,21,2756.91,0.399222
31,47,22,2736.47,0.459849
31,47,23,2716.05,0.533276
31,47,24,2701,0.61614
31,47,25,2694.51,0.705788
31,47,26,2696.68,0.800187
31,47,27,2705.35,0.896261
31,47,28,2717.14,0.988833
31,47,29,2729.61,1.07158
31,47,30,2741.47,1.13906
31,47,31,2752.97,1.18956
31,47,32,2764.78,1.22411
31,47,33,2776.51,1.24359
31,47,34,2786.98,1.24628
31,47,35,2794.61,1.22878
31,47,36,2799.11,1.18832
31,47,37,2802.41,1.12672
31,47,38,2808.73,1.05093
31,47,39,2823.42,0.971029
31,47,40,2850.33,0.895997
31,47,41,2894.29,0.832526
31,47,42,2956.9,0.78263
31,47,43,3035.01,0.74569
31,47,44,3118.91,0.718383
31,47,45,3192.29,0.695233
31,47,46,3234.8,0.668321
31,47,47,3225.78,0.628442
31,47,48,3146.32,0.568165
31,47,49,2982,0.485908
31,48,0,2496.29,0.696268
31,48,1,2699.77,0.811887
31,48,2,2838.07,0.871803
31,48,3,2913.88,0.868558
31,48,4,2937.64,0.811141
31,48,5,2922.63,0.719418
31,48,6,2881.89,0.615373
31,48,7,2826.35,0.515645
31,48,8,2763.97,0.428776
31,48,9,2700.98,0.357217
31,48,10,2642.82,0.30069
31,48,11,2594.73,0.258658
31,48,12,2562.53,0.231305
31,48,13,2549.17,0.218418
31,48,14,2554.74,0.217748
31,48,15,2575.34,0.225207
31,48,16,2604.32,0.236046
31,48,17,2633.66,0.2477
31,48,18,2656.2,0.260897
31,48,19,2666.94,0.279739
31,48,20,2663.78,0.309364
31,48,21,2648.53,0.353941
31,48,22,2625.74,0.413987
31,48,23,2601.97,0.487576
31,48,24,2583.75,0.571728
31,48,25,2575.18,0.663637
31,48,26,2576.65,0.760433
31,48,27,2585.7,0.857727
31,48,28,2598.28,0.949085
31,48,29,2611.38,1.02732
31,48,30,2623.55,1.08706
31,48,31,2635.32,1.1274
31,48,32,2647.99,1.15097
31,48,33,2661.57,1.16043
31,48,34,2674.98,1.15548
31,48,35,2686.39,1.13336
31,48,36,2695.2,1.09102
31,48,37,2703.04,1.02956
31,48,38,2713.91,0.955125
31,48,39,2732.85,0.877337
31,48,40,2763.22,0.805247
31,48,41,2809.16,0.745801
31,48,42,2871.82,0.701262
31,48,43,2948.2,0.670818
31,48,44,3029.29,0.650582
31,48,45,3099.65,0.634436
31,48,46,3139.49,0.614153
31,48,47,3128.36,0.580727
31,48,48,3047.65,0.527202
31,48,49,2883.98,0.452233
31,49,0,2297.83,0.57565
31,49,1,2485.45,0.671167
31,49,2,2615.96,0.720422
31,49,3,2690.26,0.717487
31,49,4,2717.34,0.67025
31,49,5,2709.36,0.595527
31,49,6,2678.15,0.511465
31,49,7,2633.05,0.4312
31,49,8,2580.14,0.360862
31,49,9,2524.04,0.301678
31,49,10,2469.3,0.253253
31,49,11,2421.22,0.21569
31,49,12,2386.48,0.190029
31,49,13,2369.49,0.176854
31,49,14,2371.76,0.174621
31,49,15,2390.4,0.179916
31,49,16,2419.18,0.188541
31,49,17,2449.84,0.198237
31,49,18,2474.47,0.20961
31,49,19,2487.13,0.226229
31,49,20,2485.01,0.25265
31,49,21,2469.69,0.292752
31,49,22,2445.97,0.347367
31,49,23,2421,0.415219
31,49,24,2401.9,0.493829
31,49,25,2393.05,0.580394
31,49,26,2394.83,0.671476
31,49,27,2404.43,0.761904
31,49,28,2417.41,0.844735
31,49,29,2430.53,0.912743
31,49,30,2442.38,0.961104
31,49,31,2453.83,0.989789
31,49,32,2466.67,1.00253
31,49,33,2481.22,1.0032
31,49,34,2496.44,0.992705
31,49,35,2510.28,0.969005
31,49,36,2521.84,0.929146
31,49,37,2532.5,0.87365
31,49,38,2546.01,0.807522
31,49,39,2567.1,0.7392
31,49,40,2598.67,0.676821
31,49,41,2644.22,0.626619
31,49,42,2704.6,0.59049
31,49,43,2777.06,0.567284
31,49,44,2853.5,0.552971
31,49,45,2919.55,0.541679
31,49,46,2956.16,0.526026
31,49,47,2943.29,0.498342
31,49,48,2863.11,0.452917
31,49,49,2704.17,0.388821
32,0,0,2503.44,0.322214
32,0,1,2686.59,0.399854
32,0,2,2813.1,0.466286
32,0,3,2894.02,0.515478
32,0,4,2946.77,0.545647
32,0,5,2988.82,0.559501
32,0,6,3032.01,0.562535
32,0,7,3078.97,0.561054
32,0,8,3124.49,0.55983
32,0,9,3160.37,0.561111
32,0,10,3180.13,0.564855
32,0,11,3181.17,0.570081
32,0,12,3165.47,0.576341
32,0,13,3137.62,0.583521
32,0,14,3102.74,0.590236
32,0,15,3064.13,0.593115
32,0,16,3021.39,0.587196
32,0,17,2970.25,0.56784
32,0,18,2904.73,0.533186
32,0,19,2820.16,0.485191
32,0,20,2716.03,0.429568
32,0,21,2596.59,0.373305
32,0,22,2470.6,0.32293
32,0,23,2348.8,0.282291
32,0,24,2241.12,0.251948
32,0,25,2153.85,0.229802
32,0,26,2089.15,0.212249
32,0,27,2044.9,0.195789
32,0,28,2015.74,0.17768
32,0,29,1994.68,0.156651
32,0,30,1974.83,0.132857
32,0,31,1950.75,0.107782
32,0,32,1918.69,0.0835862
32,0,33,1877.18,0.0622771
32,0,34,1827.31,0.0450554
32,0,35,1772.71,0.0322304
32,0,36,1719.52,0.023286
32,0,37,1675.38,0.0171955
32,0,38,1647.83,0.0132039
32,0,39,1641.79,0.0110361
32,0,40,1657.37,0.0108362
32,0,41,1689.68,0.0128385
32,0,42,1729.59,0.0173989
32,0,43,1765.91,0.0239766
32,0,44,1788.25,0.0313469
32,0,45,1788.45,0.0376243
32,0,46,1761.66,0.0409018
32,0,47,1706.1,0.0400553
32,0,48,1623.75,0.0352582
32,0,49,1520.71,0.0278742
32,1,0,2745.54,0.393245
32,1,1,2934.06,0.483904
32,1,2,3060.2,0.560142
32,1,3,3137.66,0.615553
32,1,4,3184.52,0.648827
32,1,5,3217.93,0.663678
32,1,6,3249.74,0.666814
32,1,7,3283.52,0.66559
32,1,8,3315.86,0.665575
32,1,9,3340.44,0.669351
32,1,10,3352.04,0.676751
32,1,11,3348.38,0.686214
32,1,12,3330.98,0.696463
32,1,13,3303.23,0.706251
32,1,14,3268.86,0.713004
32,1,15,3229.92,0.712426
32,1,16,3185.31,0.699231
32,1,17,3130.68,0.669258
32,1,18,3060.41,0.62187
32,1,19,2970.44,0.560682
32,1,20,2860.73,0.492993
32,1,21,2735.92,0.426848
32,1,22,2604.98,0.369242
32,1,23,2478.75,0.323922
32,1,24,2367.25,0.290907
32,1,25,2276.85,0.267413
32,1,26,2209.9,0.249176
32,1,27,2164.2,0.232113
32,1,28,2134.12,0.213008
32,1,29,2112.16,0.190146
32,1,30,2090.89,0.163459
32,1,31,2064.52,0.13447
32,1,32,2029.33,0.105709
32,1,33,1984.21,0.0797506
32,1,34,1930.83,0.0583722
32,1,35,1873.36,0.0422403
32,1,36,1818.25,0.0309153
32,1,37,1773.15,0.0232025
32,1,38,1745.44,0.0180991
32,1,39,1739.75,0.015095
32,1,40,1755.85,0.0141899
32,1,41,1788.64,0.0155491
32,1,42,1828.92,0.019581
32,1,43,1865.46,0.025733
32,1,44,1887.75,0.0327759
32,1,45,1887.31,0.0387931
32,1,46,1858.68,0.041836
32,1,47,1799.27,0.0407574
32,1,48,1710.19,0.0357356
32,1,49,1597.02,0.0281561
32,2,0,2933.89,0.447246
32,2,1,3120,0.545728
32,2,2,3240.55,0.627123
32,2,3,3311.17,0.685252
32,2,4,3349.9,0.719573
32,2,5,3373.06,0.73475
32,2,6,3392.21,0.738446
32,2,7,3411.75,0.738739
32,2,8,3430.03,0.741747
32,2,9,3442.62,0.750208
32,2,10,3445.6,0.763663
32,2,11,3437,0.77969
32,2,12,3417.91,0.795804
32,2,13,3390.52,0.809186
32,2,14,3357.01,0.815878
32,2,15,3318.11,0.810808
32,2,16,3271.96,0.788898
32,2,17,3214.26,0.747169
32,2,18,3140.08,0.686822
32,2,19,3046.36,0.613473
32,2,20,2933.89,0.535932
32,2,21,2807.85,0.462917
32,2,22,2677.2,0.401328
32,2,23,2552.35,0.354291
32,2,24,2442.69,0.320945
32,2,25,2354.1,0.29776
32,2,26,2288.66,0.279986
32,2,27,2244.01,0.263211
32,2,28,2214.36,0.244014
32,2,29,2191.99,0.220368
32,2,30,2169.28,0.191989
32,2,31,2140.49,0.160323
32,2,32,2102.27,0.128129
32,2,33,2054.18,0.0984442
32,2,34,1998.65,0.073593
32,2,35,1940.39,0.0546076
32,2,36,1885.87,0.0411493
32,2,37,1842.19,0.0318816
32,2,38,1815.89,0.0255471
32,2,39,1810.74,0.021371
32,2,40,1826,0.0191792
32,2,41,1856.75,0.0190714
32,2,42,1894.44,0.0215358
32,2,43,1928.61,0.0261109
32,2,44,1949.33,0.0317158
32,2,45,1948.15,0.0365941
32,2,46,1919.11,0.0389241
32,2,47,1858.77,0.0376153
32,2,48,1767.19,0.0328026
32,2,49,1649.14,0.0257357
32,3,0,3067.3,0.476481
32,3,1,3246.61,0.576944
32,3,2,3359.05,0.658775
32,3,3,3421.36,0.716499
32,3,4,3451.12,0.750398
32,3,5,3463.67,0.765776
32,3,6,3470.12,0.770815
32,3,7,3475.52,0.773929
32,3,8,3479.83,0.781553
32,3,9,3480.43,0.796488
32,3,10,3474.71,0.817926
32,3,11,3461.16,0.842456
32,3,12,3440.52,0.866171
32,3,13,3413.76,0.884448
32,3,14,3381.48,0.891894
32,3,15,3342.94,0.882848
32,3,16,3295.52,0.85284
32,3,17,3235.05,0.800502
32,3,18,3157.53,0.729138
32,3,19,3061.23,0.64641
32,3,20,2948.12,0.562397
32,3,21,2824.04,0.486104
32,3,22,2697.84,0.423871
32,3,23,2579.02,0.377804
32,3,24,2475.7,0.345936
32,3,25,2392.69,0.324017
32,3,26,2331.4,0.307043
32,3,27,2289.21,0.290606
32,3,28,2260.38,0.271424
32,3,29,2237.3,0.247418
32,3,30,2212.64,0.218182
32,3,31,2181.05,0.185022
32,3,32,2139.83,0.150759
32,3,33,2089.4,0.118683
32,3,34,2032.97,0.0915013
32,3,35,1975.66,0.0705034
32,3,36,1923.69,0.0553986
32,3,37,1883.22,0.0447109
32,3,38,1859.44,0.0369441
32,3,39,1854.91,0.0310848
32,3,40,1868.34,0.0268197
32,3,41,1895.22,0.0242515
32,3,42,1928.21,0.0240152
32,3,43,1958.24,0.0258617
32,3,44,1976.41,0.0289921
32,3,45,1974.59,0.0319525
32,3,46,1946.4,0.0331589
32,3,47,1887.5,0.0316133
32,3,48,1796.88,0.0273462
32,3,49,1678.31,0.0213348
32,4,0,3149.85,0.478013
32,4,1,3320.7,0.575312
32,4,2,3424.4,0.653944
32,4,3,3478.17,0.709358
32,4,4,3498.92,0.742418
32,4,5,3501.06,0.758533
32,4,6,3495.26,0.765828
32,4,7,3487.12,0.772667
32,4,8,3478.04,0.785633
32,4,9,3467.13,0.807641
32,4,10,3453.22,0.837682
32,4,11,3435.36,0.871502
32,4,12,3414.01,0.90384
32,4,13,3388.88,0.928318
32,4,14,3358.81,0.938197
32,4,15,3321.56,0.92738
32,4,16,3273.72,0.89214
32,4,17,3211.33,0.832751
32,4,18,3131.48,0.754456
32,4,19,3033.99,0.666651
32,4,20,2922.14,0.580309
32,4,21,2802.52,0.504387
32,4,22,2683.72,0.44439
32,4,23,2573.96,0.401222
32,4,24,2479.66,0.371761
32,4,25,2404.08,0.351145
32,4,26,2347.76,0.334366
32,4,27,2307.8,0.31736
32,4,28,2278.81,0.297348
32,4,29,2253.86,0.272547
32,4,30,2226.3,0.24263
32,4,31,2191.59,0.208782
32,4,32,2147.8,0.173735
32,4,33,2096.13,0.140758
32,4,34,2040.35,0.112655
32,4,35,1985.69,0.0907455
32,4,36,1937.85,0.074642
32,4,37,1901.74,0.0626921
32,4,38,1881.07,0.0531996
32,4,39,1877.16,0.0450008
32,4,40,1888.2,0.0377563
32,4,41,1910.33,0.031707
32,4,42,1937.63,0.0277393
32,4,43,1962.76,0.0259293
32,4,44,1978.13,0.025838
32,4,45,1976.02,0.0263682
32,4,46,1949.68,0.0261945
32,4,47,1893.9,0.0243926
32,4,48,1806.56,0.0208276
32,4,49,1690.42,0.0161208
32,5,0,3187.02,0.454094
32,5,1,3349.64,0.544621
32,5,2,3445.24,0.618004
32,5,3,3491.06,0.670572
32,5,4,3503.32,0.703326
32,5,5,3495.68,0.721154
32,5,6,3478.52,0.731512
32,5,7,3458.02,0.742349
32,5,8,3436.91,0.760271
32,5,9,3415.99,0.788465
32,5,10,3395.52,0.826056
32,5,11,3375.11,0.868357
32,5,12,3354.9,0.909112
32,5,13,3333.19,0.940509
32,5,14,3307,0.954686
32,5,15,3272.59,0.945208
32,5,16,3225.85,0.909002
32,5,17,3163.14,0.847662
32,5,18,3082.7,0.767855
32,5,19,2985.8,0.680141
32,5,20,2877,0.595898
32,5,21,2763.5,0.523755
32,5,22,2653.46,0.468276
32,5,23,2553.71,0.429177
32,5,24,2468.7,0.402293
32,5,25,2400.05,0.382336
32,5,26,2347.32,0.364513
32,5,27,2307.56,0.345403
32,5,28,2276.15,0.323057
32,5,29,2247.34,0.296362
32,5,30,2215.74,0.265339
32,5,31,2177.87,0.231164
32,5,32,2132.58,0.196375
32,5,33,2081.55,0.163944
32,5,34,2028.58,0.136411
32,5,35,1978.52,0.114817
32,5,36,1936.17,0.0984633
32,5,37,1905.15,0.0854508
32,5,38,1887.78,0.0739382
32,5,39,1884.4,0.0627505
32,5,40,1892.96,0.051696
32,5,41,1910.32,0.0413319
32,5,42,1932.09,0.0329134
32,5,43,1952.63,0.0269181
32,5,44,1965.63,0.0232759
32,5,45,1963.84,0.0212084
32,5,46,1940.11,0.0195899
32,5,47,1888.35,0.0175127
32,5,48,1805.46,0.0146319
32,5,49,1693.24,0.0111927
32,6,0,3184.51,0.411258
32,6,1,3340.32,0.493137
32,6,2,3429.31,0.56059
32,6,3,3468.41,0.610616
32,6,4,3473.27,0.643903
32,6,5,3457.08,0.664321
32,6,6,3430.27,0.678181
32,6,7,3399.73,0.692717
32,6,8,3369.46,0.714437
32,6,9,3341.68,0.746937
32,6,10,3317.82,0.78983
32,6,11,3297.82,0.838509
32,6,12,3281.24,0.886227
32,6,13,3264.91,0.92424
32,6,14,3244.18,0.943884
32,6,15,3214.08,0.938491
32,6,16,3170.07,0.905442
32,6,17,3108.93,0.847177
32,6,18,3029.93,0.771146
32,6,19,2935.51,0.688403
32,6,20,2831.1,0.610235
32,6,21,2724.22,0.544712
32,6,22,2622.47,0.495448
32,6,23,2531.35,0.461096
32,6,24,2453.51,0.436652
32,6,25,2389.05,0.416582
32,6,26,2336.75,0.39646
32,6,27,2293.9,0.373705
32,6,28,2257.03,0.347439
32,6,29,2222.12,0.317553
32,6,30,2185.49,0.284707
32,6,31,2144.92,0.250244
32,6,32,2099.9,0.21647
32,6,33,2052.1,0.18583
32,6,34,2004.66,0.160253
32,6,35,1961.39,0.140179
32,6,36,1925.82,0.124371
32,6,37,1900.3,0.110603
32,6,38,1886.15,0.0969537
32,6,39,1883.19,0.0823937
32,6,40,1889.5,0.0670695
32,6,41,1902.8,0.0520248
32,6,42,1920.08,0.0389752
32,6,43,1937.19,0.0288182
32,6,44,1948.87,0.0217945
32,6,45,1948.18,0.0173401
32,6,46,1927.55,0.014424
32,6,47,1880.11,0.0120868
32,6,48,1801.82,0.00975781
32,6,49,1693.71,0.0073448
32,7,0,3148.47,0.358777
32,7,1,3299.52,0.431586
32,7,2,3383.91,0.493176
32,7,3,3418.08,0.540987
32,7,4,3417.31,0.575164
32,7,5,3394.77,0.598382
32,7,6,3361.33,0.615632
32,7,7,3324.77,0.633245
32,7,8,3290.13,0.657463
32,7,9,3260.5,0.692252
32,7,10,3237.74,0.737873
32,7,11,3221.54,0.790189
32,7,12,3210.64,0.842449
32,7,13,3200.62,0.88554
32,7,14,3185.7,0.910425
32,7,15,3160.22,0.910385
32,7,16,3119.66,0.883096
32,7,17,3061.31,0.831401
32,7,18,2985.21,0.762948
32,7,19,2894.42,0.688692
32,7,20,2794.75,0.619406
32,7,21,2693.64,0.562426
32,7,22,2598.05,0.520446
32,7,23,2512.42,0.491224
32,7,24,2438.04,0.46911
32,7,25,2373.89,0.448462
32,7,26,2318.29,0.425264
32,7,27,2269,0.397856
32,7,28,2223.98,0.366558
32,7,29,2181.3,0.332502
32,7,30,2139.26,0.297237
32,7,31,2097.06,0.262464
32,7,32,2054.6,0.230268
32,7,33,2012.97,0.202413
32,7,34,1973.98,0.179955
32,7,35,1939.71,0.162467
32,7,36,1912.13,0.148005
32,7,37,1892.42,0.133968
32,7,38,1881.31,0.118431
32,7,39,1878.68,0.100643
32,7,40,1883.17,0.0812439
32,7,41,1893.46,0.0618651
32,7,42,1907.78,0.044706
32,7,43,1923.08,0.0310331
32,7,44,1934.8,0.0212944
32,7,45,1936.09,0.0150128
32,7,46,1918.91,0.0111454
32,7,47,1875.67,0.00863175
32,7,48,1801.55,0.00669291
32,7,49,1696.94,0.00497817
32,8,0,3086.59,0.306553
32,8,1,3235.08,0.370849
32,8,2,3317.11,0.426785
32,8,3,3348.57,0.472105
32,8,4,3344.65,0.506506
32,8,5,3318.95,0.531729
32,8,6,3283.22,0.55163
32,8,7,3246.15,0.571609
32,8,8,3213.3,0.597403
32,8,9,3187.69,0.633048
32,8,10,3170.54,0.679276
32,8,11,3160.63,0.732526
32,8,12,3155.83,0.786398
32,8,13,3151.08,0.831974
32,8,14,3140.32,0.860385
32,8,15,3118.04,0.865164
32,8,16,3080.12,0.844238
32,8,17,3024.37,0.800508
32,8,18,2951.26,0.741367
32,8,19,2863.97,0.677199
32,8,20,2768.11,0.617968
32,8,21,2670.73,0.570194
32,8,22,2578.22,0.535731
32,8,23,2494.34,0.511646
32,8,24,2419.59,0.491828
32,8,25,2352.36,0.470597
32,8,26,2290.77,0.444301
32,8,27,2233.18,0.412125
32,8,28,2179,0.375578
32,8,29,2128.39,0.33711
32,8,30,2081.73,0.299316
32,8,31,2039.59,0.264392
32,8,32,2002.08,0.234239
32,8,33,1969.29,0.209874
32,8,34,1941.11,0.191334
32,8,35,1917.48,0.177191
32,8,36,1898.65,0.164745
32,8,37,1884.81,0.151054
32,8,38,1876.49,0.134279
32,8,39,1874.15,0.114038
32,8,40,1877.31,0.0915182
32,8,41,1885.76,0.0689245
32,8,42,1898.71,0.0488591
32,8,43,1913.91,0.0328458
32,8,44,1927.09,0.0214229
32,8,45,1931.27,0.0140951
32,8,46,1917.88,0.00974219
32,8,47,1878.62,0.00718987
32,8,48,1808.03,0.00549855
32,8,49,1705.95,0.00415522
32,9,0,3008.47,0.263263
32,9,1,3156.34,0.320218
32,9,2,3238.12,0.370594
32,9,3,3269.14,0.412431
32,9,4,3264.83,0.445376
32,9,5,3239.64,0.470844
32,9,6,3206.41,0.492061
32,9,7,3174.57,0.513612
32,9,8,3149.41,0.540455
32,9,9,3132.78,0.576178
32,9,10,3124.23,0.621515
32,9,11,3121.22,0.673312
32,9,12,3120.9,0.725728
32,9,13,3118.44,0.77057
32,9,14,3108.48,0.799764
32,9,15,3086.39,0.807493
32,9,16,3048.8,0.791993
32,9,17,2994.01,0.755966
32,9,18,2922.58,0.706177
32,9,19,2837.35,0.652064
32,9,20,2743.42,0.602579
32,9,21,2647.26,0.563419
32,9,22,2554.8,0.535767
32,9,23,2469.56,0.516257
32,9,24,2391.87,0.498558
32,9,25,2319.97,0.477031
32,9,26,2252,0.448303
32,9,27,2186.78,0.412234
32,9,28,2124.9,0.371348
32,9,29,2068.33,0.329291
32,9,30,2019.27,0.289667
32,9,31,1979.45,0.25518
32,9,32,1949.01,0.227543
32,9,33,1926.75,0.207027
32,9,34,1910.51,0.192653
32,9,35,1898,0.182032
32,9,36,1887.84,0.17185
32,9,37,1879.49,0.15898
32,9,38,1873.61,0.141796
32,9,39,1871.52,0.12031
32,9,40,1873.84,0.096197
32,9,41,1881.48,0.0720719
32,9,42,1894.51,0.0507529
32,9,43,1911.12,0.0338678
32,9,44,1927.05,0.0219425
32,9,45,1935.01,0.0144114
32,9,46,1925.79,0.0100634
32,9,47,1890.45,0.00763205
32,9,48,1822.86,0.0060782
32,9,49,1722.36,0.00481779
32,10,0,2924.72,0.234652
32,10,1,3073.41,0.285723
32,10,2,3156.51,0.330513
32,10,3,3188.88,0.367448
32,10,4,3186.46,0.396681
32,10,5,3164.81,0.420071
32,10,6,3137.92,0.440859
32,10,7,3115.55,0.46303
32,10,8,3101.98,0.490517
32,10,9,3096.98,0.525877
32,10,10,3097.8,0.569239
32,10,11,3100.43,0.617519
32,10,12,3101.67,0.665543
32,10,13,3097.56,0.706314
32,10,14,3084.26,0.733185
32,10,15,3058.55,0.741445
32,10,16,3018.12,0.729754
32,10,17,2961.72,0.700423
32,10,18,2889.8,0.659243
32,10,19,2804.61,0.61435
32,10,20,2710.54,0.573483
32,10,21,2613.46,0.541532
32,10,22,2519.03,0.519218
32,10,23,2430.95,0.503096
32,10,24,2349.82,0.486966
32,10,25,2274.07,0.465422
32,10,26,2201.92,0.435372
32,10,27,2132.42,0.397139
32,10,28,2066.85,0.353954
32,10,29,2008.34,0.310316
32,10,30,1960.38,0.270562
32,10,31,1925.48,0.237715
32,10,32,1903.55,0.213213
32,10,33,1892.17,0.196597
32,10,34,1887.31,0.186009
32,10,35,1884.86,0.178332
32,10,36,1882.16,0.16997
32,10,37,1878.27,0.157925
32,10,38,1874.2,0.140948
32,10,39,1872.25,0.11944
32,10,40,1874.18,0.0953853
32,10,41,1881.94,0.0715311
32,10,42,1896.25,0.0506456
32,10,43,1915.55,0.0342959
32,10,44,1935.34,0.0229282
32,10,45,1947.87,0.0159109
32,10,46,1943.28,0.0119732
32,10,47,1911.9,0.00979356
32,10,48,1846.93,0.00828638
32,10,49,1747.18,0.00686392
32,11,0,2843.97,0.222536
32,11,1,2994.33,0.26917
32,11,2,3079.6,0.308362
32,11,3,3114.27,0.339062
32,11,4,3114.95,0.362459
32,11,5,3098.44,0.381524
32,11,6,3079.76,0.400073
32,11,7,3068.58,0.421713
32,11,8,3067.67,0.449188
32,11,9,3074.28,0.483576
32,11,10,3083.21,0.523881
32,11,11,3089.05,0.566762
32,11,12,3088.53,0.607766
32,11,13,3078.93,0.641447
32,11,14,3058.29,0.663111
32,11,15,3025.21,0.669566
32,11,16,2978.66,0.660061
32,11,17,2917.92,0.636411
32,11,18,2843.28,0.603139
32,11,19,2756.33,0.566708
32,11,20,2660.72,0.533386
32,11,21,2561.8,0.50719
32,11,22,2465.15,0.488567
32,11,23,2374.86,0.474383
32,11,24,2292.04,0.459041
32,11,25,2215.49,0.437714
32,11,26,2143.45,0.407722
32,11,27,2074.91,0.369686
32,11,28,2011.3,0.327146
32,11,29,1956.14,0.284929
32,11,30,1913.46,0.24761
32,11,31,1885.96,0.218154
32,11,32,1873.14,0.197532
32,11,33,1871.57,0.184575
32,11,34,1875.96,0.176773
32,11,35,1881.04,0.170676
32,11,36,1883.51,0.162895
32,11,37,1882.4,0.150982
32,11,38,1879.21,0.134286
32,11,39,1877.24,0.113559
32,11,40,1879.19,0.0908487
32,11,41,1887.87,0.0687003
32,11,42,1904.49,0.0495443
32,11,43,1927.51,0.0347416
32,11,44,1952.04,0.024636
32,11,45,1969.78,0.0185797
32,11,46,1970.15,0.0152958
32,11,47,1942.74,0.0134384
32,11,48,1880.06,0.011901
32,11,49,1780.34,0.0101232
32,12,0,2770.89,0.224807
32,12,1,2923.42,0.268208
32,12,2,3011.26,0.301956
32,12,3,3048.57,0.325662
32,12,4,3052.71,0.341876
32,12,5,3041.66,0.35506
32,12,6,3031.24,0.369912
32,12,7,3030.7,0.389832
32,12,8,3041.13,0.416359
32,12,9,3057.31,0.448897
32,12,10,3071.79,0.485063
32,12,11,3077.99,0.521039
32,12,12,3072.7,0.553088
32,12,13,3054.5,0.577484
32,12,14,3023.37,0.591782
32,12,15,2979.9,0.594602
32,12,16,2924.54,0.585956
32,12,17,2857.28,0.567188
32,12,18,2778.3,0.541365
32,12,19,2688.66,0.512975
32,12,20,2591.35,0.486532
32,12,21,2491.27,0.46502
32,12,22,2393.99,0.448733
32,12,23,2304.03,0.435196
32,12,24,2223,0.419904
32,12,25,2149.97,0.399037
32,12,26,2083.2,0.370555
32,12,27,2021.39,0.33528
32,12,28,1965.65,0.296666
32,12,29,1919.2,0.259283
32,12,30,1885.76,0.227333
32,12,31,1867.59,0.203243
32,12,32,1863.56,0.187251
32,12,33,1869.6,0.177484
32,12,34,1879.91,0.171046
32,12,35,1888.95,0.164632
32,12,36,1893.54,0.155611
32,12,37,1893.06,0.14255
32,12,38,1889.68,0.125612
32,12,39,1887.5,0.105861
32,12,40,1889.96,0.0851561
32,12,41,1900.46,0.0655137
32,12,42,1920.4,0.0487795
32,12,43,1948.01,0.0360039
32,12,44,1977.92,0.02744
32,12,45,2001.15,0.0224925
32,12,46,2006.43,0.0199287
32,12,47,1982.66,0.0183883
32,12,48,1921.67,0.0167381
32,12,49,1821.11,0.0144429
32,13,0,2705.1,0.236491
32,13,1,2860.35,0.277525
32,13,2,2951.21,0.306301
32,13,3,2991.49,0.323149
32,13,4,2999.18,0.332015
32,13,5,2993.18,0.338824
32,13,6,2989.73,0.349149
32,13,7,2997.52,0.366262
32,13,8,3016.06,0.390649
32,13,9,3038.14,0.42019
32,13,10,3054.64,0.45117
32,13,11,3058.14,0.479247
32,13,12,3045.53,0.501328
32,13,13,3016.55,0.515338
32,13,14,2973,0.521061
32,13,15,2917.35,0.519013
32,13,16,2851.63,0.510134
32,13,17,2776.68,0.495461
32,13,18,2692.81,0.476614
32,13,19,2600.73,0.455989
32,13,20,2502.97,0.436128
32,13,21,2404.03,0.418804
32,13,22,2309.36,0.404175
32,13,23,2223.58,0.390636
32,13,24,2148.52,0.375146
32,13,25,2083.41,0.355244
32,13,26,2026.43,0.329739
32,13,27,1976.04,0.299613
32,13,28,1932.83,0.267898
32,13,29,1899.2,0.238392
32,13,30,1877.9,0.214371
32,13,31,1870.13,0.197267
32,13,32,1873.99,0.186355
32,13,33,1885.11,0.17908
32,13,34,1897.89,0.172436
32,13,35,1907.42,0.163723
32,13,36,1911.27,0.151562
32,13,37,1909.6,0.135903
32,13,38,1905.29,0.117887
32,13,39,1903.08,0.0988281
32,13,40,1906.8,0.080174
32,13,41,1920.1,0.0631794
32,13,42,1944.26,0.0489535
32,13,43,1977.09,0.0381938
32,13,44,2012.55,0.0311021
32,13,45,2041,0.0272001
32,13,46,2050.53,0.0253294
32,13,47,2029.51,0.0240999
32,13,48,1969.22,0.0223161
32,13,49,1866.85,0.0194371
32,14,0,2643.75,0.251946
32,14,1,2802.64,0.291266
32,14,2,2897.59,0.315972
32,14,3,2941.86,0.32707
32,14,4,2953.68,0.329638
32,14,5,2952.34,0.330705
32,14,6,2954.1,0.336444
32,14,7,2966.93,0.350024
32,14,8,2989.23,0.371174
32,14,9,3012.63,0.396671
32,14,10,3027.1,0.421791
32,14,11,3024.83,0.441768
32,14,12,3002.94,0.454015
32,14,13,2962.11,0.457809
32,14,14,2905.61,0.454827
32,14,15,2837.54,0.447323
32,14,16,2761.39,0.437224
32,14,17,2678.93,0.425503
32,14,18,2590.8,0.412573
32,14,19,2497.66,0.398897
32,14,20,2401.74,0.385072
32,14,21,2307.13,0.371594
32,14,22,2218.82,0.358474
32,14,23,2141.06,0.345009
32,14,24,2075.48,0.329729
32,14,25,2021.28,0.311632
32,14,26,1976.75,0.290424
32,14,27,1940.29,0.267177
32,14,28,1912.03,0.244274
32,14,29,1893.3,0.224424
32,14,30,1885.43,0.209638
32,14,31,1888.16,0.200106
32,14,32,1898.72,0.194049
32,14,33,1912.69,0.18834
32,14,34,1925.27,0.180106
32,14,35,1932.76,0.167597
32,14,36,1934.03,0.150975
32,14,37,1930.27,0.131741
32,14,38,1925.09,0.112032
32,14,39,1923.6,0.0933154
32,14,40,1929.7,0.07649
32,14,41,1946.9,0.0619413
32,14,42,1976.07,0.0500042
32,14,43,2014.33,0.0410317
32,14,44,2054.93,0.0352123
32,14,45,2087.62,0.0322226
32,14,46,2100.06,0.0309874
32,14,47,2080.32,0.0300651
32,14,48,2019.42,0.0281629
32,14,49,1914.17,0.0247009
32,15,0,2584.75,0.266607
32,15,1,2748.66,0.304906
32,15,2,2849.49,0.326962
32,15,3,2899.5,0.334279
32,15,4,2916.55,0.332607
32,15,5,2919.67,0.329511
32,15,6,2924.57,0.331377
32,15,7,2938.62,0.341273
32,15,8,2959.83,0.358541
32,15,9,2979.61,0.379408
32,15,10,2987.96,0.398608
32,15,11,2977.22,0.41113
32,15,12,2944.88,0.414716
32,15,13,2892.34,0.409558
32,15,14,2823.93,0.398681
32,15,15,2744.91,0.38569
32,15,16,2659.91,0.373413
32,15,17,2571.54,0.362992
32,15,18,2480.93,0.354026
32,15,19,2388.91,0.345499
32,15,20,2297.53,0.336389
32,15,21,2210.26,0.326077
32,15,22,2131.23,0.314436
32,15,23,2063.83,0.301541
32,15,24,2009.2,0.287301
32,15,25,1966.53,0.271965
32,15,26,1934.55,0.255947
32,15,27,1911.97,0.240262
32,15,28,1898.6,0.226524
32,15,29,1894.65,0.216268
32,15,30,1899.8,0.210203
32,15,31,1912.2,0.207334
32,15,32,1928.21,0.204995
32,15,33,1943.59,0.199723
32,15,34,1954.68,0.188996
32,15,35,1959.32,0.172156
32,15,36,1957.91,0.150891
32,15,37,1952.73,0.128122
32,15,38,1947.93,0.106809
32,15,39,1948.69,0.08845
32,15,40,1958.61,0.0733477
32,15,41,1980.69,0.0610632
32,15,42,2015.15,0.0512267
32,15,43,2058.35,0.0438859
32,15,44,2102.89,0.0392281
32,15,45,2138.13,0.0370776
32,15,46,2151.59,0.0364363
32,15,47,2131.35,0.0358079
32,15,48,2068.4,0.0338001
32,15,49,1959.38,0.0297866
32,16,0,2528.99,0.278362
32,16,1,2699.63,0.316699
32,16,2,2808.48,0.338064
32,16,3,2866.22,0.344169
32,16,4,2889.61,0.340895
32,16,5,2896.66,0.335775
32,16,6,2902.25,0.335056
32,16,7,2913.46,0.341726
32,16,8,2928.71,0.3551
32,16,9,2940.31,0.371386
32,16,10,2939.12,0.385245
32,16,11,2918.15,0.391634
32,16,12,2875.4,0.388471
32,16,13,2812.75,0.37641
32,16,14,2735.06,0.359173
32,16,15,2648.14,0.341168
32,16,16,2557.27,0.325859
32,16,17,2465.67,0.314683
32,16,18,2375.03,0.306885
32,16,19,2286.45,0.300633
32,16,20,2201.77,0.293882
32,16,21,2123.62,0.285299
32,16,22,2054.92,0.274697
32,16,23,1997.88,0.262707
32,16,24,1953.19,0.250219
32,16,25,1920.34,0.238276
32,16,26,1898.8,0.227629
32,16,27,1887.92,0.21902
32,16,28,1887.33,0.213233
32,16,29,1896.09,0.210719
32,16,30,1912.29,0.211124
32,16,31,1932.58,0.212613
32,16,32,1952.69,0.212063
32,16,33,1968.81,0.206048
32,16,34,1978.55,0.192579
32,16,35,1981.32,0.172004
32,16,36,1978.94,0.147209
32,16,37,1974.55,0.122101
32,16,38,1972.5,0.100128
32,16,39,1977.61,0.0826861
32,16,40,1992.8,0.0695385
32,16,41,2020.34,0.0595966
32,16,42,2059.68,0.0519245
32,16,43,2106.56,0.0463026
32,16,44,2153.19,0.0428802
32,16,45,2188.83,0.0415757
32,16,46,2201.24,0.0414601
32,16,47,2178.78,0.0410228
32,16,48,2112.61,0.0388324
32,16,49,1999.31,0.0342582
32,17,0,2479.71,0.286827
32,17,1,2658.73,0.326517
32,17,2,2777.41,0.349299
32,17,3,2844.28,0.356743
32,17,4,2874.29,0.354392
32,17,5,2884,0.34934
32,17,6,2887.36,0.347507
32,17,7,2891.73,0.351871
32,17,8,2896.89,0.362012
32,17,9,2896.93,0.374498
32,17,10,2884.31,0.384274
32,17,11,2853.01,0.386441
32,17,12,2801.53,0.37897
32,17,13,2731.86,0.362568
32,17,14,2648.82,0.341025
32,17,15,2558.09,0.318932
32,17,16,2465.09,0.300014
32,17,17,2373.44,0.286007
32,17,18,2285.32,0.276247
32,17,19,2202.09,0.268814
32,17,20,2125.23,0.261366
32,17,21,2056.34,0.252386
32,17,22,1996.91,0.241754
32,17,23,1948.09,0.230425
32,17,24,1910.38,0.219801
32,17,25,1883.96,0.211201
32,17,26,1869.36,0.205297
32,17,27,1866.7,0.202314
32,17,28,1875.38,0.202184
32,17,29,1893.39,0.204444
32,17,30,1917.37,0.208047
32,17,31,1942.9,0.210845
32,17,32,1965.51,0.209839
32,17,33,1982.08,0.202092
32,17,34,1991.55,0.186266
32,17,35,1994.72,0.163456
32,17,36,1994.43,0.137184
32,17,37,1994.14,0.111737
32,17,38,1997.82,0.0906349
32,17,39,2009.44,0.075065
32,17,40,2030.97,0.0643997
32,17,41,2063.86,0.057149
32,17,42,2106.91,0.0519657
32,17,43,2155.55,0.0483697
32,17,44,2201.97,0.0463845
32,17,45,2235.79,0.045932
32,17,46,2245.29,0.0461551
32,17,47,2219.31,0.0456256
32,17,48,2149.28,0.0430037
32,17,49,2031.7,0.0377535
32,18,0,2441.19,0.292524
32,18,1,2629.73,0.334885
32,18,2,2759.08,0.360909
32,18,3,2835.22,0.37168
32,18,4,2870.88,0.372101
32,18,5,2881.02,0.368665
32,18,6,2879.02,0.367001
32,18,7,2873.19,0.370211
32,18,8,2865.45,0.37833
32,18,9,2852.42,0.388471
32,18,10,2828.49,0.396037
32,18,11,2788.71,0.396362
32,18,12,2731.8,0.387356
32,18,13,2659.31,0.369431
32,18,14,2575.37,0.345894
32,18,15,2485.01,0.320943
32,18,16,2393.43,0.298167
32,18,17,2304.49,0.279563
32,18,18,2220.82,0.264935
32,18,19,2143.98,0.252943
32,18,20,2074.9,0.241633
32,18,21,2014.02,0.229808
32,18,22,1961.53,0.217547
32,18,23,1917.76,0.205924
32,18,24,1883.45,0.196471
32,18,25,1859.8,0.190376
32,18,26,1848.45,0.187923
32,18,27,1850.19,0.188644
32,18,28,1864.07,0.191618
32,18,29,1887.01,0.195626
32,18,30,1914.6,0.199274
32,18,31,1941.94,0.200603
32,18,32,1964.96,0.197294
32,18,33,1981.61,0.187291
32,18,34,1992.15,0.169951
32,18,35,1998.38,0.146768
32,18,36,2003.55,0.121286
32,18,37,2010.68,0.0975633
32,18,38,2022.72,0.0788313
32,18,39,2042.34,0.0660437
32,18,40,2070.45,0.0583802
32,18,41,2107.77,0.0542116
32,18,42,2152.76,0.0519057
32,18,43,2200.95,0.0506876
32,18,44,2244.95,0.0503286
32,18,45,2275.07,0.0506415
32,18,46,2280.34,0.0508524
32,18,47,2250.19,0.0497489
32,18,48,2176.26,0.046262
32,18,49,2054.99,0.0400921
32,19,0,2416.36,0.295977
32,19,1,2614.75,0.34203
32,19,2,2754.39,0.372503
32,19,3,2838.6,0.387701
32,19,4,2877.92,0.391748
32,19,5,2885.92,0.390607
32,19,6,2875.91,0.389854
32,19,7,2857.78,0.392934
32,19,8,2836.21,0.400469
32,19,9,2810.71,0.410148
32,19,10,2777.73,0.417836
32,19,11,2733.08,0.419062
32,19,12,2675.11,0.411511
32,19,13,2604.27,0.394981
32,19,14,2523.44,0.371828
32,19,15,2436.64,0.345396
32,19,16,2348.82,0.318847
32,19,17,2264.11,0.294418
32,19,18,2185.66,0.272713
32,19,19,2115.12,0.253485
32,19,20,2052.83,0.235686
32,19,21,1998.1,0.218792
32,19,22,1950.06,0.203138
32,19,23,1908.53,0.189771
32,19,24,1874.78,0.18011
32,19,25,1851.11,0.175015
32,19,26,1840.08,0.174286
32,19,27,1842.81,0.176738
32,19,28,1857.79,0.180661
32,19,29,1881.05,0.184202
32,19,30,1907.62,0.185835
32,19,31,1932.85,0.184095
32,19,32,1953.76,0.17766
32,19,33,1969.69,0.165545
32,19,34,1982.18,0.147735
32,19,35,1993.6,0.12579
32,19,36,2006.81,0.102805
32,19,37,2023.64,0.0821913
32,19,38,2045.4,0.066697
32,19,39,2073.32,0.057112
32,19,40,2107.26,0.052631
32,19,41,2147.54,0.0516956
32,19,42,2192.6,0.052469
32,19,43,2238.42,0.0538228
32,19,44,2278.37,0.0551443
32,19,45,2303.64,0.0560273
32,19,46,2304.11,0.0557846
32,19,47,2269.77,0.0535462
32,19,48,2192.46,0.0486895
32,19,49,2068.49,0.0412969
32,20,0,2405.63,0.297754
32,20,1,2613.16,0.348164
32,20,2,2761.55,0.383692
32,20,3,2851.79,0.403618
32,20,4,2892.56,0.411241
32,20,5,2896.48,0.412179
32,20,6,2877.21,0.41228
32,20,7,2846.58,0.415617
32,20,8,2812.28,0.423543
32,20,9,2776.77,0.434334
32,20,10,2738.33,0.444266
32,20,11,2693.06,0.448962
32,20,12,2638.24,0.445666
32,20,13,2572.6,0.433241
32,20,14,2497.41,0.412693
32,20,15,2415.7,0.386188
32,20,16,2332.27,0.356301
32,20,17,2251.78,0.325574
32,20,18,2177.98,0.295683
32,20,19,2112.69,0.267799
32,20,20,2055.67,0.242055
32,20,21,2005.31,0.218723
32,20,22,1959.91,0.198334
32,20,23,1919.1,0.181784
32,20,24,1884.67,0.170274
32,20,25,1859.8,0.164363
32,20,26,1847.51,0.163505
32,20,27,1848.81,0.165979
32,20,28,1861.49,0.169467
32,20,29,1880.92,0.171608
32,20,30,1902.16,0.170813
32,20,31,1921.53,0.166117
32,20,32,1937.68,0.157144
32,20,33,1951.65,0.143851
32,20,34,1966.09,0.126647
32,20,35,1983.44,0.106897
32,20,36,2005.52,0.0870203
32,20,37,2032.35,0.0696708
32,20,38,2063.39,0.0571521
32,20,39,2098.42,0.0502672
32,20,40,2136.6,0.0484309
32,20,41,2178.11,0.0503042
32,20,42,2221.67,0.0539004
32,20,43,2263.92,0.057688
32,20,44,2299.08,0.0605655
32,20,45,2319.27,0.0618056
32,20,46,2315.15,0.0607718
32,20,47,2277.24,0.0569956
32,20,48,2197.49,0.0504075
32,20,49,2072.06,0.0415749
32,21,0,2407.48,0.299039
32,21,1,2622.31,0.35429
32,21,2,2777.02,0.39516
32,21,3,2870.92,0.419688
32,21,4,2911.37,0.430297
32,21,5,2910.54,0.432403
32,21,6,2882.62,0.432423
32,21,7,2841.34,0.435364
32,21,8,2797.17,0.443537
32,21,9,2755.18,0.455936
32,21,10,2715.06,0.469279
32,21,11,2672.67,0.479192
32,21,12,2623.76,0.482247
32,21,13,2565.07,0.476027
32,21,14,2496.19,0.459858
32,21,15,2419.37,0.434526
32,21,16,2339.48,0.402008
32,21,17,2261.93,0.365278
32,21,18,2191.2,0.327291
32,21,19,2129.38,0.290762
32,21,20,2075.87,0.257045
32,21,21,2028.4,0.227095
32,21,22,1984.83,0.201469
32,21,23,1944.64,0.180783
32,21,24,1909.94,0.165984
32,21,25,1884.27,0.157498
32,21,26,1870.52,0.154751
32,21,27,1869.17,0.155866
32,21,28,1877.25,0.158257
32,21,29,1889.83,0.159244
32,21,30,1902.54,0.157137
32,21,31,1913.17,0.151201
32,21,32,1922.35,0.141583
32,21,33,1932.88,0.128731
32,21,34,1948.29,0.113146
32,21,35,1970.66,0.0958324
32,21,36,2000.35,0.078567
32,21,37,2035.41,0.0634275
32,21,38,2073.56,0.0525188
32,21,39,2113.45,0.0469019
32,21,40,2153.87,0.0463986
32,21,41,2195.11,0.049987
32,21,42,2236.32,0.0555962
32,21,43,2274.75,0.0612926
32,21,44,2305.42,0.0654406
32,21,45,2321.19,0.0669123
32,21,46,2313.41,0.0650339
32,21,47,2272.96,0.0596916
32,21,48,2191.93,0.0513619
32,21,49,2066.35,0.0411177
32,22,0,2420.77,0.301961
32,22,1,2640.01,0.362597
32,22,2,2797.89,0.409121
32,22,3,2892.9,0.43816
32,22,4,2931.83,0.451157
32,22,5,2926.67,0.45332
32,22,6,2892.15,0.451747
32,22,7,2843.44,0.452604
32,22,8,2793.03,0.459443
32,22,9,2747.91,0.472268
32,22,10,2708.66,0.488449
32,22,11,2670.7,0.503666
32,22,12,2628.27,0.513685
32,22,13,2576.26,0.514577
32,22,14,2512.86,0.503777
32,22,15,2439.69,0.480616
32,22,16,2361.81,0.44652
32,22,17,2285.42,0.40498
32,22,18,2215.76,0.360265
32,22,19,2155.32,0.316531
32,22,20,2103.49,0.276179
32,22,21,2057.75,0.240597
32,22,22,2015.8,0.210162
32,22,23,1977.02,0.185106
32,22,24,1943.49,0.166143
32,22,25,1918.49,0.153787
32,22,26,1904.21,0.147819
32,22,27,1900.24,0.146676
32,22,28,1902.95,0.147944
32,22,29,1907.39,0.148875
32,22,30,1910.13,0.147587
32,22,31,1910.62,0.143129
32,22,32,1911.49,0.135501
32,22,33,1917.11,0.124989
32,22,34,1931.63,0.111786
32,22,35,1956.59,0.0964714
32,22,36,1990.89,0.0804181
32,22,37,2030.9,0.0655122
32,22,38,2072.99,0.0540281
32,22,39,2115.1,0.0475469
32,22,40,2155.9,0.0464516
32,22,41,2195.9,0.0501
32,22,42,2234.63,0.0564307
32,22,43,2269.87,0.0631752
32,22,44,2297.14,0.0681917
32,22,45,2309.86,0.0699055
32,22,46,2299.79,0.067478
32,22,47,2258.12,0.0609992
32,22,48,2177.06,0.0513616
32,22,49,2052.53,0.0400634
32,23,0,2444.65,0.30876
32,23,1,2664.64,0.375369
32,23,2,2822.09,0.427973
32,23,3,2915.71,0.461738
32,23,4,2952.32,0.476987
32,23,5,2943.97,0.478519
32,23,6,2905.64,0.473937
32,23,7,2853.1,0.470566
32,23,8,2799.81,0.473414
32,23,9,2753.7,0.483875
32,23,10,2715.89,0.500369
32,23,11,2681.54,0.51888
32,23,12,2643.95,0.534473
32,23,13,2596.77,0.541707
32,23,14,2537.13,0.53615
32,23,15,2466.14,0.515733
32,23,16,2388.93,0.481382
32,23,17,2312.22,0.437048
32,23,18,2241.87,0.38809
32,23,19,2180.9,0.339749
32,23,20,2129.04,0.295142
32,23,21,2083.97,0.255777
32,23,22,2043.56,0.2217
32,23,23,2007.12,0.192745
32,23,24,1976.28,0.169453
32,23,25,1953.6,0.152642
32,23,26,1940.14,0.142795
32,23,27,1934.42,0.139102
32,23,28,1932.29,0.139741
32,23,29,1929.02,0.142147
32,23,30,1922.24,0.14413
32,23,31,1912.87,0.144027
32,23,32,1905.23,0.140974
32,23,33,1904.88,0.134416
32,23,34,1916.33,0.123898
32,23,35,1940.7,0.109619
32,23,36,1975.82,0.0928988
32,23,37,2017,0.0758933
32,23,38,2059.82,0.0614177
32,23,39,2101.86,0.0517774
32,23,40,2141.77,0.0480061
32,23,41,2180.25,0.049867
32,23,42,2217.09,0.0554141
32,23,43,2250.34,0.0621623
32,23,44,2275.82,0.0675609
32,23,45,2287.19,0.0695968
32,23,46,2276.44,0.0671442
32,23,47,2234.92,0.0602936
32,23,48,2154.96,0.0501397
32,23,49,2032.52,0.0384378
32,24,0,2479.26,0.320517
32,24,1,2696.15,0.393381
32,24,2,2849.56,0.452299
32,24,3,2939.39,0.49114
32,24,4,2973.06,0.509046
32,24,5,2962.74,0.510088
32,24,6,2923.15,0.501919
32,24,7,2869.73,0.492704
32,24,8,2815.65,0.488866
32,24,9,2768.9,0.493471
32,24,10,2730.95,0.50641
32,24,11,2697.3,0.524395
32,24,12,2661.27,0.542185
32,24,13,2616.08,0.553193
32,24,14,2558.28,0.551481
32,24,15,2488.47,0.533823
32,24,16,2411.47,0.500679
32,24,17,2334.02,0.456192
32,24,18,2262.27,0.406291
32,24,19,2199.74,0.356691
32,24,20,2146.74,0.310755
32,24,21,2101.55,0.269837
32,24,22,2062.46,0.233637
32,24,23,2028.72,0.201713
32,24,24,2001.32,0.174584
32,24,25,1981.79,0.153567
32,24,26,1969.94,0.140065
32,24,27,1963.34,0.134295
32,24,28,1957.48,0.135292
32,24,29,1948.05,0.140809
32,24,30,1933.55,0.148204
32,24,31,1916,0.154675
32,24,32,1900.78,0.157921
32,24,33,1894.11,0.156057
32,24,34,1900.69,0.147822
32,24,35,1921.49,0.133205
32,24,36,1953.94,0.113864
32,24,37,1993.02,0.0926387
32,24,38,2034.07,0.0731474
32,24,39,2074.55,0.0584955
32,24,40,2113.1,0.0503533
32,24,41,2150.41,0.0488613
32,24,42,2186.38,0.0522736
32,24,43,2219.14,0.0580267
32,24,44,2244.58,0.0633087
32,24,45,2256.37,0.0657377
32,24,46,2246.49,0.0638282
32,24,47,2206.37,0.0574762
32,24,48,2128.49,0.0477365
32,24,49,2008.84,0.0364062
32,25,0,2524.14,0.336312
32,25,1,2734.62,0.4149
32,25,2,2880.98,0.479634
32,25,3,2965.08,0.523517
32,25,4,2995.34,0.544648
32,25,5,2984.01,0.54611
32,25,6,2945,0.535002
32,25,7,2892.42,0.519706
32,25,8,2838.09,0.507673
32,25,9,2789.38,0.503601
32,25,10,2748.21,0.509089
32,25,11,2711.11,0.522019
32,25,12,2672.55,0.537462
32,25,13,2626.25,0.548399
32,25,14,2568.62,0.548095
32,25,15,2499.69,0.53261
32,25,16,2423.52,0.501976
32,25,17,2346.26,0.460111
32,25,18,2273.82,0.412775
32,25,19,2209.95,0.365391
32,25,20,2155.66,0.32103
32,25,21,2109.99,0.28068
32,25,22,2071.77,0.243815
32,25,23,2040.23,0.209989
32,25,24,2015.69,0.179943
32,25,25,1998.68,0.15566
32,25,26,1987.98,0.139543
32,25,27,1980.54,0.132888
32,25,28,1971.86,0.1356
32,25,29,1958.08,0.145698
32,25,30,1938.31,0.159904
32,25,31,1915.1,0.173993
32,25,32,1894.14,0.183935
32,25,33,1881.71,0.186359
32,25,34,1882.53,0.179287
32,25,35,1897.74,0.162793
32,25,36,1925.02,0.139236
32,25,37,1959.79,0.112406
32,25,38,1997.63,0.0868013
32,25,39,2036.02,0.0662385
32,25,40,2073.45,0.0528901
32,25,41,2110.45,0.0471858
32,25,42,2146.8,0.0476166
32,25,43,2180.59,0.0516669
32,25,44,2207.64,0.0564307
32,25,45,2221.44,0.0592779
32,25,46,2213.83,0.0583602
32,25,47,2176.21,0.0532415
32,25,48,2101.1,0.0447248
32,25,49,1984.64,0.0344381
32,26,0,2576.87,0.352665
32,26,1,2778.83,0.435296
32,26,2,2916.23,0.504238
32,26,3,2993.39,0.552268
32,26,4,3019.94,0.576828
32,26,5,3008.09,0.579949
32,26,6,2970.48,0.567641
32,26,7,2919.15,0.547742
32,26,8,2863.85,0.528022
32,26,9,2810.97,0.514366
32,26,10,2763.01,0.509982
32,26,11,2718.22,0.514183
32,26,12,2673.19,0.523009
32,26,13,2622.98,0.529908
32,26,14,2564.35,0.528256
32,26,15,2496.74,0.513991
32,26,16,2423.05,0.486795
32,26,17,2348.19,0.449927
32,26,18,2277.23,0.408197
32,26,19,2213.79,0.365967
32,26,20,2159.34,0.32551
32,26,21,2113.54,0.287316
32,26,22,2075.72,0.250856
32,26,23,2045.09,0.216045
32,26,24,2021.45,0.184146
32,26,25,2004.66,0.157938
32,26,26,1993.07,0.140749
32,26,27,1983.62,0.134775
32,26,28,1972.2,0.140535
32,26,29,1955.5,0.156086
32,26,30,1932.96,0.17733
32,26,31,1906.97,0.198553
32,26,32,1882.77,0.214058
32,26,33,1866.08,0.219213
32,26,34,1861.37,0.211667
32,26,35,1870.2,0.191947
32,26,36,1891.06,0.163356
32,26,37,1920.38,0.130692
32,26,38,1954.41,0.0991888
32,26,39,1990.81,0.0731115
32,26,40,2027.81,0.0548935
32,26,41,2065.59,0.0451172
32,26,42,2103.64,0.0425026
32,26,43,2139.87,0.04468
32,26,44,2169.96,0.0488062
32,26,45,2187.13,0.0521401
32,26,46,2182.94,0.0525205
32,26,47,2148.62,0.0491074
32,26,48,2076.69,0.042306
32,26,49,1963.39,0.0334211
32,27,0,2632.26,0.364212
32,27,1,2825.13,0.448061
32,27,2,2953.17,0.518479
32,27,3,3023.16,0.568716
32,27,4,3046.04,0.596105
32,27,5,3033.81,0.601819
32,27,6,2997.61,0.590486
32,27,7,2947.01,0.568737
32,27,8,2889.44,0.543829
32,27,9,2830.22,0.522092
32,27,10,2772.54,0.507867
32,27,11,2716.8,0.501876
32,27,12,2662.35,0.501593
32,27,13,2606.31,0.501736
32,27,14,2546.22,0.496667
32,27,15,2480.99,0.48279
32,27,16,2412.07,0.45957
32,27,17,2342.62,0.429283
32,27,18,2276.34,0.395198
32,27,19,2216.18,0.360043
32,27,20,2163.63,0.324921
32,27,21,2118.63,0.289778
32,27,22,2080.78,0.25432
32,27,23,2049.24,0.219166
32,27,24,2023.61,0.186392
32,27,25,2003.65,0.159629
32,27,26,1988.05,0.142928
32,27,27,1974.49,0.139024
32,27,28,1959.76,0.14863
32,27,29,1941.19,0.169515
32,27,30,1918.14,0.196667
32,27,31,1892.28,0.223072
32,27,32,1867.65,0.241788
32,27,33,1848.82,0.247458
32,27,34,1839.72,0.237848
32,27,35,1842.37,0.214244
32,27,36,1856.45,0.18094
32,27,37,1879.83,0.143538
32,27,38,1909.83,0.107665
32,27,39,1944.47,0.0776608
32,27,40,1981.74,0.0559415
32,27,41,2021.3,0.043115
32,27,42,2062.19,0.038117
32,27,43,2102.04,0.0388047
32,27,44,2136.29,0.0425225
32,27,45,2157.87,0.0465297
32,27,46,2157.98,0.0484113
32,27,47,2127.56,0.0468968
32,27,48,2058.96,0.0419165
32,27,49,1948.45,0.0343823
32,28,0,2682.98,0.365655
32,28,1,2867.71,0.447288
32,28,2,2987.43,0.515872
32,28,3,3051.09,0.565683
32,28,4,3070.7,0.594479
32,28,5,3058.04,0.602939
32,28,6,3022.66,0.594341
32,28,7,2971.77,0.573744
32,28,8,2910.63,0.547228
32,28,9,2843.59,0.520775
32,28,10,2774.61,0.499193
32,28,11,2706.33,0.484296
32,28,12,2641.15,0.475105
32,28,13,2578.63,0.468056
32,28,14,2517.4,0.459038
32,28,15,2456.01,0.445331
32,28,16,2394.29,0.426327
32,28,17,2333.36,0.403225
32,28,18,2275.13,0.377516
32,28,19,2221.43,0.350079
32,28,20,2173.22,0.320711
32,28,21,2130.28,0.28885
32,28,22,2092.14,0.254597
32,28,23,2057.95,0.219506
32,28,24,2027.44,0.186634
32,28,25,2000.91,0.160422
32,28,26,1978.2,0.145353
32,28,27,1958.46,0.144268
32,28,28,1939.8,0.157606
32,28,29,1920.23,0.182553
32,28,30,1898.76,0.213243
32,28,31,1875.74,0.2418
32,28,32,1853.4,0.260723
32,28,33,1834.63,0.264643
32,28,34,1822.55,0.251924
32,28,35,1819.58,0.22476
32,28,36,1826.74,0.188219
32,28,37,1843.69,0.148291
32,28,38,1869.21,0.110522
32,28,39,1901.96,0.0789438
32,28,40,1939.8,0.0557259
32,28,41,1981.82,0.0414367
32,28,42,2026.4,0.0352423
32,28,43,2070.74,0.0352924
32,28,44,2109.99,0.0391895
32,28,45,2136.74,0.0442407
32,28,46,2141.78,0.047804
32,28,47,2115.6,0.0481666
32,28,48,2050.27,0.0447668
32,28,49,1941.99,0.0381468
32,29,0,2720.8,0.353904
32,29,1,2899.47,0.43002
32,29,2,3013.06,0.493625
32,29,3,3072.09,0.540296
32,29,4,3089.33,0.568574
32,29,5,3076.24,0.579042
32,29,6,3040.99,0.573912
32,29,7,2988.86,0.55669
32,29,8,2923.37,0.53197
32,29,9,2848.21,0.504834
32,29,10,2768.08,0.479938
32,29,11,2687.72,0.45972
32,29,12,2612.39,0.444482
32,29,13,2544.12,0.432321
32,29,14,2482.78,0.420695
32,29,15,2426.63,0.407835
32,29,16,2373.96,0.393154
32,29,17,2323.82,0.376903
32,29,18,2276.16,0.358998
32,29,19,2231.35,0.338685
32,29,20,2189.45,0.314617
32,29,21,2149.7,0.285831
32,29,22,2111.32,0.252874
32,29,23,2073.49,0.218239
32,29,24,2036.34,0.185932
32,29,25,2001.22,0.161019
32,29,26,1969.64,0.148096
32,29,27,1942.75,0.149707
32,29,28,1920.25,0.165656
32,29,29,1900.82,0.192418
32,29,30,1882.78,0.223517
32,29,31,1864.8,0.250825
32,29,32,1846.84,0.267069
32,29,33,1829.79,0.267562
32,29,34,1815.77,0.251599
32,29,35,1807.51,0.222187
32,29,36,1807.45,0.184733
32,29,37,1817.21,0.145055
32,29,38,1837.37,0.108145
32,29,39,1867.58,0.0774258
32,29,40,1905.72,0.0547162
32,29,41,1950.34,0.0405765
32,29,42,1999.03,0.0344689
32,29,43,2048.4,0.0348939
32,29,44,2093.2,0.0397285
32,29,45,2125.64,0.0463027
32,29,46,2136.02,0.0517205
32,29,47,2114.29,0.0538026
32,29,48,2052.06,0.0515122
32,29,49,1945.41,0.04511
32,30,0,2739.48,0.32997
32,30,1,2914.77,0.398244
32,30,2,3025.09,0.45468
32,30,3,3081.77,0.496133
32,30,4,3097.92,0.52203
32,30,5,3084.59,0.53314
32,30,6,3048.96,0.531014
32,30,7,2994.96,0.517919
32,30,8,2925.03,0.497081
32,30,9,2842.57,0.472524
32,30,10,2753.04,0.448414
32,30,11,2662.88,0.427385
32,30,12,2579.72,0.410532
32,30,13,2507.62,0.397122
32,30,14,2447.56,0.385726
32,30,15,2397.61,0.375229
32,30,16,2354.71,0.36503
32,30,17,2316.06,0.35471
32,30,18,2279.81,0.343123
32,30,19,2244.84,0.328463
32,30,20,2210.11,0.308663
32,30,21,2174.22,0.282553
32,30,22,2136.01,0.251061
32,30,23,2094.78,0.217416
32,30,24,2051.22,0.186311
32,30,25,2007.85,0.163125
32,30,26,1968.03,0.152246
32,30,27,1934.9,0.155641
32,30,28,1909.78,0.172338
32,30,29,1891.88,0.198189
32,30,30,1878.68,0.226525
32,30,31,1866.96,0.249629
32,30,32,1854.32,0.261156
32,30,33,1839.62,0.257597
32,30,34,1823.96,0.239257
32,30,35,1810.29,0.209627
32,30,36,1802.44,0.173877
32,30,37,1804.05,0.137088
32,30,38,1817.69,0.103331
32,30,39,1844.24,0.0752798
32,30,40,1881.87,0.0544509
32,30,41,1928.66,0.0415255
32,30,42,1981.41,0.0363738
32,30,43,2036.03,0.0379015
32,30,44,2086.73,0.0442403
32,30,45,2125.22,0.0526747
32,30,46,2141.2,0.0599944
32,30,47,2123.99,0.063521
32,30,48,2064.66,0.0617744
32,30,49,1959.05,0.0548419
32,31,0,2737.09,0.298798
32,31,1,2911.76,0.358464
32,31,2,3021.79,0.407034
32,31,3,3078.55,0.442365
32,31,4,3095.03,0.464629
32,31,5,3081.87,0.474885
32,31,6,3045.61,0.474383
32,31,7,2989.51,0.464611
32,31,8,2915.64,0.447845
32,31,9,2827.54,0.427308
32,31,10,2731.39,0.406699
32,31,11,2634.87,0.388649
32,31,12,2547.14,0.374557
32,31,13,2473.64,0.36417
32,31,14,2416.04,0.356418
32,31,15,2372.29,0.350272
32,31,16,2338.42,0.344918
32,31,17,2310.27,0.339523
32,31,18,2284.51,0.332509
32,31,19,2258.8,0.321764
32,31,20,2231.09,0.305084
32,31,21,2199.41,0.281343
32,31,22,2162.37,0.251738
32,31,23,2119.43,0.219863
32,31,24,2071.83,0.190667
32,31,25,2023.07,0.169423
32,31,26,1977.95,0.160039
32,31,27,1941.22,0.163801
32,31,28,1915.48,0.179081
32,31,29,1900.33,0.201422
32,31,30,1892.43,0.224467
32,31,31,1886.86,0.241475
32,31,32,1879.15,0.247476
32,31,33,1866.35,0.240329
32,31,34,1848.68,0.221159
32,31,35,1829.27,0.193475
32,31,36,1813.15,0.161644
32,31,37,1805.84,0.129572
32,31,38,1811.84,0.100224
32,31,39,1833.45,0.0755556
32,31,40,1869.3,0.0569523
32,31,41,1917.29,0.0454067
32,31,42,1973.56,0.0413366
32,31,43,2033.31,0.0441066
32,31,44,2090.06,0.0520743
32,31,45,2134.86,0.0624049
32,31,46,2156.65,0.0715029
32,31,47,2143.98,0.0761505
32,31,48,2087.31,0.0744444
32,31,49,1982.17,0.06638
32,32,0,2716.66,0.267718
32,32,1,2893.09,0.319737
32,32,2,3005.33,0.361317
32,32,3,3064.19,0.390907
32,32,4,3082.14,0.409128
32,32,5,3069.44,0.417266
32,32,6,3032.39,0.416517
32,32,7,2974.21,0.408039
32,32,8,2897.26,0.393717
32,32,9,2805.58,0.376475
32,32,10,2706,0.359881
32,32,11,2606.9,0.346636
32,32,12,2517.97,0.338161
32,32,13,2445.19,0.334091
32,32,14,2390.55,0.332962
32,32,15,2351.96,0.333173
32,32,16,2325.1,0.333353
32,32,17,2305.1,0.332344
32,32,18,2287.72,0.328616
32,32,19,2269.77,0.320417
32,32,20,2248.45,0.305991
32,32,21,2221.46,0.284541
32,32,22,2187.32,0.257434
32,32,23,2145.7,0.228218
32,32,24,2098.14,0.201588
32,32,25,2048.59,0.182272
32,32,26,2002.53,0.173511
32,32,27,1965.56,0.175992
32,32,28,1941.09,0.187784
32,32,29,1929.01,0.204611
32,32,30,1925.53,0.220929
32,32,31,1924.59,0.231335
32,32,32,1920.24,0.232347
32,32,33,1908.25,0.223034
32,32,34,1888.11,0.20495
32,32,35,1863.02,0.181133
32,32,36,1838.86,0.154731
32,32,37,1822.59,0.128249
32,32,38,1820.39,0.103544
32,32,39,1835.93,0.0819989
32,32,40,1868.59,0.065069
32,32,41,1916.43,0.0542277
32,32,42,1975.3,0.0505546
32,32,43,2039.76,0.0539279
32,32,44,2102.57,0.0629391
32,32,45,2153.87,0.0746261
32,32,46,2181.59,0.0849929
32,32,47,2173.37,0.0902737
32,32,48,2119,0.0881533
32,32,49,2013.7,0.0785579
32,33,0,2685.92,0.244543
32,33,1,2865.75,0.291434
32,33,2,2981.81,0.32825
32,33,3,3043.83,0.353566
32,33,4,3063.64,0.368096
32,33,5,3051.17,0.373209
32,33,6,3012.92,0.370189
32,33,7,2952.65,0.360246
32,33,8,2873.52,0.345425
32,33,9,2780.34,0.328936
32,33,10,2680.37,0.314697
32,33,11,2582.03,0.305764
32,33,12,2494.67,0.303551
32,33,13,2423.97,0.307257
32,33,14,2371.92,0.314502
32,33,15,2336.56,0.322577
32,33,16,2313.85,0.329152
32,33,17,2298.9,0.33262
32,33,18,2287.22,0.331686
32,33,19,2275.21,0.325355
32,33,20,2259.69,0.312761
32,33,21,2238.28,0.293711
32,33,22,2209.48,0.26971
32,33,23,2173.07,0.243932
32,33,24,2130.47,0.220348
32,33,25,2085.33,0.202764
32,33,26,2042.87,0.193646
32,33,27,2008.63,0.193292
32,33,28,1986.36,0.199955
32,33,29,1976.4,0.210086
32,33,30,1975.13,0.219375
32,33,31,1976.25,0.223896
32,33,32,1973.14,0.221464
32,33,33,1960.82,0.211951
32,33,34,1938.22,0.196851
32,33,35,1908.34,0.178334
32,33,36,1877.4,0.15811
32,33,37,1853.13,0.137271
32,33,38,1842.92,0.116697
32,33,39,1851.66,0.0973755
32,33,40,1879.72,0.0809857
32,33,41,1925.85,0.0695808
32,33,42,1986.03,0.064967
32,33,43,2054.49,0.0675998
32,33,44,2123.13,0.0763774
32,33,45,2180.96,0.0883021
32,33,46,2214.64,0.099048
32,33,47,2210.71,0.104341
32,33,48,2158.24,0.101451
32,33,49,2052.07,0.0901877
32,34,0,2655,0.235294
32,34,1,2838.88,0.280531
32,34,2,2958.99,0.31553
32,34,3,3023.87,0.338554
32,34,4,3044.69,0.35009
32,34,5,3031.36,0.351476
32,34,6,2990.97,0.344204
32,34,7,2928.32,0.329882
32,34,8,2847.72,0.311182
32,34,9,2754.8,0.292114
32,34,10,2656.98,0.277383
32,34,11,2562.1,0.270691
32,34,12,2478.31,0.273584
32,34,13,2410.41,0.284766
32,34,14,2360.1,0.300744
32,34,15,2325.78,0.317397
32,34,16,2304.19,0.331094
32,34,17,2291.11,0.339505
32,34,18,2282.37,0.341451
32,34,19,2274.5,0.336789
32,34,20,2264.33,0.325778
32,34,21,2249.54,0.309076
32,34,22,2228.7,0.288399
32,34,23,2201.34,0.266365
32,34,24,2168.24,0.245902
32,34,25,2131.99,0.229619
32,34,26,2096.65,0.219162
32,34,27,2066.97,0.214695
32,34,28,2046.74,0.215136
32,34,29,2037.01,0.218149
32,34,30,2035.13,0.220945
32,34,31,2035.49,0.221026
32,34,32,2031.63,0.217137
32,34,33,2018.32,0.209438
32,34,34,1993.96,0.198922
32,34,35,1961.03,0.186651
32,34,36,1925.47,0.172912
32,34,37,1895.04,0.157547
32,34,38,1877.73,0.140653
32,34,39,1879.49,0.122941
32,34,40,1901.84,0.106316
32,34,41,1944.73,0.0933422
32,34,42,2004.88,0.0864804
32,34,43,2076.46,0.0867857
32,34,44,2150.54,0.0935856
32,34,45,2214.78,0.104059
32,34,46,2254.34,0.113762
32,34,47,2254.49,0.118062
32,34,48,2203.51,0.113862
32,34,49,2095.82,0.100782
32,35,0,2633.79,0.243936
32,35,1,2821.27,0.291332
32,35,2,2944.21,0.327516
32,35,3,3010.14,0.35007
32,35,4,3029.85,0.359058
32,35,5,3013.57,0.355803
32,35,6,2969.42,0.342208
32,35,7,2903.6,0.320643
32,35,8,2821.78,0.29483
32,35,9,2730.37,0.269945
32,35,10,2636.59,0.251745
32,35,11,2547.18,0.244702
32,35,12,2468.46,0.250587
32,35,13,2403.84,0.267682
32,35,14,2354.54,0.291431
32,35,15,2319.39,0.316292
32,35,16,2296.25,0.337189
32,35,17,2282.12,0.350821
32,35,18,2273.74,0.355855
32,35,19,2268.29,0.35284
32,35,20,2262.96,0.343171
32,35,21,2255.69,0.328507
32,35,22,2244.91,0.310886
32,35,23,2229.57,0.292374
32,35,24,2209.3,0.274722
32,35,25,2184.96,0.259237
32,35,26,2158.89,0.246766
32,35,27,2134.6,0.237552
32,35,28,2115.8,0.231516
32,35,29,2104.5,0.227847
32,35,30,2099.67,0.225369
32,35,31,2097.16,0.222834
32,35,32,2091.32,0.219503
32,35,33,2077.03,0.215357
32,35,34,2052.15,0.210576
32,35,35,2018.35,0.205071
32,35,36,1980.68,0.197903
32,35,37,1946.32,0.187961
32,35,38,1923.28,0.174761
32,35,39,1918.29,0.158781
32,35,40,1934.18,0.141979
32,35,41,1972.55,0.127171
32,35,42,2031.33,0.117231
32,35,43,2104.96,0.113757
32,35,44,2183.83,0.116641
32,35,45,2254.08,0.123548
32,35,46,2299.25,0.130263
32,35,47,2303.21,0.132083
32,35,48,2253.34,0.12567
32,35,49,2143.61,0.110411
32,36,0,2628.68,0.27222
32,36,1,2818.49,0.325326
32,36,2,2942.07,0.365153
32,36,3,3006.34,0.388366
32,36,4,3022.09,0.394607
32,36,5,3000.26,0.385387
32,36,6,2950.33,0.363358
32,36,7,2880.16,0.332081
32,36,8,2796.94,0.296673
32,36,9,2707.8,0.263689
32,36,10,2619.51,0.239957
32,36,11,2537.29,0.230577
32,36,12,2465.22,0.237444
32,36,13,2404.91,0.258435
32,36,14,2356.77,0.288098
32,36,15,2319.9,0.319682
32,36,16,2293.39,0.34677
32,36,17,2275.77,0.365021
32,36,18,2265.24,0.37272
32,36,19,2260.14,0.370855
32,36,20,2258.45,0.361836
32,36,21,2258.47,0.348379
32,36,22,2258.39,0.332983
32,36,23,2256.27,0.317285
32,36,24,2250.18,0.301927
32,36,25,2239.01,0.286952
32,36,26,2223.09,0.272458
32,36,27,2204.64,0.258876
32,36,28,2187.16,0.247217
32,36,29,2173.72,0.238236
32,36,30,2165.13,0.232244
32,36,31,2159.1,0.228975
32,36,32,2151.12,0.227862
32,36,33,2136.44,0.228385
32,36,34,2112.43,0.229804
32,36,35,2079.68,0.231022
32,36,36,2042.03,0.230241
32,36,37,2005.6,0.225788
32,36,38,1978.06,0.216839
32,36,39,1966.71,0.203616
32,36,40,1975.74,0.187817
32,36,41,2008.64,0.172051
32,36,42,2064.87,0.159162
32,36,43,2139.47,0.151076
32,36,44,2222.23,0.148328
32,36,45,2297.8,0.149409
32,36,46,2348.05,0.150789
32,36,47,2355.41,0.148121
32,36,48,2306.3,0.138074
32,36,49,2194.15,0.119844
32,37,0,2640.42,0.31974
32,37,1,2831.07,0.381324
32,37,2,2953.02,0.426264
32,37,3,3013.05,0.450264
32,37,4,3022.27,0.452785
32,37,5,2992.62,0.435937
32,37,6,2935.09,0.403571
32,37,7,2859.37,0.360857
32,37,8,2774.33,0.31455
32,37,9,2687.84,0.272596
32,37,10,2606.17,0.242668
32,37,11,2532.79,0.230074
32,37,12,2469.35,0.236496
32,37,13,2415.27,0.2593
32,37,14,2369.67,0.292334
32,37,15,2331.6,0.328018
32,37,16,2301.13,0.358995
32,37,17,2278.45,0.380097
32,37,18,2263.56,0.389177
32,37,19,2256.4,0.387439
32,37,20,2256.13,0.378083
32,37,21,2261.57,0.364796
32,37,22,2270.74,0.350594
32,37,23,2280.66,0.336857
32,37,24,2287.84,0.323327
32,37,25,2289.26,0.308983
32,37,26,2283.39,0.293281
32,37,27,2271.24,0.276852
32,37,28,2256.04,0.261644
32,37,29,2241.7,0.249731
32,37,30,2230.6,0.242569
32,37,31,2222.19,0.240543
32,37,32,2213.17,0.243016
32,37,33,2199.25,0.248823
32,37,34,2177.31,0.256373
32,37,35,2146.9,0.263824
32,37,36,2110.53,0.268947
32,37,37,2073.17,0.269949
32,37,38,2041.98,0.265927
32,37,39,2024.66,0.256844
32,37,40,2026.76,0.243801
32,37,41,2053.63,0.228665
32,37,42,2106.42,0.213684
32,37,43,2180.9,0.200769
32,37,44,2266.41,0.191068
32,37,45,2346.26,0.184188
32,37,46,2400.68,0.17776
32,37,47,2410.76,0.168286
32,37,48,2361.9,0.152777
32,37,49,2246.98,0.130361
32,38,0,2665.31,0.383619
32,38,1,2855.72,0.455394
32,38,2,2974.63,0.505855
32,38,3,3028.98,0.529887
32,38,4,3030.42,0.527218
32,38,5,2991.86,0.501109
32,38,6,2925.82,0.457085
32,38,7,2843.92,0.402258
32,38,8,2756.75,0.345069
32,38,9,2673.14,0.294659
32,38,10,2598.96,0.25911
32,38,11,2535.97,0.243359
32,38,12,2483.3,0.24842
32,38,13,2437.92,0.27098
32,38,14,2397.22,0.304403
32,38,15,2359.7,0.340777
32,38,16,2326.01,0.372406
32,38,17,2297.79,0.393746
32,38,18,2276.96,0.402375
32,38,19,2265.29,0.399575
32,38,20,2263.4,0.389057
32,38,21,2270.94,0.375239
32,38,22,2285.95,0.361579
32,38,23,2304.7,0.34933
32,38,24,2322.41,0.337617
32,38,25,2334.49,0.324671
32,38,26,2337.93,0.309482
32,38,27,2332.72,0.292826
32,38,28,2321.64,0.277243
32,38,29,2308.99,0.265658
32,38,30,2298.11,0.260156
32,38,31,2289.72,0.26141
32,38,32,2281.48,0.268553
32,38,33,2269.51,0.279788
32,38,34,2250.36,0.292846
32,38,35,2222.72,0.305455
32,38,36,2187.91,0.315393
32,38,37,2149.93,0.321181
32,38,38,2115.47,0.322158
32,38,39,2092.6,0.318111
32,38,40,2088.05,0.309306
32,38,41,2108.88,0.296408
32,38,42,2157.8,0.280496
32,38,43,2231.35,0.263044
32,38,44,2318.53,0.245647
32,38,45,2401.46,0.229175
32,38,46,2458.93,0.212788
32,38,47,2470.8,0.194287
32,38,48,2421.51,0.171369
32,38,49,2303.31,0.143288
32,39,0,2696.72,0.459059
32,39,1,2886.78,0.541693
32,39,2,3002.73,0.597184
32,39,3,3051.8,0.619859
32,39,4,3046.07,0.610267
32,39,5,2999.32,0.573444
32,39,6,2925.38,0.517068
32,39,7,2837.63,0.450394
32,39,8,2748.46,0.38342
32,39,9,2667.87,0.326081
32,39,10,2601.59,0.286298
32,39,11,2549.93,0.268023
32,39,12,2509.66,0.271157
32,39,13,2475.26,0.291587
32,39,14,2442.1,0.322449
32,39,15,2407.73,0.356025
32,39,16,2372.89,0.384951
32,39,17,2340.21,0.403875
32,39,18,2313.25,0.410393
32,39,19,2295.49,0.405829
32,39,20,2289.11,0.394123
32,39,21,2294.85,0.380072
32,39,22,2311.15,0.367335
32,39,23,2334.07,0.35705
32,39,24,2358.15,0.347984
32,39,25,2377.84,0.337963
32,39,26,2389.04,0.325744
32,39,27,2390.94,0.312182
32,39,28,2385.7,0.300016
32,39,29,2377.5,0.292467
32,39,30,2369.91,0.291694
32,39,31,2364.25,0.298326
32,39,32,2358.73,0.311173
32,39,33,2349.76,0.327881
32,39,34,2333.74,0.345659
32,39,35,2308.74,0.362014
32,39,36,2275.29,0.375032
32,39,37,2236.71,0.383873
32,39,38,2199.41,0.388468
32,39,39,2171.78,0.388679
32,39,40,2161.51,0.383989
32,39,41,2177.08,0.373701
32,39,42,2222.46,0.357393
32,39,43,2294.84,0.335732
32,39,44,2382.95,0.310497
32,39,45,2467.92,0.283731
32,39,46,2527.32,0.256214
32,39,47,2539.95,0.22725
32,39,48,2489.35,0.195431
32,39,49,2367.09,0.160309
32,40,0,2727.66,0.540031
32,40,1,2918.31,0.633398
32,40,2,3032.84,0.692945
32,40,3,3078.68,0.712679
32,40,4,3068.21,0.694501
32,40,5,3015.71,0.645811
32,40,6,2935.96,0.576883
32,40,7,2843.84,0.499211
32,40,8,2753.37,0.424082
32,40,9,2675.79,0.361707
32,40,10,2617.03,0.319235
32,40,11,2576.37,0.299136
32,40,12,2548.73,0.299929
32,40,13,2526.35,0.316726
32,40,14,2502.72,0.342733
32,40,15,2474.29,0.370872
32,40,16,2441.38,0.394654
32,40,17,2406.97,0.409395
32,40,18,2375.57,0.413029
32,40,19,2351.89,0.406952
32,40,20,2339.43,0.3951
32,40,21,2340.09,0.382255
32,40,22,2353.16,0.371927
32,40,23,2375.19,0.36501
32,40,24,2400.81,0.360079
32,40,25,2424.2,0.354895
32,40,26,2440.69,0.34825
32,40,27,2448.86,0.341091
32,40,28,2450.12,0.336033
32,40,29,2448.05,0.336106
32,40,30,2445.84,0.343062
32,40,31,2444.76,0.357193
32,40,32,2443.2,0.376914
32,40,33,2437.76,0.39935
32,40,34,2424.8,0.421222
32,40,35,2402.15,0.439833
32,40,36,2369.88,0.453638
32,40,37,2331.01,0.462611
32,40,38,2291.78,0.467601
32,40,39,2260.83,0.468984
32,40,40,2246.57,0.465879
32,40,41,2258.49,0.456534
32,40,42,2301.51,0.439096
32,40,43,2373.26,0.41328
32,40,44,2462.22,0.380744
32,40,45,2548.67,0.34434
32,40,46,2609.19,0.306154
32,40,47,2621.72,0.26679
32,40,48,2568.99,0.225661
32,40,49,2441.84,0.182684
32,41,0,2754.29,0.621061
32,41,1,2947.19,0.724748
32,41,2,3062.72,0.787405
32,41,3,3108.31,0.802826
32,41,4,3096.45,0.774637
32,41,5,3041.64,0.713114
32,41,6,2959.21,0.631543
32,41,7,2865.04,0.543719
32,41,8,2774.38,0.461913
32,41,9,2699.56,0.396072
32,41,10,2646.9,0.352045
32,41,11,2615.22,0.330547
32,41,12,2598.41,0.328705
32,41,13,2587.28,0.341067
32,41,14,2573.92,0.361202
32,41,15,2553.76,0.382927
32,41,16,2526.3,0.400858
32,41,17,2494.16,0.411198
32,41,18,2461.88,0.412421
32,41,19,2434.53,0.406095
32,41,20,2416.39,0.396032
32,41,21,2410.34,0.386709
32,41,22,2416.83,0.381137
32,41,23,2433.55,0.379763
32,41,24,2456.01,0.38102
32,41,25,2478.86,0.382829
32,41,26,2497.38,0.384267
32,41,27,2509.76,0.386397
32,41,28,2516.6,0.39151
32,41,29,2520.57,0.402083
32,41,30,2524.06,0.419141
32,41,31,2527.91,0.442464
32,41,32,2530.47,0.470047
32,41,33,2528.47,0.498496
32,41,34,2518.4,0.523938
32,41,35,2498.08,0.543277
32,41,36,2467.44,0.555147
32,41,37,2429.35,0.560296
32,41,38,2390.01,0.560778
32,41,39,2358.17,0.558067
32,41,40,2342.67,0.551686
32,41,41,2353.58,0.5396
32,41,42,2396.38,0.519034
32,41,43,2468.91,0.488883
32,41,44,2559.31,0.450387
32,41,45,2647.21,0.406584
32,41,46,2708.43,0.360128
32,41,47,2720.27,0.312249
32,41,48,2664.77,0.262766
32,41,49,2531.92,0.211874
32,42,0,2775.5,0.697354
32,42,1,2972.4,0.810976
32,42,2,3091.32,0.876218
32,42,3,3139.53,0.886557
32,42,4,3129.5,0.847484
32,42,5,3075.75,0.772481
32,42,6,2993.87,0.678168
32,42,7,2900.21,0.580678
32,42,8,2810.58,0.493
32,42,9,2737.91,0.424391
32,42,10,2688.92,0.379095
32,42,11,2662.67,0.356113
32,42,12,2653.07,0.351462
32,42,13,2650.6,0.35948
32,42,14,2646.75,0.374293
32,42,15,2636.19,0.390574
32,42,16,2617.36,0.403877
32,42,17,2591.75,0.411181
32,42,18,2563.04,0.411544
32,42,19,2535.74,0.406828
32,42,20,2514.12,0.400767
32,42,21,2501.69,0.397434
32,42,22,2500.04,0.399115
32,42,23,2508.44,0.405624
32,42,24,2523.96,0.415207
32,42,25,2542.4,0.426054
32,42,26,2559.52,0.437663
32,42,27,2573.32,0.451224
32,42,28,2583.61,0.468574
32,42,29,2592.02,0.491406
32,42,30,2599.96,0.519866
32,42,31,2607.73,0.553181
32,42,32,2613.58,0.588982
32,42,33,2614.43,0.623383
32,42,34,2607.06,0.651753
32,42,35,2589.41,0.670272
32,42,36,2561.41,0.677359
32,42,37,2525.9,0.674348
32,42,38,2488.99,0.664672
32,42,39,2459.43,0.651529
32,42,40,2446.06,0.635797
32,42,41,2459.18,0.616223
32,42,42,2504.37,0.589949
32,42,43,2579.43,0.555411
32,42,44,2672.14,0.513188
32,42,45,2761.62,0.465719
32,42,46,2823.29,0.415164
32,42,47,2834.09,0.362338
32,42,48,2775.52,0.306767
32,42,49,2636.64,0.248692
32,43,0,2790.56,0.764132
32,43,1,2992.62,0.887185
32,43,2,3116.5,0.954893
32,43,3,3169.25,0.960199
32,43,4,3163.28,0.910339
32,43,5,3113.15,0.822047
32,43,6,3034.48,0.715356
32,43,7,2943.55,0.60864
32,43,8,2856,0.515369
32,43,9,2784.67,0.443854
32,43,10,2736.52,0.396737
32,43,11,2711.39,0.371677
32,43,12,2704.33,0.364104
32,43,13,2706.69,0.368554
32,43,14,2710.31,0.379753
32,43,15,2709.38,0.392928
32,43,16,2701.15,0.404077
32,43,17,2685.48,0.41059
32,43,18,2664.36,0.412013
32,43,19,2640.97,0.41063
32,43,20,2618.9,0.41028
32,43,21,2601.76,0.414752
32,43,22,2592.14,0.425586
32,43,23,2591.02,0.441887
32,43,24,2597.43,0.461647
32,43,25,2608.85,0.483287
32,43,26,2621.94,0.506711
32,43,27,2634.7,0.533123
32,43,28,2646.19,0.563767
32,43,29,2656.94,0.599379
32,43,30,2667.4,0.639186
32,43,31,2677.4,0.681946
32,43,32,2685.22,0.725117
32,43,33,2688.14,0.764463
32,43,34,2683.3,0.79454
32,43,35,2668.84,0.81053
32,43,36,2644.75,0.810207
32,43,37,2613.84,0.795205
32,43,38,2582.04,0.77038
32,43,39,2557.89,0.741145
32,43,40,2549.94,0.710606
32,43,41,2568.24,0.679344
32,43,42,2618.09,0.645325
32,43,43,2697,0.606967
32,43,44,2792.42,0.564005
32,43,45,2883.32,0.517484
32,43,46,2945.03,0.46795
32,43,47,2954.54,0.414664
32,43,48,2892.98,0.356075
32,43,49,2748.41,0.292172
32,44,0,2796.2,0.815254
32,44,1,3003.4,0.946434
32,44,2,3132.59,1.01643
32,44,3,3190.51,1.01749
32,44,4,3189.61,0.958289
32,44,5,3144.54,0.858466
32,44,6,3070.83,0.741112
32,44,7,2984.3,0.626446
32,44,8,2899.7,0.528117
32,44,9,2829.03,0.453378
32,44,10,2779.22,0.403546
32,44,11,2751.22,0.375566
32,44,12,2742.11,0.364939
32,44,13,2745.16,0.366794
32,44,14,2753.37,0.376372
32,44,15,2760.88,0.389021
32,44,16,2763.67,0.400577
32,44,17,2759.64,0.408399
32,44,18,2748.66,0.412348
32,44,19,2732.05,0.415232
32,44,20,2712.19,0.421231
32,44,21,2692.46,0.434114
32,44,22,2676.15,0.454854
32,44,23,2665.89,0.481934
32,44,24,2662.86,0.513058
32,44,25,2666.45,0.546744
32,44,26,2674.48,0.583099
32,44,27,2685.01,0.623073
32,44,28,2696.33,0.667092
32,44,29,2707.88,0.714753
32,44,30,2719.23,0.76438
32,44,31,2729.87,0.814439
32,44,32,2738.4,0.862545
32,44,33,2742.62,0.904469
32,44,34,2740.15,0.934151
32,44,35,2729.34,0.945724
32,44,36,2710.22,0.93602
32,44,37,2685.47,0.906693
32,44,38,2660.8,0.863894
32,44,39,2644.34,0.815436
32,44,40,2644.06,0.767171
32,44,41,2669.35,0.722217
32,44,42,2724.96,0.680027
32,44,43,2807.94,0.639344
32,44,44,2905.63,0.598926
32,44,45,2997.18,0.557821
32,44,46,3058.28,0.514105
32,44,47,3066.24,0.464621
32,44,48,3002.04,0.406152
32,44,49,2852.79,0.338206
32,45,0,2783.65,0.842249
32,45,1,2994.71,0.978552
32,45,2,3128.43,1.04992
32,45,3,3191.19,1.048
32,45,4,3195.5,0.982453
32,45,5,3156.14,0.875035
32,45,6,3088.53,0.750964
32,45,7,3007.69,0.631476
32,45,8,2926.89,0.529921
32,45,9,2856.76,0.452446
32,45,10,2803.82,0.399482
32,45,11,2770.23,0.367989
32,45,12,2755.54,0.354189
32,45,13,2755.68,0.354126
32,45,14,2765.44,0.363432
32,45,15,2779.28,0.377219
32,45,16,2792.05,0.390694
32,45,17,2799.59,0.400873
32,45,18,2799.45,0.407768
32,45,19,2790.87,0.414741
32,45,20,2774.85,0.426477
32,45,21,2754.25,0.446999
32,45,22,2732.91,0.477006
32,45,23,2714.96,0.514595
32,45,24,2703.65,0.557208
32,45,25,2700.31,0.603283
32,45,26,2703.91,0.652794
32,45,27,2712.52,0.70605
32,45,28,2723.58,0.762367
32,45,29,2735.41,0.82003
32,45,30,2746.79,0.876519
32,45,31,2757.09,0.930248
32,45,32,2765.5,0.979423
32,45,33,2770.47,1.02035
32,45,34,2770.21,1.04685
32,45,35,2763.23,1.05225
32,45,36,2749.54,1.03239
32,45,37,2731.62,0.988739
32,45,38,2714.89,0.92842
32,45,39,2706.95,0.861423
32,45,40,2714.99,0.796318
32,45,41,2747.53,0.738869
32,45,42,2808.52,0.690215
32,45,43,2894.68,0.649524
32,45,44,2993.47,0.614507
32,45,45,3084.56,0.581983
32,45,46,3144.34,0.547261
32,45,47,3150.54,0.504523
32,45,48,3084.16,0.448753
32,45,49,2931.53,0.378902
32,46,0,2739.78,0.835502
32,46,1,2952.16,0.971716
32,46,2,3088.86,1.04231
32,46,3,3155.66,1.03872
32,46,4,3165,0.971109
32,46,5,3131.79,0.862125
32,46,6,3071.2,0.737658
32,46,7,2997.2,0.618736
32,46,8,2921.28,0.517739
32,46,9,2852.27,0.439645
32,46,10,2796.06,0.384429
32,46,11,2755.84,0.34968
32,46,12,2733.7,0.332837
32,46,13,2728.47,0.331064
32,46,14,2737.14,0.340339
32,46,15,2754.78,0.355431
32,46,16,2775.41,0.370793
32,46,17,2792.98,0.383027
32,46,18,2802.76,0.392196
32,46,19,2801.98,0.402114
32,46,20,2790.2,0.417965
32,46,21,2769.75,0.444162
32,46,22,2744.92,0.481425
32,46,23,2721.15,0.527777
32,46,24,2703.6,0.580505
32,46,25,2695.3,0.637815
32,46,26,2696.21,0.699189
32,46,27,2704.17,0.763904
32,46,28,2715.72,0.82993
32,46,29,2728.05,0.894167
32,46,30,2739.29,0.953389
32,46,31,2748.91,1.00622
32,46,32,2756.83,1.05188
32,46,33,2762.32,1.0878
32,46,34,2764.13,1.1083
32,46,35,2760.89,1.10645
32,46,36,2752.46,1.07731
32,46,37,2741.08,1.02202
32,46,38,2731.85,0.948213
32,46,39,2731.85,0.867407
32,46,40,2747.38,0.79027
32,46,41,2786.01,0.724675
32,46,42,2850.94,0.673142
32,46,43,2938.66,0.635106
32,46,44,3037.09,0.607259
32,46,45,3126.7,0.584429
32,46,46,3184.58,0.559559
32,46,47,3188.89,0.524665
32,46,48,3120.67,0.473343
32,46,49,2965.88,0.404114
32,47,0,2650.55,0.788181
32,47,1,2860.41,0.917356
32,47,2,2997.89,0.983888
32,47,3,3067.7,0.979666
32,47,4,3081.93,0.914768
32,47,5,3055.38,0.811327
32,47,6,3002.77,0.694161
32,47,7,2936.84,0.582691
32,47,8,2867.07,0.48762
32,47,9,2800.44,0.412668
32,47,10,2742.03,0.357645
32,47,11,2695.86,0.321107
32,47,12,2666.22,0.301916
32,47,13,2654.69,0.298413
32,47,14,2660.46,0.30699
32,47,15,2679.5,0.322264
32,47,16,2705.34,0.338195
32,47,17,2730.42,0.351148
32,47,18,2748.08,0.361203
32,47,19,2753.75,0.372406
32,47,20,2745.69,0.390219
32,47,21,2725.79,0.419366
32,47,22,2698.68,0.46078
32,47,23,2671.02,0.512698
32,47,24,2649.52,0.572412
32,47,25,2638.56,0.637832
32,47,26,2638.71,0.707697
32,47,27,2647.43,0.780049
32,47,28,2660.28,0.851479
32,47,29,2673.49,0.917661
32,47,30,2684.72,0.974917
32,47,31,2693.67,1.02231
32,47,32,2701.11,1.06036
32,47,33,2707.1,1.08798
32,47,34,2710.86,1.10063
32,47,35,2711.01,1.0917
32,47,36,2707.2,1.0559
32,47,37,2701.41,0.993978
32,47,38,2698.4,0.91352
32,47,39,2704.76,0.826634
32,47,40,2726.01,0.745019
32,47,41,2768.77,0.677644
32,47,42,2835.63,0.627739
32,47,43,2923.09,0.594706
32,47,44,3019.76,0.574403
32,47,45,3107.04,0.560324
32,47,46,3162.68,0.544023
32,47,47,3165.07,0.516438
32,47,48,3095.34,0.470607
32,47,49,2939.65,0.40488
32,48,0,2505.92,0.700408
32,48,1,2707.76,0.815333
32,48,2,2842.76,0.874201
32,48,3,2914.09,0.869983
32,48,4,2932.95,0.81214
32,48,5,2913.64,0.72086
32,48,6,2870.06,0.618254
32,48,7,2813.46,0.520936
32,48,8,2751.32,0.437382
32,48,9,2688.84,0.370027
32,48,10,2630.3,0.318643
32,48,11,2580.29,0.282768
32,48,12,2544.77,0.262566
32,48,13,2527.54,0.257447
32,48,14,2529.7,0.264367
32,48,15,2548.16,0.278183
32,48,16,2576.41,0.292885
32,48,17,2605.97,0.304925
32,48,18,2628.79,0.314401
32,48,19,2638.91,0.32528
32,48,20,2633.58,0.342917
32,48,21,2614.32,0.372073
32,48,22,2586.12,0.413929
32,48,23,2556.5,0.467128
32,48,24,2533.32,0.529145
32,48,25,2521.77,0.597653
32,48,26,2522.62,0.670627
32,48,27,2532.86,0.744967
32,48,28,2547.25,0.816171
32,48,29,2561.29,0.879102
32,48,30,2572.45,0.929995
32,48,31,2580.77,0.9685
32,48,32,2587.84,0.996379
32,48,33,2594.35,1.01414
32,48,34,2599.87,1.01869
32,48,35,2602.9,1.00425
32,48,36,2602.84,0.965675
32,48,37,2601.38,0.903384
32,48,38,2602.97,0.82434
32,48,39,2613.76,0.740187
32,48,40,2638.57,0.662417
32,48,41,2683.18,0.599914
32,48,42,2749.69,0.555858
32,48,43,2834.86,0.529351
32,48,44,2928.21,0.515775
32,48,45,3012.17,0.50818
32,48,46,3065.13,0.497971
32,48,47,3065.65,0.476306
32,48,48,2995.06,0.436606
32,48,49,2840.49,0.377347
32,49,0,2304.8,0.581265
32,49,1,2491.1,0.676318
32,49,2,2618.75,0.72465
32,49,3,2689.07,0.720745
32,49,4,2711.79,0.672948
32,49,5,2700.03,0.59838
32,49,6,2666.38,0.515292
32,49,7,2620.29,0.436777
32,49,8,2567.35,0.368903
32,49,9,2511.14,0.312931
32,49,10,2455.28,0.268608
32,49,11,2404.63,0.236205
32,49,12,2366.19,0.216807
32,49,13,2345.19,0.210637
32,49,14,2344.07,0.215331
32,49,15,2360.58,0.226409
32,49,16,2388.57,0.238457
32,49,17,2419.36,0.24834
32,49,18,2444.25,0.256183
32,49,19,2456.55,0.265559
32,49,20,2452.84,0.281302
32,49,21,2434.43,0.307842
32,49,22,2406.48,0.346514
32,49,23,2377.01,0.396428
32,49,24,2354.28,0.455394
32,49,25,2343.73,0.521011
32,49,26,2345.97,0.590704
32,49,27,2357.59,0.660637
32,49,28,2372.9,0.725761
32,49,29,2387.13,0.780753
32,49,30,2397.83,0.822148
32,49,31,2405.43,0.850179
32,49,32,2412.14,0.867544
32,49,33,2419.08,0.876009
32,49,34,2425.99,0.873892
32,49,35,2431.23,0.856609
32,49,36,2433.95,0.819549
32,49,37,2435.55,0.762879
32,49,38,2440.14,0.692512
32,49,39,2453.38,0.6187
32,49,40,2479.47,0.551638
32,49,41,2523.38,0.499122
32,49,42,2586.9,0.463714
32,49,43,2667.17,0.444138
32,49,44,2754.88,0.435761
32,49,45,2833.78,0.432077
32,49,46,2883.14,0.425435
32,49,47,2881.92,0.408285
32,49,48,2812.1,0.375172
32,49,49,2662.57,0.324907
33,0,0,2579.85,0.346218
33,0,1,2764.88,0.427593
33,0,2,2890.97,0.496138
33,0,3,2969.97,0.545759
33,0,4,3019.74,0.575059
33,0,5,3058.02,0.587429
33,0,6,3096.83,0.588987
33,0,7,3138.7,0.586348
33,0,8,3178.09,0.584098
33,0,9,3206.34,0.583955
33,0,10,3216.6,0.58536
33,0,11,3206.08,0.58701
33,0,12,3177.25,0.588457
33,0,13,3135.89,0.589852
33,0,14,3089.1,0.590305
33,0,15,3042.31,0.587373
33,0,16,2996.36,0.577224
33,0,17,2946.97,0.556257
33,0,18,2886.91,0.522957
33,0,19,2809.73,0.478722
33,0,20,2713.12,0.427756
33,0,21,2599.91,0.375244
33,0,22,2478.1,0.326135
33,0,23,2358.36,0.283483
33,0,24,2251.3,0.248144
33,0,25,2164.32,0.219319
33,0,26,2100.76,0.195157
33,0,27,2059.32,0.173777
33,0,28,2034.76,0.153436
33,0,29,2019.59,0.13315
33,0,30,2005.95,0.112679
33,0,31,1987.27,0.092602
33,0,32,1959.03,0.0739558
33,0,33,1919.36,0.0576672
33,0,34,1869.51,0.0441712
33,0,35,1813.68,0.0335403
33,0,36,1758.79,0.0254516
33,0,37,1713.44,0.0193297
33,0,38,1686.16,0.0149764
33,0,39,1682.83,0.0125755
33,0,40,1704.05,0.0125712
33,0,41,1745.05,0.0153636
33,0,42,1796.1,0.021258
33,0,43,1844.86,0.0295751
33,0,44,1879.46,0.038736
33,0,45,1890.19,0.0463931
33,0,46,1870.57,0.0502372
33,0,47,1817.37,0.0489613
33,0,48,1731.43,0.0428709
33,0,49,1618.46,0.0337023
33,1,0,2828.41,0.423298
33,1,1,3016.75,0.518415
33,1,2,3140.79,0.596977
33,1,3,3215.09,0.652485
33,1,4,3258.08,0.684076
33,1,5,3287.08,0.696294
33,1,6,3314.04,0.696673
33,1,7,3342.48,0.693065
33,1,8,3368.62,0.691001
33,1,9,3385.67,0.692626
33,1,10,3387.97,0.697281
33,1,11,3372.97,0.703024
33,1,12,3342.56,0.708449
33,1,13,3301.34,0.712404
33,1,14,3254.99,0.712672
33,1,15,3207.78,0.705853
33,1,16,3159.92,0.687903
33,1,17,3107.09,0.65587
33,1,18,3042.45,0.609602
33,1,19,2960.1,0.55219
33,1,20,2858.13,0.489301
33,1,21,2739.66,0.427001
33,1,22,2612.87,0.370516
33,1,23,2488.5,0.322711
33,1,24,2377.35,0.283926
33,1,25,2287.06,0.252833
33,1,26,2221.28,0.227126
33,1,27,2178.76,0.204526
33,1,28,2154,0.182976
33,1,29,2138.94,0.16112
33,1,30,2125.04,0.138478
33,1,31,2105.28,0.115555
33,1,32,2075,0.093582
33,1,33,2032.65,0.0738457
33,1,34,1980.03,0.0571798
33,1,35,1921.92,0.0439164
33,1,36,1865.62,0.0337972
33,1,37,1819.8,0.0261354
33,1,38,1792.88,0.0205829
33,1,39,1790.42,0.0171954
33,1,40,1812.67,0.0163581
33,1,41,1854.62,0.0184613
33,1,42,1906.46,0.0238707
33,1,43,1955.8,0.0318837
33,1,44,1990.68,0.040869
33,1,45,2001.02,0.04839
33,1,46,1979.72,0.0520475
33,1,47,1922.67,0.0504927
33,1,48,1829.7,0.0440497
33,1,49,1705.88,0.0345141
33,2,0,3021.38,0.482474
33,2,1,3205.33,0.585855
33,2,2,3322.27,0.669552
33,2,3,3388.64,0.72729
33,2,4,3422.76,0.759034
33,2,5,3441.12,0.770375
33,2,6,3455.35,0.769954
33,2,7,3469.78,0.766504
33,2,8,3482.33,0.766272
33,2,9,3487.97,0.771733
33,2,10,3482.18,0.78204
33,2,11,3462.68,0.794389
33,2,12,3430.9,0.806038
33,2,13,3390.22,0.814032
33,2,14,3344.8,0.814517
33,2,15,3297.54,0.803146
33,2,16,3247.93,0.776062
33,2,17,3191.7,0.731604
33,2,18,3122.78,0.671637
33,2,19,3036.31,0.601421
33,2,20,2931.2,0.528208
33,2,21,2811.1,0.458741
33,2,22,2684.19,0.398078
33,2,23,2560.81,0.348395
33,2,24,2451.2,0.309108
33,2,25,2362.59,0.27815
33,2,26,2298.41,0.252761
33,2,27,2257.24,0.230381
33,2,28,2233.49,0.208831
33,2,29,2218.79,0.186517
33,2,30,2204.38,0.162767
33,2,31,2183.21,0.137988
33,2,32,2150.95,0.113542
33,2,33,2106.63,0.0910494
33,2,34,2052.79,0.0717561
33,2,35,1994.73,0.0562657
33,2,36,1939.8,0.0443843
33,2,37,1896.14,0.0353043
33,2,38,1871.31,0.0284832
33,2,39,1869.94,0.023792
33,2,40,1891.74,0.0215136
33,2,41,1931.83,0.0220252
33,2,42,1981.04,0.0257856
33,2,43,2027.84,0.0321836
33,2,44,2060.82,0.0397193
33,2,45,2069.98,0.0461015
33,2,46,2047.75,0.0490488
33,2,47,1989.17,0.047269
33,2,48,1893.1,0.0410435
33,2,49,1763.72,0.0320332
33,3,0,3158.24,0.515158
33,3,1,3333.78,0.62058
33,3,2,3441.36,0.704446
33,3,3,3498.52,0.761225
33,3,4,3523.09,0.791759
33,3,5,3530.61,0.802306
33,3,6,3532.33,0.802078
33,3,7,3533.22,0.800221
33,3,8,3532.69,0.803445
33,3,9,3527.3,0.81449
33,3,10,3513.68,0.832338
33,3,11,3489.89,0.853276
33,3,12,3457.02,0.873055
33,3,13,3417.27,0.886676
33,3,14,3373.17,0.888526
33,3,15,3326.09,0.87337
33,3,16,3274.7,0.837801
33,3,17,3214.9,0.781803
33,3,18,3141.62,0.709562
33,3,19,3051.49,0.628693
33,3,20,2944.66,0.548006
33,3,21,2825.55,0.474712
33,3,22,2702.3,0.413339
33,3,23,2584.44,0.364978
33,3,24,2480.98,0.327792
33,3,25,2398.01,0.298817
33,3,26,2338.25,0.274891
33,3,27,2299.92,0.253364
33,3,28,2277.41,0.232214
33,3,29,2262.5,0.209868
33,3,30,2246.71,0.18562
33,3,31,2223.45,0.1598
33,3,32,2189.02,0.133837
33,3,33,2143.3,0.10956
33,3,34,2089.54,0.0885235
33,3,35,2033.41,0.0715082
33,3,36,1982.01,0.0583128
33,3,37,1942.47,0.047979
33,3,38,1920.97,0.0397471
33,3,39,1920.83,0.0332973
33,3,40,1941.13,0.0288215
33,3,41,1977.4,0.0267319
33,3,42,2021.66,0.027644
33,3,43,2063.79,0.0311635
33,3,44,2093.48,0.0360842
33,3,45,2101.03,0.0404473
33,3,46,2078.54,0.0422419
33,3,47,2020.32,0.0402892
33,3,48,1924.28,0.0347559
33,3,49,1793.71,0.0269959
33,4,0,3243.43,0.517744
33,4,1,3409.36,0.619661
33,4,2,3507.29,0.69986
33,4,3,3555.17,0.753813
33,4,4,3570.22,0.782988
33,4,5,3567.14,0.793703
33,4,6,3556.89,0.795053
33,4,7,3545.04,0.7961
33,4,8,3532.31,0.803775
33,4,9,3516.77,0.821122
33,4,10,3496.2,0.847134
33,4,11,3469.09,0.877394
33,4,12,3436.23,0.906289
33,4,13,3398.57,0.926866
33,4,14,3356.83,0.931838
33,4,15,3310.75,0.915161
33,4,16,3258.08,0.873921
33,4,17,3194.98,0.809705
33,4,18,3117.63,0.728879
33,4,19,3024.41,0.641223
33,4,20,2917.01,0.556896
33,4,21,2800.83,0.483389
33,4,22,2683.9,0.424491
33,4,23,2574.62,0.379987
33,4,24,2480.22,0.346625
33,4,25,2405.13,0.32049
33,4,26,2350.89,0.298113
33,4,27,2315.27,0.276984
33,4,28,2292.91,0.255563
33,4,29,2276.29,0.232665
33,4,30,2257.76,0.207805
33,4,31,2231.64,0.181339
33,4,32,2195.12,0.154692
33,4,33,2148.87,0.129711
33,4,34,2096.69,0.108017
33,4,35,2044.27,0.0903577
33,4,36,1998.08,0.076375
33,4,37,1963.94,0.0649095
33,4,38,1946.43,0.0550036
33,4,39,1947.56,0.0462113
33,4,40,1965.82,0.0387194
33,4,41,1997.33,0.0330782
33,4,42,2035.57,0.030144
33,4,43,2072.13,0.0298413
33,4,44,2098.02,0.0313531
33,4,45,2104.03,0.0331403
33,4,46,2081.98,0.0335191
33,4,47,2025.51,0.0314257
33,4,48,1931.68,0.0268468
33,4,49,1802.97,0.020722
33,5,0,3282.42,0.492162
33,5,1,3439.47,0.586629
33,5,2,3528.68,0.660995
33,5,3,3568.01,0.711722
33,5,4,3574.03,0.740441
33,5,5,3560.86,0.752848
33,5,6,3539.41,0.757211
33,5,7,3515.96,0.762043
33,5,8,3492.56,0.774282
33,5,9,3468.68,0.797369
33,5,10,3443.24,0.830621
33,5,11,3415.06,0.869359
33,5,12,3384.52,0.907014
33,5,13,3351.1,0.935084
33,5,14,3313.58,0.94489
33,5,15,3269.99,0.929688
33,5,16,3217.27,0.886928
33,5,17,3151.94,0.819448
33,5,18,3071.54,0.73529
33,5,19,2976.28,0.645877
33,5,20,2869.45,0.562322
33,5,21,2757.43,0.492179
33,5,22,2648.09,0.43841
33,5,23,2548.49,0.39946
33,5,24,2463.82,0.37068
33,5,25,2396.46,0.347275
33,5,26,2346.63,0.325591
33,5,27,2311.74,0.30352
33,5,28,2287.07,0.280317
33,5,29,2266.39,0.255588
33,5,30,2243.49,0.229389
33,5,31,2214.02,0.202263
33,5,32,2176.07,0.175582
33,5,33,2130.91,0.150965
33,5,34,2082.35,0.129771
33,5,35,2035.6,0.112416
33,5,36,1996.05,0.0981844
33,5,37,1968.08,0.0856608
33,5,38,1954.77,0.0737568
33,5,39,1957.05,0.0620341
33,5,40,1973.13,0.0508233
33,5,41,1999.83,0.0409478
33,5,42,2032.16,0.0335842
33,5,43,2063.4,0.0290251
33,5,44,2085.88,0.0268498
33,5,45,2090.9,0.0259178
33,5,46,2070.04,0.0248355
33,5,47,2016.32,0.0226148
33,5,48,1926.04,0.0190204
33,5,49,1800.93,0.0145516
33,6,0,3280.74,0.445204
33,6,1,3430.82,0.530139
33,6,2,3513.07,0.597989
33,6,3,3545.15,0.645991
33,6,4,3543.11,0.675475
33,6,5,3520.81,0.69098
33,6,6,3489.49,0.699421
33,6,7,3456.45,0.708399
33,6,8,3425.1,0.72466
33,6,9,3396.21,0.752094
33,6,10,3369.53,0.79063
33,6,11,3343.88,0.835808
33,6,12,3318.86,0.880633
33,6,13,3292.25,0.915631
33,6,14,3260.93,0.931155
33,6,15,3221.44,0.91996
33,6,16,3170.16,0.87971
33,6,17,3104.14,0.814023
33,6,18,3022.27,0.731958
33,6,19,2926.36,0.645883
33,6,20,2821.1,0.567341
33,6,21,2713.6,0.503691
33,6,22,2611.48,0.457031
33,6,23,2520.47,0.424569
33,6,24,2443.67,0.400421
33,6,25,2381.52,0.379065
33,6,26,2333,0.356803
33,6,27,2295.41,0.332141
33,6,28,2265.12,0.305385
33,6,29,2237.74,0.277297
33,6,30,2209.06,0.248788
33,6,31,2176.27,0.220778
33,6,32,2138.37,0.194553
33,6,33,2096.71,0.171273
33,6,34,2054.43,0.151683
33,6,35,2015.52,0.135548
33,6,36,1983.93,0.121598
33,6,37,1962.52,0.108119
33,6,38,1953.24,0.094
33,6,39,1956.43,0.0789797
33,6,40,1970.43,0.0637056
33,6,41,1992.91,0.0493998
33,6,42,2020.28,0.0376039
33,6,43,2047.34,0.02896
33,6,44,2067.5,0.0233707
33,6,45,2072.47,0.0199899
33,6,46,2053.58,0.0176188
33,6,47,2003.23,0.0152891
33,6,48,1917.06,0.0125377
33,6,49,1796.12,0.00947102
33,7,0,3244.2,0.38687
33,7,1,3389.82,0.46183
33,7,2,3467.4,0.52336
33,7,3,3494.07,0.569218
33,7,4,3485.6,0.600167
33,7,5,3455.98,0.619411
33,7,6,3417.27,0.632314
33,7,7,3378.11,0.645374
33,7,8,3343.23,0.664933
33,7,9,3314.29,0.695217
33,7,10,3291.22,0.736837
33,7,11,3272.2,0.785875
33,7,12,3255.59,0.835379
33,7,13,3237.54,0.875526
33,7,14,3213.38,0.896255
33,7,15,3178.69,0.890141
33,7,16,3129.75,0.855015
33,7,17,3064.25,0.794878
33,7,18,2982.27,0.719168
33,7,19,2886.8,0.640478
33,7,20,2783.49,0.570222
33,7,21,2679.82,0.515282
33,7,22,2583.01,0.47688
33,7,23,2497.66,0.451159
33,7,24,2425.12,0.431254
33,7,25,2364.24,0.411115
33,7,26,2313.08,0.387113
33,7,27,2269.15,0.358501
33,7,28,2230.2,0.326789
33,7,29,2194.09,0.294136
33,7,30,2158.92,0.262554
33,7,31,2123.62,0.233503
33,7,32,2087.9,0.208168
33,7,33,2052.64,0.18707
33,7,34,2019.55,0.17005
33,7,35,1990.72,0.155965
33,7,36,1968.24,0.142845
33,7,37,1953.59,0.128682
33,7,38,1947.96,0.112458
33,7,39,1951.74,0.0942468
33,7,40,1963.83,0.0751549
33,7,41,1982.92,0.0568726
33,7,42,2006.7,0.0412906
33,7,43,2031.15,0.0293192
33,7,44,2050.47,0.0210632
33,7,45,2056.55,0.0158347
33,7,46,2040.39,0.0125228
33,7,47,1993.79,0.0101362
33,7,48,1911.75,0.00801422
33,7,49,1794.73,0.00596456
33,8,0,3180.16,0.328094
33,8,1,3323.95,0.393807
33,8,2,3399.39,0.449484
33,8,3,3423.02,0.493216
33,8,4,3410.52,0.525255
33,8,5,3376.48,0.547716
33,8,6,3334.22,0.564625
33,8,7,3293.84,0.581371
33,8,8,3261.09,0.603657
33,8,9,3237.78,0.635704
33,8,10,3223.01,0.678565
33,8,11,3213.67,0.728898
33,8,12,3206.67,0.780123
33,8,13,3196.94,0.822663
33,8,14,3179.04,0.846689
33,8,15,3148.28,0.845058
33,8,16,3101.28,0.815856
33,8,17,3036.47,0.763166
33,8,18,2954.78,0.696264
33,8,19,2859.92,0.627309
33,8,20,2757.97,0.567075
33,8,21,2656.46,0.521726
33,8,22,2562.11,0.491658
33,8,23,2478.72,0.472208
33,8,24,2406.46,0.455844
33,8,25,2343.14,0.436211
33,8,26,2286.27,0.409819
33,8,27,2233.73,0.376673
33,8,28,2184.75,0.339486
33,8,29,2139.5,0.30187
33,8,30,2098.45,0.267039
33,8,31,2062.27,0.237089
33,8,32,2031.12,0.213098
33,8,33,2004.94,0.194847
33,8,34,1983.43,0.181121
33,8,35,1966.27,0.169732
33,8,36,1953.54,0.157987
33,8,37,1945.5,0.143634
33,8,38,1943.04,0.125858
33,8,39,1947.05,0.10516
33,8,40,1957.41,0.0831617
33,8,41,1973.98,0.061994
33,8,42,1995.57,0.0438073
33,8,43,2019.06,0.029664
33,8,44,2039.05,0.019748
33,8,45,2047.43,0.0134183
33,8,46,2034.71,0.00958007
33,8,47,1992.11,0.0072068
33,8,48,1913.96,0.0054961
33,8,49,1800.17,0.00406715
33,9,0,3097.99,0.278507
33,9,1,3242.33,0.336451
33,9,2,3318.12,0.386713
33,9,3,3341.28,0.42764
33,9,4,3327.68,0.45931
33,9,5,3292.87,0.483345
33,9,6,3251.65,0.502961
33,9,7,3215.41,0.522597
33,9,8,3190.3,0.547087
33,9,9,3177.25,0.58014
33,9,10,3173.67,0.622766
33,9,11,3174.76,0.671998
33,9,12,3176.13,0.721818
33,9,13,3172.24,0.763453
33,9,14,3157.79,0.788005
33,9,15,3128.53,0.789134
33,9,16,3081.74,0.765334
33,9,17,3016.51,0.720528
33,9,18,2934.37,0.663338
33,9,19,2839.27,0.604897
33,9,20,2737.32,0.554909
33,9,21,2635.82,0.518666
33,9,22,2541.1,0.495886
33,9,23,2456.52,0.481463
33,9,24,2381.69,0.467611
33,9,25,2313.94,0.447935
33,9,26,2250.53,0.419145
33,9,27,2189.73,0.381886
33,9,28,2131.97,0.339893
33,9,29,2079.41,0.298049
33,9,30,2034.66,0.260674
33,9,31,1999.89,0.230453
33,9,32,1975.45,0.20833
33,9,33,1960.06,0.19334
33,9,34,1951.17,0.183225
33,9,35,1945.99,0.174803
33,9,36,1942.69,0.164782
33,9,37,1940.62,0.150798
33,9,38,1940.65,0.132325
33,9,39,1944.56,0.110302
33,9,40,1953.39,0.0867942
33,9,41,1968.26,0.0642388
33,9,42,1988.94,0.0448917
33,9,43,2012.94,0.0298466
33,9,44,2034.99,0.0192815
33,9,45,2046.73,0.0125515
33,9,46,2038.14,0.00855915
33,9,47,1999.76,0.00625781
33,9,48,1925.24,0.00476695
33,9,49,1813.9,0.00361324
33,10,0,3008.47,0.244401
33,10,1,3155.15,0.296385
33,10,2,3233.33,0.34156
33,10,3,3258.29,0.37855
33,10,4,3246.32,0.407751
33,10,5,3214.15,0.431031
33,10,6,3177.99,0.451454
33,10,7,3150.12,0.472774
33,10,8,3136.29,0.498757
33,10,9,3135.75,0.53207
33,10,10,3143.69,0.573106
33,10,11,3153.56,0.618959
33,10,12,3160.14,0.664309
33,10,13,3158.18,0.701678
33,10,14,3143.23,0.723777
33,10,15,3112.05,0.725574
33,10,16,3062.8,0.706117
33,10,17,2995.2,0.668934
33,10,18,2911.09,0.621521
33,10,19,2814.36,0.573439
33,10,20,2710.91,0.532943
33,10,21,2607.7,0.504378
33,10,22,2510.79,0.48701
33,10,23,2423.47,0.47576
33,10,24,2345.36,0.463106
33,10,25,2273.7,0.442965
33,10,26,2205.7,0.412357
33,10,27,2139.79,0.372389
33,10,28,2077.18,0.327479
33,10,29,2021.37,0.283373
33,10,30,1976.49,0.245154
33,10,31,1945.73,0.215887
33,10,32,1929.39,0.196301
33,10,33,1924.93,0.184735
33,10,34,1927.82,0.178059
33,10,35,1933.19,0.172339
33,10,36,1937.77,0.163967
33,10,37,1940.28,0.15069
33,10,38,1941.91,0.132351
33,10,39,1945.39,0.110253
33,10,40,1952.98,0.0867329
33,10,41,1966.94,0.0643003
33,10,42,1987.89,0.0451259
33,10,43,2013.69,0.0302376
33,10,44,2038.97,0.0197831
33,10,45,2054.99,0.0131326
33,10,46,2051.12,0.00921512
33,10,47,2017.15,0.00699108
33,10,48,1946.01,0.00555103
33,10,49,1836.37,0.00439145
33,11,0,2920.69,0.227634
33,11,1,3070.85,0.275377
33,11,2,3152.72,0.3157
33,11,3,3180.99,0.347592
33,11,4,3172.49,0.372241
33,11,5,3145.15,0.392401
33,11,6,3116.39,0.411557
33,11,7,3098.84,0.43303
33,11,8,3097.25,0.45941
33,11,9,3108.74,0.491925
33,11,10,3126.2,0.529889
33,11,11,3141.64,0.570189
33,11,12,3149.43,0.608299
33,11,13,3145.08,0.638434
33,11,14,3125.48,0.65544
33,11,15,3088.72,0.655998
33,11,16,3034.04,0.639822
33,11,17,2961.82,0.609863
33,11,18,2874.1,0.572069
33,11,19,2774.59,0.53395
33,11,20,2668.82,0.501976
33,11,21,2563.39,0.479459
33,11,22,2464.26,0.465465
33,11,23,2374.89,0.455437
33,11,24,2295.17,0.442692
33,11,25,2222.53,0.421908
33,11,26,2154.13,0.390594
33,11,27,2088.37,0.350141
33,11,28,2026.65,0.305211
33,11,29,1973.01,0.26182
33,11,30,1932.27,0.225291
33,11,31,1907.97,0.198698
33,11,32,1900.11,0.182414
33,11,33,1905.16,0.174171
33,11,34,1917.22,0.17024
33,11,35,1930.12,0.166329
33,11,36,1939.82,0.158934
33,11,37,1944.9,0.146209
33,11,38,1946.96,0.128455
33,11,39,1949.71,0.107227
33,11,40,1956.43,0.0848769
33,11,41,1970.37,0.0637108
33,11,42,1992.72,0.0456172
33,11,43,2021.46,0.0314996
33,11,44,2050.93,0.0215099
33,11,45,2071.9,0.0151095
33,11,46,2073.08,0.0113109
33,11,47,2043.56,0.00910263
33,11,48,1975.49,0.00756543
33,11,49,1866.86,0.00618551
33,12,0,2840.02,0.225727
33,12,1,2994.23,0.270517
33,12,2,3080.44,0.306184
33,12,3,3112.79,0.332191
33,12,4,3108.7,0.350827
33,12,5,3087.16,0.366112
33,12,6,3066.43,0.382283
33,12,7,3059.01,0.402422
33,12,8,3068.28,0.427956
33,12,9,3089.29,0.458506
33,12,10,3112.92,0.492064
33,12,11,3130.14,0.525129
33,12,12,3135.21,0.554007
33,12,13,3124.64,0.5748
33,12,14,3096.78,0.584781
33,12,15,3051.25,0.582589
33,12,16,2988.54,0.568714
33,12,17,2909.82,0.545455
33,12,18,2817.35,0.516959
33,12,19,2714.67,0.488344
33,12,20,2606.94,0.464029
33,12,21,2500.42,0.446195
33,12,22,2400.94,0.433902
33,12,23,2312.18,0.423525
33,12,24,2234.36,0.409765
33,12,25,2165.09,0.388502
33,12,26,2101.53,0.357945
33,12,27,2041.82,0.319632
33,12,28,1987.12,0.278014
33,12,29,1941.21,0.238753
33,12,30,1908.69,0.206798
33,12,31,1892.74,0.184792
33,12,32,1892.79,0.172559
33,12,33,1904.7,0.167307
33,12,34,1922.04,0.165025
33,12,35,1938.38,0.16153
33,12,36,1949.68,0.153904
33,12,37,1954.84,0.141048
33,12,38,1956.06,0.123821
33,12,39,1957.88,0.103912
33,12,40,1964.35,0.083414
33,12,41,1979.36,0.0641473
33,12,42,2004.35,0.0475479
33,12,43,2037.12,0.0343674
33,12,44,2071.52,0.0248305
33,12,45,2097.74,0.0185869
33,12,46,2103.88,0.0147931
33,12,47,2078.41,0.0124723
33,12,48,2012.81,0.0106861
33,12,49,1904.39,0.00889936
33,13,0,2766.74,0.233334
33,13,1,2925.35,0.275916
33,13,2,3016.3,0.3072
33,13,3,3053.19,0.327197
33,13,4,3053.91,0.339358
33,13,5,3038.23,0.348992
33,13,6,3024.77,0.361125
33,13,7,3025.48,0.378721
33,13,8,3042.42,0.402202
33,13,9,3068.94,0.42971
33,13,10,3094.59,0.457936
33,13,11,3109.71,0.482917
33,13,12,3108.71,0.501705
33,13,13,3089,0.512217
33,13,14,3050.35,0.514114
33,13,15,2993.89,0.508044
33,13,16,2921.5,0.495375
33,13,17,2835.25,0.477881
33,13,18,2737.82,0.457907
33,13,19,2632.69,0.43811
33,13,20,2524.73,0.420723
33,13,21,2419.79,0.4067
33,13,22,2323.4,0.395181
33,13,23,2239.2,0.383716
33,13,24,2167.52,0.368743
33,13,25,2106.07,0.347662
33,13,26,2052,0.319546
33,13,27,2003.25,0.285964
33,13,28,1960.47,0.250776
33,13,29,1926.64,0.218743
33,13,30,1905.4,0.193896
33,13,31,1898.87,0.178046
33,13,32,1905.75,0.170298
33,13,33,1921.64,0.167434
33,13,34,1940.42,0.165463
33,13,35,1956.29,0.160777
33,13,36,1965.97,0.151482
33,13,37,1969.15,0.137529
33,13,38,1968.7,0.12041
33,13,39,1969.82,0.101824
33,13,40,1977.01,0.0833639
33,13,41,1994.38,0.0661464
33,13,42,2023.24,0.0510439
33,13,43,2060.88,0.0386615
33,13,44,2100.47,0.0293726
33,13,45,2131.65,0.0231002
33,13,46,2142.02,0.0191827
33,13,47,2119.63,0.0166643
33,13,48,2055.49,0.0145537
33,13,49,1946.34,0.0122631
33,14,0,2698.62,0.244743
33,14,1,2862.06,0.285492
33,14,2,2958.4,0.312895
33,14,3,3000.55,0.327515
33,14,4,3006.61,0.333779
33,14,5,2996.61,0.338011
33,14,6,2989,0.345849
33,14,7,2994.89,0.360211
33,14,8,3015.28,0.380811
33,14,9,3042.6,0.404667
33,14,10,3065.86,0.427395
33,14,11,3075.32,0.444561
33,14,12,3065.69,0.453739
33,14,13,3035.15,0.454319
33,14,14,2984.63,0.448
33,14,15,2916.6,0.437279
33,14,16,2834.27,0.424482
33,14,17,2740.76,0.41113
33,14,18,2639.3,0.398056
33,14,19,2533.52,0.385694
33,14,20,2428.02,0.374196
33,14,21,2328.09,0.363298
33,14,22,2238.63,0.35223
33,14,23,2162.77,0.339752
33,14,24,2100.63,0.324119
33,14,25,2049.96,0.304318
33,14,26,2008.11,0.280274
33,14,27,1972.99,0.253468
33,14,28,1944.8,0.22689
33,14,29,1925.4,0.204045
33,14,30,1916.93,0.18771
33,14,31,1920.04,0.17863
33,14,32,1932.53,0.175145
33,14,33,1950.05,0.173751
33,14,34,1967.38,0.170758
33,14,35,1980.03,0.163487
33,14,36,1986.08,0.151361
33,14,37,1986.27,0.13554
33,14,38,1984.23,0.118144
33,14,39,1985.6,0.100768
33,14,40,1994.9,0.08434
33,14,41,2016.07,0.0691506
33,14,42,2049.86,0.0554652
33,14,43,2092.76,0.0437525
33,14,44,2137.21,0.0345742
33,14,45,2172.32,0.0281658
33,14,46,2185.48,0.0240613
33,14,47,2164.63,0.0213122
33,14,48,2100.59,0.0188505
33,14,49,1989.69,0.0160131
33,15,0,2634.07,0.25576
33,15,1,2802.95,0.295055
33,15,2,2905.67,0.319516
33,15,3,2954.2,0.330145
33,15,4,2966.32,0.331985
33,15,5,2961.71,0.331931
33,15,6,2958.09,0.335946
33,15,7,2965.67,0.346979
33,15,8,2984.88,0.364414
33,15,9,3008.14,0.384632
33,15,10,3024.85,0.402514
33,15,11,3025.73,0.413173
33,15,12,3005.96,0.414388
33,15,13,2964.31,0.406494
33,15,14,2902.55,0.392663
33,15,15,2824.11,0.376894
33,15,16,2733.35,0.362473
33,15,17,2634.37,0.350997
33,15,18,2531.04,0.342276
33,15,19,2427.19,0.335051
33,15,20,2327.14,0.327756
33,15,21,2235.33,0.319082
33,15,22,2155.58,0.308349
33,15,23,2090.13,0.295383
33,15,24,2038.7,0.280057
33,15,25,1999.25,0.262717
33,15,26,1969.67,0.243938
33,15,27,1948.25,0.224941
33,15,28,1934.81,0.207681
33,15,29,1929.97,0.194278
33,15,30,1934.11,0.186182
33,15,31,1946.17,0.183098
33,15,32,1963.12,0.182759
33,15,33,1980.88,0.18162
33,15,34,1995.48,0.176526
33,15,35,2004.08,0.165911
33,15,36,2006.41,0.15056
33,15,37,2004.36,0.13276
33,15,38,2002.2,0.115137
33,15,39,2005.65,0.0990695
33,15,40,2018.87,0.0847623
33,15,41,2045.15,0.0716933
33,15,42,2084.37,0.0595413
33,15,43,2132.14,0.0486331
33,15,44,2180.23,0.0396936
33,15,45,2217.52,0.0332428
33,15,46,2231.49,0.0289998
33,15,47,2210.31,0.0260327
33,15,48,2144.88,0.0232121
33,15,49,2031.3,0.0198135
33,16,0,2574.07,0.26484
33,16,1,2749.11,0.303514
33,16,2,2859.38,0.326584
33,16,3,2915.44,0.335251
33,16,4,2934.15,0.334732
33,16,5,2934.23,0.332032
33,16,6,2932.26,0.333188
33,16,7,2937.75,0.341277
33,16,8,2951.28,0.35575
33,16,9,2966.22,0.372851
33,16,10,2973.16,0.387099
33,16,11,2963.76,0.39321
33,16,12,2933.8,0.388848
33,16,13,2882.45,0.374718
33,16,14,2811.86,0.354784
33,16,15,2725.99,0.334053
33,16,16,2629.88,0.316634
33,16,17,2528.43,0.304461
33,16,18,2426.07,0.29689
33,16,19,2326.84,0.291682
33,16,20,2234.55,0.286129
33,16,21,2152.5,0.278229
33,16,22,2083.11,0.26742
33,16,23,2027.53,0.254353
33,16,24,1985.3,0.240126
33,16,25,1954.97,0.226026
33,16,26,1935.39,0.21293
33,16,27,1925.54,0.201587
33,16,28,1924.92,0.192833
33,16,29,1932.82,0.187445
33,16,30,1947.83,0.185703
33,16,31,1967.29,0.186543
33,16,32,1987.53,0.187465
33,16,33,2004.99,0.185227
33,16,34,2017.11,0.177405
33,16,35,2022.81,0.163527
33,16,36,2023.37,0.145502
33,16,37,2021.66,0.126429
33,16,38,2022.19,0.109189
33,16,39,2030.3,0.0948639
33,16,40,2049.3,0.0830007
33,16,41,2081.54,0.0723977
33,16,42,2125.9,0.0622109
33,16,43,2177.25,0.0525822
33,16,44,2227.03,0.0442946
33,16,45,2264.26,0.0380599
33,16,46,2276.88,0.033765
33,16,47,2253.56,0.0305483
33,16,48,2185.47,0.0272993
33,16,49,2068.56,0.0232963
33,17,0,2521.2,0.271955
33,17,1,2703.09,0.311278
33,17,2,2821.77,0.334863
33,17,3,2886,0.343795
33,17,4,2911.12,0.343048
33,17,5,2914.43,0.339388
33,17,6,2911.34,0.338795
33,17,7,2911.12,0.344608
33,17,8,2915.32,0.356694
33,17,9,2919.07,0.371575
33,17,10,2914.74,0.38374
33,17,11,2895.24,0.387584
33,17,12,2856.91,0.380409
33,17,13,2798.98,0.36275
33,17,14,2723.5,0.338689
33,17,15,2634.35,0.313665
33,17,16,2536.89,0.292348
33,17,17,2436.46,0.277157
33,17,18,2337.97,0.267519
33,17,19,2245.44,0.26096
33,17,20,2161.96,0.254295
33,17,21,2089.42,0.245266
33,17,22,2028.75,0.233485
33,17,23,1980.19,0.220167
33,17,24,1943.54,0.207203
33,17,25,1918.45,0.196351
33,17,26,1905.12,0.188437
33,17,27,1903.32,0.183534
33,17,28,1912.17,0.181338
33,17,29,1929.57,0.181412
33,17,30,1952.42,0.183151
33,17,31,1976.83,0.185141
33,17,32,1998.93,0.18514
33,17,33,2015.97,0.180602
33,17,34,2026.92,0.16996
33,17,35,2032.26,0.153642
33,17,36,2034.52,0.134236
33,17,37,2037,0.115177
33,17,38,2043.84,0.0993018
33,17,39,2059.38,0.0873738
33,17,40,2085.7,0.0784443
33,17,41,2124,0.0708467
33,17,42,2172.35,0.0632838
33,17,43,2225.28,0.0556222
33,17,44,2274.38,0.0485335
33,17,45,2309.23,0.0427864
33,17,46,2318.56,0.0384287
33,17,47,2291.7,0.0347774
33,17,48,2220.14,0.030886
33,17,49,2099.72,0.0261492
33,18,0,2478.34,0.277358
33,18,1,2667.47,0.31872
33,18,2,2794.79,0.344649
33,18,3,2866.92,0.355783
33,18,4,2897.3,0.356552
33,18,5,2901.68,0.353311
33,18,6,2894.6,0.352006
33,18,7,2885.77,0.356399
33,18,8,2878.46,0.367019
33,18,9,2870.19,0.380928
33,18,10,2855.39,0.39282
33,18,11,2828.14,0.396849
33,18,12,2785.06,0.38977
33,18,13,2724.92,0.37151
33,18,14,2649.12,0.345651
33,18,15,2561,0.317495
33,18,16,2465.86,0.291952
33,18,17,2369.35,0.271979
33,18,18,2276.72,0.257522
33,18,19,2191.79,0.246535
33,18,20,2116.71,0.235977
33,18,21,2051.89,0.223753
33,18,22,1996.91,0.209695
33,18,23,1951.48,0.195344
33,18,24,1916.14,0.183011
33,18,25,1892.1,0.174568
33,18,26,1881,0.170547
33,18,27,1883.34,0.170239
33,18,28,1897.65,0.172227
33,18,29,1920.43,0.175019
33,18,30,1947.19,0.177405
33,18,31,1973.36,0.178023
33,18,32,1995.45,0.175331
33,18,33,2011.92,0.167799
33,18,34,2023.27,0.154745
33,18,35,2031.32,0.137197
33,18,36,2039.21,0.117914
33,18,37,2049.92,0.100186
33,18,38,2066.42,0.0865682
33,18,39,2091.51,0.077558
33,18,40,2125.79,0.071943
33,18,41,2169.44,0.0678247
33,18,42,2220.04,0.0635024
33,18,43,2272.29,0.0584434
33,18,44,2318.44,0.0530095
33,18,45,2349.01,0.0478801
33,18,46,2353.69,0.0432701
33,18,47,2322.53,0.0388145
33,18,48,2247.26,0.0339119
33,18,49,2123.62,0.0282124
33,19,0,2446.69,0.28079
33,19,1,2643.08,0.325293
33,19,2,2778.57,0.354902
33,19,3,2857.52,0.369513
33,19,4,2891.39,0.372848
33,19,5,2894.58,0.370855
33,19,6,2881.25,0.369608
33,19,7,2862.25,0.373473
33,19,8,2843.25,0.383792
33,19,9,2824.42,0.398284
33,19,10,2802.24,0.41195
33,19,11,2771.55,0.418745
33,19,12,2728.54,0.414723
33,19,13,2670.9,0.398842
33,19,14,2598.83,0.373667
33,19,15,2514.92,0.343867
33,19,16,2424.32,0.314301
33,19,17,2333.04,0.288475
33,19,18,2246.64,0.267214
33,19,19,2168.73,0.249432
33,19,20,2100.45,0.232717
33,19,21,2040.85,0.215442
33,19,22,1988.43,0.197659
33,19,23,1942.75,0.181033
33,19,24,1905.38,0.16803
33,19,25,1879.16,0.16045
33,19,26,1867.03,0.158481
33,19,27,1869.92,0.160679
33,19,28,1885.62,0.16465
33,19,29,1909.32,0.168005
33,19,30,1935.61,0.169132
33,19,31,1959.92,0.166954
33,19,32,1979.76,0.160851
33,19,33,1995.16,0.150414
33,19,34,2008.2,0.13574
33,19,35,2021.56,0.118141
33,19,36,2038.26,0.100136
33,19,37,2060.13,0.0845431
33,19,38,2088.33,0.073541
33,19,39,2123.76,0.0674995
33,19,40,2165.59,0.0651848
33,19,41,2213.28,0.0646638
33,19,42,2264.33,0.0638638
33,19,43,2314.04,0.0617355
33,19,44,2355.67,0.0581571
33,19,45,2380.87,0.0535928
33,19,46,2380.33,0.0484256
33,19,47,2344.76,0.0427294
33,19,48,2266.1,0.0364069
33,19,49,2139.86,0.0294899
33,20,0,2425.58,0.281886
33,20,1,2628.68,0.330149
33,20,2,2771.25,0.364138
33,20,3,2855.54,0.382784
33,20,4,2891.24,0.389028
33,20,5,2891.76,0.388512
33,20,6,2871.39,0.387647
33,20,7,2842.62,0.391583
33,20,8,2813.76,0.40257
33,20,9,2787.71,0.41903
33,20,10,2762.56,0.43631
33,20,11,2733.26,0.448172
33,20,12,2694.88,0.449854
33,20,13,2643.36,0.439046
33,20,14,2577.47,0.416882
33,20,15,2499.05,0.387014
33,20,16,2413.27,0.354032
33,20,17,2326.67,0.322019
33,20,18,2245.27,0.29296
33,20,19,2172.58,0.267081
33,20,20,2108.88,0.242919
33,20,21,2052.15,0.219448
33,20,22,2000.15,0.196851
33,20,23,1952.46,0.176729
33,20,24,1911.61,0.161521
33,20,25,1881.81,0.152934
33,20,26,1866.84,0.150956
33,20,27,1867.7,0.153655
33,20,28,1881.3,0.157937
33,20,29,1901.86,0.160732
33,20,30,1923.58,0.160129
33,20,31,1942.56,0.15533
33,20,32,1957.88,0.146517
33,20,33,1971.38,0.134197
33,20,34,1986.56,0.118986
33,20,35,2006.49,0.102189
33,20,36,2033.36,0.0858676
33,20,37,2067.18,0.0722966
33,20,38,2106.98,0.0633667
33,20,39,2151.81,0.0595408
33,20,40,2199.74,0.0597997
33,20,41,2249.86,0.0623324
33,20,42,2299.97,0.0647415
33,20,43,2346.15,0.0654005
33,20,44,2382.74,0.0635943
33,20,45,2402.51,0.05947
33,20,46,2397.06,0.0535367
33,20,47,2357.64,0.0463424
33,20,48,2276.31,0.0383681
33,20,49,2148.37,0.030097
33,21,0,2413.79,0.281067
33,21,1,2622.32,0.333345
33,21,2,2770.3,0.371947
33,21,3,2858.34,0.394691
33,21,4,2894.77,0.403687
33,21,5,2892.43,0.404353
33,21,6,2866.03,0.403606
33,21,7,2829.77,0.407537
33,21,8,2794.46,0.419404
33,21,9,2765.27,0.438396
33,21,10,2741.36,0.460269
33,21,11,2717.17,0.478631
33,21,12,2686.13,0.487815
33,21,13,2642.25,0.484038
33,21,14,2582.92,0.466707
33,21,15,2509.4,0.438199
33,21,16,2427.12,0.402708
33,21,17,2343.32,0.364907
33,21,18,2264.64,0.328104
33,21,19,2194.65,0.294011
33,21,20,2133.2,0.262259
33,21,21,2077.57,0.232397
33,21,22,2025.14,0.204591
33,21,23,1975.53,0.180184
33,21,24,1931.85,0.161448
33,21,25,1899.04,0.150063
33,21,26,1881.08,0.146099
33,21,27,1878.61,0.147546
33,21,28,1887.75,0.151041
33,21,29,1902.13,0.153139
33,21,30,1916.21,0.151672
33,21,31,1927.24,0.145892
33,21,32,1936.2,0.136346
33,21,33,1946.76,0.12396
33,21,34,1963.56,0.109476
33,21,35,1989.57,0.0939636
33,21,36,2025.64,0.0790097
33,21,37,2069.76,0.0664935
33,21,38,2118.94,0.0582616
33,21,39,2170.79,0.0551251
33,21,40,2222.74,0.0564955
33,21,41,2273.85,0.0608152
33,21,42,2322.36,0.0654702
33,21,43,2365.09,0.0682962
33,21,44,2397.3,0.0679666
33,21,45,2412.62,0.0642362
33,21,46,2403.35,0.0576311
33,21,47,2361.16,0.0490829
33,21,48,2278.21,0.0395996
33,21,49,2149.61,0.0301023
33,22,0,2411.8,0.280277
33,22,1,2623.61,0.336772
33,22,2,2774.66,0.380113
33,22,3,2864.65,0.406916
33,22,4,2901.16,0.418398
33,22,5,2896.77,0.419725
33,22,6,2866.65,0.418342
33,22,7,2826.28,0.42134
33,22,8,2788.26,0.43308
33,22,9,2759.23,0.453664
33,22,10,2738.89,0.479435
33,22,11,2720.91,0.503995
33,22,12,2697.18,0.520854
33,22,13,2660.12,0.524717
33,22,14,2606,0.513163
33,22,15,2535.78,0.487173
33,22,16,2455.13,0.450427
33,22,17,2371.98,0.408096
33,22,18,2293.57,0.364764
33,22,19,2223.81,0.323562
33,22,20,2162.52,0.285191
33,22,21,2106.86,0.249676
33,22,22,2054.15,0.21703
33,22,23,2004.02,0.188203
33,22,24,1959.63,0.165198
33,22,25,1925.87,0.149761
33,22,26,1906.21,0.142337
33,22,27,1900.57,0.141296
33,22,28,1904.4,0.143512
33,22,29,1911.2,0.145515
33,22,30,1916.15,0.144913
33,22,31,1917.94,0.14065
33,22,32,1919.45,0.133023
33,22,33,1925.96,0.122719
33,22,34,1942.86,0.11016
33,22,35,1972.72,0.0960239
33,22,36,2014.96,0.0815543
33,22,37,2065.78,0.0685293
33,22,38,2120.69,0.0590622
33,22,39,2176.43,0.0545576
33,22,40,2230.21,0.0550389
33,22,41,2281.27,0.0593241
33,22,42,2328.26,0.0647578
33,22,43,2368.55,0.0687792
33,22,44,2397.93,0.0695212
33,22,45,2410.57,0.0662981
33,22,46,2399.18,0.0594854
33,22,47,2355.69,0.0501915
33,22,48,2272.36,0.0397779
33,22,49,2144.17,0.0295029
33,23,0,2421.22,0.282269
33,23,1,2633.42,0.343316
33,23,2,2784.66,0.391646
33,23,3,2874.62,0.422684
33,23,4,2910.73,0.436668
33,23,5,2905.57,0.43834
33,23,6,2874.44,0.435458
33,23,7,2833.29,0.43599
33,23,8,2795.37,0.445424
33,23,9,2767.87,0.464983
33,23,10,2750.64,0.491912
33,23,11,2736.96,0.520156
33,23,12,2717.91,0.542719
33,23,13,2684.99,0.553037
33,23,14,2633.84,0.547021
33,23,15,2565.16,0.524267
33,23,16,2484.68,0.487809
33,23,17,2400.65,0.443043
33,23,18,2320.72,0.395483
33,23,19,2249.26,0.349356
33,23,20,2186.55,0.306252
33,23,21,2130.17,0.266543
33,23,22,2077.75,0.230053
33,23,23,2028.91,0.197317
33,23,24,1986.35,0.17004
33,23,25,1954.21,0.150106
33,23,26,1934.87,0.13856
33,23,27,1927.25,0.134524
33,23,28,1926.32,0.135549
33,23,29,1925.82,0.13847
33,23,30,1921.89,0.140678
33,23,31,1914.64,0.140457
33,23,32,1908.56,0.137242
33,23,33,1910.12,0.130859
33,23,34,1925.09,0.121041
33,23,35,1955.57,0.108019
33,23,36,1999.86,0.0929032
33,23,37,2052.99,0.0776927
33,23,38,2109.65,0.0650414
33,23,39,2166.23,0.0571138
33,23,40,2220.02,0.0546604
33,23,41,2270.52,0.0569737
33,23,42,2316.67,0.0615641
33,23,43,2356.08,0.0656802
33,23,44,2384.72,0.0670531
33,23,45,2396.86,0.0645486
33,23,46,2385.33,0.0582174
33,23,47,2342.19,0.0490841
33,23,48,2259.77,0.038621
33,23,49,2133.08,0.0282576
33,24,0,2444.5,0.289159
33,24,1,2653.96,0.355062
33,24,2,2802.25,0.408612
33,24,3,2890.01,0.444208
33,24,4,2925.14,0.461082
33,24,5,2920.23,0.463287
33,24,6,2890.21,0.458474
33,24,7,2850.45,0.455107
33,24,8,2813.59,0.459645
33,24,9,2786.57,0.474562
33,24,10,2769.38,0.498364
33,24,11,2755.66,0.525835
33,24,12,2736.81,0.550064
33,24,13,2704.38,0.563803
33,24,14,2653.81,0.561769
33,24,15,2585.48,0.542372
33,24,16,2504.75,0.507857
33,24,17,2419.62,0.463381
33,24,18,2337.75,0.414751
33,24,19,2263.89,0.366694
33,24,20,2199.11,0.32135
33,24,21,2141.82,0.279314
33,24,22,2090.3,0.240317
33,24,23,2044.14,0.204632
33,24,24,2005.28,0.173751
33,24,25,1976.67,0.149775
33,24,26,1959.24,0.134442
33,24,27,1950.92,0.127804
33,24,28,1946.4,0.128328
33,24,29,1939.91,0.133331
33,24,30,1928.6,0.139968
33,24,31,1913.73,0.145589
33,24,32,1900.86,0.148347
33,24,33,1897.13,0.146803
33,24,34,1908.33,0.139839
33,24,35,1936.26,0.127305
33,24,36,1978.64,0.110425
33,24,37,2030.08,0.0916757
33,24,38,2085.13,0.0744026
33,24,39,2140.25,0.0615619
33,24,40,2192.93,0.054637
33,24,41,2242.89,0.0534369
33,24,42,2289.19,0.0558151
33,24,43,2329.43,0.0590421
33,24,44,2359.45,0.0606215
33,24,45,2373.28,0.0590158
33,24,46,2363.59,0.0538299
33,24,47,2322.37,0.0457725
33,24,48,2242.08,0.0361817
33,24,49,2117.78,0.02647
33,25,0,2482.34,0.301139
33,25,1,2686.35,0.371748
33,25,2,2828.95,0.430302
33,25,3,2912.6,0.470527
33,25,4,2946.06,0.490781
33,25,5,2941.87,0.494204
33,25,6,2914,0.487811
33,25,7,2876.22,0.479972
33,25,8,2839.55,0.477698
33,25,9,2810.11,0.484629
33,25,10,2788.3,0.500761
33,25,11,2769.05,0.522229
33,25,12,2745.29,0.542956
33,25,13,2709.52,0.555852
33,25,14,2657.46,0.555194
33,25,15,2589.05,0.538597
33,25,16,2508.79,0.507424
33,25,17,2423.77,0.466059
33,25,18,2341.07,0.419795
33,25,19,2265.58,0.373105
33,25,20,2199.21,0.328211
33,25,21,2141.37,0.285801
33,25,22,2091.16,0.245697
33,25,23,2048.17,0.208198
33,25,24,2013.46,0.174804
33,25,25,1988.66,0.147928
33,25,26,1973.38,0.129987
33,25,27,1964.77,0.12193
33,25,28,1957.57,0.123108
33,25,29,1946.69,0.13129
33,25,30,1930.13,0.143305
33,25,31,1909.87,0.155435
33,25,32,1891.9,0.164397
33,25,33,1883.35,0.16742
33,25,34,1889.82,0.162626
33,25,35,1912.97,0.149702
33,25,36,1950.53,0.130214
33,25,37,1997.44,0.107252
33,25,38,2048.67,0.0848352
33,25,39,2101.03,0.0665814
33,25,40,2152.24,0.0545846
33,25,41,2202.07,0.0491303
33,25,42,2249.6,0.0485152
33,25,43,2292.25,0.0502021
33,25,44,2325.49,0.0516431
33,25,45,2342.88,0.0509945
33,25,46,2336.69,0.0473842
33,25,47,2298.76,0.0410605
33,25,48,2221.57,0.0330388
33,25,49,2100.28,0.024549
33,26,0,2532.24,0.315634
33,26,1,2729.1,0.389948
33,26,2,2864.27,0.452444
33,26,3,2942.44,0.496685
33,26,4,2973.54,0.520469
33,26,5,2969.91,0.525981
33,26,6,2944.09,0.519138
33,26,7,2907.52,0.507546
33,26,8,2868.97,0.498147
33,26,9,2833.53,0.495372
33,26,10,2802.31,0.500659
33,26,11,2772.29,0.511822
33,26,12,2738.92,0.524313
33,26,13,2696.54,0.532103
33,26,14,2641.51,0.529903
33,26,15,2573.33,0.515057
33,26,16,2495.2,0.488081
33,26,17,2412.68,0.452132
33,26,18,2331.71,0.411235
33,26,19,2256.89,0.368861
33,26,20,2190.7,0.326814
33,26,21,2133.42,0.285732
33,26,22,2084.83,0.245727
33,26,23,2044.49,0.20747
33,26,24,2012.69,0.172768
33,26,25,1989.98,0.144457
33,26,26,1975.2,0.125532
33,26,27,1965.3,0.117617
33,26,28,1955.49,0.120681
33,26,29,1941.5,0.132716
33,26,30,1921.99,0.150102
33,26,31,1899.09,0.168074
33,26,32,1878.47,0.182065
33,26,33,1866.63,0.188242
33,26,34,1868.6,0.184303
33,26,35,1886.06,0.170079
33,26,36,1917.25,0.147653
33,26,37,1958.07,0.120709
33,26,38,2004.38,0.0937451
33,26,39,2053.55,0.0707594
33,26,40,2103.46,0.0542171
33,26,41,2153.86,0.0447637
33,26,42,2203.63,0.0411534
33,26,43,2249.89,0.0411512
33,26,44,2287.69,0.0423097
33,26,45,2309.99,0.0426036
33,26,46,2308.53,0.0407328
33,26,47,2274.82,0.0364376
33,26,48,2201.29,0.0303044
33,26,49,2083.19,0.0232735
33,27,0,2587.93,0.327756
33,27,1,2777.29,0.403751
33,27,2,2904.6,0.468134
33,27,3,2976.88,0.514851
33,27,4,3005.2,0.541597
33,27,5,3001.63,0.549758
33,27,6,2977,0.543928
33,27,7,2940.16,0.530401
33,27,8,2897.51,0.515387
33,27,9,2853.07,0.503523
33,27,10,2808.84,0.497331
33,27,11,2764.26,0.496318
33,27,12,2717.98,0.497868
33,27,13,2666.78,0.497713
33,27,14,2608.11,0.491749
33,27,15,2541.06,0.477594
33,27,16,2467.28,0.455081
33,27,17,2390.35,0.425925
33,27,18,2314.57,0.392389
33,27,19,2243.75,0.356416
33,27,20,2180.42,0.31897
33,27,21,2125.28,0.280488
33,27,22,2078.45,0.241497
33,27,23,2039.34,0.203332
33,27,24,2007.79,0.168378
33,27,25,1983.88,0.139998
33,27,26,1966.5,0.121607
33,27,27,1953.19,0.115191
33,27,28,1940.18,0.120937
33,27,29,1924.13,0.136741
33,27,30,1903.99,0.158446
33,27,31,1881.51,0.180427
33,27,32,1861.24,0.197237
33,27,33,1848.39,0.204502
33,27,34,1847.08,0.199958
33,27,35,1859.03,0.18388
33,27,36,1883.33,0.158919
33,27,37,1917.36,0.129164
33,27,38,1958.27,0.0992519
33,27,39,2004.21,0.0731906
33,27,40,2053.21,0.0535289
33,27,41,2104.82,0.0411329
33,27,42,2157.56,0.0351851
33,27,43,2208.19,0.0338191
33,27,44,2251.28,0.0348036
33,27,45,2279.23,0.0360478
33,27,46,2283.15,0.0359051
33,27,47,2254.14,0.0336226
33,27,48,2184.41,0.0293187
33,27,49,2069.24,0.0236067
33,28,0,2640.83,0.332461
33,28,1,2823.62,0.407437
33,28,2,2943.97,0.471023
33,28,3,3010.9,0.517986
33,28,4,3036.45,0.546352
33,28,5,3032.32,0.557027
33,28,6,3007.7,0.553327
33,28,7,2969.05,0.539985
33,28,8,2920.58,0.522003
33,28,9,2865.45,0.503643
33,28,10,2806.55,0.487988
33,28,11,2745.81,0.475927
33,28,12,2685.26,0.466768
33,28,13,2624.51,0.458257
33,28,14,2562.44,0.447876
33,28,15,2497.86,0.433897
33,28,16,2430.78,0.415714
33,28,17,2362.55,0.39368
33,28,18,2295.54,0.368212
33,28,19,2232.28,0.339547
33,28,20,2174.75,0.307589
33,28,21,2123.43,0.272453
33,28,22,2078.3,0.235079
33,28,23,2038.61,0.197596
33,28,24,2004.09,0.163142
33,28,25,1975.18,0.135639
33,28,26,1951.72,0.118762
33,28,27,1932.75,0.114536
33,28,28,1916,0.122964
33,28,29,1899.04,0.141561
33,28,30,1880.79,0.165632
33,28,31,1861.9,0.189031
33,28,32,1845.11,0.205998
33,28,33,1833.69,0.212238
33,28,34,1830.57,0.205976
33,28,35,1837.49,0.188117
33,28,36,1854.7,0.161753
33,28,37,1881.4,0.131051
33,28,38,1916.46,0.100385
33,28,39,1959.03,0.0734047
33,28,40,2007.31,0.0524988
33,28,41,2060.51,0.0386508
33,28,42,2116.59,0.0314454
33,28,43,2171.87,0.0294231
33,28,44,2220.45,0.030633
33,28,45,2254.2,0.0329853
33,28,46,2263.64,0.0345458
33,28,47,2239.32,0.0340952
33,28,48,2173.11,0.0312871
33,28,49,2060.31,0.0264353
33,29,0,2681.84,0.326612
33,29,1,2859.93,0.397812
33,29,2,2975.26,0.457904
33,29,3,3038.24,0.502707
33,29,4,3061.55,0.530873
33,29,5,3056.51,0.543165
33,29,6,3030.94,0.541889
33,29,7,2989.39,0.5303
33,29,8,2934.41,0.512053
33,29,9,2868.54,0.490677
33,29,10,2795.47,0.469333
33,29,11,2719.35,0.449819
33,29,12,2645.37,0.432958
33,29,13,2575.94,0.41826
33,29,14,2511.49,0.4047
33,29,15,2450.75,0.391287
33,29,16,2392.18,0.377206
33,29,17,2334.98,0.361761
33,29,18,2279.43,0.34385
33,29,19,2226.48,0.322241
33,29,20,2176.99,0.295825
33,29,21,2130.73,0.264328
33,29,22,2087.14,0.228989
33,29,23,2045.3,0.192655
33,29,24,2005.28,0.159195
33,29,25,1968.53,0.133033
33,29,26,1936.69,0.117938
33,29,27,1910.91,0.115734
33,29,28,1890.7,0.125962
33,29,29,1874.49,0.145607
33,29,30,1860.67,0.169572
33,29,31,1848.2,0.191616
33,29,32,1837.37,0.206263
33,29,33,1829.17,0.209863
33,29,34,1825.2,0.201442
33,29,35,1827.26,0.18253
33,29,36,1836.97,0.156385
33,29,37,1855.64,0.126849
33,29,38,1884.15,0.0976594
33,29,39,1922.87,0.0718366
33,29,40,1970.22,0.0514703
33,29,41,2024.98,0.0376354
33,29,42,2084.4,0.030325
33,29,43,2144.21,0.0285127
33,29,44,2198.09,0.0305441
33,29,45,2237.4,0.0343314
33,29,46,2252.11,0.0376547
33,29,47,2232.17,0.0388266
33,29,48,2169.03,0.0370471
33,29,49,2057.91,0.0323984
33,30,0,2704.26,0.310934
33,30,1,2880.02,0.376319
33,30,2,2992.85,0.430945
33,30,3,3053.86,0.471671
33,30,4,3075.96,0.497874
33,30,5,3070.07,0.510407
33,30,6,3043.04,0.510911
33,30,7,2998.16,0.501495
33,30,8,2936.98,0.484665
33,30,9,2861.73,0.463215
33,30,10,2776.83,0.440143
33,30,11,2688.18,0.417723
33,30,12,2603.49,0.397694
33,30,13,2527.57,0.380701
33,30,14,2462.28,0.366682
33,30,15,2406.37,0.355135
33,30,16,2357.09,0.345135
33,30,17,2311.75,0.335345
33,30,18,2268.68,0.323729
33,30,19,2227.17,0.308121
33,30,20,2186.66,0.286691
33,30,21,2145.89,0.258807
33,30,22,2103.65,0.225825
33,30,23,2059,0.191062
33,30,24,2012.65,0.158921
33,30,25,1967.47,0.13415
33,30,26,1927.24,0.120471
33,30,27,1895.42,0.119374
33,30,28,1873.31,0.129856
33,30,29,1859.88,0.148423
33,30,30,1852.55,0.169829
33,30,31,1848.19,0.188184
33,30,32,1844.44,0.198789
33,30,33,1839.93,0.199023
33,30,34,1835.07,0.188796
33,30,35,1831.87,0.170074
33,30,36,1833.4,0.145899
33,30,37,1843.2,0.119403
33,30,38,1864.31,0.0934251
33,30,39,1898.41,0.0702277
33,30,40,1944.24,0.051601
33,30,41,2000.13,0.0387661
33,30,42,2062.56,0.0321716
33,30,43,2126.6,0.0312472
33,30,44,2185.44,0.0346204
33,30,45,2229.99,0.0401605
33,30,46,2249.61,0.0453166
33,30,47,2233.65,0.0478979
33,30,48,2173.07,0.0466548
33,30,49,2062.99,0.0415106
33,31,0,2705.71,0.289732
33,31,1,2881.57,0.348591
33,31,2,2994.59,0.397055
33,31,3,3055.85,0.432828
33,31,4,3078.1,0.455898
33,31,5,3071.83,0.467289
33,31,6,3043.32,0.468262
33,31,7,2995.28,0.460189
33,31,8,2928.91,0.444865
33,31,9,2846.55,0.424661
33,31,10,2753.25,0.402507
33,31,11,2656.14,0.380947
33,31,12,2564.55,0.3621
33,31,13,2484.94,0.346993
33,31,14,2420.19,0.335776
33,31,15,2369.27,0.327946
33,31,16,2328.65,0.322382
33,31,17,2294.3,0.317438
33,31,18,2262.95,0.310758
33,31,19,2232.33,0.29988
33,31,20,2200.43,0.282685
33,31,21,2165,0.258308
33,31,22,2124.3,0.228042
33,31,23,2077.53,0.195334
33,31,24,2026.21,0.164787
33,31,25,1974.63,0.141215
33,31,26,1928.51,0.128172
33,31,27,1893.27,0.126818
33,31,28,1871.57,0.135738
33,31,29,1862.59,0.151188
33,31,30,1862.58,0.168111
33,31,31,1866.29,0.181328
33,31,32,1868.94,0.187204
33,31,33,1867.19,0.184257
33,31,34,1860.55,0.173147
33,31,35,1851.38,0.155962
33,31,36,1844.18,0.135154
33,31,37,1844.55,0.112868
33,31,38,1857.54,0.0909362
33,31,39,1886.19,0.0708932
33,31,40,1929.62,0.0543386
33,31,41,1985.86,0.0427524
33,31,42,2050.73,0.0371125
33,31,43,2118.66,0.0373294
33,31,44,2182.28,0.042284
33,31,45,2231.94,0.0497393
33,31,46,2256.3,0.0567406
33,31,47,2244.03,0.060534
33,31,48,2185.6,0.0594076
33,31,49,2075.97,0.0531772
33,32,0,2688.76,0.269355
33,32,1,2866.77,0.322496
33,32,2,2982.29,0.365509
33,32,3,3045.73,0.396632
33,32,4,3069.36,0.416232
33,32,5,3063.25,0.425429
33,32,6,3033.47,0.425278
33,32,7,2982.73,0.416781
33,32,8,2912.52,0.401511
33,32,9,2825.67,0.381911
33,32,10,2727.77,0.361193
33,32,11,2626.56,0.342253
33,32,12,2531.98,0.327304
33,32,13,2451.23,0.31718
33,32,14,2387.81,0.311552
33,32,15,2341,0.309355
33,32,16,2307.14,0.309019
33,32,17,2281.53,0.308698
33,32,18,2259.8,0.306116
33,32,19,2238.43,0.299041
33,32,20,2214.14,0.285492
33,32,21,2183.94,0.264567
33,32,22,2145.73,0.237397
33,32,23,2099.04,0.20723
33,32,24,2046.11,0.178494
33,32,25,1992.26,0.155776
33,32,26,1944.43,0.142375
33,32,27,1909.18,0.139244
33,32,28,1889.92,0.144859
33,32,29,1885.79,0.155612
33,32,30,1892.05,0.166984
33,32,31,1901.86,0.174727
33,32,32,1908.7,0.176296
33,32,33,1907.9,0.171184
33,32,34,1898.43,0.160499
33,32,35,1883,0.146099
33,32,36,1867.27,0.129574
33,32,37,1858.39,0.11196
33,32,38,1863.11,0.0941222
33,32,39,1885.69,0.0769895
33,32,40,1925.77,0.0621119
33,32,41,1981.4,0.0513303
33,32,42,2048.06,0.0462132
33,32,43,2119.65,0.0471801
33,32,44,2188.14,0.0533664
33,32,45,2243.11,0.0624141
33,32,46,2272.36,0.0709341
33,32,47,2263.72,0.0755756
33,32,48,2207.11,0.0741532
33,32,49,2097.3,0.0663869
33,33,0,2660.51,0.256462
33,33,1,2842.12,0.306097
33,33,2,2961.63,0.345603
33,33,3,3028.42,0.373377
33,33,4,3054.04,0.38988
33,33,5,3048.24,0.396196
33,33,6,3017.2,0.393264
33,33,7,2964.17,0.382007
33,33,8,2891.41,0.364233
33,33,9,2802.49,0.342978
33,33,10,2703.42,0.322191
33,33,11,2601.95,0.305395
33,33,12,2507.67,0.294901
33,33,13,2427.6,0.291074
33,33,14,2365.5,0.292661
33,33,15,2321.09,0.297589
33,33,16,2291.23,0.303494
33,33,17,2271.27,0.308191
33,33,18,2256.35,0.309575
33,33,19,2242.12,0.305901
33,33,20,2224.41,0.295647
33,33,21,2199.71,0.278107
33,33,22,2165.83,0.254276
33,33,23,2122.63,0.226994
33,33,24,2072.75,0.200199
33,33,25,2021.77,0.177972
33,33,26,1976.83,0.163293
33,33,27,1944.58,0.157067
33,33,28,1928.6,0.158058
33,33,29,1927.99,0.16322
33,33,30,1937.69,0.168886
33,33,31,1950.25,0.171818
33,33,32,1958.32,0.170371
33,33,33,1956.62,0.16466
33,33,34,1943.82,0.15584
33,33,35,1922.78,0.145238
33,33,36,1899.74,0.133439
33,33,37,1882.79,0.120397
33,33,38,1879.77,0.10614
33,33,39,1895.96,0.0911434
33,33,40,1931.73,0.0770165
33,33,41,1985.67,0.0660217
33,33,42,2053.35,0.0603531
33,33,43,2128.37,0.0609859
33,33,44,2201.99,0.0673693
33,33,45,2262.77,0.0770955
33,33,46,2297.31,0.0863903
33,33,47,2292.43,0.0913255
33,33,48,2237.4,0.0892371
33,33,49,2126.79,0.0797107
33,34,0,2630.78,0.255962
33,34,1,2816.53,0.305143
33,34,2,2940.32,0.34371
33,34,3,3010.33,0.369849
33,34,4,3037.41,0.383858
33,34,5,3031.17,0.386706
33,34,6,2998.28,0.379331
33,34,7,2942.92,0.362864
33,34,8,2868.49,0.339733
33,34,9,2779.42,0.313982
33,34,10,2681.92,0.29067
33,34,11,2583.22,0.274205
33,34,12,2491.7,0.267148
33,34,13,2413.56,0.269381
33,34,14,2352.39,0.278589
33,34,15,2308.5,0.291441
33,34,16,2279.74,0.304464
33,34,17,2262.2,0.314832
33,34,18,2251.14,0.320411
33,34,19,2241.91,0.319941
33,34,20,2229.86,0.312538
33,34,21,2211.28,0.297957
33,34,22,2184.01,0.277233
33,34,23,2148.03,0.252769
33,34,24,2105.86,0.227808
33,34,25,2062.49,0.205705
33,34,26,2024.17,0.189036
33,34,27,1996.71,0.178801
33,34,28,1983.42,0.1744
33,34,29,1983.72,0.17374
33,34,30,1993.13,0.174243
33,34,31,2004.7,0.17365
33,34,32,2011.26,0.170919
33,34,33,2007.44,0.166351
33,34,34,1991.69,0.16078
33,34,35,1966.65,0.154797
33,34,36,1938.5,0.147989
33,34,37,1915.43,0.139373
33,34,38,1905.76,0.128302
33,34,39,1915.61,0.114905
33,34,40,1946.3,0.100849
33,34,41,1997.48,0.0887492
33,34,42,2065.39,0.0813542
33,34,43,2143.64,0.0802094
33,34,44,2222.73,0.0851826
33,34,45,2289.88,0.0940022
33,34,46,2330.24,0.102701
33,34,47,2329.4,0.10692
33,34,48,2275.85,0.103578
33,34,49,2163.85,0.0920811
33,35,0,2609.81,0.270844
33,35,1,2799.24,0.322878
33,35,2,2926.17,0.363058
33,35,3,2997.76,0.389023
33,35,4,3024.38,0.400758
33,35,5,3015.84,0.399186
33,35,6,2979.63,0.38549
33,35,7,2921.19,0.361378
33,35,8,2845.3,0.330257
33,35,9,2757.25,0.297454
33,35,10,2663.26,0.2693
33,35,11,2569.53,0.251158
33,35,12,2482.72,0.245906
33,35,13,2407.56,0.253026
33,35,14,2347.19,0.269211
33,35,15,2302.4,0.289866
33,35,16,2272.31,0.310249
33,35,17,2254.25,0.326604
33,35,18,2244.24,0.336461
33,35,19,2237.9,0.33885
33,35,20,2230.61,0.333568
33,35,21,2218.72,0.32107
33,35,22,2200.08,0.302694
33,35,23,2174.47,0.28054
33,35,24,2143.71,0.257113
33,35,25,2111.37,0.23491
33,35,26,2082,0.216013
33,35,27,2059.96,0.201577
33,35,28,2048.15,0.191843
33,35,29,2046.69,0.18591
33,35,30,2052.55,0.182406
33,35,31,2060.22,0.179944
33,35,32,2063.48,0.177783
33,35,33,2057.25,0.176022
33,35,34,2039.7,0.174889
33,35,35,2012.86,0.174159
33,35,36,1982.18,0.172553
33,35,37,1955.26,0.168375
33,35,38,1940.31,0.160477
33,35,39,1944.07,0.148695
33,35,40,1969.04,0.134619
33,35,41,2016.42,0.121001
33,35,42,2083.68,0.110945
33,35,43,2164.72,0.106516
33,35,44,2249.31,0.108127
33,35,45,2323.17,0.113925
33,35,46,2369.74,0.120083
33,35,47,2373.18,0.122095
33,35,48,2321.09,0.116614
33,35,49,2207.35,0.102838
33,36,0,2604.96,0.302119
33,36,1,2796.87,0.35999
33,36,2,2924.79,0.403742
33,36,3,2995.24,0.430234
33,36,4,3018.55,0.439167
33,36,5,3005.04,0.431687
33,36,6,2963.38,0.409648
33,36,7,2900.54,0.375801
33,36,8,2822.8,0.334858
33,36,9,2736.36,0.293545
33,36,10,2647.25,0.259375
33,36,11,2560.39,0.238422
33,36,12,2480.29,0.233734
33,36,13,2409.8,0.244392
33,36,14,2351.08,0.266244
33,36,15,2305.12,0.293604
33,36,16,2272.25,0.32052
33,36,17,2251.29,0.342199
33,36,18,2239.62,0.355589
33,36,19,2233.78,0.359803
33,36,20,2229.67,0.355287
33,36,21,2224.03,0.343398
33,36,22,2214.68,0.326066
33,36,23,2200.9,0.305334
33,36,24,2183.3,0.28306
33,36,25,2163.56,0.260848
33,36,26,2144.06,0.24019
33,36,27,2127.53,0.222327
33,36,28,2116.41,0.208328
33,36,29,2111.78,0.198499
33,36,30,2112.52,0.192614
33,36,31,2115.1,0.190008
33,36,32,2114.64,0.190009
33,36,33,2106.61,0.192251
33,36,34,2088.76,0.196235
33,36,35,2062.2,0.200976
33,36,36,2031.19,0.204582
33,36,37,2002.23,0.204955
33,36,38,1983.08,0.200648
33,36,39,1980.92,0.191218
33,36,40,1999.6,0.177935
33,36,41,2042.22,0.16331
33,36,42,2107.84,0.150417
33,36,43,2190.95,0.141657
33,36,44,2280.66,0.13806
33,36,45,2361.08,0.138516
33,36,46,2413.84,0.139787
33,36,47,2421.61,0.137648
33,36,48,2370.98,0.128744
33,36,49,2255.33,0.112106
33,37,0,2618.29,0.34893
33,37,1,2811.2,0.414795
33,37,2,2937.73,0.463072
33,37,3,3004.25,0.489783
33,37,4,3021.38,0.494607
33,37,5,3000.3,0.479384
33,37,6,2951.05,0.447179
33,37,7,2882.33,0.402268
33,37,8,2802.07,0.350896
33,37,9,2717.47,0.301116
33,37,10,2634.35,0.261269
33,37,11,2556.19,0.237622
33,37,12,2485.17,0.232987
33,37,13,2421.86,0.245903
33,37,14,2366.88,0.27153
33,37,15,2320.91,0.303426
33,37,16,2285.11,0.334757
33,37,17,2259.85,0.359878
33,37,18,2244.19,0.375124
33,37,19,2236.15,0.379541
33,37,20,2232.75,0.374141
33,37,21,2231.36,0.361238
33,37,22,2229.9,0.343549
33,37,23,2227,0.323295
33,37,24,2221.88,0.301874
33,37,25,2214.24,0.280081
33,37,26,2204.31,0.258773
33,37,27,2193.29,0.239152
33,37,28,2183.19,0.222903
33,37,29,2176.01,0.211329
33,37,30,2172.41,0.205113
33,37,31,2170.85,0.204121
33,37,32,2167.81,0.207604
33,37,33,2159.31,0.214622
33,37,34,2142.66,0.223955
33,37,35,2117.91,0.23401
33,37,36,2087.9,0.242575
33,37,37,2057.89,0.247492
33,37,38,2035.03,0.24726
33,37,39,2026.94,0.241201
33,37,40,2038.84,0.230013
33,37,41,2075.87,0.215531
33,37,42,2138.85,0.200309
33,37,43,2223.01,0.18677
33,37,44,2316.9,0.176529
33,37,45,2403.07,0.169496
33,37,46,2461.42,0.163483
33,37,47,2473.13,0.155038
33,37,48,2423.77,0.141133
33,37,49,2306.13,0.120749
33,38,0,2646.89,0.408423
33,38,1,2839.65,0.483381
33,38,2,2963.1,0.536094
33,38,3,3023.84,0.561898
33,38,4,3033.01,0.560907
33,38,5,3002.78,0.536251
33,38,6,2944.64,0.492749
33,38,7,2869.11,0.436569
33,38,8,2785.91,0.375529
33,38,9,2703.38,0.318723
33,38,10,2627.23,0.274773
33,38,11,2559.55,0.249463
33,38,12,2500.11,0.244846
33,38,13,2446.91,0.258725
33,38,14,2398.56,0.285745
33,38,15,2354.82,0.31915
33,38,16,2317.16,0.351778
33,38,17,2287.26,0.377566
33,38,18,2265.98,0.392441
33,38,19,2253.11,0.395344
33,38,20,2247.21,0.387714
33,38,21,2246.69,0.3727
33,38,22,2249.79,0.353799
33,38,23,2254.67,0.333541
33,38,24,2259.32,0.313072
33,38,25,2261.73,0.292567
33,38,26,2260.28,0.272302
33,38,27,2254.94,0.253315
33,38,28,2247.24,0.237571
33,38,29,2239.77,0.226982
33,38,30,2234.46,0.222766
33,38,31,2231.27,0.225079
33,38,32,2227.77,0.233024
33,38,33,2220.37,0.245092
33,38,34,2206,0.259446
33,38,35,2183.67,0.274063
33,38,36,2154.93,0.28672
33,38,37,2123.92,0.295544
33,38,38,2097.3,0.299274
33,38,39,2083.09,0.297134
33,38,40,2087.91,0.28912
33,38,41,2118.85,0.276026
33,38,42,2178.42,0.259393
33,38,43,2262.59,0.241268
33,38,44,2359.45,0.223677
33,38,45,2450.15,0.207658
33,38,46,2512.99,0.192418
33,38,47,2527.83,0.175715
33,38,48,2479.25,0.155197
33,38,49,2359.39,0.129976
33,39,0,2684.15,0.476326
33,39,1,2876.46,0.560509
33,39,2,2996.53,0.616794
33,39,3,3051.34,0.640107
33,39,4,3052.61,0.631548
33,39,5,3013.41,0.596165
33,39,6,2946.57,0.54102
33,39,7,2864.44,0.47438
33,39,8,2778.53,0.405479
33,39,9,2698.45,0.343989
33,39,10,2630.01,0.298155
33,39,11,2574.02,0.272592
33,39,12,2528,0.268106
33,39,13,2487.33,0.281622
33,39,14,2448.33,0.307492
33,39,15,2409.51,0.339136
33,39,16,2372.1,0.369699
33,39,17,2338.59,0.393283
33,39,18,2311.38,0.405769
33,39,19,2292.02,0.406069
33,39,20,2280.75,0.395873
33,39,21,2277.28,0.378878
33,39,22,2280.57,0.359118
33,39,23,2288.72,0.339367
33,39,24,2299,0.320662
33,39,25,2308.19,0.302793
33,39,26,2313.37,0.285612
33,39,27,2313.55,0.269932
33,39,28,2309.79,0.257679
33,39,29,2304.82,0.250952
33,39,30,2301.1,0.251087
33,39,31,2299.39,0.258312
33,39,32,2297.84,0.27154
33,39,33,2293.03,0.288755
33,39,34,2281.54,0.307577
33,39,35,2261.61,0.325642
33,39,36,2233.77,0.340884
33,39,37,2201.39,0.35196
33,39,38,2170.83,0.358185
33,39,39,2150.61,0.358984
33,39,40,2148.61,0.353798
33,39,41,2173.61,0.34232
33,39,42,2229.6,0.324808
33,39,43,2313.18,0.302573
33,39,44,2411.97,0.277748
33,39,45,2505.92,0.252356
33,39,46,2571.96,0.227042
33,39,47,2588.82,0.20097
33,39,48,2540.21,0.172677
33,39,49,2417.58,0.141589
33,40,0,2722.3,0.547664
33,40,1,2914.81,0.640617
33,40,2,3032.61,0.699349
33,40,3,3083.04,0.718638
33,40,4,3078.26,0.70107
33,40,5,3032.04,0.654153
33,40,6,2958.35,0.587591
33,40,7,2871.1,0.511828
33,40,8,2783.48,0.437223
33,40,9,2706.32,0.37349
33,40,10,2645.64,0.327843
33,40,11,2601.26,0.303205
33,40,12,2568.84,0.298838
33,40,13,2541.5,0.310799
33,40,14,2513.48,0.333409
33,40,15,2481.94,0.360683
33,40,16,2447.49,0.386596
33,40,17,2412.81,0.405928
33,40,18,2381.2,0.414907
33,40,19,2355.48,0.412562
33,40,20,2337.4,0.400688
33,40,21,2328.02,0.383151
33,40,22,2327.38,0.364106
33,40,23,2334.08,0.34632
33,40,24,2345.32,0.330751
33,40,25,2357.38,0.317042
33,40,26,2366.62,0.304866
33,40,27,2371.47,0.29488
33,40,28,2372.44,0.288775
33,40,29,2371.97,0.288493
33,40,30,2372.41,0.295143
33,40,31,2374.55,0.308832
33,40,32,2376.64,0.328238
33,40,33,2375.26,0.350851
33,40,34,2366.73,0.373698
33,40,35,2348.8,0.393992
33,40,36,2321.41,0.409775
33,40,37,2287.48,0.42034
33,40,38,2253.31,0.425892
33,40,39,2227.88,0.42654
33,40,40,2220.16,0.421671
33,40,41,2240.29,0.41026
33,40,42,2293.39,0.391382
33,40,43,2376.5,0.365455
33,40,44,2476.75,0.33435
33,40,45,2573.05,0.30064
33,40,46,2641.18,0.266049
33,40,47,2659,0.230934
33,40,48,2609.46,0.194677
33,40,49,2483.34,0.157132
33,41,0,2756.32,0.618472
33,41,1,2950.41,0.719751
33,41,2,3067.99,0.780125
33,41,3,3116.59,0.794316
33,41,4,3108.68,0.766706
33,41,5,3058.53,0.707687
33,41,6,2980.94,0.629946
33,41,7,2891.03,0.546148
33,41,8,2803.21,0.467495
33,41,9,2729.23,0.403231
33,41,10,2675.28,0.359039
33,41,11,2640.6,0.335888
33,41,12,2619.76,0.331481
33,41,13,2604.43,0.341196
33,41,14,2587.41,0.359576
33,41,15,2564.73,0.381436
33,41,16,2536.1,0.401796
33,41,17,2503.72,0.416351
33,41,18,2470.95,0.421962
33,41,19,2441.1,0.417969
33,41,20,2416.85,0.406226
33,41,21,2400.44,0.390471
33,41,22,2393.13,0.374547
33,41,23,2394.53,0.360874
33,41,24,2402.49,0.350246
33,41,25,2413.53,0.342319
33,41,26,2423.88,0.336837
33,41,27,2431.68,0.334427
33,41,28,2436.91,0.336475
33,41,29,2441.39,0.344557
33,41,30,2446.83,0.359346
33,41,31,2453.61,0.380716
33,41,32,2459.77,0.40709
33,41,33,2461.79,0.435429
33,41,34,2455.93,0.46199
33,41,35,2439.72,0.483274
33,41,36,2412.82,0.497162
33,41,37,2377.99,0.503499
33,41,38,2341.55,0.503662
33,41,39,2312.9,0.499064
33,41,40,2301.78,0.489871
33,41,41,2319.31,0.475145
33,41,42,2371.34,0.453298
33,41,43,2455.06,0.423937
33,41,44,2557.09,0.388314
33,41,45,2655.4,0.348868
33,41,46,2724.92,0.30763
33,41,47,2742.89,0.265498
33,41,48,2691.61,0.22233
33,41,49,2561.16,0.178368
33,42,0,2783.87,0.685569
33,42,1,2981.09,0.795104
33,42,2,3100.62,0.857003
33,42,3,3150.04,0.865793
33,42,4,3142,0.827686
33,42,5,3091.14,0.756186
33,42,6,3012.85,0.667216
33,42,7,2922.94,0.57571
33,42,8,2836.4,0.493522
33,42,9,2765.31,0.429104
33,42,10,2715.93,0.386384
33,42,11,2687.39,0.364464
33,42,12,2674.2,0.35978
33,42,13,2667.7,0.367344
33,42,14,2660.16,0.382054
33,42,15,2646.87,0.399424
33,42,16,2626.5,0.415301
33,42,17,2600.13,0.426183
33,42,18,2570.31,0.429663
33,42,19,2539.96,0.425601
33,42,20,2512,0.416015
33,42,21,2489.4,0.404425
33,42,22,2474.54,0.394065
33,42,23,2468.36,0.386709
33,42,24,2469.96,0.382843
33,42,25,2476.78,0.382191
33,42,26,2485.44,0.38474
33,42,27,2494.08,0.391193
33,42,28,2502.09,0.402627
33,42,29,2510.5,0.420142
33,42,30,2520.11,0.443899
33,42,31,2530.68,0.473524
33,42,32,2540.01,0.507214
33,42,33,2544.61,0.541374
33,42,34,2540.86,0.571263
33,42,35,2526.31,0.592285
33,42,36,2500.56,0.601726
33,42,37,2466.31,0.599782
33,42,38,2429.93,0.589202
33,42,39,2401.05,0.573349
33,42,40,2389.85,0.554137
33,42,41,2407.92,0.531769
33,42,42,2461.44,0.504782
33,42,43,2547.43,0.472271
33,42,44,2651.95,0.434586
33,42,45,2752.28,0.393233
33,42,46,2822.79,0.34952
33,42,47,2840.37,0.303892
33,42,48,2786.87,0.256039
33,42,49,2651.59,0.206401
33,43,0,2803.45,0.745497
33,43,1,3004.91,0.863351
33,43,2,3127.98,0.927214
33,43,3,3180.15,0.931115
33,43,4,3174.26,0.88288
33,43,5,3125.27,0.799076
33,43,6,3048.92,0.698912
33,43,7,2961.24,0.599554
33,43,8,2877.04,0.513392
33,43,9,2808.06,0.447979
33,43,10,2760.4,0.405608
33,43,11,2733.6,0.383948
33,43,12,2723.13,0.378707
33,43,13,2721.24,0.384884
33,43,14,2720.62,0.397706
33,43,15,2716.25,0.412984
33,43,16,2705.61,0.426834
33,43,17,2688.24,0.436155
33,43,18,2665.14,0.439195
33,43,19,2638.12,0.436526
33,43,20,2609.64,0.430577
33,43,21,2582.91,0.424793
33,43,22,2561.19,0.421742
33,43,23,2546.86,0.42241
33,43,24,2540.63,0.426837
33,43,25,2541.38,0.434763
33,43,26,2546.56,0.446443
33,43,27,2554.39,0.462632
33,43,28,2563.66,0.48406
33,43,29,2574.37,0.511255
33,43,30,2586.39,0.543855
33,43,31,2598.9,0.581304
33,43,32,2609.7,0.621698
33,43,33,2615.59,0.660961
33,43,34,2613.29,0.693241
33,43,35,2600.52,0.712547
33,43,36,2576.92,0.715158
33,43,37,2545.17,0.70138
33,43,38,2511.6,0.675423
33,43,39,2485.88,0.643097
33,43,40,2478.15,0.608899
33,43,41,2500.02,0.575144
33,43,42,2557.48,0.54129
33,43,43,2647.19,0.506304
33,43,44,2754.69,0.469442
33,43,45,2856.89,0.430556
33,43,46,2927.99,0.389203
33,43,47,2944.83,0.344324
33,43,48,2889.03,0.294706
33,43,49,2749.02,0.240695
33,44,0,2811.57,0.792823
33,44,1,3017.42,0.918369
33,44,2,3144.59,0.984567
33,44,3,3200.4,0.984694
33,44,4,3197.91,0.927799
33,44,5,3152.38,0.833128
33,44,6,3079.77,0.722845
33,44,7,2995.86,0.616041
33,44,8,2914.62,0.525478
33,44,9,2846.8,0.457843
33,44,10,2798.12,0.414196
33,44,11,2768.93,0.391473
33,44,12,2756.5,0.385317
33,44,13,2754.97,0.391062
33,44,14,2758.29,0.404107
33,44,15,2761.47,0.420027
33,44,16,2760.84,0.434518
33,44,17,2754.07,0.444386
33,44,18,2740.16,0.44836
33,44,19,2719.34,0.447868
33,44,20,2693.1,0.446036
33,44,21,2664.52,0.446536
33,44,22,2637.47,0.451435
33,44,23,2615.73,0.460992
33,44,24,2601.83,0.474726
33,44,25,2596.34,0.492268
33,44,26,2597.76,0.513985
33,44,27,2604.34,0.540492
33,44,28,2614.08,0.572013
33,44,29,2625.86,0.608354
33,44,30,2638.6,0.648628
33,44,31,2651.13,0.692202
33,44,32,2661.61,0.737309
33,44,33,2667.44,0.779664
33,44,34,2665.93,0.812463
33,44,35,2655.08,0.828297
33,44,36,2634.57,0.822223
33,44,37,2607.03,0.794474
33,44,38,2578.65,0.750655
33,44,39,2558.87,0.699199
33,44,40,2557.41,0.647609
33,44,41,2585.4,0.600867
33,44,42,2648.26,0.559876
33,44,43,2742.15,0.523757
33,44,44,2852.34,0.490586
33,44,45,2955.76,0.458095
33,44,46,3026.84,0.423382
33,44,47,3042.7,0.383124
33,44,48,2984.82,0.334644
33,44,49,2840.83,0.277922
33,45,0,2799.94,0.819106
33,45,1,3009.15,0.949961
33,45,2,3139.99,1.01798
33,45,3,3199.49,1.01569
33,45,4,3200.88,0.952898
33,45,5,3159.73,0.850758
33,45,6,3092.06,0.733527
33,45,7,3013.02,0.62149
33,45,8,2935.23,0.527405
33,45,9,2868,0.457151
33,45,10,2816.49,0.411089
33,45,11,2782.01,0.386195
33,45,12,2764.11,0.378718
33,45,13,2759.47,0.384607
33,45,14,2763.87,0.399265
33,45,15,2772.66,0.417608
33,45,16,2781.13,0.434388
33,45,17,2784.98,0.445961
33,45,18,2781.05,0.451372
33,45,19,2767.75,0.45295
33,45,20,2745.39,0.454709
33,45,21,2716.66,0.460845
33,45,22,2685.92,0.473209
33,45,23,2658.24,0.491541
33,45,24,2638.01,0.514858
33,45,25,2627.55,0.542518
33,45,26,2626.35,0.574723
33,45,27,2632.49,0.611617
33,45,28,2642.99,0.652662
33,45,29,2655.46,0.696757
33,45,30,2667.94,0.742474
33,45,31,2679.19,0.789233
33,45,32,2688.07,0.835728
33,45,33,2692.89,0.877918
33,45,34,2691.7,0.908532
33,45,35,2682.82,0.919072
33,45,36,2665.97,0.903469
33,45,37,2643.63,0.861791
33,45,38,2621.74,0.800792
33,45,39,2609.34,0.731275
33,45,40,2615.41,0.663583
33,45,41,2650.24,0.605306
33,45,42,2718.46,0.558855
33,45,43,2815.82,0.523572
33,45,44,2927.63,0.496361
33,45,45,3031.24,0.472766
33,45,46,3101.64,0.447283
33,45,47,3116.32,0.414151
33,45,48,3056.74,0.369078
33,45,49,2909.89,0.311532
33,46,0,2756.15,0.814246
33,46,1,2966.48,0.945648
33,46,2,3099.82,1.01352
33,46,3,3162.6,1.01002
33,46,4,3168.06,0.945199
33,46,5,3131.99,0.841031
33,46,6,3070.28,0.722488
33,46,7,2997.16,0.609889
33,46,8,2923.55,0.515357
33,46,9,2857.06,0.443928
33,46,10,2802.18,0.395718
33,46,11,2761.21,0.368387
33,46,12,2736.03,0.359297
33,46,13,2726.09,0.365221
33,46,14,2729.24,0.381532
33,46,15,2741.43,0.402374
33,46,16,2757.13,0.421435
33,46,17,2770.23,0.434554
33,46,18,2775.5,0.440983
33,46,19,2769.55,0.443855
33,46,20,2751.48,0.44805
33,46,21,2723.53,0.458401
33,46,22,2690.46,0.476803
33,46,23,2658.56,0.50276
33,46,24,2633.98,0.534886
33,46,25,2620.6,0.57214
33,46,26,2618.67,0.614253
33,46,27,2625.85,0.660551
33,46,28,2638,0.70949
33,46,29,2651.4,0.758931
33,46,30,2663.39,0.806927
33,46,31,2672.86,0.853085
33,46,32,2679.64,0.896881
33,46,33,2683.09,0.935061
33,46,34,2682.09,0.960574
33,46,35,2675.22,0.964477
33,46,36,2662.14,0.939951
33,46,37,2645.12,0.886901
33,46,38,2629.82,0.812802
33,46,39,2624.72,0.730129
33,46,40,2637.94,0.651306
33,46,41,2678.75,0.585861
33,46,42,2751.01,0.537311
33,46,43,2850.23,0.505068
33,46,44,2962.14,0.484995
33,46,45,3064.84,0.470815
33,46,46,3133.95,0.454914
33,46,47,3147.29,0.429595
33,46,48,3086.33,0.389294
33,46,49,2937.75,0.333001
33,47,0,2666.71,0.7706
33,47,1,2874.63,0.895829
33,47,2,3008.6,0.960267
33,47,3,3074,0.956315
33,47,4,3083.72,0.893858
33,47,5,3053.5,0.794321
33,47,6,2998.87,0.681747
33,47,7,2932.86,0.575111
33,47,8,2864.53,0.485151
33,47,9,2799.74,0.415917
33,47,10,2742.32,0.367538
33,47,11,2695.39,0.338694
33,47,12,2662.95,0.328083
33,47,13,2647,0.333419
33,47,14,2647.43,0.350182
33,47,15,2660.93,0.37202
33,47,16,2681.46,0.391887
33,47,17,2701.49,0.405333
33,47,18,2714.04,0.411795
33,47,19,2714.17,0.414958
33,47,20,2699.86,0.420285
33,47,21,2672.98,0.4331
33,47,22,2638.66,0.455459
33,47,23,2604.28,0.486877
33,47,24,2577.45,0.525724
33,47,25,2563.28,0.570522
33,47,26,2562.44,0.620326
33,47,27,2571.97,0.67345
33,47,28,2586.51,0.727267
33,47,29,2601.19,0.778641
33,47,30,2612.84,0.825227
33,47,31,2620.64,0.866933
33,47,32,2625.49,0.904222
33,47,33,2627.8,0.935055
33,47,34,2627.17,0.953296
33,47,35,2622.32,0.950311
33,47,36,2612.79,0.919093
33,47,37,2600.56,0.859429
33,47,38,2590.97,0.778952
33,47,39,2591.94,0.690795
33,47,40,2610.73,0.608286
33,47,41,2655.62,0.5418
33,47,42,2729.78,0.495276
33,47,43,2828.8,0.467951
33,47,44,2939.15,0.454915
33,47,45,3039.88,0.448797
33,47,46,3107.21,0.440854
33,47,47,3119.11,0.422466
33,47,48,3057.08,0.387514
33,47,49,2908.01,0.334704
33,48,0,2521.77,0.687349
33,48,1,2722.02,0.799238
33,48,2,2853.66,0.856522
33,48,3,2920.48,0.852533
33,48,4,2934.53,0.79651
33,48,5,2911.05,0.70803
33,48,6,2864.77,0.608607
33,48,7,2807.26,0.514631
33,48,8,2745.67,0.434814
33,48,9,2684.24,0.372083
33,48,10,2626.2,0.326635
33,48,11,2575.34,0.29816
33,48,12,2537.31,0.286611
33,48,13,2516.15,0.290632
33,48,14,2513.41,0.306085
33,48,15,2526.5,0.326662
33,48,16,2549.28,0.345234
33,48,17,2573.38,0.357465
33,48,18,2590.63,0.362978
33,48,19,2594.96,0.365647
33,48,20,2583.48,0.371039
33,48,21,2557.79,0.384587
33,48,22,2523.31,0.408463
33,48,23,2488.26,0.442345
33,48,24,2461.23,0.48454
33,48,25,2448.03,0.533222
33,48,26,2449.4,0.586757
33,48,27,2461.71,0.642519
33,48,28,2478.64,0.69698
33,48,29,2494.47,0.746288
33,48,30,2505.82,0.787921
33,48,31,2512.3,0.822148
33,48,32,2515.76,0.850414
33,48,33,2517.48,0.872049
33,48,34,2517.56,0.882306
33,48,35,2514.75,0.873542
33,48,36,2508.35,0.839143
33,48,37,2500.06,0.778846
33,48,38,2494.87,0.699841
33,48,39,2500.15,0.614786
33,48,40,2522.37,0.5366
33,48,41,2568.87,0.475314
33,48,42,2642.36,0.434581
33,48,43,2738.73,0.413277
33,48,44,2845.53,0.406136
33,48,45,2942.94,0.405587
33,48,46,3007.79,0.402919
33,48,47,3018.15,0.389765
33,48,48,2955.65,0.360283
33,48,49,2808.05,0.31315
33,49,0,2320.04,0.572655
33,49,1,2505.26,0.665496
33,49,2,2629.98,0.712622
33,49,3,2696.04,0.708773
33,49,4,2714,0.662113
33,49,5,2697.91,0.589304
33,49,6,2661.17,0.508182
33,49,7,2613.57,0.431771
33,49,8,2560.41,0.366461
33,49,9,2504.53,0.314041
33,49,10,2448.68,0.274707
33,49,11,2397.1,0.248889
33,49,12,2356.49,0.237446
33,49,13,2332.16,0.239814
33,49,14,2326.74,0.252512
33,49,15,2338.29,0.26987
33,49,16,2360.87,0.285385
33,49,17,2386.02,0.295235
33,49,18,2405.12,0.299235
33,49,19,2411.56,0.301045
33,49,20,2402,0.305817
33,49,21,2377.84,0.318621
33,49,22,2344.63,0.341584
33,49,23,2310.91,0.374591
33,49,24,2285.59,0.416054
33,49,25,2274.56,0.463983
33,49,26,2278.32,0.516254
33,49,27,2292.77,0.569631
33,49,28,2311.1,0.620111
33,49,29,2327.3,0.663596
33,49,30,2338.08,0.697667
33,49,31,2343.52,0.722933
33,49,32,2346.17,0.741573
33,49,33,2347.87,0.754114
33,49,34,2348.97,0.757338
33,49,35,2348.11,0.745025
33,49,36,2344.38,0.711437
33,49,37,2339.19,0.656299
33,49,38,2337.08,0.585848
33,49,39,2344.83,0.511266
33,49,40,2368.17,0.443935
33,49,41,2413.52,0.392561
33,49,42,2483.27,0.360025
33,49,43,2573.87,0.344842
33,49,44,2674.25,0.341882
33,49,45,2766.08,0.344207
33,49,46,2827.13,0.344144
33,49,47,2835.79,0.334531
33,49,48,2774.23,0.310466
33,49,49,2631.88,0.270811
34,0,0,2648.29,0.371994
34,0,1,2831.8,0.455106
34,0,2,2955.07,0.522977
34,0,3,3031.06,0.570125
34,0,4,3078.18,0.596404
34,0,5,3114.26,0.606572
34,0,6,3151,0.607563
34,0,7,3190.37,0.605979
34,0,8,3226.16,0.60558
34,0,9,3249.22,0.606975
34,0,10,3252.42,0.608801
34,0,11,3232.93,0.6094
34,0,12,3193.66,0.608345
34,0,13,3141.33,0.605851
34,0,14,3084.54,0.601083
34,0,15,3030.29,0.592032
34,0,16,2980.3,0.575783
34,0,17,2930.25,0.550055
34,0,18,2872.09,0.514452
34,0,19,2798.32,0.470796
34,0,20,2705.57,0.422543
34,0,21,2595.93,0.37334
34,0,22,2477.05,0.326276
34,0,23,2359.57,0.283013
34,0,24,2254.54,0.244088
34,0,25,2170.04,0.209631
34,0,26,2110.13,0.179512
34,0,27,2073.94,0.153673
34,0,28,2056.2,0.131632
34,0,29,2048.83,0.112867
34,0,30,2043.13,0.0967382
34,0,31,2031.54,0.0827694
34,0,32,2008.82,0.0706731
34,0,33,1972.76,0.0600892
34,0,34,1924.65,0.0505539
34,0,35,1869,0.041838
34,0,36,1813.23,0.0338472
34,0,37,1766.62,0.0265953
34,0,38,1738.54,0.0206237
34,0,39,1735.79,0.0167379
34,0,40,1759.71,0.0157817
34,0,41,1806.07,0.0183411
34,0,42,1865.15,0.0246381
34,0,43,1924.09,0.0338172
34,0,44,1970.02,0.0439681
34,0,45,1991.84,0.0523674
34,0,46,1981.34,0.0564178
34,0,47,1933.45,0.0547035
34,0,48,1847.15,0.0476479
34,0,49,1726.91,0.0372529
34,1,0,2897.23,0.454537
34,1,1,3082.68,0.551983
34,1,2,3203.14,0.629995
34,1,3,3274.16,0.682705
34,1,4,3314.53,0.71062
34,1,5,3341.52,0.719806
34,1,6,3366.75,0.718749
34,1,7,3393.1,0.715368
34,1,8,3416.15,0.714398
34,1,9,3428.54,0.716922
34,1,10,3424.25,0.721538
34,1,11,3400.64,0.725993
34,1,12,3360,0.728881
34,1,13,3307.89,0.728992
34,1,14,3251.56,0.723993
34,1,15,3196.95,0.710822
34,1,16,3145.23,0.686386
34,1,17,3092.03,0.649218
34,1,18,3029.62,0.600454
34,1,19,2950.92,0.543696
34,1,20,2852.87,0.483772
34,1,21,2737.8,0.425025
34,1,22,2613.5,0.37059
34,1,23,2490.83,0.32179
34,1,24,2381.17,0.278644
34,1,25,2293.06,0.240901
34,1,26,2231.03,0.208208
34,1,27,2194.31,0.180346
34,1,28,2177.34,0.156711
34,1,29,2171.34,0.136513
34,1,30,2166.78,0.118855
34,1,31,2155.51,0.103071
34,1,32,2132.06,0.0888679
34,1,33,2094.4,0.0760136
34,1,34,2044.32,0.0642429
34,1,35,1986.92,0.053472
34,1,36,1930.06,0.0436585
34,1,37,1883.19,0.034777
34,1,38,1855.66,0.0273421
34,1,39,1853.99,0.0221642
34,1,40,1879.18,0.0201357
34,1,41,1926.78,0.0219008
34,1,42,1986.94,0.0277461
34,1,43,2046.75,0.0367683
34,1,44,2093.21,0.046939
34,1,45,2114.85,0.0553694
34,1,46,2102.83,0.0593088
34,1,47,2051.18,0.0572726
34,1,48,1957.81,0.0497168
34,1,49,1826.32,0.0387474
34,2,0,3088.99,0.51822
34,2,1,3269.08,0.624478
34,2,2,3382.01,0.707835
34,2,3,3445.01,0.762644
34,2,4,3476.66,0.790276
34,2,5,3493.4,0.797882
34,2,6,3506.5,0.795106
34,2,7,3519.65,0.79079
34,2,8,3530.03,0.790474
34,2,9,3531.9,0.795727
34,2,10,3520.28,0.80515
34,2,11,3492.72,0.815778
34,2,12,3451.04,0.824885
34,2,13,3399.65,0.829336
34,2,14,3344.34,0.824938
34,2,15,3289.73,0.807472
34,2,16,3236.28,0.77394
34,2,17,3179.72,0.724196
34,2,18,3113.01,0.661495
34,2,19,3030.08,0.591703
34,2,20,2928.58,0.521251
34,2,21,2811.32,0.455128
34,2,22,2686.16,0.39624
34,2,23,2563.66,0.345183
34,2,24,2454.84,0.301068
34,2,25,2367.98,0.26296
34,2,26,2307.49,0.230126
34,2,27,2272.47,0.202135
34,2,28,2257.16,0.178349
34,2,29,2252.45,0.157809
34,2,30,2248.46,0.139457
34,2,31,2236.96,0.122505
34,2,32,2212.67,0.106701
34,2,33,2174.09,0.0920031
34,2,34,2123.64,0.078413
34,2,35,2066.93,0.0660048
34,2,36,2011.91,0.0547532
34,2,37,1967.57,0.0445315
34,2,38,1942.47,0.0357285
34,2,39,1942.23,0.0290672
34,2,40,1967.27,0.0254291
34,2,41,2013.23,0.0255097
34,2,42,2070.88,0.029704
34,2,43,2128.07,0.0371891
34,2,44,2172.38,0.0460278
34,2,45,2192.38,0.0534323
34,2,46,2178.85,0.0567322
34,2,47,2125.06,0.0544843
34,2,48,2028,0.0471048
34,2,49,1890.38,0.0365835
34,3,0,3224.38,0.553984
34,3,1,3395.5,0.662669
34,3,2,3498.85,0.746418
34,3,3,3552.64,0.800318
34,3,4,3574.93,0.82659
34,3,5,3581.24,0.832978
34,3,6,3582.57,0.829638
34,3,7,3583.24,0.825799
34,3,8,3581.77,0.827553
34,3,9,3573.82,0.836967
34,3,10,3555.36,0.852752
34,3,11,3524.19,0.871271
34,3,12,3481.81,0.888387
34,3,13,3431.55,0.898825
34,3,14,3377.59,0.896398
34,3,15,3323.07,0.875708
34,3,16,3267.61,0.833986
34,3,17,3207.11,0.772625
34,3,18,3135.59,0.697234
34,3,19,3048.41,0.616154
34,3,20,2944.44,0.537515
34,3,21,2827.25,0.466928
34,3,22,2704.74,0.406862
34,3,23,2586.81,0.356892
34,3,24,2483.42,0.314878
34,3,25,2401.81,0.278932
34,3,26,2345.67,0.247812
34,3,27,2313.66,0.220886
34,3,28,2299.96,0.197653
34,3,29,2295.59,0.177208
34,3,30,2290.87,0.158534
34,3,31,2278.06,0.140848
34,3,32,2252.48,0.123987
34,3,33,2213.38,0.108091
34,3,34,2163.83,0.093384
34,3,35,2109.77,0.0800154
34,3,36,2058.88,0.0678741
34,3,37,2019.18,0.0566509
34,3,38,1997.9,0.0465304
34,3,39,1999.37,0.0381
34,3,40,2023.34,0.0322168
34,3,41,2065.76,0.0296614
34,3,42,2118.51,0.0310029
34,3,43,2170.8,0.0356335
34,3,44,2211.21,0.0418985
34,3,45,2228.66,0.0473372
34,3,46,2213.7,0.0495484
34,3,47,2159.02,0.0472045
34,3,48,2060.88,0.0405998
34,3,49,1921.25,0.031407
34,4,0,3308.65,0.557919
34,4,1,3469.91,0.663229
34,4,2,3563.51,0.743444
34,4,3,3608.01,0.794667
34,4,4,3620.87,0.819688
34,4,5,3616.92,0.826161
34,4,6,3606.99,0.823968
34,4,7,3596.05,0.822156
34,4,8,3583.81,0.827087
34,4,9,3567.15,0.841355
34,4,10,3542.95,0.863988
34,4,11,3509.29,0.890933
34,4,12,3467.4,0.916835
34,4,13,3419.4,0.934437
34,4,14,3367.76,0.935683
34,4,15,3313.92,0.91405
34,4,16,3256.6,0.866956
34,4,17,3191.95,0.79719
34,4,18,3115.34,0.712531
34,4,19,3023.94,0.623631
34,4,20,2918.19,0.540232
34,4,21,2802.7,0.468508
34,4,22,2685.38,0.410409
34,4,23,2575.15,0.364322
34,4,24,2480.32,0.326664
34,4,25,2406.41,0.29442
34,4,26,2355.84,0.265775
34,4,27,2326.66,0.239995
34,4,28,2313.24,0.21694
34,4,29,2307.26,0.196106
34,4,30,2299.96,0.176811
34,4,31,2284.59,0.158465
34,4,32,2257.38,0.141023
34,4,33,2218.38,0.124703
34,4,34,2171.13,0.109769
34,4,35,2121.52,0.0962467
34,4,36,2076.55,0.0837732
34,4,37,2042.94,0.0717769
34,4,38,2026.31,0.0602243
34,4,39,2029.66,0.0496014
34,4,40,2052.13,0.0408008
34,4,41,2090.15,0.0347647
34,4,42,2136.96,0.0323077
34,4,43,2183.38,0.0331357
34,4,44,2219.22,0.0359928
34,4,45,2233.9,0.038869
34,4,46,2217.85,0.0397255
34,4,47,2163.31,0.0373733
34,4,48,2065.99,0.031914
34,4,49,1927.3,0.0245721
34,5,0,3347.58,0.531827
34,5,1,3499.96,0.629524
34,5,2,3584.79,0.703893
34,5,3,3620.62,0.752059
34,5,4,3624.35,0.776914
34,5,5,3610.39,0.785315
34,5,6,3589.72,0.786107
34,5,7,3568.17,0.78763
34,5,8,3546.63,0.796245
34,5,9,3523.17,0.815102
34,5,10,3495.46,0.843801
34,5,11,3461.74,0.878288
34,5,12,3422.8,0.912422
34,5,13,3379.34,0.937439
34,5,14,3331.86,0.943774
34,5,15,3280.02,0.923941
34,5,16,3221.68,0.875408
34,5,17,3153.45,0.801973
34,5,18,3072.18,0.713059
34,5,19,2977.08,0.621123
34,5,20,2870.31,0.537184
34,5,21,2757.62,0.467838
34,5,22,2646.89,0.414476
34,5,23,2545.81,0.374276
34,5,24,2460.6,0.342192
34,5,25,2394.62,0.314059
34,5,26,2348.73,0.287524
34,5,27,2320.4,0.261927
34,5,28,2304.55,0.237755
34,5,29,2294.21,0.215299
34,5,30,2282.2,0.19456
34,5,31,2263.25,0.175345
34,5,32,2234.65,0.157736
34,5,33,2197.07,0.141833
34,5,34,2154.03,0.127637
34,5,35,2110.83,0.114767
34,5,36,2073.33,0.102411
34,5,37,2046.69,0.089688
34,5,38,2035.03,0.0764194
34,5,39,2040.22,0.0631165
34,5,40,2061.09,0.0508336
34,5,41,2094.7,0.0407723
34,5,42,2135.67,0.034041
34,5,43,2176.43,0.0306892
34,5,44,2208.02,0.0298737
34,5,45,2220.42,0.0300378
34,5,46,2203.96,0.0294973
34,5,47,2150.54,0.0271816
34,5,48,2055.43,0.0229602
34,5,49,1919.59,0.0175717
34,6,0,3346.76,0.482634
34,6,1,3492.36,0.570402
34,6,2,3570.19,0.638119
34,6,3,3598.51,0.683727
34,6,4,3593.77,0.70976
34,6,5,3570.3,0.721746
34,6,6,3539.7,0.726959
34,6,7,3509.02,0.732656
34,6,8,3480.57,0.744952
34,6,9,3453.48,0.767515
34,6,10,3425.97,0.800694
34,6,11,3396.05,0.840826
34,6,12,3363.61,0.881489
34,6,13,3327.6,0.913038
34,6,14,3286.47,0.924933
34,6,15,3238.24,0.909036
34,6,16,3180.17,0.862792
34,6,17,3109.48,0.790574
34,6,18,3024.66,0.702778
34,6,19,2926.83,0.612941
34,6,20,2819.85,0.532819
34,6,21,2710.41,0.469144
34,6,22,2606.26,0.422707
34,6,23,2513.73,0.389559
34,6,24,2436.81,0.363341
34,6,25,2376.63,0.338867
34,6,26,2332.48,0.313359
34,6,27,2301.53,0.286443
34,6,28,2279.72,0.259475
34,6,29,2262.02,0.23391
34,6,30,2243.44,0.210746
34,6,31,2220.52,0.190383
34,6,32,2191.63,0.173
34,6,33,2157.63,0.158349
34,6,34,2121.36,0.145818
34,6,35,2086.78,0.134307
34,6,36,2058.15,0.122386
34,6,37,2039,0.108867
34,6,38,2032.19,0.0935706
34,6,39,2038.95,0.0772189
34,6,40,2058.24,0.0611853
34,6,41,2087.91,0.047016
34,6,42,2123.9,0.0361165
34,6,43,2160.06,0.0288329
34,6,44,2188.51,0.0246555
34,6,45,2199.67,0.0223867
34,6,46,2183.78,0.0206173
34,6,47,2132.38,0.0183547
34,6,48,2040.37,0.0152368
34,6,49,1908.31,0.0115637
34,7,0,3311.74,0.420655
34,7,1,3453.27,0.497961
34,7,2,3526.42,0.559231
34,7,3,3548.92,0.602947
34,7,4,3536.98,0.631003
34,7,5,3505.21,0.647422
34,7,6,3466.35,0.657732
34,7,7,3429.14,0.667941
34,7,8,3397.48,0.683692
34,7,9,3371.36,0.708988
34,7,10,3348.93,0.744891
34,7,11,3327.32,0.788334
34,7,12,3304.91,0.833018
34,7,13,3278.74,0.869066
34,7,14,3245.46,0.885614
34,7,15,3201.84,0.874354
34,7,16,3144.96,0.8328
34,7,17,3072.9,0.765571
34,7,18,2985.65,0.683397
34,7,19,2886,0.600088
34,7,20,2779.18,0.527466
34,7,21,2672.56,0.472019
34,7,22,2573.54,0.433869
34,7,23,2487.15,0.408104
34,7,24,2415.32,0.387324
34,7,25,2357.23,0.365569
34,7,26,2310.93,0.339808
34,7,27,2273.61,0.310127
34,7,28,2242.59,0.278923
34,7,29,2215.22,0.24905
34,7,30,2189.08,0.222729
34,7,31,2162.72,0.201082
34,7,32,2135.45,0.18434
34,7,33,2107.79,0.171696
34,7,34,2081.14,0.161624
34,7,35,2057.42,0.152056
34,7,36,2038.87,0.140843
34,7,37,2027.42,0.126541
34,7,38,2025.06,0.109136
34,7,39,2032.97,0.089742
34,7,40,2050.65,0.0701816
34,7,41,2076.95,0.0523836
34,7,42,2109.09,0.0380003
34,7,43,2142.09,0.0275704
34,7,44,2168.87,0.0207866
34,7,45,2180.14,0.0166733
34,7,46,2165.92,0.0139936
34,7,47,2117.39,0.0117976
34,7,48,2029,0.00952834
34,7,49,1900.9,0.00715039
34,8,0,3249.36,0.357302
34,8,1,3389.71,0.424962
34,8,2,3460.8,0.480443
34,8,3,3479.75,0.522526
34,8,4,3462.69,0.55246
34,8,5,3424.94,0.572996
34,8,6,3380.78,0.588142
34,8,7,3340.99,0.602697
34,8,8,3310.95,0.621626
34,8,9,3291.01,0.648908
34,8,10,3278.42,0.686014
34,8,11,3268.69,0.730422
34,8,12,3258.3,0.776211
34,8,13,3242.59,0.813861
34,8,14,3216.95,0.832913
34,8,15,3177.59,0.825486
34,8,16,3121.84,0.789401
34,8,17,3048.67,0.729322
34,8,18,2959.47,0.65574
34,8,19,2858.24,0.581958
34,8,20,2751.2,0.519186
34,8,21,2646.04,0.473277
34,8,22,2549.68,0.443659
34,8,23,2466.07,0.424714
34,8,24,2395.54,0.408384
34,8,25,2335.83,0.388264
34,8,26,2284.18,0.361236
34,8,27,2238.06,0.327939
34,8,28,2196.26,0.291829
34,8,29,2158.6,0.257198
34,8,30,2125.33,0.227555
34,8,31,2097.02,0.204777
34,8,32,2073.68,0.189104
34,8,33,2054.99,0.179039
34,8,34,2040.32,0.171991
34,8,35,2029.06,0.164808
34,8,36,2021.19,0.154623
34,8,37,2017.26,0.139817
34,8,38,2018.74,0.120673
34,8,39,2027.26,0.0987936
34,8,40,2043.23,0.0764978
34,8,41,2066.72,0.0560583
34,8,42,2096.1,0.0392781
34,8,43,2127.37,0.0267716
34,8,44,2153.96,0.018311
34,8,45,2166.66,0.0130284
34,8,46,2155.19,0.00978286
34,8,47,2110.2,0.00765183
34,8,48,2025.66,0.00594382
34,8,49,1901.18,0.00440488
34,9,0,3168.34,0.302679
34,9,1,3310.14,0.362397
34,9,2,3381.86,0.412855
34,9,3,3399.93,0.452983
34,9,4,3380.59,0.483645
34,9,5,3340.15,0.506858
34,9,6,3294.72,0.525638
34,9,7,3256.99,0.543778
34,9,8,3233.44,0.565394
34,9,9,3223.99,0.593972
34,9,10,3224.19,0.630911
34,9,11,3227.49,0.673996
34,9,12,3228.49,0.717836
34,9,13,3221.43,0.753795
34,9,14,3201.26,0.772555
34,9,15,3164.26,0.767277
34,9,16,3108.33,0.736352
34,9,17,3033.35,0.684314
34,9,18,2941.73,0.620889
34,9,19,2838.36,0.558157
34,9,20,2730.05,0.506106
34,9,21,2624.51,0.46966
34,9,22,2528.24,0.447629
34,9,23,2444.39,0.43407
34,9,24,2372.31,0.420754
34,9,25,2308.85,0.401215
34,9,26,2250.81,0.372432
34,9,27,2195.99,0.335556
34,9,28,2144.48,0.294949
34,9,29,2098.25,0.256141
34,9,30,2059.94,0.223775
34,9,31,2031.87,0.200401
34,9,32,2014.51,0.186217
34,9,33,2006.41,0.179033
34,9,34,2004.66,0.175223
34,9,35,2006.04,0.170627
34,9,36,2008.45,0.161785
34,9,37,2011.27,0.147009
34,9,38,2015.81,0.12693
34,9,39,2024.4,0.103617
34,9,40,2038.62,0.0798088
34,9,41,2059.79,0.0580028
34,9,42,2087.39,0.0400321
34,9,43,2118.17,0.0264989
34,9,44,2145.86,0.0171891
34,9,45,2161.16,0.0112929
34,9,46,2153.33,0.00773837
34,9,47,2112.44,0.00563523
34,9,48,2031.8,0.00421928
34,9,49,1910.41,0.0031162
34,10,0,3078.77,0.263389
34,10,1,3224.1,0.317231
34,10,2,3298.81,0.363335
34,10,3,3318.56,0.400738
34,10,4,3299.91,0.430323
34,10,5,3260.31,0.454052
34,10,6,3217.59,0.474592
34,10,7,3186,0.495019
34,10,8,3172.37,0.518464
34,10,9,3175.46,0.547461
34,10,10,3188.65,0.582813
34,10,11,3203.34,0.622323
34,10,12,3212.71,0.661254
34,10,13,3210.61,0.692324
34,10,14,3192.28,0.708011
34,10,15,3154.59,0.703047
34,10,16,3096.21,0.676584
34,10,17,3017.88,0.632812
34,10,18,2922.79,0.580188
34,10,19,2816.35,0.528933
34,10,20,2705.65,0.487332
34,10,21,2598.32,0.459201
34,10,22,2500.49,0.442926
34,10,23,2414.9,0.432717
34,10,24,2340.42,0.420742
34,10,25,2273.55,0.400913
34,10,26,2210.85,0.370501
34,10,27,2150.31,0.331043
34,10,28,2092.89,0.287488
34,10,29,2042.04,0.24617
34,10,30,2002.15,0.212511
34,10,31,1976.81,0.189511
34,10,32,1966.63,0.177265
34,10,33,1969.04,0.172989
34,10,34,1979.14,0.172237
34,10,35,1991.51,0.170093
34,10,36,2002.42,0.162754
34,10,37,2010.46,0.148593
34,10,38,2016.98,0.128571
34,10,39,2025.16,0.105089
34,10,40,2037.71,0.0811137
34,10,41,2057.16,0.0591793
34,10,42,2083.96,0.0410265
34,10,43,2115.4,0.0272115
34,10,44,2145.29,0.0175476
34,10,45,2164.12,0.0113136
34,10,46,2160.61,0.00753001
34,10,47,2124.16,0.00535172
34,10,48,2047.34,0.00398588
34,10,49,1928.45,0.00299578
34,11,0,2989.27,0.241404
34,11,1,3139.49,0.291245
34,11,2,3218.85,0.333426
34,11,3,3242.26,0.367135
34,11,4,3226.66,0.393695
34,11,5,3190.67,0.415617
34,11,6,3153.54,0.435788
34,11,7,3130.4,0.456841
34,11,8,3127.75,0.480856
34,11,9,3142.74,0.509077
34,11,10,3166.6,0.541309
34,11,11,3189.02,0.575145
34,11,12,3202.37,0.606613
34,11,13,3200.68,0.630153
34,11,14,3179.99,0.640516
34,11,15,3138.09,0.634364
34,11,16,3074.61,0.611692
34,11,17,2991.11,0.576143
34,11,18,2891.38,0.534465
34,11,19,2781.19,0.494524
34,11,20,2667.71,0.462552
34,11,21,2558.4,0.441167
34,11,22,2459.11,0.428577
34,11,23,2372.43,0.419636
34,11,24,2297.12,0.407496
34,11,25,2229.58,0.386913
34,11,26,2166.28,0.355651
34,11,27,2105.16,0.315472
34,11,28,2047.48,0.27148
34,11,29,1997.37,0.230227
34,11,30,1960.07,0.197399
34,11,31,1939.72,0.176117
34,11,32,1936.83,0.166289
34,11,33,1947.98,0.164696
34,11,34,1966.94,0.1664
34,11,35,1986.96,0.166134
34,11,36,2003.35,0.160089
34,11,37,2014.35,0.146873
34,11,38,2021.54,0.127733
34,11,39,2028.89,0.105197
34,11,40,2040.08,0.0821906
34,11,41,2058.65,0.0610526
34,11,42,2085.77,0.0433191
34,11,43,2119,0.0295189
34,11,44,2152.04,0.0195786
34,11,45,2175.05,0.0129606
34,11,46,2176.22,0.00883568
34,11,47,2144.28,0.00641386
34,11,48,2071.04,0.00488752
34,11,49,1954.04,0.00377005
34,12,0,2905.12,0.234183
34,12,1,3060.89,0.281271
34,12,2,3145.8,0.319646
34,12,3,3174.07,0.348757
34,12,4,3163.08,0.37069
34,12,5,3132.43,0.388909
34,12,6,3102.34,0.406888
34,12,7,3088.11,0.42703
34,12,8,3095.42,0.450389
34,12,9,3119.68,0.476754
34,12,10,3150.36,0.504697
34,12,11,3176.06,0.531438
34,12,12,3188.79,0.553804
34,12,13,3183.17,0.568136
34,12,14,3156.21,0.571687
34,12,15,3106.87,0.563224
34,12,16,3035.86,0.543621
34,12,17,2945.62,0.515867
34,12,18,2840.56,0.48475
34,12,19,2726.71,0.455499
34,12,20,2611.23,0.432093
34,12,21,2501.3,0.415916
34,12,22,2402.48,0.405216
34,12,23,2317.29,0.395897
34,12,24,2244.49,0.382594
34,12,25,2180.5,0.36131
34,12,26,2121.71,0.330489
34,12,27,2065.86,0.291957
34,12,28,2014.05,0.250524
34,12,29,1970.23,0.212347
34,12,30,1939.55,0.182808
34,12,31,1925.94,0.164774
34,12,32,1929.53,0.157849
34,12,33,1946.44,0.158539
34,12,34,1970.04,0.161773
34,12,35,1993.24,0.162393
34,12,36,2011.28,0.156986
34,12,37,2022.51,0.14462
34,12,38,2028.91,0.126798
34,12,39,2035.15,0.105967
34,12,40,2045.62,0.0847134
34,12,41,2064.55,0.0649328
34,12,42,2093.4,0.0478524
34,12,43,2129.68,0.0340134
34,12,44,2166.72,0.0235721
34,12,45,2194.28,0.0162967
34,12,46,2200.06,0.0115778
34,12,47,2172.25,0.00868588
34,12,48,2102.03,0.00678963
34,12,49,1986.19,0.00533695
34,13,0,2826.92,0.236391
34,13,1,2988.43,0.281232
34,13,2,3079.32,0.315715
34,13,3,3113.11,0.339665
34,13,4,3107.57,0.356066
34,13,5,3083,0.369455
34,13,6,3059.98,0.384013
34,13,7,3053.41,0.402075
34,13,8,3067.85,0.423813
34,13,9,3097.37,0.447635
34,13,10,3130.32,0.470841
34,13,11,3154.84,0.490155
34,13,12,3162.96,0.503087
34,13,13,3149.95,0.507769
34,13,14,3113.84,0.503868
34,13,15,3054.74,0.492234
34,13,16,2974.58,0.474668
34,13,17,2876.84,0.453599
34,13,18,2766.63,0.431896
34,13,19,2650.25,0.412173
34,13,20,2534.78,0.39614
34,13,21,2426.97,0.383947
34,13,22,2331.95,0.374
34,13,23,2251.92,0.363479
34,13,24,2185.59,0.348798
34,13,25,2129.39,0.327466
34,13,26,2079.68,0.298711
34,13,27,2034.04,0.264284
34,13,28,1993.09,0.228309
34,13,29,1960.04,0.196022
34,13,30,1939.11,0.172005
34,13,31,1933.33,0.15852
34,13,32,1942.25,0.154767
34,13,33,1961.89,0.157126
34,13,34,1986.04,0.160724
34,13,35,2008.25,0.16096
34,13,36,2024.45,0.155214
34,13,37,2033.59,0.143231
34,13,38,2038.21,0.126764
34,13,39,2043.56,0.107996
34,13,40,2054.43,0.088902
34,13,41,2075.25,0.0707235
34,13,42,2107.38,0.054299
34,13,43,2147.82,0.0402267
34,13,44,2189.36,0.0289996
34,13,45,2221.29,0.0207963
34,13,46,2231,0.0152772
34,13,47,2206.41,0.011766
34,13,48,2138.26,0.00938068
34,13,49,2022.74,0.00747448
34,14,0,2753.19,0.242579
34,14,1,2920.41,0.28518
34,14,2,3017.56,0.31571
34,14,3,3057.43,0.334441
34,14,4,3057.93,0.345201
34,14,5,3039.66,0.353479
34,14,6,3022.9,0.364107
34,14,7,3021.67,0.379477
34,14,8,3039.48,0.399148
34,14,9,3069.65,0.420409
34,14,10,3100.31,0.439396
34,14,11,3119.74,0.45222
34,14,12,3120.28,0.45677
34,14,13,3097.77,0.452584
34,14,14,3051.1,0.441368
34,14,15,2981.43,0.425869
34,14,16,2891.92,0.408881
34,14,17,2787.18,0.392556
34,14,18,2673.11,0.378181
34,14,19,2556.33,0.366082
34,14,20,2443.72,0.355894
34,14,21,2341.37,0.346605
34,14,22,2253.61,0.336822
34,14,23,2182.02,0.325022
34,14,24,2125.11,0.309453
34,14,25,2079.36,0.289157
34,14,26,2041.36,0.264115
34,14,27,2008.67,0.235851
34,14,28,1981.44,0.207515
34,14,29,1961.71,0.183064
34,14,30,1952.3,0.165944
34,14,31,1954.8,0.157602
34,14,32,1968,0.156798
34,14,33,1988.11,0.159944
34,14,34,2009.89,0.162653
34,14,35,2028.23,0.161242
34,14,36,2040.35,0.154178
34,14,37,2046.2,0.14204
34,14,38,2049.01,0.126812
34,14,39,2054.44,0.110275
34,14,40,2067.29,0.0935994
34,14,41,2091.76,0.0772314
34,14,42,2128.57,0.0615616
34,14,43,2173.9,0.0472511
34,14,44,2219.85,0.0351727
34,14,45,2255.32,0.0259604
34,14,46,2267.68,0.0195685
34,14,47,2244.88,0.0153759
34,14,48,2177.53,0.0124396
34,14,49,2061.38,0.0100077
34,15,0,2683.2,0.249131
34,15,1,2855.99,0.289516
34,15,2,2959.7,0.316424
34,15,3,3006.18,0.330553
34,15,4,3013.18,0.336356
34,15,5,3000.95,0.339998
34,15,6,2988.96,0.346808
34,15,7,2990.07,0.359377
34,15,8,3007.05,0.377014
34,15,9,3033.31,0.396287
34,15,10,3057.63,0.412378
34,15,11,3068.99,0.420662
34,15,12,3060.25,0.418988
34,15,13,3027.72,0.407712
34,15,14,2970.88,0.389998
34,15,15,2891.7,0.370168
34,15,16,2794.44,0.35205
34,15,17,2684.77,0.337896
34,15,18,2569.37,0.327946
34,15,19,2455.08,0.320818
34,15,20,2348.36,0.314453
34,15,21,2254.3,0.306871
34,15,22,2176.04,0.296876
34,15,23,2114.31,0.284112
34,15,24,2067.41,0.26847
34,15,25,2032.19,0.250333
34,15,26,2005.85,0.230238
34,15,27,1986.28,0.209314
34,15,28,1973.16,0.189554
34,15,29,1967.25,0.173473
34,15,30,1969.57,0.163268
34,15,31,1980.08,0.159539
34,15,32,1996.75,0.160732
34,15,33,2016.17,0.163499
34,15,34,2034.38,0.164172
34,15,35,2047.97,0.160204
34,15,36,2055.81,0.151248
34,15,37,2059.02,0.138714
34,15,38,2061.49,0.124744
34,15,39,2068.98,0.110631
34,15,40,2085.87,0.0966689
34,15,41,2115.61,0.082479
34,15,42,2157.93,0.0679723
34,15,43,2208.05,0.0538224
34,15,44,2257.44,0.0412245
34,15,45,2294.9,0.0312279
34,15,46,2308.09,0.0240751
34,15,47,2285.34,0.0192262
34,15,48,2217.41,0.0157119
34,15,49,2099.73,0.012707
34,16,0,2618.5,0.255112
34,16,1,2796.65,0.293879
34,16,2,2907.12,0.318232
34,16,3,2960.6,0.329129
34,16,4,2974.12,0.331328
34,16,5,2967.1,0.331343
34,16,6,2957.74,0.334858
34,16,7,2957.82,0.344827
34,16,8,2969.97,0.360714
34,16,9,2988.48,0.378823
34,16,10,3003.53,0.39367
34,16,11,3005.27,0.399825
34,16,12,2987.21,0.394666
34,16,13,2945.95,0.37871
34,16,14,2881.23,0.355895
34,16,15,2795.48,0.331665
34,16,16,2693.7,0.310831
34,16,17,2582.43,0.296085
34,16,18,2468.9,0.287234
34,16,19,2359.99,0.281889
34,16,20,2261.42,0.276831
34,16,21,2176.9,0.269409
34,16,22,2108.15,0.258629
34,16,23,2055.06,0.245079
34,16,24,2016.06,0.229971
34,16,25,1988.88,0.214676
34,16,26,1971.78,0.200005
34,16,27,1963.28,0.186511
34,16,28,1962.63,0.174928
34,16,29,1969.13,0.166316
34,16,30,1981.93,0.161691
34,16,31,1999.34,0.160975
34,16,32,2018.73,0.162567
34,16,33,2037.19,0.163643
34,16,34,2052.25,0.161433
34,16,35,2062.28,0.154558
34,16,36,2067.81,0.143732
34,16,37,2071.03,0.131008
34,16,38,2076.15,0.118549
34,16,39,2088.54,0.107145
34,16,40,2111.65,0.0962801
34,16,41,2147.79,0.0848422
34,16,42,2195.55,0.0722475
34,16,43,2249.35,0.059061
34,16,44,2300.38,0.046635
34,16,45,2337.74,0.0363115
34,16,46,2349.73,0.0286007
34,16,47,2325.33,0.0231143
34,16,48,2255.57,0.0189549
34,16,49,2135.7,0.0153066
34,17,0,2561.49,0.260741
34,17,1,2744.71,0.299121
34,17,2,2861.91,0.322608
34,17,3,2922.3,0.332138
34,17,4,2941.72,0.332428
34,17,5,2938.34,0.330049
34,17,6,2929.01,0.330958
34,17,7,2924.85,0.338657
34,17,8,2929.02,0.353149
34,17,9,2937.46,0.370915
34,17,10,2942.21,0.386123
34,17,11,2934.81,0.392558
34,17,12,2909.37,0.386783
34,17,13,2862.49,0.368868
34,17,14,2793.76,0.342827
34,17,15,2705.62,0.314703
34,17,16,2603.43,0.290123
34,17,17,2494.29,0.27245
34,17,18,2385.75,0.261609
34,17,19,2284.4,0.254909
34,17,20,2194.86,0.248532
34,17,21,2119.23,0.239506
34,17,22,2057.78,0.227055
34,17,23,2009.85,0.212465
34,17,24,1974.56,0.197911
34,17,25,1951.13,0.185388
34,17,26,1939.32,0.175704
34,17,27,1938.43,0.168687
34,17,28,1947.16,0.163791
34,17,29,1963.26,0.160706
34,17,30,1984.01,0.159446
34,17,31,2006.37,0.159535
34,17,32,2027.42,0.159692
34,17,33,2045.08,0.157903
34,17,34,2058.42,0.152405
34,17,35,2067.55,0.142849
34,17,36,2074.38,0.130697
34,17,37,2081.7,0.118321
34,17,38,2093.42,0.107755
34,17,39,2113.87,0.0993506
34,17,40,2145.06,0.0919746
34,17,41,2187.94,0.0839559
34,17,42,2240.11,0.0742004
34,17,43,2295.66,0.0629791
34,17,44,2346.03,0.051556
34,17,45,2381.07,0.0413928
34,17,46,2390,0.033253
34,17,47,2362.57,0.0270198
34,17,48,2290.14,0.0220253
34,17,49,2167.77,0.0175878
34,18,0,2513.97,0.265832
34,18,1,2701.96,0.305309
34,18,2,2825.53,0.329795
34,18,3,2892.16,0.339886
34,18,4,2916.19,0.339954
34,18,5,2914.38,0.336432
34,18,6,2902.5,0.335546
34,18,7,2891.64,0.341505
34,18,8,2886.27,0.355147
34,18,9,2884.43,0.37347
34,18,10,2880.25,0.390589
34,18,11,2866.47,0.39959
34,18,12,2837.46,0.396005
34,18,13,2789.36,0.378947
34,18,14,2721.13,0.351868
34,18,15,2634.82,0.320868
34,18,16,2535.9,0.292146
34,18,17,2431.79,0.269857
34,18,18,2330.19,0.254517
34,18,19,2237.15,0.243748
34,18,20,2155.96,0.233661
34,18,21,2087.05,0.221286
34,18,22,2029.42,0.20605
34,18,23,1982.27,0.189707
34,18,24,1945.97,0.175069
34,18,25,1921.68,0.164462
34,18,26,1910.9,0.158532
34,18,27,1913.69,0.156337
34,18,28,1928,0.156114
34,18,29,1949.97,0.156322
34,18,30,1975.24,0.156178
34,18,31,1999.84,0.155086
34,18,32,2021.09,0.152385
34,18,33,2038.04,0.147085
34,18,34,2051.43,0.138411
34,18,35,2062.88,0.126795
34,18,36,2075.17,0.114047
34,18,37,2090.98,0.102535
34,18,38,2113.1,0.0940679
34,18,39,2144.18,0.0887123
34,18,40,2184.44,0.0849891
34,18,41,2233.55,0.0808757
34,18,42,2288.5,0.0747418
34,18,43,2343.58,0.0663512
34,18,44,2391.08,0.0566093
34,18,45,2421.93,0.0469178
34,18,46,2426.44,0.0382925
34,18,47,2395.14,0.0310322
34,18,48,2319.65,0.0248818
34,18,49,2194.78,0.0194309
34,19,0,2475.66,0.269167
34,19,1,2668.16,0.310948
34,19,2,2797.56,0.337962
34,19,3,2869.5,0.350169
34,19,4,2896.63,0.351381
34,19,5,2894.45,0.347813
34,19,6,2878.15,0.346017
34,19,7,2859.58,0.351037
34,19,8,2845.11,0.364711
34,19,9,2835.16,0.384748
34,19,10,2825.75,0.405414
34,19,11,2810.31,0.419205
34,19,12,2782.75,0.420493
34,19,13,2738.11,0.407064
34,19,14,2674.33,0.381272
34,19,15,2592.86,0.348782
34,19,16,2499.23,0.316096
34,19,17,2401.17,0.288207
34,19,18,2306.54,0.266586
34,19,19,2220.82,0.249674
34,19,20,2145.97,0.233954
34,19,21,2080.91,0.216708
34,19,22,2023.69,0.197527
34,19,23,1973.66,0.178398
34,19,24,1932.66,0.1625
34,19,25,1903.96,0.152323
34,19,26,1890.68,0.148338
34,19,27,1893.47,0.148943
34,19,28,1909.44,0.151348
34,19,29,1933.18,0.152979
34,19,30,1959.07,0.152421
34,19,31,1982.78,0.14912
34,19,32,2002.4,0.143138
34,19,33,2018.49,0.134509
34,19,34,2033.45,0.123293
34,19,35,2050.06,0.110388
34,19,36,2071.32,0.0976165
34,19,37,2098.96,0.0871269
34,19,38,2133.96,0.0805184
34,19,39,2176.85,0.0778034
34,19,40,2226.07,0.077445
34,19,41,2280.27,0.0772594
34,19,42,2336.29,0.0750639
34,19,43,2389.13,0.0699361
34,19,44,2432.22,0.0622008
34,19,45,2457.79,0.0530515
34,19,46,2457.26,0.043751
34,19,47,2421.83,0.035129
34,19,48,2343.32,0.0274897
34,19,49,2216.23,0.020805
34,20,0,2444.94,0.269347
34,20,1,2641.63,0.314044
34,20,2,2776.23,0.344467
34,20,3,2852.57,0.359739
34,20,4,2881.71,0.36299
34,20,5,2878.17,0.360203
34,20,6,2857.12,0.358325
34,20,7,2831.68,0.363305
34,20,8,2810.51,0.378021
34,20,9,2796.39,0.40096
34,20,10,2786.66,0.426649
34,20,11,2774.68,0.447108
34,20,12,2753.16,0.455517
34,20,13,2715.48,0.448099
34,20,14,2658.36,0.425717
34,20,15,2582.75,0.393202
34,20,16,2494.33,0.357115
34,20,17,2401.35,0.323285
34,20,18,2311.94,0.294408
34,20,19,2231.18,0.270118
34,20,20,2160,0.247611
34,20,21,2096.16,0.224571
34,20,22,2037.05,0.200644
34,20,23,1982.31,0.177803
34,20,24,1935.07,0.15935
34,20,25,1900.39,0.147858
34,20,26,1882.61,0.143762
34,20,27,1882.69,0.145091
34,20,28,1896.89,0.148377
34,20,29,1918.58,0.150299
34,20,30,1941.38,0.148952
34,20,31,1961.21,0.143793
34,20,32,1977.38,0.135425
34,20,33,1992.17,0.124635
34,20,34,2009.5,0.111991
34,20,35,2032.86,0.0985446
34,20,36,2064.77,0.0859196
34,20,37,2105.36,0.076009
34,20,38,2153.42,0.07036
34,20,39,2207.39,0.0692046
34,20,40,2264.26,0.0712292
34,20,41,2322.1,0.074261
34,20,42,2377.95,0.0756063
34,20,43,2427.69,0.0735794
34,20,44,2465.96,0.0677999
34,20,45,2486.22,0.0591434
34,20,46,2480.86,0.0490669
34,20,47,2441.66,0.0389462
34,20,48,2360.56,0.0296928
34,20,49,2231.77,0.0217052
34,21,0,2420.84,0.266061
34,21,1,2621.03,0.313741
34,21,2,2759.94,0.347851
34,21,3,2839.91,0.366578
34,21,4,2870.66,0.372303
34,21,5,2866.08,0.370773
34,21,6,2841.64,0.369357
34,21,7,2811.94,0.374904
34,21,8,2787.77,0.391293
34,21,9,2773.79,0.417779
34,21,10,2768.04,0.449227
34,21,11,2763.1,0.47732
34,21,12,2750.04,0.494128
34,21,13,2720.51,0.494252
34,21,14,2670.1,0.476859
34,21,15,2599.48,0.445675
34,21,16,2514.64,0.407093
34,21,17,2424.46,0.367688
34,21,18,2337.46,0.331491
34,21,19,2258.67,0.299532
34,21,20,2188.44,0.269956
34,21,21,2123.89,0.240921
34,21,22,2062.12,0.212008
34,21,23,2002.96,0.184936
34,21,24,1950.34,0.16288
34,21,25,1910.37,0.148459
34,21,26,1887.96,0.142289
34,21,27,1884.01,0.142447
34,21,28,1894.07,0.145281
34,21,29,1910.79,0.147111
34,21,30,1927.67,0.14566
34,21,31,1941.34,0.140216
34,21,32,1952.64,0.131497
34,21,33,1965.52,0.120524
34,21,34,1985.12,0.107934
34,21,35,2015.09,0.0946398
34,21,36,2056.94,0.0819901
34,21,37,2108.93,0.0717374
34,21,38,2167.84,0.065613
34,21,39,2230.42,0.0643421
34,21,40,2292.82,0.067088
34,21,41,2352.9,0.0718644
34,21,42,2408.08,0.0756159
34,21,43,2455,0.0759659
34,21,44,2489.27,0.0718287
34,21,45,2505.27,0.0636835
34,21,46,2496.14,0.0530501
34,21,47,2454.1,0.0417217
34,21,48,2371.19,0.0311294
34,21,49,2241.39,0.0220577
34,22,0,2405.24,0.261199
34,22,1,2607.57,0.311783
34,22,2,2749.36,0.349611
34,22,3,2831.98,0.371918
34,22,4,2864.31,0.380302
34,22,5,2859.92,0.380219
34,22,6,2834.59,0.379376
34,22,7,2803.99,0.385411
34,22,8,2780.42,0.403104
34,22,9,2769.56,0.432459
34,22,10,2769.59,0.468797
34,22,11,2772.15,0.50372
34,22,12,2766.85,0.528476
34,22,13,2744.05,0.536241
34,22,14,2698.61,0.524531
34,22,15,2631.12,0.495827
34,22,16,2547.82,0.456092
34,22,17,2458.09,0.412372
34,22,18,2370.83,0.369878
34,22,19,2291.26,0.330998
34,22,20,2219.76,0.294946
34,22,21,2153.43,0.260403
34,22,22,2089.46,0.22684
34,22,23,2027.79,0.195561
34,22,24,1972.46,0.169409
34,22,25,1929.74,0.151008
34,22,26,1904.31,0.141343
34,22,27,1896.6,0.138954
34,22,28,1901.67,0.140534
34,22,29,1911.94,0.142468
34,22,30,1921.39,0.142238
34,22,31,1927.71,0.138719
34,22,32,1933.3,0.132209
34,22,33,1943.52,0.123345
34,22,34,1964.23,0.112364
34,22,35,1998.86,0.0997995
34,22,36,2047.68,0.0867389
34,22,37,2107.34,0.0749782
34,22,38,2173.1,0.0666768
34,22,39,2240.79,0.0632796
34,22,40,2306.25,0.0646409
34,22,41,2367.45,0.0691504
34,22,42,2422.15,0.0736483
34,22,43,2467.47,0.0752801
34,22,44,2499.51,0.0723634
34,22,45,2513.17,0.0649272
34,22,46,2502,0.0543483
34,22,47,2458.53,0.0425787
34,22,48,2374.93,0.0313584
34,22,49,2245.04,0.021739
34,23,0,2401.95,0.258203
34,23,1,2604.43,0.311833
34,23,2,2747.03,0.353515
34,23,3,2830.95,0.379606
34,23,4,2864.79,0.390883
34,23,5,2861.97,0.392358
34,23,6,2838.3,0.391835
34,23,7,2809.71,0.397484
34,23,8,2788.8,0.414816
34,23,9,2781.45,0.444601
34,23,10,2785.71,0.482851
34,23,11,2792.75,0.521517
34,23,12,2791.61,0.551577
34,23,13,2772.16,0.56529
34,23,14,2729.03,0.558834
34,23,15,2662.71,0.533435
34,23,16,2579.46,0.494307
34,23,17,2488.67,0.448467
34,23,18,2399.41,0.401826
34,23,19,2317.19,0.357813
34,23,20,2242.99,0.316674
34,23,21,2174.51,0.277665
34,23,22,2109.45,0.240236
34,23,23,2047.8,0.205279
34,23,24,1993.17,0.175201
34,23,25,1951.11,0.152577
34,23,26,1925.28,0.138861
34,23,27,1915.33,0.133332
34,23,28,1915.95,0.133444
34,23,29,1919.86,0.136011
34,23,30,1921.87,0.138395
34,23,31,1920.85,0.138852
34,23,32,1920.58,0.136803
34,23,33,1927.38,0.131972
34,23,34,1947.4,0.12384
34,23,35,1983.6,0.112403
34,23,36,2035.18,0.0985489
34,23,37,2097.7,0.0842768
34,23,38,2165.74,0.07233
34,23,39,2234.89,0.0649927
34,23,40,2301.14,0.06295
34,23,41,2362.72,0.0651472
34,23,42,2417.62,0.068632
34,23,43,2463.06,0.0703672
34,23,44,2495.19,0.0682552
34,23,45,2508.9,0.0618515
34,23,46,2497.84,0.0521668
34,23,47,2454.67,0.0409975
34,23,48,2371.71,0.0301201
34,23,49,2242.8,0.0206875
34,24,0,2415.42,0.260349
34,24,1,2615.75,0.31741
34,24,2,2756.65,0.363223
34,24,3,2840.09,0.393418
34,24,4,2874.92,0.407965
34,24,5,2874.49,0.411225
34,24,6,2854.04,0.410708
34,24,7,2828.71,0.414698
34,24,8,2810.21,0.429159
34,24,9,2803.91,0.455621
34,24,10,2807.9,0.491078
34,24,11,2813.83,0.528415
34,24,12,2811.41,0.559126
34,24,13,2790.98,0.57535
34,24,14,2747.34,0.572515
34,24,15,2680.81,0.550742
34,24,16,2597.18,0.514171
34,24,17,2505.27,0.469116
34,24,18,2413.81,0.421419
34,24,19,2328.56,0.374951
34,24,20,2251.39,0.330765
34,24,21,2181.12,0.288722
34,24,22,2116.3,0.248471
34,24,23,2056.99,0.210695
34,24,24,2005.98,0.177428
34,24,25,1967.48,0.151185
34,24,26,1943.67,0.133863
34,24,27,1933.19,0.125547
34,24,28,1930.57,0.124624
34,24,29,1929.11,0.128519
34,24,30,1924.69,0.134548
34,24,31,1917.31,0.140243
34,24,32,1911.68,0.143905
34,24,33,1914.62,0.144072
34,24,34,1932.15,0.139327
34,24,35,1966.73,0.129115
34,24,36,2016.89,0.114207
34,24,37,2077.83,0.0968811
34,24,38,2144.14,0.0804811
34,24,39,2211.75,0.0681016
34,24,40,2277.09,0.06128
34,24,41,2338.72,0.059635
34,24,42,2394.71,0.0606978
34,24,43,2442.08,0.0615437
34,24,44,2476.61,0.0598678
34,24,45,2492.79,0.0547776
34,24,46,2484.03,0.0467506
34,24,47,2442.95,0.0371551
34,24,48,2362.02,0.0275502
34,24,49,2235.16,0.0190211
34,25,0,2447.25,0.269015
34,25,1,2643.43,0.329802
34,25,2,2780.33,0.379851
34,25,3,2861.47,0.414336
34,25,4,2896.41,0.432529
34,25,5,2898.29,0.437959
34,25,6,2881.23,0.437397
34,25,7,2858.56,0.438692
34,25,8,2840.19,0.447853
34,25,9,2830.59,0.467066
34,25,10,2828.31,0.494555
34,25,11,2826.58,0.524724
34,25,12,2816.96,0.55046
34,25,13,2791.18,0.564727
34,25,14,2744.59,0.562966
34,25,15,2677.23,0.5445
34,25,16,2593.89,0.512159
34,25,17,2502.17,0.470887
34,25,18,2409.91,0.425582
34,25,19,2322.84,0.379809
34,25,20,2243.74,0.335012
34,25,21,2172.71,0.291611
34,25,22,2109.38,0.249705
34,25,23,2053.87,0.210107
34,25,24,2007.96,0.174712
34,25,25,1974.3,0.146037
34,25,26,1953.5,0.126337
34,25,27,1943.31,0.11637
34,25,28,1938.36,0.115358
34,25,29,1932.78,0.121284
34,25,30,1923.52,0.131402
34,25,31,1911.42,0.142526
34,25,32,1901.67,0.151851
34,25,33,1901,0.156773
34,25,34,1914.97,0.155105
34,25,35,1945.59,0.145886
34,25,36,1991.2,0.129866
34,25,37,2047.3,0.109584
34,25,38,2109.1,0.0888472
34,25,39,2173.25,0.0713711
34,25,40,2236.74,0.0594251
34,25,41,2298.43,0.0533141
34,25,42,2356.37,0.0512245
34,25,43,2407.2,0.0505718
34,25,44,2446.08,0.0490391
34,25,45,2466.8,0.0453657
34,25,46,2462.25,0.0394351
34,25,47,2424.86,0.0320285
34,25,48,2347.18,0.0243105
34,25,49,2223.25,0.0171674
34,26,0,2494.74,0.282576
34,26,1,2685.57,0.346851
34,26,2,2816.95,0.400681
34,26,3,2894.36,0.439134
34,26,4,2928.34,0.461022
34,26,5,2931.69,0.468994
34,26,6,2916.94,0.468716
34,26,7,2894.97,0.467054
34,26,8,2873.44,0.469576
34,26,9,2855.81,0.478874
34,26,10,2841.53,0.494458
34,26,11,2826.15,0.51266
34,26,12,2804.12,0.52847
34,26,13,2769.3,0.536535
34,26,14,2717.98,0.533081
34,26,15,2649.84,0.51705
34,26,16,2568.3,0.489915
34,26,17,2479.19,0.454791
34,26,18,2388.89,0.4149
34,26,19,2302.71,0.372785
34,26,20,2224.05,0.329782
34,26,21,2154.11,0.286708
34,26,22,2093.4,0.244298
34,26,23,2042.02,0.20385
34,26,24,2000.82,0.167446
34,26,25,1971.04,0.137735
34,26,26,1952.15,0.117224
34,26,27,1941.51,0.107088
34,26,28,1934.26,0.107074
34,26,29,1925.54,0.115476
34,26,30,1913.25,0.129404
34,26,31,1898.67,0.14505
34,26,32,1886.82,0.158742
34,26,33,1883.75,0.167075
34,26,34,1894.23,0.167439
34,26,35,1919.88,0.158736
34,26,36,1959.24,0.141799
34,26,37,2008.68,0.119323
34,26,38,2064.49,0.0953077
34,26,39,2124.3,0.0737665
34,26,40,2185.67,0.0574546
34,26,41,2247.7,0.0472675
34,26,42,2308.3,0.0420933
34,26,43,2363.65,0.0398228
34,26,44,2408.19,0.038285
34,26,45,2434.87,0.0359675
34,26,46,2435.88,0.0322035
34,26,47,2403.32,0.0271512
34,26,48,2329.66,0.0215
34,26,49,2209.06,0.0158665
34,27,0,2550.69,0.296732
34,27,1,2736.05,0.363396
34,27,2,2861.51,0.419716
34,27,3,2934.56,0.461028
34,27,4,2966.72,0.486006
34,27,5,2970.37,0.496547
34,27,6,2956.25,0.497049
34,27,7,2932.68,0.493009
34,27,8,2904.96,0.489125
34,27,9,2875.67,0.488038
34,27,10,2845.32,0.490359
34,27,11,2812.18,0.494413
34,27,12,2774.14,0.497616
34,27,13,2727.81,0.496822
34,27,14,2670.82,0.489609
34,27,15,2602.55,0.47497
34,27,16,2524.82,0.453197
34,27,17,2441.3,0.425465
34,27,18,2356.57,0.392958
34,27,19,2274.99,0.356721
34,27,20,2200.05,0.317524
34,27,21,2133.47,0.276324
34,27,22,2076.2,0.234505
34,27,23,2028.15,0.194086
34,27,24,1989.46,0.157631
34,27,25,1960.57,0.128081
34,27,26,1940.68,0.10811
34,27,27,1927.55,0.0990406
34,27,28,1917.35,0.100765
34,27,29,1906.35,0.111564
34,27,30,1893.1,0.128302
34,27,31,1878.79,0.146722
34,27,32,1867.56,0.162672
34,27,33,1864.14,0.172452
34,27,34,1872.14,0.173481
34,27,35,1892.88,0.164836
34,27,36,1925.41,0.147495
34,27,37,1967.41,0.124128
34,27,38,2016.66,0.0985809
34,27,39,2071.89,0.0747775
34,27,40,2131.23,0.0556501
34,27,41,2193.88,0.0425285
34,27,42,2257.5,0.034964
34,27,43,2317.81,0.0313837
34,27,44,2368.53,0.0298763
34,27,45,2401.78,0.0288001
34,27,46,2409.01,0.0270355
34,27,47,2381.78,0.0241613
34,27,48,2312.36,0.02038
34,27,49,2194.98,0.0160266
34,28,0,2605.61,0.306826
34,28,1,2786.4,0.374079
34,28,2,2906.66,0.430942
34,28,3,2975.6,0.473308
34,28,4,3005.53,0.500036
34,28,5,3008.35,0.512529
34,28,6,2993.21,0.514006
34,28,7,2966.08,0.508509
34,28,8,2930.22,0.499634
34,28,9,2887.48,0.489763
34,28,10,2839.39,0.480267
34,28,11,2786.87,0.471181
34,28,12,2731.42,0.462184
34,28,13,2672.74,0.452354
34,28,14,2610.11,0.440804
34,28,15,2542.79,0.426877
34,28,16,2471,0.41002
34,28,17,2396.11,0.389729
34,28,18,2320.61,0.365242
34,28,19,2247.52,0.336006
34,28,20,2179.75,0.301933
34,28,21,2118.75,0.26383
34,28,22,2065.26,0.223562
34,28,23,2018.87,0.183898
34,28,24,1979.42,0.148047
34,28,25,1947.44,0.119372
34,28,26,1922.88,0.100674
34,28,27,1904.89,0.0932278
34,28,28,1891.16,0.0967435
34,28,29,1879.09,0.109209
34,28,30,1867.4,0.12719
34,28,31,1856.55,0.146209
34,28,32,1848.96,0.162071
34,28,33,1847.47,0.17131
34,28,34,1854.31,0.171798
34,28,35,1870.51,0.163019
34,28,36,1895.98,0.146075
34,28,37,1930.12,0.12338
34,28,38,1972.48,0.0982838
34,28,39,2023.06,0.0742639
34,28,40,2080.47,0.0541556
34,28,41,2143.85,0.0395742
34,28,42,2210.47,0.0306653
34,28,43,2275.54,0.0264048
34,28,44,2332.2,0.0252021
34,28,45,2371.84,0.0253701
34,28,46,2385.14,0.0254236
34,28,47,2363.08,0.0244199
34,28,48,2297.54,0.0220933
34,28,49,2182.8,0.01853
34,29,0,2650.02,0.309747
34,29,1,2827.85,0.375546
34,29,2,2944.53,0.430813
34,29,3,3010.41,0.47214
34,29,4,3038.3,0.498796
34,29,5,3039.66,0.511987
34,29,6,3022.36,0.514037
34,29,7,2990.58,0.507733
34,29,8,2946.07,0.495636
34,29,9,2890.13,0.479742
34,29,10,2825.12,0.461848
34,29,11,2754.26,0.443209
34,29,12,2682.35,0.425194
34,29,13,2612.15,0.408625
34,29,14,2544.78,0.393891
34,29,15,2479.63,0.380751
34,29,16,2415.44,0.368162
34,29,17,2351.44,0.354467
34,29,18,2287.99,0.337452
34,29,19,2226.46,0.315249
34,29,20,2168.46,0.286863
34,29,21,2114.54,0.252709
34,29,22,2064.66,0.214824
34,29,23,2018.06,0.176539
34,29,24,1974.76,0.141682
34,29,25,1936.25,0.114077
34,29,26,1904.24,0.0966537
34,29,27,1880,0.0905578
34,29,28,1863.08,0.0951416
34,29,29,1851.81,0.107966
34,29,30,1844.52,0.125328
34,29,31,1840.12,0.142784
34,29,32,1838.71,0.156489
34,29,33,1840.82,0.16364
34,29,34,1847.24,0.162838
34,29,35,1858.93,0.154066
34,29,36,1876.96,0.13844
34,29,37,1902.76,0.117885
34,29,38,1937.88,0.0949917
34,29,39,1983.63,0.0725433
34,29,40,2039.02,0.0531024
34,29,41,2102.95,0.0384719
34,29,42,2172.13,0.0293295
34,29,43,2241.31,0.0251848
34,29,44,2303.1,0.0247787
34,29,45,2348.34,0.0264032
34,29,46,2367.01,0.0282393
34,29,47,2349.42,0.0288463
34,29,48,2287.05,0.0275028
34,29,49,2174.15,0.0240998
34,30,0,2677.1,0.30575
34,30,1,2853.99,0.368479
34,30,2,2969.22,0.42045
34,30,3,3033.68,0.458945
34,30,4,3060.3,0.483738
34,30,5,3060.19,0.496063
34,30,6,3040.31,0.497692
34,30,7,3003.75,0.490536
34,30,8,2951.31,0.476428
34,30,9,2884.03,0.457104
34,30,10,2804.94,0.434621
34,30,11,2719,0.410988
34,30,12,2633.62,0.388531
34,30,13,2554.22,0.369036
34,30,14,2483.62,0.353565
34,30,15,2421.54,0.342101
34,30,16,2365.66,0.33336
34,30,17,2313.42,0.325109
34,30,18,2263.2,0.314376
34,30,19,2214.54,0.298503
34,30,20,2167.4,0.275765
34,30,21,2120.92,0.246047
34,30,22,2074.09,0.211218
34,30,23,2025.89,0.174835
34,30,24,1977.02,0.141157
34,30,25,1930.51,0.114403
34,30,26,1890.41,0.0976444
34,30,27,1860.42,0.0919346
34,30,28,1841.93,0.0962764
34,30,29,1833.81,0.107846
34,30,30,1833.36,0.122803
34,30,31,1837.39,0.136974
34,30,32,1843.3,0.147147
34,30,33,1849.3,0.151418
34,30,34,1855.02,0.149195
34,30,35,1861.62,0.140891
34,30,36,1871.61,0.127454
34,30,37,1888.55,0.110132
34,30,38,1916.05,0.0906157
34,30,39,1956.67,0.0708981
34,30,40,2009.73,0.0532159
34,30,41,2073.77,0.0395276
34,30,42,2144.9,0.0310062
34,30,43,2217.34,0.0276702
34,30,44,2283.32,0.028569
34,30,45,2333.18,0.0319501
34,30,46,2356.28,0.035638
34,30,47,2342.28,0.0376711
34,30,48,2282.21,0.0368666
34,30,49,2170.3,0.0329708
34,31,0,2684.14,0.298015
34,31,1,2862.12,0.357049
34,31,2,2978.24,0.405019
34,31,3,3043.25,0.439761
34,31,4,3069.91,0.461497
34,31,5,3068.91,0.471588
34,31,6,3046.73,0.471513
34,31,7,3005.96,0.462702
34,31,8,2947.11,0.446683
34,31,9,2871.29,0.425267
34,31,10,2782.09,0.400867
34,31,11,2685.6,0.375989
34,31,12,2590.94,0.353309
34,31,13,2505.36,0.334776
34,31,14,2433.07,0.321409
34,31,15,2374.28,0.313036
34,31,16,2326.15,0.308203
34,31,17,2284.87,0.304535
34,31,18,2247.21,0.298934
34,31,19,2210.91,0.288523
34,31,20,2174.12,0.271141
34,31,21,2134.54,0.246129
34,31,22,2090.24,0.214911
34,31,23,2040.24,0.180901
34,31,24,1986.17,0.148495
34,31,25,1932.81,0.122157
34,31,26,1886.49,0.105117
34,31,27,1853.11,0.098456
34,31,28,1835.46,0.101005
34,31,29,1832.41,0.109758
34,31,30,1839.89,0.120938
34,31,31,1852.4,0.130819
34,31,32,1864.85,0.136937
34,31,33,1873.56,0.138297
34,31,34,1877.42,0.135
34,31,35,1878.09,0.127703
34,31,36,1879.58,0.117003
34,31,37,1887.45,0.10337
34,31,38,1907.14,0.0876008
34,31,39,1942.36,0.0709451
34,31,40,1992.65,0.0553706
34,31,41,2056.21,0.0430144
34,31,42,2128.62,0.0355304
34,31,43,2203.66,0.0334149
34,31,44,2273.16,0.0359808
34,31,45,2326.98,0.0413757
34,31,46,2353.83,0.0470065
34,31,47,2342.7,0.0503368
34,31,48,2284.16,0.0497025
34,31,49,2172.45,0.0447427
34,32,0,2672.82,0.291155
34,32,1,2853.62,0.347055
34,32,2,2972.7,0.391489
34,32,3,3040.14,0.422639
34,32,4,3068.19,0.441023
34,32,5,3067.13,0.448077
34,32,6,3043.27,0.445117
34,32,7,2999.21,0.433362
34,32,8,2935.76,0.414437
34,32,9,2854.46,0.390637
34,32,10,2759.37,0.365028
34,32,11,2657.15,0.340649
34,32,12,2557.56,0.320233
34,32,13,2468.76,0.30536
34,32,14,2395.86,0.296417
34,32,15,2339.7,0.292672
34,32,16,2297.58,0.292369
34,32,17,2265.12,0.293145
34,32,18,2237.92,0.292129
34,32,19,2212.2,0.286624
34,32,20,2184.4,0.274331
34,32,21,2150.98,0.254148
34,32,22,2109.37,0.226931
34,32,23,2058.88,0.195654
34,32,24,2002.11,0.164555
34,32,25,1945.31,0.138141
34,32,26,1896.49,0.119798
34,32,27,1862.95,0.110796
34,32,28,1848.17,0.110091
34,32,29,1850.69,0.11481
34,32,30,1865.08,0.121478
34,32,31,1883.98,0.126911
34,32,32,1900.5,0.129331
34,32,33,1909.78,0.12846
34,32,34,1910.44,0.124834
34,32,35,1904.76,0.11912
34,32,36,1898.01,0.111425
34,32,37,1897.31,0.101445
34,32,38,1909.53,0.0891925
34,32,39,1939.26,0.075307
34,32,40,1986.31,0.0615829
34,32,41,2048.79,0.0503656
34,32,42,2122,0.0437761
34,32,43,2199.36,0.0427636
34,32,44,2272.3,0.0468778
34,32,45,2330.06,0.0541408
34,32,46,2360.52,0.0615105
34,32,47,2351.94,0.0658424
34,32,48,2294.41,0.0649839
34,32,49,2182.14,0.058483
34,33,0,2648.92,0.2899
34,33,1,2833.73,0.344357
34,33,2,2957.19,0.386795
34,33,3,3028.36,0.415476
34,33,4,3058.75,0.431
34,33,5,3058.25,0.434755
34,33,6,3033.2,0.427912
34,33,7,2986.68,0.411657
34,33,8,2920.24,0.388014
34,33,9,2836.16,0.360162
34,33,10,2738.88,0.332193
34,33,11,2635.13,0.307919
34,33,12,2534.35,0.290171
34,33,13,2444.66,0.27997
34,33,14,2371.61,0.276761
34,33,15,2316.79,0.278923
34,33,16,2278.19,0.284145
34,33,17,2251.61,0.289928
34,33,18,2232.04,0.293625
34,33,19,2214.54,0.292853
34,33,20,2194.18,0.285387
34,33,21,2166.54,0.269889
34,33,22,2128.71,0.246721
34,33,23,2080.4,0.218305
34,33,24,2024.98,0.188501
34,33,25,1969.46,0.16165
34,33,26,1922.49,0.141236
34,33,27,1891.67,0.128843
34,33,28,1880.49,0.123867
34,33,29,1887.11,0.123914
34,33,30,1905.36,0.12604
34,33,31,1926.98,0.127637
34,33,32,1944.3,0.127426
34,33,33,1951.99,0.125526
34,33,34,1948.7,0.122581
34,33,35,1937.17,0.119034
34,33,36,1923.45,0.114426
34,33,37,1915.52,0.107756
34,33,38,1921.1,0.0984041
34,33,39,1945.44,0.0865551
34,33,40,1988.75,0.0739168
34,33,41,2049.48,0.0630647
34,33,42,2123.07,0.0565789
34,33,43,2202.82,0.0558684
34,33,44,2279.67,0.0607458
34,33,45,2341.96,0.0691519
34,33,46,2376.53,0.07763
34,33,47,2370.67,0.0824458
34,33,48,2313.9,0.0809689
34,33,49,2200.4,0.0726402
34,34,0,2620.89,0.297492
34,34,1,2810.12,0.352853
34,34,2,2938.35,0.395367
34,34,3,3013.43,0.423094
34,34,4,3046.09,0.436504
34,34,5,3045.94,0.436844
34,34,6,3019.6,0.425191
34,34,7,2970.91,0.402858
34,34,8,2902.53,0.372517
34,34,9,2817.64,0.338507
34,34,10,2721.03,0.306239
34,34,11,2619,0.280537
34,34,12,2519.93,0.264522
34,34,13,2431.19,0.258734
34,34,14,2358.28,0.261633
34,34,15,2303.51,0.270545
34,34,16,2265.99,0.282308
34,34,17,2242.3,0.293943
34,34,18,2227.4,0.30273
34,34,19,2215.73,0.306496
34,34,20,2201.43,0.303226
34,34,21,2179.6,0.291651
34,34,22,2147.23,0.271929
34,34,23,2104.36,0.246039
34,34,24,2054.67,0.217371
34,34,25,2005.04,0.189896
34,34,26,1963.57,0.167058
34,34,27,1937.13,0.150774
34,34,28,1928.74,0.141107
34,34,29,1936.5,0.136439
34,34,30,1954.46,0.134562
34,34,31,1974.7,0.133435
34,34,32,1989.72,0.132061
34,34,33,1994.35,0.130603
34,34,34,1987.29,0.129505
34,34,35,1971.4,0.128799
34,34,36,1952.8,0.127456
34,34,37,1939.58,0.123891
34,34,38,1939.7,0.117004
34,34,39,1958.87,0.106638
34,34,40,1997.95,0.0944247
34,34,41,2056.28,0.0831165
34,34,42,2129.96,0.0756865
34,34,43,2212.41,0.0740003
34,34,44,2293.98,0.0782073
34,34,45,2361.86,0.0863135
34,34,46,2401.48,0.0946137
34,34,47,2398.92,0.098924
34,34,48,2343.02,0.0962186
34,34,49,2227.79,0.0858128
34,35,0,2598.42,0.315846
34,35,1,2791.58,0.374626
34,35,2,2923.62,0.419234
34,35,3,3001.31,0.447244
34,35,4,3034.79,0.45886
34,35,5,3033.58,0.455225
34,35,6,3004.82,0.437528
34,35,7,2953.43,0.407494
34,35,8,2883.35,0.368684
34,35,9,2798.77,0.326767
34,35,10,2704.71,0.288561
34,35,11,2606.75,0.259951
34,35,12,2511.73,0.244459
34,35,13,2425.64,0.24228
34,35,14,2353.49,0.251008
34,35,15,2298.07,0.266907
34,35,16,2259.79,0.285764
34,35,17,2236.41,0.303754
34,35,18,2223.46,0.3177
34,35,19,2215.33,0.325397
34,35,20,2205.84,0.325115
34,35,21,2189.94,0.315998
34,35,22,2164.67,0.298441
34,35,23,2130.19,0.274278
34,35,24,2089.9,0.246472
34,35,25,2049.65,0.218471
34,35,26,2016.06,0.193472
34,35,27,1994.49,0.173606
34,35,28,1987.32,0.159664
34,35,29,1993.07,0.150962
34,35,30,2007.02,0.146152
34,35,31,2022.57,0.143743
34,35,32,2033.25,0.142838
34,35,33,2034.36,0.143355
34,35,34,2024.57,0.145297
34,35,35,2006.38,0.148171
34,35,36,1985.33,0.150419
34,35,37,1968.88,0.150021
34,35,38,1964.73,0.145516
34,35,39,1978.9,0.136471
34,35,40,2013.2,0.124361
34,35,41,2068.37,0.111969
34,35,42,2141.72,0.102521
34,35,43,2227.04,0.0983108
34,35,44,2314.06,0.0999362
34,35,45,2388.51,0.105713
34,35,46,2434.15,0.111983
34,35,47,2435.66,0.114377
34,35,48,2380.97,0.109623
34,35,49,2263.82,0.0969004
34,36,0,2589.52,0.345555
34,36,1,2785.41,0.409945
34,36,2,2919.23,0.458074
34,36,3,2997.03,0.486816
34,36,4,3028.66,0.496126
34,36,5,3023.91,0.487292
34,36,6,2990.75,0.462019
34,36,7,2935.38,0.422866
34,36,8,2863.16,0.374548
34,36,9,2779.36,0.324089
34,36,10,2689.19,0.279552
34,36,11,2597.3,0.247631
34,36,12,2508.7,0.232115
34,36,13,2427.55,0.23288
34,36,14,2357.8,0.246793
34,36,15,2302.27,0.269178
34,36,16,2262.43,0.29474
34,36,17,2237.41,0.318613
34,36,18,2223.86,0.336859
34,36,19,2216.78,0.347037
34,36,20,2210.3,0.347754
34,36,21,2199.61,0.33892
34,36,22,2181.95,0.321646
34,36,23,2157.31,0.298026
34,36,24,2128.31,0.270756
34,36,25,2099.17,0.242668
34,36,26,2074.39,0.216467
34,36,27,2057.55,0.194245
34,36,28,2050.38,0.177371
34,36,29,2052.2,0.166049
34,36,30,2060.1,0.159784
34,36,31,2069.47,0.157601
34,36,32,2075.25,0.158604
34,36,33,2073.4,0.162298
34,36,34,2062.38,0.168132
34,36,35,2043.91,0.175073
34,36,36,2022.41,0.181169
34,36,37,2004.25,0.184146
34,36,38,1996.5,0.182323
34,36,39,2005.53,0.175015
34,36,40,2034.33,0.163373
34,36,41,2085.49,0.149939
34,36,42,2157.88,0.13791
34,36,43,2245.9,0.129884
34,36,44,2338.61,0.126994
34,36,45,2420.14,0.12816
34,36,46,2472.41,0.130181
34,36,47,2478.54,0.128888
34,36,48,2425.49,0.121008
34,36,49,2306.53,0.105601
34,37,0,2598.12,0.386004
34,37,1,2795.25,0.457427
34,37,2,2928.37,0.509527
34,37,3,3003.3,0.538431
34,37,4,3030.03,0.544078
34,37,5,3018.95,0.528361
34,37,6,2979.11,0.494042
34,37,7,2918.17,0.444982
34,37,8,2843.07,0.387243
34,37,9,2760.22,0.329071
34,37,10,2675.04,0.279363
34,37,11,2591.2,0.245075
34,37,12,2511.7,0.22986
34,37,13,2438.51,0.233137
34,37,14,2373.89,0.251164
34,37,15,2320.06,0.278572
34,37,16,2279.08,0.309204
34,37,17,2251.37,0.337252
34,37,18,2235.05,0.357959
34,37,19,2226.33,0.368537
34,37,20,2220.26,0.367965
34,37,21,2212.74,0.357129
34,37,22,2201.32,0.338213
34,37,23,2185.74,0.313927
34,37,24,2167.58,0.286912
34,37,25,2149.19,0.259396
34,37,26,2132.88,0.233403
34,37,27,2120.48,0.210704
34,37,28,2113.18,0.192936
34,37,29,2111.19,0.180973
34,37,30,2113.46,0.175017
34,37,31,2117.42,0.174538
34,37,32,2119.44,0.178626
34,37,33,2116.09,0.186326
34,37,34,2105.44,0.196531
34,37,35,2088.18,0.207728
34,37,36,2067.37,0.217725
34,37,37,2048.08,0.224214
34,37,38,2036.76,0.225459
34,37,39,2040.15,0.220569
34,37,40,2062.64,0.210197
34,37,41,2108.88,0.196328
34,37,42,2179.48,0.181759
34,37,43,2269.55,0.169161
34,37,44,2367.49,0.160198
34,37,45,2455.8,0.154656
34,37,46,2514.57,0.150214
34,37,47,2525.38,0.143352
34,37,48,2474.16,0.131087
34,37,49,2353.62,0.112447
34,38,0,2623.41,0.435199
34,38,1,2820.47,0.514111
34,38,2,2950.85,0.569645
34,38,3,3020.53,0.597336
34,38,4,3040,0.597552
34,38,5,3020.46,0.573375
34,38,6,2972.24,0.529168
34,38,7,2904.6,0.470462
34,38,8,2826.17,0.404683
34,38,9,2744.61,0.340967
34,38,10,2665.59,0.288448
34,38,11,2591.8,0.253642
34,38,12,2524.19,0.239521
34,38,13,2462.22,0.24484
34,38,14,2405.95,0.265362
34,38,15,2356.39,0.295385
34,38,16,2315.59,0.328346
34,38,17,2284.96,0.357879
34,38,18,2264.21,0.378616
34,38,19,2251.15,0.387458
34,38,20,2242.28,0.383728
34,38,21,2234.63,0.36929
34,38,22,2226.36,0.347494
34,38,23,2217.06,0.321845
34,38,24,2207.3,0.295119
34,38,25,2197.74,0.269052
34,38,26,2188.7,0.244934
34,38,27,2180.62,0.223996
34,38,28,2174.19,0.207781
34,38,29,2170.34,0.197478
34,38,30,2169.43,0.193707
34,38,31,2170.5,0.196265
34,38,32,2171.07,0.204237
34,38,33,2168.04,0.21626
34,38,34,2159.04,0.230741
34,38,35,2143.67,0.245781
34,38,36,2123.63,0.259131
34,38,37,2102.86,0.268677
34,38,38,2087.34,0.272856
34,38,39,2084.35,0.270705
34,38,40,2099.78,0.262307
34,38,41,2140.33,0.248824
34,38,42,2208.33,0.232278
34,38,43,2299.55,0.215084
34,38,44,2401.74,0.199295
34,38,45,2495.84,0.185664
34,38,46,2560.25,0.173057
34,38,47,2575.19,0.158998
34,38,48,2525.61,0.141105
34,38,49,2403.57,0.11852
34,39,0,2660.26,0.490161
34,39,1,2856.69,0.576199
34,39,2,2983.46,0.633961
34,39,3,3047.01,0.658702
34,39,4,3058.42,0.651758
34,39,5,3029.86,0.618002
34,39,6,2972.93,0.563865
34,39,7,2898.59,0.49674
34,39,8,2817.13,0.425244
34,39,9,2737.54,0.358924
34,39,10,2665.76,0.306455
34,39,11,2603.56,0.273209
34,39,12,2549.86,0.260966
34,39,13,2501.58,0.267639
34,39,14,2456.33,0.288655
34,39,15,2413.54,0.3184
34,39,16,2374.72,0.350477
34,39,17,2341.88,0.378541
34,39,18,2316.08,0.39702
34,39,19,2296.79,0.402669
34,39,20,2282.24,0.395085
34,39,21,2270.88,0.376879
34,39,22,2261.82,0.352345
34,39,23,2254.82,0.325686
34,39,24,2249.75,0.299887
34,39,25,2245.97,0.276359
34,39,26,2242.33,0.255754
34,39,27,2238.29,0.238702
34,39,28,2234.11,0.226366
34,39,29,2231.1,0.219908
34,39,30,2230.41,0.220054
34,39,31,2231.95,0.226792
34,39,32,2233.81,0.239218
34,39,33,2232.93,0.255628
34,39,34,2226.41,0.273987
34,39,35,2212.91,0.292027
34,39,36,2193.07,0.307525
34,39,37,2170.02,0.318731
34,39,38,2149.56,0.324526
34,39,39,2139.67,0.324163
34,39,40,2147.75,0.317339
34,39,41,2182.38,0.304391
34,39,42,2247.41,0.286353
34,39,43,2339.09,0.265072
34,39,44,2444.48,0.242695
34,39,45,2543.1,0.220785
34,39,46,2611.89,0.199417
34,39,47,2629.93,0.177329
34,39,48,2581.31,0.152943
34,39,49,2457.46,0.125691
34,40,0,2701.19,0.547517
34,40,1,2897.29,0.639947
34,40,2,3020.97,0.698653
34,40,3,3079.13,0.718907
34,40,4,3083.5,0.703498
34,40,5,3047.1,0.659592
34,40,6,2982.78,0.59603
34,40,7,2903.05,0.522125
34,40,8,2819.76,0.447403
34,40,9,2743.01,0.38129
34,40,10,2679,0.331359
34,40,11,2628.6,0.301297
34,40,12,2589.04,0.291359
34,40,13,2555.01,0.298576
34,40,14,2521.88,0.318231
34,40,15,2487.55,0.345161
34,40,16,2452.67,0.373641
34,40,17,2419.3,0.397891
34,40,18,2389.34,0.412614
34,40,19,2363.59,0.414673
34,40,20,2341.89,0.403871
34,40,21,2324.22,0.383209
34,40,22,2310.88,0.357457
34,40,23,2302.16,0.331163
34,40,24,2297.73,0.307445
34,40,25,2296.25,0.287552
34,40,26,2295.71,0.271732
34,40,27,2294.97,0.260135
34,40,28,2293.97,0.253443
34,40,29,2294.05,0.25256
34,40,30,2296.45,0.258074
34,40,31,2301.24,0.270036
34,40,32,2306.48,0.28752
34,40,33,2308.88,0.308486
34,40,34,2305.07,0.33037
34,40,35,2293.03,0.350407
34,40,36,2272.69,0.366305
34,40,37,2246.76,0.376737
34,40,38,2221.16,0.381328
34,40,39,2204.62,0.380008
34,40,40,2205.94,0.37259
34,40,41,2235.31,0.358966
34,40,42,2297.76,0.339281
34,40,43,2389.79,0.314636
34,40,44,2497.72,0.286889
34,40,45,2599.79,0.257955
34,40,46,2671.71,0.228762
34,40,47,2691.7,0.199076
34,40,48,2643.16,0.168112
34,40,49,2516.89,0.135728
34,41,0,2740.48,0.604975
34,41,1,2937.3,0.70336
34,41,2,3059.4,0.762275
34,41,3,3114.09,0.777127
34,41,4,3113.65,0.752437
34,41,5,3071.88,0.698023
34,41,6,3002.7,0.625417
34,41,7,2919.9,0.545889
34,41,8,2836.48,0.469632
34,41,9,2763.26,0.40551
34,41,10,2706.42,0.359521
34,41,11,2666.19,0.333405
34,41,12,2638.68,0.325832
34,41,13,2617.11,0.333065
34,41,14,2595.37,0.350416
34,41,15,2570.09,0.373336
34,41,16,2540.96,0.396981
34,41,17,2509.55,0.416437
34,41,18,2477.86,0.427066
34,41,19,2447.37,0.426143
34,41,20,2419.07,0.413706
34,41,21,2394.3,0.392841
34,41,22,2374.61,0.368272
34,41,23,2361.14,0.34442
34,41,24,2353.91,0.324329
34,41,25,2351.53,0.309179
34,41,26,2351.68,0.299077
34,41,27,2353.03,0.29391
34,41,28,2355.23,0.293932
34,41,29,2359.33,0.299708
34,41,30,2366.15,0.311562
34,41,31,2375.37,0.32954
34,41,32,2384.69,0.352657
34,41,33,2390.49,0.37847
34,41,34,2389.09,0.403671
34,41,35,2378.07,0.424683
34,41,36,2357.01,0.438852
34,41,37,2328.5,0.445204
34,41,38,2298.68,0.444385
34,41,39,2277.04,0.437615
34,41,40,2273.54,0.425626
34,41,41,2299.58,0.408616
34,41,42,2360.98,0.386285
34,41,43,2454.21,0.359002
34,41,44,2564.77,0.327936
34,41,45,2669.76,0.294669
34,41,46,2743.93,0.260242
34,41,47,2764.91,0.224866
34,41,48,2715.56,0.188253
34,41,49,2586.05,0.150715
34,42,0,2774.49,0.660794
34,42,1,2973.34,0.765373
34,42,2,3095.73,0.82468
34,42,3,3149.22,0.8341
34,42,4,3146.56,0.799868
34,42,5,3102.24,0.734613
34,42,6,3031.07,0.652778
34,42,7,2947.72,0.567678
34,42,8,2865.74,0.490078
34,42,9,2796.05,0.428061
34,42,10,2744.55,0.385893
34,42,11,2711.11,0.363447
34,42,12,2691.6,0.358046
34,42,13,2678.87,0.365405
34,42,14,2666.27,0.380919
34,42,15,2649.68,0.400503
34,42,16,2627.77,0.419987
34,42,17,2601.09,0.435258
34,42,18,2571.01,0.44253
34,42,19,2538.91,0.439803
34,42,20,2506.32,0.427519
34,42,21,2475.5,0.408752
34,42,22,2449.12,0.387803
34,42,23,2429.36,0.368537
34,42,24,2417.07,0.35366
34,42,25,2411.4,0.344285
34,42,26,2410.25,0.34057
34,42,27,2412.34,0.342341
34,42,28,2417,0.349547
34,42,29,2424.69,0.36242
34,42,30,2435.52,0.38101
34,42,31,2448.54,0.405359
34,42,32,2461.07,0.434418
34,42,33,2469.34,0.465261
34,42,34,2469.59,0.493563
34,42,35,2459.29,0.514535
34,42,36,2437.91,0.524748
34,42,37,2408.07,0.523409
34,42,38,2376.15,0.512419
34,42,39,2352.23,0.494924
34,42,40,2347.05,0.473499
34,42,41,2372.76,0.449594
34,42,42,2435.51,0.423121
34,42,43,2531.44,0.393919
34,42,44,2645.22,0.362135
34,42,45,2753.03,0.328253
34,42,46,2828.93,0.292476
34,42,47,2850.26,0.25458
34,42,48,2799.47,0.214232
34,42,49,2666.12,0.172074
34,43,0,2800.5,0.712493
34,43,1,3002.43,0.823882
34,43,2,3126.61,0.884464
34,43,3,3180.74,0.889234
34,43,4,3178.02,0.845858
34,43,5,3133.55,0.769694
34,43,6,3062.82,0.678168
34,43,7,2980.94,0.586706
34,43,8,2901.37,0.506671
34,43,9,2834.45,0.445385
34,43,10,2785.59,0.405569
34,43,11,2754.67,0.385654
34,43,12,2738.24,0.382083
34,43,13,2729.92,0.390289
34,43,14,2723.47,0.405655
34,43,15,2714.53,0.424109
34,43,16,2700.7,0.441592
34,43,17,2681.13,0.454417
34,43,18,2655.9,0.45964
34,43,19,2625.66,0.456255
34,43,20,2591.81,0.445406
34,43,21,2557.07,0.430309
34,43,22,2524.97,0.414721
34,43,23,2498.8,0.401714
34,43,24,2480.6,0.393427
34,43,25,2470.54,0.390814
34,43,26,2467.14,0.394137
34,43,27,2469.17,0.403226
34,43,28,2475.48,0.417785
34,43,29,2485.68,0.437709
34,43,30,2499.01,0.46281
34,43,31,2513.94,0.493172
34,43,32,2527.75,0.527752
34,43,33,2536.83,0.563155
34,43,34,2537.72,0.59388
34,43,35,2528,0.613616
34,43,36,2507.15,0.617788
34,43,37,2477.84,0.605602
34,43,38,2446.63,0.580354
34,43,39,2423.9,0.547615
34,43,40,2420.72,0.512568
34,43,41,2449.43,0.478751
34,43,42,2516.04,0.446933
34,43,43,2616.13,0.416695
34,43,44,2733.62,0.386955
34,43,45,2844.08,0.356451
34,43,46,2921.31,0.323649
34,43,47,2942.57,0.286972
34,43,48,2890.15,0.245402
34,43,49,2752.89,0.199659
34,44,0,2814.27,0.755076
34,44,1,3019.51,0.873344
34,44,2,3146.17,0.936052
34,44,3,3202.01,0.937449
34,44,4,3200.58,0.886186
34,44,5,3157.55,0.799991
34,44,6,3088.9,0.699034
34,44,7,3009.78,0.600703
34,44,8,2932.92,0.516945
34,44,9,2867.63,0.454478
34,44,10,2818.64,0.414928
34,44,11,2786.22,0.395951
34,44,12,2768.34,0.393725
34,44,13,2760.29,0.403663
34,44,14,2757.02,0.420937
34,44,15,2754.25,0.440918
34,44,16,2748.6,0.458954
34,44,17,2737.54,0.471289
34,44,18,2719.47,0.475675
34,44,19,2693.8,0.472286
34,44,20,2661.37,0.4633
34,44,21,2624.93,0.452387
34,44,22,2588.63,0.442892
34,44,23,2556.9,0.437087
34,44,24,2533.22,0.436415
34,44,25,2519.08,0.441525
34,44,26,2513.78,0.452662
34,44,27,2515.98,0.469536
34,44,28,2523.73,0.491524
34,44,29,2535.53,0.518091
34,44,30,2549.7,0.548801
34,44,31,2564.4,0.583857
34,44,32,2577.27,0.622384
34,44,33,2585.4,0.660713
34,44,34,2585.91,0.692284
34,44,35,2576.68,0.709243
34,44,36,2557.27,0.705712
34,44,37,2530.35,0.680784
34,44,38,2502.5,0.639148
34,44,39,2484.1,0.588981
34,44,40,2486.04,0.538423
34,44,41,2520.35,0.493528
34,44,42,2592.45,0.456298
34,44,43,2697.28,0.42626
34,44,44,2818.27,0.401028
34,44,45,2930.8,0.377246
34,44,46,3008.8,0.351084
34,44,47,3029.75,0.318971
34,44,48,2975.82,0.278693
34,44,49,2835.18,0.230768
34,45,0,2807.31,0.780092
34,45,1,3015.09,0.903573
34,45,2,3144.12,0.968306
34,45,3,3202.01,0.967678
34,45,4,3202.59,0.910849
34,45,5,3162.03,0.817235
34,45,6,3096.58,0.709045
34,45,7,3021.04,0.605067
34,45,8,2947,0.517589
34,45,9,2882.42,0.452849
34,45,10,2831.31,0.411926
34,45,11,2794.56,0.392443
34,45,12,2772,0.390937
34,45,13,2761.11,0.403044
34,45,14,2758.49,0.423551
34,45,15,2760.24,0.446828
34,45,16,2762.03,0.467098
34,45,17,2759.62,0.480165
34,45,18,2749.56,0.484307
34,45,19,2729.84,0.480951
34,45,20,2700.43,0.473514
34,45,21,2663.89,0.466419
34,45,22,2624.85,0.462849
34,45,23,2588.86,0.464445
34,45,24,2560.99,0.471934
34,45,25,2544.18,0.485504
34,45,26,2538.4,0.505148
34,45,27,2541.96,0.530186
34,45,28,2551.74,0.559454
34,45,29,2564.88,0.591812
34,45,30,2578.84,0.626528
34,45,31,2591.72,0.663976
34,45,32,2602.02,0.703692
34,45,33,2607.89,0.742118
34,45,34,2607.32,0.772082
34,45,35,2598.59,0.784531
34,45,36,2581.3,0.772448
34,45,37,2558.02,0.734801
34,45,38,2535.24,0.677491
34,45,39,2523.06,0.611057
34,45,40,2531.79,0.546369
34,45,41,2572.72,0.491851
34,45,42,2650.46,0.450706
34,45,43,2759.41,0.422438
34,45,44,2882.86,0.403425
34,45,45,2996.48,0.388261
34,45,46,3074.59,0.370796
34,45,47,3095,0.345344
34,45,48,3039.87,0.308332
34,45,49,2896.81,0.259862
34,46,0,2767.5,0.777146
34,46,1,2975.9,0.90171
34,46,2,3106.5,0.966775
34,46,3,3166.37,0.965145
34,46,4,3169.45,0.906053
34,46,5,3132.21,0.809636
34,46,6,3070.95,0.698949
34,46,7,2999.82,0.593159
34,46,8,2928.99,0.504329
34,46,9,2864.91,0.438179
34,46,10,2810.95,0.395667
34,46,11,2768.69,0.37499
34,46,12,2739.91,0.373536
34,46,13,2724.42,0.387393
34,46,14,2720.62,0.410963
34,46,15,2725.12,0.437531
34,46,16,2732.85,0.460082
34,46,17,2738.02,0.473907
34,46,18,2735.42,0.4777
34,46,19,2721.64,0.474034
34,46,20,2695.69,0.467527
34,46,21,2659.88,0.463446
34,46,22,2619.25,0.46502
34,46,23,2580.47,0.473492
34,46,24,2550.15,0.488962
34,46,25,2532.57,0.511041
34,46,26,2528.17,0.539227
34,46,27,2534.59,0.572152
34,46,28,2547.32,0.607887
34,46,29,2562.02,0.644519
34,46,30,2575.4,0.680967
34,46,31,2585.82,0.717817
34,46,32,2592.89,0.755254
34,46,33,2596.04,0.790316
34,46,34,2594.25,0.815893
34,46,35,2586.16,0.822407
34,46,36,2571.36,0.802148
34,46,37,2552.23,0.754029
34,46,38,2535.02,0.684782
34,46,39,2529.37,0.606635
34,46,40,2544.83,0.532402
34,46,41,2591.7,0.47218
34,46,42,2673.79,0.429953
34,46,43,2785.19,0.405087
34,46,44,2909.49,0.392916
34,46,45,3023,0.386436
34,46,46,3100.56,0.377706
34,46,47,3120.22,0.359394
34,46,48,3064.16,0.326819
34,46,49,2919.71,0.279609
34,47,0,2681.57,0.738013
34,47,1,2887.43,0.857396
34,47,2,3018.09,0.91962
34,47,3,3079.64,0.91751
34,47,4,3085.68,0.860003
34,47,5,3052.72,0.766796
34,47,6,2996.87,0.660291
34,47,7,2931.28,0.558723
34,47,8,2864.57,0.473152
34,47,9,2801.7,0.408564
34,47,10,2745.49,0.365987
34,47,11,2698.22,0.344508
34,47,12,2663.4,0.342614
34,47,13,2642.98,0.357036
34,47,14,2637.01,0.382021
34,47,15,2642.63,0.410112
34,47,16,2654.32,0.433439
34,47,17,2665.1,0.447026
34,47,18,2668.36,0.449943
34,47,19,2659.47,0.445635
34,47,20,2636.61,0.439583
34,47,21,2601.84,0.437688
34,47,22,2560.58,0.443269
34,47,23,2520.51,0.45737
34,47,24,2489.55,0.479601
34,47,25,2473.01,0.508999
34,47,26,2471.54,0.544415
34,47,27,2481.87,0.583645
34,47,28,2498.1,0.623907
34,47,29,2514.56,0.662487
34,47,30,2527.46,0.697967
34,47,31,2535.54,0.731156
34,47,32,2539.65,0.763036
34,47,33,2540.48,0.791647
34,47,34,2537.89,0.810644
34,47,35,2530.75,0.810729
34,47,36,2518.54,0.784109
34,47,37,2503.38,0.729741
34,47,38,2491.2,0.654656
34,47,39,2491.12,0.571773
34,47,40,2511.85,0.494684
34,47,41,2562.7,0.434114
34,47,42,2646.82,0.394204
34,47,43,2758.34,0.37401
34,47,44,2881.57,0.36816
34,47,45,2993.68,0.368792
34,47,46,3070.04,0.367108
34,47,47,3088.77,0.355022
34,47,48,3032.02,0.327327
34,47,49,2887.36,0.283269
34,48,0,2539.56,0.660995
34,48,1,2737.96,0.768272
34,48,2,2866.12,0.823934
34,48,3,2928.49,0.821522
34,48,4,2937.89,0.769341
34,48,5,2910.37,0.685469
34,48,6,2861.38,0.590151
34,48,7,2802.84,0.499424
34,48,8,2741.7,0.4226
34,48,9,2681.6,0.363666
34,48,10,2624.92,0.323697
34,48,11,2574.54,0.302665
34,48,12,2535.38,0.300135
34,48,13,2511.01,0.313601
34,48,14,2502.74,0.337561
34,48,15,2508.22,0.364473
34,48,16,2521.76,0.386332
34,48,17,2535.74,0.398334
34,48,18,2542.69,0.399911
34,48,19,2537.16,0.394953
34,48,20,2516.73,0.38925
34,48,21,2483.29,0.38887
34,48,22,2442.52,0.397099
34,48,23,2402.85,0.414878
34,48,24,2373,0.44151
34,48,25,2358.87,0.475572
34,48,26,2360.98,0.515308
34,48,27,2375.22,0.557768
34,48,28,2394.59,0.599457
34,48,29,2412.52,0.637052
34,48,30,2424.99,0.668908
34,48,31,2431.25,0.696035
34,48,32,2433.25,0.720179
34,48,33,2432.68,0.740555
34,48,34,2430.03,0.752104
34,48,35,2424.23,0.746533
34,48,36,2414.58,0.716588
34,48,37,2402.87,0.661344
34,48,38,2394.66,0.587544
34,48,39,2398.51,0.507681
34,48,40,2422.31,0.434855
34,48,41,2474.45,0.379309
34,48,42,2557.62,0.344738
34,48,43,2666.35,0.329804
34,48,44,2786.07,0.328878
34,48,45,2895.08,0.334097
34,48,46,2969.29,0.336859
34,48,47,2986.8,0.329346
34,48,48,2929.86,0.30651
34,48,49,2786.89,0.267406
34,49,0,2339.68,0.553139
34,49,1,2523.58,0.642625
34,49,2,2645.02,0.688638
34,49,3,2706.47,0.685975
34,49,4,2719.21,0.641976
34,49,5,2698.21,0.572124
34,49,6,2657.65,0.493362
34,49,7,2607.84,0.418656
34,49,8,2554.14,0.355124
34,49,9,2499.01,0.3056
34,49,10,2444.55,0.271064
34,49,11,2394.1,0.25212
34,49,12,2353.46,0.249161
34,49,13,2327.16,0.260451
34,49,14,2317.26,0.281161
34,49,15,2321.78,0.304401
34,49,16,2335.24,0.322829
34,49,17,2350,0.332241
34,49,18,2358.38,0.332402
34,49,19,2354.7,0.327171
34,49,20,2336.26,0.32203
34,49,21,2304.82,0.322651
34,49,22,2266.13,0.332064
34,49,23,2228.81,0.351126
34,49,24,2201.73,0.379006
34,49,25,2190.75,0.414033
34,49,26,2196.06,0.454064
34,49,27,2213.04,0.49572
34,49,28,2234.14,0.535164
34,49,29,2252.53,0.568835
34,49,30,2264.32,0.595052
34,49,31,2269.29,0.614958
34,49,32,2270.15,0.630833
34,49,33,2269.22,0.642954
34,49,34,2267.27,0.647743
34,49,35,2263.17,0.638402
34,49,36,2255.98,0.608699
34,49,37,2247.17,0.55787
34,49,38,2241.84,0.491839
34,49,39,2247.85,0.421683
34,49,40,2272.28,0.358919
34,49,41,2322.63,0.312412
34,49,42,2401.28,0.285031
34,49,43,2503.51,0.275115
34,49,44,2616.25,0.277286
34,49,45,2719.4,0.28445
34,49,46,2789.75,0.28908
34,49,47,2805.64,0.284453
34,49,48,2749.74,0.266248
34,49,49,2612.07,0.233529
35,0,0,2702.49,0.392603
35,0,1,2881.9,0.475176
35,0,2,3000.91,0.540344
35,0,3,3073.7,0.583882
35,0,4,3119.21,0.607448
35,0,5,3155.16,0.617334
35,0,6,3192.56,0.620963
35,0,7,3232.37,0.624179
35,0,8,3267.44,0.62904
35,0,9,3288.02,0.634439
35,0,10,3286.77,0.638065
35,0,11,3260.92,0.638215
35,0,12,3213.82,0.63499
35,0,13,3152.91,0.629015
35,0,14,3087.81,0.619526
35,0,15,3026.5,0.604625
35,0,16,2971.24,0.581872
35,0,17,2917.8,0.550068
35,0,18,2857.89,0.510094
35,0,19,2783.7,0.464731
35,0,20,2691.62,0.41735
35,0,21,2583.65,0.370559
35,0,22,2467.4,0.325736
35,0,23,2353.47,0.282962
35,0,24,2252.91,0.242067
35,0,25,2173.87,0.203681
35,0,26,2120.5,0.169109
35,0,27,2091.98,0.13999
35,0,28,2082.83,0.117129
35,0,29,2084.58,0.100563
35,0,30,2087.88,0.0893136
35,0,31,2084.51,0.0818646
35,0,32,2068.71,0.0765555
35,0,33,2037.97,0.0716559
35,0,34,1993.52,0.0657333
35,0,35,1940,0.0582056
35,0,36,1885.02,0.0492322
35,0,37,1838.18,0.0395397
35,0,38,1809.33,0.0305532
35,0,39,1805.94,0.0238168
35,0,40,1830.03,0.020621
35,0,41,1878.32,0.0217106
35,0,42,1941.74,0.0271798
35,0,43,2007.72,0.0359834
35,0,44,2062.97,0.0459717
35,0,45,2095.29,0.0542186
35,0,46,2094.77,0.0580202
35,0,47,2054.15,0.0559453
35,0,48,1970.09,0.0484837
35,0,49,1845.07,0.0377188
35,1,0,2945.8,0.478137
35,1,1,3126.62,0.575357
35,1,2,3243.03,0.650767
35,1,3,3311.5,0.69984
35,1,4,3351.14,0.725015
35,1,5,3379.02,0.733966
35,1,6,3405.97,0.735644
35,1,7,3433.84,0.737077
35,1,8,3457.19,0.741141
35,1,9,3467.98,0.747142
35,1,10,3459.94,0.75283
35,1,11,3430.42,0.756096
35,1,12,3382.2,0.756235
35,1,13,3321.63,0.752507
35,1,14,3257.07,0.742575
35,1,15,3195.56,0.723389
35,1,16,3138.84,0.692313
35,1,17,3082.62,0.649041
35,1,18,3018.78,0.596103
35,1,19,2939.87,0.538114
35,1,20,2842.41,0.479713
35,1,21,2728.63,0.423999
35,1,22,2606.33,0.372137
35,1,23,2486.46,0.323681
35,1,24,2380.68,0.277915
35,1,25,2297.79,0.235235
35,1,26,2242.54,0.196982
35,1,27,2214.21,0.164912
35,1,28,2206.96,0.139939
35,1,29,2211.48,0.121956
35,1,30,2217.43,0.109718
35,1,31,2215.89,0.101401
35,1,32,2200.71,0.0951191
35,1,33,2169.49,0.0890201
35,1,34,2123.85,0.0816513
35,1,35,2069.02,0.0724488
35,1,36,2013.1,0.0616167
35,1,37,1965.98,0.0499362
35,1,38,1937.57,0.0389598
35,1,39,1935.18,0.0303994
35,1,40,1960.56,0.02572
35,1,41,2010.16,0.0257955
35,1,42,2074.82,0.0307818
35,1,43,2141.81,0.0395466
35,1,44,2197.71,0.0497434
35,1,45,2229.93,0.0581954
35,1,46,2227.96,0.0619752
35,1,47,2183.7,0.059551
35,1,48,2092.73,0.0514549
35,1,49,1956.45,0.0399162
35,2,0,3130.92,0.543905
35,2,1,3306.5,0.650438
35,2,2,3415.98,0.731661
35,2,3,3477.28,0.783262
35,2,4,3509.21,0.808523
35,2,5,3527.93,0.816131
35,2,6,3543.99,0.816065
35,2,7,3559.98,0.816135
35,2,8,3571.97,0.819955
35,2,9,3573.4,0.827418
35,2,10,3558.9,0.836518
35,2,11,3526.02,0.84474
35,2,12,3477.07,0.850295
35,2,13,3417.34,0.850592
35,2,14,3353.86,0.841357
35,2,15,3292.45,0.81823
35,2,16,3234.21,0.778543
35,2,17,3174.88,0.723251
35,2,18,3106.99,0.656971
35,2,19,3023.9,0.586541
35,2,20,2922.78,0.518099
35,2,21,2806.24,0.455288
35,2,22,2682.19,0.398936
35,2,23,2561.45,0.34785
35,2,24,2455.57,0.300462
35,2,25,2373.3,0.256617
35,2,26,2319.44,0.217417
35,2,27,2293.12,0.184542
35,2,28,2288.26,0.158989
35,2,29,2295.06,0.140563
35,2,30,2302.74,0.127877
35,2,31,2302.17,0.118948
35,2,32,2287.3,0.111829
35,2,33,2256.11,0.1047
35,2,34,2210.8,0.0962114
35,2,35,2157.04,0.0858342
35,2,36,2103.07,0.0737417
35,2,37,2058.44,0.0606435
35,2,38,2032.42,0.0480535
35,2,39,2031.52,0.0377158
35,2,40,2056.92,0.0311941
35,2,41,2105.11,0.0294865
35,2,42,2167.43,0.0328704
35,2,43,2231.82,0.040268
35,2,44,2285.33,0.0493603
35,2,45,2315.44,0.0569983
35,2,46,2311.32,0.0602714
35,2,47,2264.32,0.0576583
35,2,48,2169.17,0.0496551
35,2,49,2026.39,0.038409
35,3,0,3260.5,0.580997
35,3,1,3427.62,0.69056
35,3,2,3528.27,0.77289
35,3,3,3581.2,0.824352
35,3,4,3604.67,0.848949
35,3,5,3614.02,0.855765
35,3,6,3619.57,0.855071
35,3,7,3624.53,0.854909
35,3,8,3626.16,0.859435
35,3,9,3619.1,0.869241
35,3,10,3598.77,0.882779
35,3,11,3562.89,0.897249
35,3,12,3513.5,0.90973
35,3,13,3454.9,0.915611
35,3,14,3392.69,0.908565
35,3,15,3331.29,0.882871
35,3,16,3271.03,0.835866
35,3,17,3207.8,0.769838
35,3,18,3135.13,0.6916
35,3,19,3047.71,0.61034
35,3,20,2943.75,0.533826
35,3,21,2826.56,0.466337
35,3,22,2704.1,0.408347
35,3,23,2586.72,0.357767
35,3,24,2485.14,0.311928
35,3,25,2407.29,0.2698
35,3,26,2357.34,0.231985
35,3,27,2333.99,0.199926
35,3,28,2331.03,0.174736
35,3,29,2338.69,0.15629
35,3,30,2346.35,0.14329
35,3,31,2345.28,0.133815
35,3,32,2329.95,0.126023
35,3,33,2299,0.118236
35,3,34,2255.17,0.109238
35,3,35,2204.39,0.0984612
35,3,36,2154.68,0.0859074
35,3,37,2114.72,0.0720643
35,3,38,2092.6,0.0582563
35,3,39,2093.6,0.0461573
35,3,40,2118.29,0.0373902
35,3,41,2163.37,0.033103
35,3,42,2221.09,0.0337707
35,3,43,2280.57,0.038519
35,3,44,2329.75,0.0452716
35,3,45,2356.44,0.0511604
35,3,46,2349.73,0.0535027
35,3,47,2300.58,0.0508732
35,3,48,2203.24,0.0436438
35,3,49,2057.64,0.0336627
35,4,0,3340.93,0.585803
35,4,1,3498.83,0.692562
35,4,2,3590.41,0.772113
35,4,3,3634.71,0.821764
35,4,4,3649.45,0.84592
35,4,5,3649.41,0.853328
35,4,6,3644.85,0.853731
35,4,7,3639.62,0.854814
35,4,8,3632.02,0.861021
35,4,9,3617.66,0.873694
35,4,10,3592.61,0.891959
35,4,11,3554.82,0.912992
35,4,12,3506.03,0.932948
35,4,13,3449.55,0.945394
35,4,14,3389.35,0.942121
35,4,15,3328.27,0.916109
35,4,16,3265.79,0.864615
35,4,17,3198.13,0.791022
35,4,18,3120.1,0.704069
35,4,19,3028.15,0.615092
35,4,20,2921.9,0.533449
35,4,21,2805.61,0.464113
35,4,22,2687.31,0.407263
35,4,23,2576.49,0.35988
35,4,24,2482.42,0.318042
35,4,25,2411.46,0.279618
35,4,26,2366.54,0.244513
35,4,27,2345.73,0.213874
35,4,28,2342.94,0.189028
35,4,29,2349.04,0.170202
35,4,30,2354.31,0.156494
35,4,31,2351.01,0.146309
35,4,32,2334.52,0.138048
35,4,33,2304.17,0.130175
35,4,34,2263.09,0.121487
35,4,35,2217.09,0.111198
35,4,36,2173.53,0.0989438
35,4,37,2139.83,0.0848625
35,4,38,2122.6,0.0700216
35,4,39,2125.85,0.0560161
35,4,40,2149.58,0.04456
35,4,41,2190.84,0.037009
35,4,42,2243.04,0.0341047
35,4,43,2296.66,0.0352815
35,4,44,2340.72,0.0388459
35,4,45,2363.54,0.0423679
35,4,46,2354.21,0.043518
35,4,47,2303.52,0.0410079
35,4,48,2205.48,0.0350112
35,4,49,2059.76,0.0269283
35,5,0,3378.55,0.560355
35,5,1,3528.18,0.659926
35,5,2,3611.48,0.734236
35,5,3,3647.5,0.781553
35,5,4,3653.49,0.80624
35,5,5,3643.94,0.816017
35,5,6,3629.46,0.819356
35,5,7,3614.78,0.823082
35,5,8,3599.23,0.831646
35,5,9,3579.33,0.84713
35,5,10,3551.68,0.869512
35,5,11,3514.26,0.896279
35,5,12,3468.42,0.923058
35,5,13,3416.16,0.942088
35,5,14,3359.63,0.943695
35,5,15,3299.94,0.919785
35,5,16,3235.77,0.867417
35,5,17,3163.83,0.790658
35,5,18,3080.51,0.699623
35,5,19,2984.24,0.607286
35,5,20,2876.36,0.524309
35,5,21,2762.17,0.456288
35,5,22,2649.67,0.403153
35,5,23,2547.22,0.360998
35,5,24,2462.08,0.324645
35,5,25,2398.52,0.290789
35,5,26,2357.86,0.25857
35,5,27,2337.52,0.22891
35,5,28,2331.94,0.203518
35,5,29,2333.31,0.183319
35,5,30,2333.56,0.168152
35,5,31,2326.52,0.157
35,5,32,2308.66,0.148573
35,5,33,2279.92,0.14135
35,5,34,2243.38,0.133879
35,5,35,2204.17,0.124885
35,5,36,2168.45,0.113441
35,5,37,2142.12,0.0992809
35,5,38,2130.29,0.0832752
35,5,39,2135.92,0.067048
35,5,40,2158.7,0.0525069
35,5,41,2196.2,0.041284
35,5,42,2242.99,0.0344159
35,5,43,2290.95,0.0316688
35,5,44,2330.16,0.0317619
35,5,45,2349.48,0.0327353
35,5,46,2338.1,0.0326365
35,5,47,2286.73,0.0303158
35,5,48,2189.3,0.0257091
35,5,49,2045.37,0.019717
35,6,0,3379.09,0.51159
35,6,1,3522.49,0.601477
35,6,2,3599.08,0.669519
35,6,3,3627.65,0.714756
35,6,4,3625.11,0.741085
35,6,5,3606.02,0.754723
35,6,6,3581.78,0.762395
35,6,7,3558.48,0.769743
35,6,8,3536.79,0.780984
35,6,9,3514.09,0.798835
35,6,10,3487.26,0.82418
35,6,11,3453.95,0.855075
35,6,12,3414.62,0.887029
35,6,13,3369.59,0.91157
35,6,14,3319,0.918155
35,6,15,3262.26,0.898019
35,6,16,3197.45,0.848032
35,6,17,3122.01,0.772569
35,6,18,3034.08,0.682473
35,6,19,2934.16,0.591635
35,6,20,2825.35,0.511489
35,6,21,2713.91,0.447981
35,6,22,2607.66,0.400769
35,6,23,2513.59,0.365156
35,6,24,2436.66,0.334851
35,6,25,2378.82,0.305476
35,6,26,2339.74,0.275477
35,6,27,2316.46,0.245711
35,6,28,2304.39,0.218467
35,6,29,2297.73,0.195694
35,6,30,2290.7,0.178282
35,6,31,2279.09,0.165984
35,6,32,2260.56,0.157807
35,6,33,2235.32,0.15203
35,6,34,2205.74,0.14662
35,6,35,2175.58,0.139515
35,6,36,2149.3,0.129081
35,6,37,2131.08,0.114678
35,6,38,2124.75,0.0971505
35,6,39,2132.64,0.0783457
35,6,40,2154.52,0.0605058
35,6,41,2188.65,0.0455906
35,6,42,2230.79,0.0349045
35,6,43,2274.05,0.0284827
35,6,44,2309.46,0.0253834
35,6,45,2326.36,0.0240419
35,6,46,2314,0.0228272
35,6,47,2263.03,0.0207044
35,6,48,2167.34,0.0173756
35,6,49,2026.39,0.013282
35,7,0,3347.84,0.449564
35,7,1,3487.69,0.529108
35,7,2,3559.7,0.590954
35,7,3,3582.2,0.634633
35,7,4,3571.85,0.663292
35,7,5,3543.66,0.681507
35,7,6,3510.37,0.694142
35,7,7,3479.99,0.705555
35,7,8,3454.91,0.719543
35,7,9,3433.31,0.739233
35,7,10,3411.9,0.766273
35,7,11,3387.31,0.799349
35,7,12,3358.42,0.834147
35,7,13,3323.56,0.862084
35,7,14,3280.86,0.872441
35,7,15,3228.32,0.856368
35,7,16,3163.79,0.810761
35,7,17,3085.66,0.740078
35,7,18,2993.9,0.655293
35,7,19,2890.96,0.570403
35,7,20,2781.55,0.496909
35,7,21,2672.67,0.44067
35,7,22,2571.76,0.40097
35,7,23,2484.3,0.37246
35,7,24,2413.02,0.347998
35,7,25,2357.68,0.322385
35,7,26,2316.6,0.29355
35,7,27,2286.75,0.262475
35,7,28,2264.89,0.232182
35,7,29,2247.71,0.205872
35,7,30,2232.13,0.185681
35,7,31,2216.15,0.172231
35,7,32,2198.56,0.164768
35,7,33,2179.35,0.161141
35,7,34,2159.49,0.158439
35,7,35,2140.66,0.153585
35,7,36,2125.17,0.144172
35,7,37,2115.49,0.129285
35,7,38,2114.45,0.109954
35,7,39,2124.24,0.0884455
35,7,40,2145.12,0.0674554
35,7,41,2176.29,0.0492809
35,7,42,2214.67,0.0354165
35,7,43,2254.46,0.0260486
35,7,44,2287.47,0.0204436
35,7,45,2303.37,0.0173047
35,7,46,2291.38,0.0152311
35,7,47,2242.01,0.0132766
35,7,48,2148.99,0.0109498
35,7,49,2011.61,0.00833337
35,8,0,3290.93,0.385336
35,8,1,3430.11,0.455336
35,8,2,3500.06,0.5117
35,8,3,3518.46,0.554164
35,8,4,3501.87,0.585075
35,8,5,3466.03,0.607571
35,8,6,3425.49,0.624904
35,8,7,3390.7,0.640257
35,8,8,3365.97,0.656867
35,8,9,3350.05,0.677935
35,8,10,3338.75,0.705527
35,8,11,3326.92,0.738808
35,8,12,3311.28,0.773789
35,8,13,3288.08,0.802289
35,8,14,3253.82,0.814148
35,8,15,3205.62,0.801111
35,8,16,3141.5,0.760463
35,8,17,3060.93,0.696659
35,8,18,2965.6,0.62029
35,8,19,2859.7,0.544662
35,8,20,2749.29,0.480592
35,8,21,2641.85,0.433373
35,8,22,2544.26,0.401814
35,8,23,2460.61,0.380118
35,8,24,2391.66,0.360668
35,8,25,2335.47,0.33779
35,8,26,2289.38,0.309121
35,8,27,2250.57,0.2759
35,8,28,2217.33,0.241934
35,8,29,2188.88,0.211709
35,8,30,2165.01,0.188639
35,8,31,2145.92,0.174217
35,8,32,2131.35,0.167847
35,8,33,2120.64,0.16681
35,8,34,2112.78,0.167164
35,8,35,2106.88,0.164733
35,8,36,2102.9,0.156371
35,8,37,2101.72,0.141005
35,8,38,2105.5,0.12
35,8,39,2116.67,0.0961434
35,8,40,2136.33,0.0726205
35,8,41,2164.81,0.0520139
35,8,42,2200.18,0.0359062
35,8,43,2237.64,0.0245203
35,8,44,2269.57,0.0172136
35,8,45,2285.86,0.012846
35,8,46,2275.57,0.0101709
35,8,47,2228.87,0.00831455
35,8,48,2139.17,0.0066518
35,8,49,2005.43,0.00502425
35,9,0,3215.92,0.328732
35,9,1,3357.13,0.390961
35,9,2,3427.69,0.44282
35,9,3,3444.49,0.48404
35,9,4,3424.1,0.51633
35,9,5,3383.24,0.541854
35,9,6,3338.52,0.562761
35,9,7,3302.96,0.581307
35,9,8,3282.64,0.600079
35,9,9,3276.37,0.621959
35,9,10,3278.36,0.648973
35,9,11,3281.11,0.680494
35,9,12,3279,0.712924
35,9,13,3266.56,0.73893
35,9,14,3239.31,0.749599
35,9,15,3194.06,0.737922
35,9,16,3129.33,0.701936
35,9,17,3045.71,0.646022
35,9,18,2946.39,0.579923
35,9,19,2836.95,0.515524
35,9,20,2724.56,0.462294
35,9,21,2616.95,0.424562
35,9,22,2520.41,0.40065
35,9,23,2437.88,0.38463
35,9,24,2368.68,0.368859
35,9,25,2309.67,0.3476
35,9,26,2257.56,0.318435
35,9,27,2209.86,0.282893
35,9,28,2166.21,0.245455
35,9,29,2128.09,0.211703
35,9,30,2097.81,0.186171
35,9,31,2077.61,0.171111
35,9,32,2067.91,0.166028
35,9,33,2067.12,0.167638
35,9,34,2072.08,0.171027
35,9,35,2079.27,0.171018
35,9,36,2086.45,0.163865
35,9,37,2093.1,0.148424
35,9,38,2100.95,0.126415
35,9,39,2112.94,0.101101
35,9,40,2131.16,0.0760664
35,9,41,2157.14,0.0540682
35,9,42,2190.12,0.036684
35,9,43,2226.17,0.0241121
35,9,44,2258.14,0.0157512
35,9,45,2275.99,0.0105713
35,9,46,2268.47,0.00744687
35,9,47,2225.29,0.00557076
35,9,48,2139.32,0.00424306
35,9,49,2008.96,0.00316074
35,10,0,3131.46,0.286264
35,10,1,3276.92,0.342855
35,10,2,3350.54,0.391105
35,10,3,3368.35,0.43064
35,10,4,3347.07,0.462842
35,10,5,3304.54,0.489496
35,10,6,3259.37,0.512255
35,10,7,3226.77,0.532757
35,10,8,3214.08,0.552874
35,10,9,3219.54,0.57479
35,10,10,3235.32,0.600033
35,10,11,3251.51,0.627897
35,10,12,3260.43,0.655249
35,10,13,3255.55,0.67598
35,10,14,3232.08,0.683001
35,10,15,3187.08,0.671061
35,10,16,3119.78,0.639173
35,10,17,3031.82,0.591521
35,10,18,2927.62,0.536555
35,10,19,2813.91,0.484144
35,10,20,2698.63,0.441907
35,10,21,2589.64,0.412976
35,10,22,2492.72,0.3953
35,10,23,2409.97,0.383209
35,10,24,2339.75,0.369539
35,10,25,2278.22,0.348915
35,10,26,2221.74,0.319096
35,10,27,2167.99,0.281829
35,10,28,2117.55,0.242011
35,10,29,2073.5,0.205921
35,10,30,2040.08,0.178883
35,10,31,2020.99,0.163702
35,10,32,2017.08,0.159948
35,10,33,2025.9,0.16391
35,10,34,2042.42,0.169957
35,10,35,2060.96,0.172192
35,10,36,2077.47,0.166479
35,10,37,2090.41,0.151663
35,10,38,2101.26,0.12972
35,10,39,2113.5,0.10419
35,10,40,2130.17,0.0788454
35,10,41,2154.01,0.0564627
35,10,42,2185.29,0.0385457
35,10,43,2220.81,0.0252839
35,10,44,2253.76,0.0161609
35,10,45,2274.06,0.0102925
35,10,46,2270.09,0.00669041
35,10,47,2230.96,0.0046129
35,10,48,2148.87,0.00332451
35,10,49,2021.49,0.00243195
35,11,0,3044.9,0.260022
35,11,1,3196.1,0.31283
35,11,2,3274.66,0.357977
35,11,3,3295.74,0.395003
35,11,4,3276.31,0.425344
35,11,5,3235.29,0.450971
35,11,6,3192.97,0.4736
35,11,7,3166.09,0.49454
35,11,8,3162.44,0.51492
35,11,9,3179.24,0.535932
35,11,10,3206.59,0.558245
35,11,11,3232.58,0.580858
35,11,12,3248.11,0.601174
35,11,13,3246.24,0.614591
35,11,14,3222.42,0.616225
35,11,15,3174.32,0.602869
35,11,16,3102.03,0.574589
35,11,17,3008.19,0.535205
35,11,18,2898.32,0.491516
35,11,19,2779.99,0.450966
35,11,20,2661.73,0.419029
35,11,21,2551.36,0.397551
35,11,22,2454.25,0.384302
35,11,23,2371.89,0.374272
35,11,24,2302.11,0.361269
35,11,25,2240.65,0.340683
35,11,26,2183.64,0.310652
35,11,27,2128.77,0.273009
35,11,28,2076.99,0.232696
35,11,29,2032.16,0.196166
35,11,30,1999.5,0.169072
35,11,31,1983.52,0.1545
35,11,32,1985.24,0.152059
35,11,33,2001.63,0.157833
35,11,34,2026.53,0.165848
35,11,35,2052.9,0.169883
35,11,36,2075.62,0.1657
35,11,37,2092.5,0.152192
35,11,38,2104.92,0.13143
35,11,39,2116.87,0.106946
35,11,40,2132.18,0.082412
35,11,41,2154.57,0.0604261
35,11,42,2185.13,0.0423734
35,11,43,2221.15,0.0285117
35,11,44,2255.96,0.0185303
35,11,45,2279.37,0.0117959
35,11,46,2279.37,0.00751152
35,11,47,2244.48,0.00499923
35,11,48,2166.15,0.00349869
35,11,49,2041.29,0.00253552
35,12,0,2960.88,0.247741
35,12,1,3118.56,0.297829
35,12,2,3203.2,0.339787
35,12,3,3229.15,0.373202
35,12,4,3213.7,0.399919
35,12,5,3176.74,0.422559
35,12,6,3139.67,0.443314
35,12,7,3119.88,0.463401
35,12,8,3124.89,0.483214
35,12,9,3150.67,0.502763
35,12,10,3185.63,0.521593
35,12,11,3216.6,0.538218
35,12,12,3233.72,0.55058
35,12,13,3230.16,0.555699
35,12,14,3201.93,0.551044
35,12,15,3147.53,0.535539
35,12,16,3068.01,0.510297
35,12,17,2967.08,0.478674
35,12,18,2851.23,0.445644
35,12,19,2728.78,0.416058
35,12,20,2608.6,0.393156
35,12,21,2498.32,0.377523
35,12,22,2402.83,0.366942
35,12,23,2323.19,0.357401
35,12,24,2256.85,0.344065
35,12,25,2199.35,0.323418
35,12,26,2146.66,0.294127
35,12,27,2096.3,0.257963
35,12,28,2049.12,0.219511
35,12,29,2008.9,0.184855
35,12,30,1980.91,0.159488
35,12,31,1969.62,0.146469
35,12,32,1976,0.145398
35,12,33,1996.83,0.152366
35,12,34,2025.73,0.161444
35,12,35,2055.33,0.166541
35,12,36,2080.26,0.163646
35,12,37,2098.16,0.15182
35,12,38,2110.52,0.13309
35,12,39,2121.75,0.110694
35,12,40,2136.27,0.0878835
35,12,41,2158.42,0.0668565
35,12,42,2189.73,0.0488251
35,12,43,2227.6,0.0342031
35,12,44,2265.23,0.0230337
35,12,45,2292.23,0.0150705
35,12,46,2296.24,0.00978157
35,12,47,2265.33,0.00655631
35,12,48,2190.35,0.00460281
35,12,49,2067.42,0.00334944
35,13,0,2880.14,0.244496
35,13,1,3044.42,0.292054
35,13,2,3135.66,0.330277
35,13,3,3167.44,0.35897
35,13,4,3157.37,0.380646
35,13,5,3126.01,0.398828
35,13,6,3095.26,0.416427
35,13,7,3082.3,0.434753
35,13,8,3093.89,0.453569
35,13,9,3124.87,0.471681
35,13,10,3162.75,0.487369
35,13,11,3193.82,0.49848
35,13,12,3208.06,0.503326
35,13,13,3198.97,0.500408
35,13,14,3163.23,0.489399
35,13,15,3100.2,0.471269
35,13,16,3012.03,0.448158
35,13,17,2903.59,0.423047
35,13,18,2782.35,0.39918
35,13,19,2657.26,0.378957
35,13,20,2537.32,0.363484
35,13,21,2429.73,0.352164
35,13,22,2338.75,0.342922
35,13,23,2264.9,0.332917
35,13,24,2205.39,0.318891
35,13,25,2155.63,0.298614
35,13,26,2111.55,0.271357
35,13,27,2070.47,0.238688
35,13,28,2032.83,0.204486
35,13,29,2001.69,0.173995
35,13,30,1981.53,0.152106
35,13,31,1976.13,0.141562
35,13,32,1986.1,0.141889
35,13,33,2008.42,0.149363
35,13,34,2037.23,0.158439
35,13,35,2065.77,0.163587
35,13,36,2089.2,0.161369
35,13,37,2105.56,0.151174
35,13,38,2116.63,0.134911
35,13,39,2127.22,0.115289
35,13,40,2142.04,0.0948414
35,13,41,2165.64,0.0751592
35,13,42,2199.47,0.0572214
35,13,43,2240.59,0.0416668
35,13,44,2281.8,0.0290195
35,13,45,2312.45,0.0195359
35,13,46,2320.02,0.0130085
35,13,47,2292.38,0.00889306
35,13,48,2219.97,0.00634623
35,13,49,2098.27,0.00467438
35,14,0,2802.07,0.245404
35,14,1,2972.6,0.290059
35,14,2,3070.54,0.323869
35,14,3,3108.68,0.347017
35,14,4,3104.82,0.362784
35,14,5,3079.82,0.375675
35,14,6,3055.36,0.389397
35,14,7,3047.79,0.405535
35,14,8,3062.84,0.423418
35,14,9,3094.77,0.440774
35,14,10,3130.99,0.454593
35,14,11,3158.03,0.46183
35,14,12,3166.12,0.460831
35,14,13,3149.11,0.451184
35,14,14,3104.27,0.434382
35,14,15,3031.8,0.413226
35,14,16,2934.98,0.39092
35,14,17,2819.87,0.370321
35,14,18,2694.94,0.353302
35,14,19,2569.61,0.340201
35,14,20,2452.71,0.330244
35,14,21,2350.72,0.321783
35,14,22,2266.97,0.312943
35,14,23,2201.35,0.30207
35,14,24,2150.83,0.287525
35,14,25,2110.94,0.26839
35,14,26,2077.8,0.244507
35,14,27,2048.69,0.217112
35,14,28,2023.5,0.189104
35,14,29,2004.21,0.164548
35,14,30,1993.94,0.147414
35,14,31,1995.25,0.139905
35,14,32,2008.16,0.141437
35,14,33,2030,0.148609
35,14,34,2055.92,0.156536
35,14,35,2080.46,0.160602
35,14,36,2099.97,0.158245
35,14,37,2113.3,0.149342
35,14,38,2122.81,0.135663
35,14,39,2133.61,0.119238
35,14,40,2150.38,0.101667
35,14,41,2177.38,0.0837684
35,14,42,2215.46,0.0662097
35,14,43,2260.92,0.049853
35,14,44,2306,0.0357466
35,14,45,2339.84,0.0247015
35,14,46,2350,0.01687
35,14,47,2324.48,0.0117901
35,14,48,2253.59,0.00856911
35,14,49,2132.34,0.0063904
35,15,0,2727.14,0.247567
35,15,1,2903.16,0.289021
35,15,2,3007.56,0.318152
35,15,3,3052.23,0.335577
35,15,4,3054.86,0.345301
35,15,5,3036.17,0.352718
35,15,6,3016.98,0.362324
35,15,7,3012.41,0.376158
35,15,8,3027.32,0.393422
35,15,9,3056.04,0.411042
35,15,10,3086.75,0.4248
35,15,11,3106.81,0.430549
35,15,12,3106.94,0.426211
35,15,13,3081.34,0.41188
35,15,14,3027.69,0.390325
35,15,15,2946.88,0.365867
35,15,16,2843.19,0.342808
35,15,17,2723.84,0.324241
35,15,18,2598.09,0.311182
35,15,19,2475.56,0.302466
35,15,20,2364.55,0.295816
35,15,21,2270.4,0.288725
35,15,22,2195.27,0.279532
35,15,23,2138.36,0.267673
35,15,24,2096.68,0.252996
35,15,25,2066.25,0.235765
35,15,26,2043.79,0.216253
35,15,27,2026.83,0.195227
35,15,28,2014.72,0.17443
35,15,29,2008.12,0.156564
35,15,30,2008.48,0.144509
35,15,31,2016.8,0.139841
35,15,32,2032.4,0.14191
35,15,33,2052.99,0.147789
35,15,34,2075.01,0.153464
35,15,35,2094.64,0.155462
35,15,36,2109.81,0.152259
35,15,37,2120.5,0.144295
35,15,38,2129.7,0.13319
35,15,39,2142.63,0.120238
35,15,40,2163.5,0.106017
35,15,41,2195.79,0.0905043
35,15,42,2239.3,0.0739723
35,15,43,2289.41,0.0574172
35,15,44,2337.82,0.0423326
35,15,45,2373.68,0.0300404
35,15,46,2384.98,0.0210558
35,15,47,2360.14,0.0150422
35,15,48,2289.65,0.0111056
35,15,49,2168.11,0.00835009
35,16,0,2657.76,0.250631
35,16,1,2838.26,0.289303
35,16,2,2948.56,0.314381
35,16,3,2999.49,0.326832
35,16,4,3008.28,0.331191
35,16,5,2994.99,0.333551
35,16,6,2979.21,0.339147
35,16,7,2974.74,0.350669
35,16,8,2986.05,0.367564
35,16,9,3008.2,0.386352
35,16,10,3030.84,0.401815
35,16,11,3042.56,0.408574
35,16,12,3034.75,0.403669
35,16,13,3001.79,0.387057
35,16,14,2941.54,0.362133
35,16,15,2855.29,0.334341
35,16,16,2748.1,0.309069
35,16,17,2628.05,0.289984
35,16,18,2504.91,0.277806
35,16,19,2388.12,0.270501
35,16,20,2284.99,0.264724
35,16,21,2199.38,0.257357
35,16,22,2132.15,0.246958
35,16,23,2081.99,0.233892
35,16,24,2046.42,0.219274
35,16,25,2022.55,0.204319
35,16,26,2008.21,0.189534
35,16,27,2001.45,0.175084
35,16,28,2001.08,0.161455
35,16,29,2006.26,0.149922
35,16,30,2016.6,0.142255
35,16,31,2031.49,0.13944
35,16,32,2049.61,0.140918
35,16,33,2069.1,0.144417
35,16,34,2087.8,0.146937
35,16,35,2103.67,0.146224
35,16,36,2116.29,0.141767
35,16,37,2126.81,0.134514
35,16,38,2138.6,0.125916
35,16,39,2156.54,0.116576
35,16,40,2183.86,0.10612
35,16,41,2222.81,0.093728
35,16,42,2271.99,0.0791929
35,16,43,2325.97,0.0634604
35,16,44,2376.26,0.0482635
35,16,45,2412.41,0.0352985
35,16,46,2423.11,0.0254263
35,16,47,2397.5,0.0185208
35,16,48,2326.33,0.013797
35,16,49,2203.93,0.0103722
35,17,0,2596.57,0.254968
35,17,1,2780.45,0.292093
35,17,2,2895.8,0.314646
35,17,3,2952.27,0.323708
35,17,4,2966.23,0.324051
35,17,5,2956.71,0.322229
35,17,6,2941.95,0.324154
35,17,7,2934.8,0.333357
35,17,8,2939.87,0.349922
35,17,9,2953.63,0.370405
35,17,10,2967.57,0.388913
35,17,11,2971.69,0.398835
35,17,12,2957.95,0.395974
35,17,13,2920.69,0.379543
35,17,14,2857.57,0.352907
35,17,15,2769.96,0.322178
35,17,16,2663.36,0.293722
35,17,17,2546.41,0.272032
35,17,18,2429.03,0.25804
35,17,19,2320.08,0.249424
35,17,20,2225.48,0.242212
35,17,21,2147.4,0.232931
35,17,22,2085.43,0.220353
35,17,23,2038.12,0.205594
35,17,24,2004.09,0.190791
35,17,25,1982.24,0.177861
35,17,26,1971.96,0.167369
35,17,27,1972.03,0.158785
35,17,28,1980.63,0.151323
35,17,29,1995.3,0.144869
35,17,30,2013.75,0.140155
35,17,31,2033.9,0.137726
35,17,32,2054.02,0.137318
35,17,33,2072.89,0.137494
35,17,34,2089.82,0.136325
35,17,35,2104.5,0.132686
35,17,36,2118.05,0.126888
35,17,37,2132.39,0.120225
35,17,38,2150.74,0.113968
35,17,39,2176.99,0.108181
35,17,40,2212.83,0.101753
35,17,41,2259.02,0.0932007
35,17,42,2313.09,0.0817474
35,17,43,2369.27,0.0680283
35,17,44,2419.39,0.053716
35,17,45,2453.82,0.0406865
35,17,46,2462.26,0.03013
35,17,47,2434.62,0.0222605
35,17,48,2361.98,0.0165673
35,17,49,2238.34,0.0123107
35,18,0,2544.73,0.259918
35,18,1,2731.05,0.297093
35,18,2,2850.57,0.319083
35,18,3,2911.58,0.326767
35,18,4,2929.3,0.324845
35,18,5,2921.58,0.320088
35,18,6,2905.54,0.319023
35,18,7,2893.68,0.326159
35,18,8,2891.44,0.342523
35,18,9,2897.1,0.365114
35,18,10,2904.09,0.387716
35,18,11,2903.57,0.402608
35,18,12,2887.73,0.404141
35,18,13,2850.4,0.390276
35,18,14,2788.7,0.363743
35,18,15,2703.72,0.330835
35,18,16,2601.21,0.298731
35,18,17,2490.09,0.272906
35,18,18,2380.26,0.254938
35,18,19,2279.72,0.242745
35,18,20,2192.81,0.232123
35,18,21,2119.96,0.219476
35,18,22,2059.68,0.203754
35,18,23,2010.73,0.186612
35,18,24,1973.37,0.170957
35,18,25,1948.75,0.159204
35,18,26,1938.15,0.15188
35,18,27,1941.16,0.14778
35,18,28,1955.21,0.144929
35,18,29,1976.16,0.141951
35,18,30,1999.91,0.138662
35,18,31,2023.25,0.135321
35,18,32,2044.36,0.132123
35,18,33,2062.98,0.128546
35,18,34,2079.95,0.123668
35,18,35,2096.61,0.11727
35,18,36,2115.17,0.110202
35,18,37,2137.73,0.103927
35,18,38,2166.59,0.099577
35,18,39,2203.97,0.0969331
35,18,40,2249.6,0.0944506
35,18,41,2302.77,0.0901676
35,18,42,2360.3,0.0826475
35,18,43,2416.63,0.0719308
35,18,44,2464.5,0.0593054
35,18,45,2495.44,0.0466234
35,18,46,2500.26,0.0353987
35,18,47,2469.7,0.026334
35,18,48,2395.05,0.0193758
35,18,49,2269.98,0.0140624
35,19,0,2500.85,0.263277
35,19,1,2689.17,0.301837
35,19,2,2812.24,0.325047
35,19,3,2876.96,0.333292
35,19,4,2897.19,0.330918
35,19,5,2889.67,0.324718
35,19,6,2870.89,0.321768
35,19,7,2853.7,0.327607
35,19,8,2845.02,0.344378
35,19,9,2845.15,0.369775
35,19,10,2849.16,0.397553
35,19,11,2848.79,0.419055
35,19,12,2835.74,0.427094
35,19,13,2802.78,0.418033
35,19,14,2746.13,0.393463
35,19,15,2666.52,0.359419
35,19,16,2569.8,0.323671
35,19,17,2465.25,0.292745
35,19,18,2362.71,0.269207
35,19,19,2269.34,0.251659
35,19,20,2187.95,0.236045
35,19,21,2117.44,0.218838
35,19,22,2055.5,0.199093
35,19,23,2001.35,0.178767
35,19,24,1956.97,0.161278
35,19,25,1925.92,0.14938
35,19,26,1911.37,0.143587
35,19,27,1913.66,0.142169
35,19,28,1929.46,0.142196
35,19,29,1953.04,0.141245
35,19,30,1978.8,0.138361
35,19,31,2002.76,0.133592
35,19,32,2023.52,0.127584
35,19,33,2041.99,0.120638
35,19,34,2060.61,0.112616
35,19,35,2082.07,0.10391
35,19,36,2109.15,0.0956321
35,19,37,2143.38,0.0893038
35,19,38,2185.44,0.0860542
35,19,39,2235.39,0.0856898
35,19,40,2290.96,0.0865694
35,19,41,2350.22,0.0864381
35,19,42,2409.69,0.0831454
35,19,43,2464.52,0.0759061
35,19,44,2508.65,0.0653592
35,19,45,2534.96,0.053166
35,19,46,2535.41,0.0411514
35,19,47,2501.45,0.0306189
35,19,48,2424.54,0.022111
35,19,49,2297.97,0.0155436
35,20,0,2462.67,0.262655
35,20,1,2652.86,0.303238
35,20,2,2779.26,0.328806
35,20,3,2847.28,0.339058
35,20,4,2869.45,0.337793
35,20,5,2861.63,0.331678
35,20,6,2840.12,0.328251
35,20,7,2818.76,0.334032
35,20,8,2806.32,0.352266
35,20,9,2805.03,0.381427
35,20,10,2811.03,0.415409
35,20,11,2815.77,0.444816
35,20,12,2809.79,0.460976
35,20,13,2784.36,0.458492
35,20,14,2734.69,0.437489
35,20,15,2661.19,0.403387
35,20,16,2569.98,0.364308
35,20,17,2470.76,0.327814
35,20,18,2373.46,0.297706
35,20,19,2284.65,0.273623
35,20,20,2205.95,0.252007
35,20,21,2135.16,0.22955
35,20,22,2069.42,0.2053
35,20,23,2008.4,0.181227
35,20,24,1955.56,0.160953
35,20,25,1916.51,0.147441
35,20,26,1895.93,0.14131
35,20,27,1894.78,0.14062
35,20,28,1909.06,0.141885
35,20,29,1931.77,0.141973
35,20,30,1956.29,0.139313
35,20,31,1978.38,0.133703
35,20,32,1997.39,0.126006
35,20,33,2015.56,0.117014
35,20,34,2036.82,0.107007
35,20,35,2064.79,0.0966433
35,20,36,2102.18,0.0871006
35,20,37,2149.35,0.0799626
35,20,38,2204.98,0.0765658
35,20,39,2266.96,0.0770733
35,20,40,2331.35,0.0800725
35,20,41,2395.4,0.0832068
35,20,42,2455.71,0.0836487
35,20,43,2508.26,0.0796928
35,20,44,2548.24,0.0711872
35,20,45,2569.77,0.0594797
35,20,46,2565.85,0.0466446
35,20,47,2528.52,0.0345867
35,20,48,2449.41,0.0244768
35,20,49,2321.45,0.0166372
35,21,0,2429.35,0.257082
35,21,1,2621.27,0.299638
35,21,2,2750.84,0.327982
35,21,3,2822.14,0.341067
35,21,4,2846.5,0.342037
35,21,5,2839.14,0.337322
35,21,6,2816.53,0.334793
35,21,7,2793.68,0.341793
35,21,8,2781.14,0.362508
35,21,9,2782.59,0.396117
35,21,10,2794.51,0.436729
35,21,11,2807.51,0.474436
35,21,12,2810.52,0.499304
35,21,13,2793.37,0.504279
35,21,14,2750.45,0.487933
35,21,15,2682.05,0.454825
35,21,16,2594.63,0.413153
35,21,17,2498.35,0.371332
35,21,18,2403.32,0.334449
35,21,19,2315.87,0.303388
35,21,20,2237.05,0.275389
35,21,21,2164.08,0.247517
35,21,22,2093.93,0.218723
35,21,23,2026.57,0.19071
35,21,24,1966.35,0.166975
35,21,25,1920.12,0.150552
35,21,26,1893.45,0.142311
35,21,27,1887.61,0.140507
35,21,28,1898.11,0.14162
35,21,29,1917.23,0.142247
35,21,30,1937.94,0.140379
35,21,31,1956.21,0.135431
35,21,32,1972.37,0.128083
35,21,33,1989.98,0.119106
35,21,34,2014.04,0.108735
35,21,35,2048.59,0.0975588
35,21,36,2095.77,0.0866897
35,21,37,2154.47,0.0778487
35,21,38,2221.52,0.0728064
35,21,39,2293.09,0.0723706
35,21,40,2364.2,0.0756476
35,21,41,2431.7,0.0803967
35,21,42,2492.42,0.0832967
35,21,43,2543.03,0.0818183
35,21,44,2579.62,0.0750253
35,21,45,2597.29,0.0638667
35,21,46,2589.8,0.0505159
35,21,47,2549.72,0.0373249
35,21,48,2468.82,0.0259819
35,21,49,2339.81,0.0171583
35,22,0,2403.77,0.248492
35,22,1,2596.83,0.292745
35,22,2,2728.97,0.323898
35,22,3,2803.38,0.340199
35,22,4,2830.51,0.344109
35,22,5,2825.18,0.341714
35,22,6,2804.01,0.341029
35,22,7,2782.86,0.349958
35,22,8,2773.38,0.37335
35,22,9,2779.93,0.410929
35,22,10,2798.87,0.45709
35,22,11,2819.8,0.501748
35,22,12,2830.44,0.534186
35,22,13,2819.68,0.546112
35,22,14,2781.52,0.534744
35,22,15,2716.3,0.503655
35,22,16,2630.69,0.460739
35,22,17,2535.05,0.414833
35,22,18,2439.64,0.372039
35,22,19,2350.8,0.334463
35,22,20,2269.64,0.30036
35,22,21,2193.52,0.267356
35,22,22,2119.64,0.234337
35,22,23,2048.16,0.20258
35,22,24,1983.6,0.17517
35,22,25,1933.09,0.155057
35,22,26,1902.21,0.143457
35,22,27,1892.1,0.139173
35,22,28,1898.01,0.139168
35,22,29,1912.06,0.140226
35,22,30,1927.44,0.1401
35,22,31,1940.74,0.137681
35,22,32,1953.37,0.133036
35,22,33,1969.88,0.12637
35,22,34,1995.91,0.117415
35,22,35,2035.4,0.106382
35,22,36,2089.61,0.0942251
35,22,37,2156.13,0.0828774
35,22,38,2230.49,0.0747132
35,22,39,2307.95,0.0713884
35,22,40,2383.14,0.072769
35,22,41,2452.87,0.0769818
35,22,42,2514.16,0.0805369
35,22,43,2564.02,0.0803503
35,22,44,2598.98,0.0748371
35,22,45,2614.57,0.064486
35,22,46,2605.06,0.0513355
35,22,47,2563.41,0.0378901
35,22,48,2481.61,0.02612
35,22,49,2352.23,0.0169151
35,23,0,2391.3,0.241075
35,23,1,2584.36,0.287048
35,23,2,2717.82,0.321111
35,23,3,2794.63,0.340915
35,23,4,2824.85,0.348236
35,23,5,2823.03,0.348681
35,23,6,2805.6,0.350128
35,23,7,2788.45,0.360677
35,23,8,2783.27,0.385511
35,23,9,2794.33,0.424757
35,23,10,2817.71,0.473257
35,23,11,2842.63,0.521259
35,23,12,2856.57,0.558022
35,23,13,2848.34,0.574754
35,23,14,2812.01,0.567777
35,23,15,2747.96,0.539653
35,23,16,2662.72,0.497494
35,23,17,2566.39,0.449849
35,23,18,2469.01,0.403221
35,23,19,2377.08,0.36061
35,23,20,2292.32,0.32136
35,23,21,2212.91,0.283867
35,23,22,2136.76,0.247162
35,23,23,2064.16,0.212133
35,23,24,1999.25,0.181318
35,23,25,1948.45,0.157443
35,23,26,1916.48,0.142057
35,23,27,1903.91,0.134692
35,23,28,1905.83,0.133147
35,23,29,1914.69,0.13475
35,23,30,1924.41,0.137213
35,23,31,1932.5,0.138836
35,23,32,1941.32,0.138782
35,23,33,1956.07,0.136282
35,23,34,1982.51,0.130251
35,23,35,2024.12,0.120296
35,23,36,2081.29,0.107135
35,23,37,2150.76,0.0929056
35,23,38,2227.58,0.0806221
35,23,39,2306.89,0.0728534
35,23,40,2383.53,0.0703816
35,23,41,2454.5,0.0719522
35,23,42,2516.91,0.0743058
35,23,43,2567.7,0.074175
35,23,44,2603.27,0.0695427
35,23,45,2619.14,0.0604044
35,23,46,2609.67,0.0484038
35,23,47,2568.1,0.035844
35,23,48,2486.64,0.0246841
35,23,49,2357.92,0.0158668
35,24,0,2397.7,0.239283
35,24,1,2589.3,0.287485
35,24,2,2722.26,0.324806
35,24,3,2800.12,0.348441
35,24,4,2833.02,0.35952
35,24,5,2835.25,0.363008
35,24,6,2822.55,0.366305
35,24,7,2809.76,0.377256
35,24,8,2807.52,0.401027
35,24,9,2819.46,0.438039
35,24,10,2841.7,0.483842
35,24,11,2864.18,0.529671
35,24,12,2875.35,0.565713
35,24,13,2864.88,0.583639
35,24,14,2827.29,0.579534
35,24,15,2762.91,0.55504
35,24,16,2677.61,0.515987
35,24,17,2580.62,0.469776
35,24,18,2481.28,0.422418
35,24,19,2386.11,0.377201
35,24,20,2297.8,0.334415
35,24,21,2215.82,0.293383
35,24,22,2139.21,0.253624
35,24,23,2068.45,0.215911
35,24,24,2006.85,0.182319
35,24,25,1959.46,0.155291
35,24,26,1929.49,0.136601
35,24,27,1916.55,0.126463
35,24,28,1915.71,0.123597
35,24,29,1920.08,0.126012
35,24,30,1924.64,0.131517
35,24,31,1927.91,0.137863
35,24,32,1933.02,0.143245
35,24,33,1945.43,0.1458
35,24,34,1970.55,0.143532
35,24,35,2011.26,0.135368
35,24,36,2067.29,0.121717
35,24,37,2135.12,0.104827
35,24,38,2210.03,0.0882271
35,24,39,2287.75,0.0753021
35,24,40,2363.7,0.0677793
35,24,41,2435.24,0.0652082
35,24,42,2499.45,0.0649238
35,24,43,2552.87,0.0638445
35,24,44,2591.35,0.0597615
35,24,45,2609.93,0.0521905
35,24,46,2602.75,0.042179
35,24,47,2563.1,0.0315252
35,24,48,2483.46,0.0219133
35,24,49,2356.56,0.0141828
35,25,0,2425.12,0.245666
35,25,1,2613.93,0.296839
35,25,2,2744.58,0.337832
35,25,3,2821.82,0.365564
35,25,4,2856.34,0.380607
35,25,5,2862.05,0.387147
35,25,6,2853.41,0.391736
35,25,7,2843.34,0.401492
35,25,8,2840.64,0.421196
35,25,9,2848.05,0.451491
35,25,10,2862.31,0.488922
35,25,11,2875.15,0.526388
35,25,12,2877.21,0.555959
35,25,13,2859.82,0.570753
35,25,14,2818.29,0.56734
35,25,15,2752.71,0.54663
35,25,16,2667.89,0.512787
35,25,17,2571.53,0.471282
35,25,18,2471.74,0.426709
35,25,19,2374.8,0.381893
35,25,20,2284.34,0.337703
35,25,21,2201.35,0.294407
35,25,22,2126.15,0.252333
35,25,23,2059.41,0.212555
35,25,24,2003.46,0.176966
35,25,25,1961.59,0.147807
35,25,26,1935.3,0.12695
35,25,27,1923.23,0.115072
35,25,28,1920.55,0.111622
35,25,29,1921.31,0.11519
35,25,30,1921.66,0.123707
35,25,31,1921.07,0.134492
35,25,32,1923.11,0.144944
35,25,33,1933.06,0.152276
35,25,34,1955.7,0.153754
35,25,35,1993.22,0.147717
35,25,36,2044.98,0.134241
35,25,37,2107.75,0.115516
35,25,38,2177.63,0.0953222
35,25,39,2251.38,0.0776083
35,25,40,2325.25,0.0649248
35,25,41,2397.01,0.0576881
35,25,42,2463.64,0.054067
35,25,43,2521.11,0.0514505
35,25,44,2564.45,0.0476574
35,25,45,2587.89,0.0417921
35,25,46,2585.06,0.0342227
35,25,47,2549.12,0.0260674
35,25,48,2472.68,0.0185628
35,25,49,2348.65,0.012336
35,26,0,2470.61,0.259546
35,26,1,2655.92,0.314195
35,26,2,2782.96,0.358967
35,26,3,2858.15,0.390711
35,26,4,2892.88,0.409592
35,26,5,2900.62,0.418969
35,26,6,2894.12,0.424273
35,26,7,2883.9,0.431486
35,26,8,2876.53,0.444697
35,26,9,2873.94,0.464686
35,26,10,2873.95,0.489192
35,26,11,2870.84,0.513258
35,26,12,2858.32,0.53154
35,26,13,2830.1,0.539358
35,26,14,2782.58,0.534367
35,26,15,2715.58,0.517007
35,26,16,2632.47,0.48964
35,26,17,2538.96,0.455344
35,26,18,2441.48,0.416603
35,26,19,2345.7,0.375107
35,26,20,2255.88,0.331811
35,26,21,2174.26,0.287748
35,26,22,2102.26,0.244235
35,26,23,2040.64,0.203028
35,26,24,1990.69,0.166229
35,26,25,1954.11,0.136057
35,26,26,1930.99,0.1144
35,26,27,1919.38,0.102105
35,26,28,1914.91,0.0989976
35,26,29,1912.73,0.103959
35,26,30,1910.09,0.114966
35,26,31,1907.17,0.129067
35,26,32,1907.51,0.143178
35,26,33,1915.74,0.153995
35,26,34,1935.69,0.158414
35,26,35,1968.91,0.154429
35,26,36,2014.68,0.141819
35,26,37,2070.48,0.122521
35,26,38,2133.64,0.100222
35,26,39,2202.19,0.0790683
35,26,40,2273.3,0.0621782
35,26,41,2345.18,0.0507639
35,26,42,2414.68,0.0439129
35,26,43,2477.16,0.0396503
35,26,44,2526.69,0.0359915
35,26,45,2556.53,0.0317426
35,26,46,2559.6,0.0266278
35,26,47,2528.7,0.0210525
35,26,48,2456.45,0.0157386
35,26,49,2335.89,0.0110536
35,27,0,2526.44,0.277284
35,27,1,2708.33,0.335227
35,27,2,2831.38,0.383216
35,27,3,2903.7,0.418228
35,27,4,2937.41,0.44023
35,27,5,2945.43,0.451836
35,27,6,2938.77,0.457274
35,27,7,2925.46,0.461186
35,27,8,2909.9,0.466782
35,27,9,2893.34,0.474891
35,27,10,2874.82,0.484462
35,27,11,2851.5,0.49281
35,27,12,2820.68,0.497402
35,27,13,2778.97,0.496067
35,27,14,2724.25,0.487868
35,27,15,2656.12,0.473052
35,27,16,2576.38,0.452336
35,27,17,2488.47,0.4264
35,27,18,2396.82,0.395395
35,27,19,2306.07,0.359476
35,27,20,2220.58,0.319202
35,27,21,2143.19,0.276023
35,27,22,2075.86,0.232162
35,27,23,2019.16,0.190255
35,27,24,1973.58,0.152937
35,27,25,1939.76,0.122644
35,27,26,1917.23,0.101273
35,27,27,1904.21,0.0896209
35,27,28,1897.28,0.087517
35,27,29,1892.76,0.0937955
35,27,30,1888.78,0.10636
35,27,31,1885.71,0.122134
35,27,32,1886.46,0.137914
35,27,33,1894.5,0.150368
35,27,34,1912.46,0.156468
35,27,35,1941.29,0.154181
35,27,36,1980.46,0.143066
35,27,37,2028.54,0.124628
35,27,38,2084.35,0.102107
35,27,39,2147.29,0.079439
35,27,40,2215.45,0.0599889
35,27,41,2287.41,0.0455975
35,27,42,2359.88,0.0362315
35,27,43,2427.62,0.030615
35,27,44,2483.83,0.0270762
35,27,45,2520.77,0.0242488
35,27,46,2530.51,0.0213198
35,27,47,2505.31,0.0180415
35,27,48,2437.61,0.0146258
35,27,49,2320.57,0.0111855
35,28,0,2582.78,0.294675
35,28,1,2762.07,0.355026
35,28,2,2881.69,0.405001
35,28,3,2951.09,0.441847
35,28,4,2983,0.465544
35,28,5,2989.82,0.478185
35,28,6,2981,0.482936
35,28,7,2962.43,0.483179
35,28,8,2936.67,0.48128
35,28,9,2904.38,0.478083
35,28,10,2865.74,0.473595
35,28,11,2820.63,0.467157
35,28,12,2770.05,0.458732
35,28,13,2713.81,0.448418
35,28,14,2651.61,0.436633
35,28,15,2583.09,0.423612
35,28,16,2508.46,0.408821
35,28,17,2428.88,0.390981
35,28,18,2346.66,0.368196
35,28,19,2265.02,0.339076
35,28,20,2187.7,0.303451
35,28,21,2117.26,0.262758
35,28,22,2055.42,0.219789
35,28,23,2002.32,0.177994
35,28,24,1958,0.140696
35,28,25,1923.01,0.110751
35,28,26,1897.41,0.0901437
35,28,27,1880.59,0.0795386
35,28,28,1870.55,0.0785113
35,28,29,1864.76,0.0855866
35,28,30,1861.72,0.098492
35,28,31,1861.33,0.114153
35,28,32,1865.1,0.129567
35,28,33,1874.82,0.141811
35,28,34,1891.79,0.148323
35,28,35,1916.47,0.147322
35,28,36,1948.88,0.138213
35,28,37,1989,0.121931
35,28,38,2037.32,0.10098
35,28,39,2094.66,0.0787447
35,28,40,2159.85,0.0585365
35,28,41,2231.73,0.0426368
35,28,42,2306.8,0.0317878
35,28,43,2379.33,0.0254026
35,28,44,2441.8,0.0221783
35,28,45,2485.55,0.020672
35,28,46,2501.8,0.0196399
35,28,47,2482.14,0.018262
35,28,48,2418.67,0.0162707
35,28,49,2304.6,0.0135606
35,29,0,2630.27,0.308603
35,29,1,2808.35,0.370077
35,29,2,2925.8,0.420445
35,29,3,2993,0.457283
35,29,4,3023.01,0.480758
35,29,5,3027.81,0.492726
35,29,6,3015.69,0.495623
35,29,7,2990.91,0.491898
35,29,8,2954.66,0.483329
35,29,9,2907.17,0.470854
35,29,10,2849.47,0.455335
35,29,11,2783.75,0.437632
35,29,12,2714.32,0.419477
35,29,13,2644.22,0.402544
35,29,14,2575.14,0.388178
35,29,15,2507.06,0.376639
35,29,16,2438.87,0.366614
35,29,17,2369.67,0.355591
35,29,18,2299.67,0.340304
35,29,19,2230.4,0.31818
35,29,20,2164.22,0.288205
35,29,21,2102.57,0.251399
35,29,22,2046.24,0.210633
35,29,23,1994.83,0.169846
35,29,24,1948.45,0.132989
35,29,25,1908.5,0.103444
35,29,26,1876.73,0.0834116
35,29,27,1854.52,0.0734915
35,29,28,1841.62,0.0729347
35,29,29,1836.39,0.0798523
35,29,30,1837.06,0.0917588
35,29,31,1842.2,0.105684
35,29,32,1851.3,0.119042
35,29,33,1864.11,0.12961
35,29,34,1880.61,0.135534
35,29,35,1901.11,0.135447
35,29,36,1926.51,0.128639
35,29,37,1958.52,0.1154
35,29,38,1999.4,0.0973407
35,29,39,2051.25,0.077078
35,29,40,2113.46,0.0576636
35,29,41,2184.91,0.0416548
35,29,42,2261.81,0.0304406
35,29,43,2338.05,0.0240644
35,29,44,2405.58,0.0215909
35,29,45,2455.06,0.0215405
35,29,46,2476.85,0.0222966
35,29,47,2461.86,0.0225135
35,29,48,2401.74,0.0214652
35,29,49,2289.74,0.0188761
35,30,0,2662.24,0.318598
35,30,1,2840.75,0.380022
35,30,2,2957.8,0.429335
35,30,3,3024.11,0.464426
35,30,4,3052.84,0.485762
35,30,5,3055.61,0.495225
35,30,6,3039.96,0.494899
35,30,7,3009.15,0.486744
35,30,8,2963.56,0.472334
35,30,9,2903.15,0.4529
35,30,10,2829.57,0.430021
35,30,11,2746.7,0.405548
35,30,12,2661.47,0.382129
35,30,13,2579.67,0.362115
35,30,14,2504.97,0.347133
35,30,15,2437.94,0.337337
35,30,16,2376.66,0.331046
35,30,17,2318.58,0.325264
35,30,18,2262.03,0.316173
35,30,19,2206.64,0.300567
35,30,20,2152.89,0.276689
35,30,21,2100.52,0.24485
35,30,22,2049.01,0.207492
35,30,23,1997.5,0.168591
35,30,24,1946.72,0.132487
35,30,25,1899.69,0.103079
35,30,26,1860.52,0.0829125
35,30,27,1833.05,0.072703
35,30,28,1818.77,0.0714878
35,30,29,1816.47,0.0770352
35,30,30,1823.36,0.0866968
35,30,31,1836.05,0.0976811
35,30,32,1851.56,0.107916
35,30,33,1867.64,0.115978
35,30,34,1883.28,0.120769
35,30,35,1899.04,0.121363
35,30,36,1917.04,0.116931
35,30,37,1940.84,0.107111
35,30,38,1974.43,0.0926075
35,30,39,2020.99,0.0752109
35,30,40,2080.19,0.0576203
35,30,41,2150.75,0.0425531
35,30,42,2228.55,0.0319209
35,30,43,2307.19,0.0263137
35,30,44,2378.31,0.0251219
35,30,45,2432.02,0.0268184
35,30,46,2457.97,0.029415
35,30,47,2446.37,0.031041
35,30,48,2388.39,0.0305122
35,30,49,2277.35,0.0274276
35,31,0,2675.64,0.326237
35,31,1,2856.24,0.38704
35,31,2,2974.88,0.434535
35,31,3,3042.07,0.466841
35,31,4,3070.78,0.484749
35,31,5,3072.29,0.490321
35,31,6,3053.69,0.485571
35,31,7,3017.85,0.472349
35,31,8,2964.87,0.452414
35,31,9,2894.76,0.427567
35,31,10,2809.61,0.400125
35,31,11,2714.38,0.372588
35,31,12,2617.67,0.34784
35,31,13,2527.24,0.328106
35,31,14,2448.4,0.314651
35,31,15,2382.53,0.307299
35,31,16,2327.5,0.304229
35,31,17,2279.76,0.302516
35,31,18,2236.03,0.298468
35,31,19,2194.07,0.288782
35,31,20,2152.24,0.271152
35,31,21,2108.41,0.245052
35,31,22,2060.76,0.212108
35,31,23,2008.28,0.175877
35,31,24,1952.66,0.140777
35,31,25,1898.86,0.111109
35,31,26,1853.49,0.0898691
35,31,27,1822.68,0.078107
35,31,28,1809.25,0.0748915
35,31,29,1811.85,0.0778616
35,31,30,1826.18,0.0843251
35,31,31,1846.59,0.0917126
35,31,32,1867.79,0.0984335
35,31,33,1885.93,0.103777
35,31,34,1899.54,0.107286
35,31,35,1909.78,0.108384
35,31,36,1920.16,0.106099
35,31,37,1935.99,0.0994894
35,31,38,1962.71,0.0884733
35,31,39,2004.27,0.0741012
35,31,40,2060.46,0.0587347
35,31,41,2129.7,0.0451851
35,31,42,2207.59,0.0357759
35,31,43,2287.56,0.0315432
35,31,44,2361.06,0.0321268
35,31,45,2417.75,0.0359
35,31,46,2446.63,0.0404619
35,31,47,2437.18,0.0433857
35,31,48,2380.16,0.0430245
35,31,49,2268.96,0.0388916
35,32,0,2671.01,0.333783
35,32,1,2855.12,0.394177
35,32,2,2977.19,0.440011
35,32,3,3047.09,0.469518
35,32,4,3077.29,0.483741
35,32,5,3078.68,0.484923
35,32,6,3058.16,0.47511
35,32,7,3018.62,0.45624
35,32,8,2960.43,0.430511
35,32,9,2883.98,0.400573
35,32,10,2791.77,0.369644
35,32,11,2689.24,0.340814
35,32,12,2585.67,0.316909
35,32,13,2489.82,0.299567
35,32,14,2408.15,0.289264
35,32,15,2343,0.285261
35,32,16,2292.66,0.285616
35,32,17,2253.23,0.28768
35,32,18,2220.3,0.288211
35,32,19,2189.92,0.284125
35,32,20,2158.38,0.272776
35,32,21,2121.89,0.252834
35,32,22,2077.61,0.224942
35,32,23,2024.65,0.191938
35,32,24,1965.84,0.158024
35,32,25,1907.87,0.127727
35,32,26,1859.36,0.104525
35,32,27,1828,0.0899975
35,32,28,1817.28,0.0835493
35,32,29,1825.29,0.0829856
35,32,30,1846.16,0.0857407
35,32,31,1872.32,0.0894819
35,32,32,1896.83,0.0929688
35,32,33,1914.93,0.0959774
35,32,34,1925.16,0.098458
35,32,35,1929.49,0.100031
35,32,36,1932.69,0.0995583
35,32,37,1941.38,0.0956342
35,32,38,1962.02,0.0875874
35,32,39,1999.07,0.0758888
35,32,40,2052.26,0.0626279
35,32,41,2119.89,0.0506699
35,32,42,2197.43,0.0426531
35,32,43,2278.27,0.0399665
35,32,44,2353.67,0.0424321
35,32,45,2412.86,0.0482842
35,32,46,2444.06,0.0546846
35,32,47,2436.01,0.058637
35,32,48,2379.02,0.0580479
35,32,49,2266.62,0.0523778
35,33,0,2652.24,0.343534
35,33,1,2840.82,0.404536
35,33,2,2967.71,0.449791
35,33,3,3041.79,0.477481
35,33,4,3074.8,0.488746
35,33,5,3077.15,0.485872
35,33,6,3055.68,0.47089
35,33,7,3013.63,0.445858
35,33,8,2952.08,0.413552
35,33,9,2872.12,0.377686
35,33,10,2776.69,0.342637
35,33,11,2671.29,0.312268
35,33,12,2564.96,0.289419
35,33,13,2466.54,0.275075
35,33,14,2383.09,0.268771
35,33,15,2317.93,0.269036
35,33,16,2270.27,0.273641
35,33,17,2236.52,0.280061
35,33,18,2211.64,0.285418
35,33,19,2190.34,0.28689
35,33,20,2167.14,0.281637
35,33,21,2136.99,0.267722
35,33,22,2096.4,0.244926
35,33,23,2044.85,0.215309
35,33,24,1986.09,0.182681
35,33,25,1927.98,0.151591
35,33,26,1880.14,0.125924
35,33,27,1850.77,0.107866
35,33,28,1843.34,0.0974203
35,33,29,1855.28,0.0928535
35,33,30,1879.72,0.0919165
35,33,31,1908.09,0.0925227
35,33,32,1932.71,0.0936111
35,33,33,1948.61,0.0951518
35,33,34,1954.66,0.0972259
35,33,35,1953.53,0.0994651
35,33,36,1950.79,0.100539
35,33,37,1953.79,0.0987018
35,33,38,1969.46,0.0928794
35,33,39,2002.46,0.0831359
35,33,40,2052.58,0.0713644
35,33,41,2118.31,0.0604714
35,33,42,2195.34,0.0533533
35,33,43,2277.17,0.0517078
35,33,44,2354.87,0.0555226
35,33,45,2416.97,0.0629074
35,33,46,2450.75,0.070612
35,33,47,2444.05,0.0750986
35,33,48,2386.66,0.0738651
35,33,49,2272.2,0.0663315
35,34,0,2625.78,0.35688
35,34,1,2819.12,0.419967
35,34,2,2951.35,0.46621
35,34,3,3030.18,0.493535
35,34,4,3066.46,0.502972
35,34,5,3070.11,0.496689
35,34,6,3048.04,0.476635
35,34,7,3004.1,0.444996
35,34,8,2940.37,0.405202
35,34,9,2858.9,0.36217
35,34,10,2763.12,0.321635
35,34,11,2658.26,0.28847
35,34,12,2552.5,0.265784
35,34,13,2454.02,0.254102
35,34,14,2369.93,0.252102
35,34,15,2304.35,0.257496
35,34,16,2257.69,0.267493
35,34,17,2227.16,0.279285
35,34,18,2207.62,0.289974
35,34,19,2192.88,0.296803
35,34,20,2176.25,0.29685
35,34,21,2151.84,0.287934
35,34,22,2115.92,0.269378
35,34,23,2068.33,0.24269
35,34,24,2013.41,0.211264
35,34,25,1959.27,0.179463
35,34,26,1915.4,0.151368
35,34,27,1889.46,0.129678
35,34,28,1884.36,0.11512
35,34,29,1897.24,0.106643
35,34,30,1921.15,0.102498
35,34,31,1947.64,0.100875
35,34,32,1969.31,0.100751
35,34,33,1981.49,0.102017
35,34,34,1983.4,0.104629
35,34,35,1978.05,0.108056
35,34,36,1971.24,0.110748
35,34,37,1970.32,0.11071
35,34,38,1982.17,0.106602
35,34,39,2011.46,0.0982098
35,34,40,2058.31,0.0872619
35,34,41,2121.86,0.0766737
35,34,42,2198.46,0.0695397
35,34,43,2281.93,0.067845
35,34,44,2363,0.0717813
35,34,45,2429.25,0.0794372
35,34,46,2466.69,0.087286
35,34,47,2462.01,0.0913788
35,34,48,2404.36,0.0889023
35,34,49,2287.37,0.079243
35,35,0,2600.11,0.374921
35,35,1,2797.7,0.441699
35,35,2,2934.6,0.490457
35,35,3,3017.34,0.518636
35,35,4,3055.98,0.526978
35,35,5,3060.07,0.517474
35,35,6,3036.73,0.492067
35,35,7,2990.6,0.453209
35,35,8,2924.99,0.405099
35,35,9,2843.08,0.353926
35,35,10,2748.77,0.306843
35,35,11,2646.93,0.269812
35,35,12,2544.46,0.24641
35,35,13,2448.34,0.236921
35,35,14,2365.17,0.239337
35,35,15,2299.5,0.250534
35,35,16,2252.93,0.266894
35,35,17,2223.73,0.284869
35,35,18,2207.17,0.301052
35,35,19,2196.73,0.312465
35,35,20,2185.09,0.316208
35,35,21,2166.04,0.310308
35,35,22,2135.84,0.294239
35,35,23,2094.64,0.26941
35,35,24,2046.84,0.238932
35,35,25,1999.96,0.206806
35,35,26,1962.29,0.176997
35,35,27,1940.16,0.152434
35,35,28,1935.71,0.134493
35,35,29,1946.27,0.122887
35,35,30,1965.83,0.116493
35,35,31,1987.12,0.113833
35,35,32,2003.72,0.113862
35,35,33,2011.61,0.116204
35,35,34,2010.19,0.1205
35,35,35,2002.37,0.12592
35,35,36,1993.53,0.130659
35,35,37,1990.35,0.132529
35,35,38,1999.23,0.129991
35,35,39,2024.86,0.122611
35,35,40,2067.96,0.111929
35,35,41,2128.88,0.100798
35,35,42,2205.09,0.0924397
35,35,43,2290.9,0.0891326
35,35,44,2376.59,0.0913753
35,35,45,2448.48,0.0974363
35,35,46,2491.01,0.103758
35,35,47,2489.49,0.106201
35,35,48,2432.22,0.101779
35,35,49,2312.68,0.0898345
35,36,0,2583.57,0.398412
35,36,1,2784.24,0.470233
35,36,2,2924,0.522498
35,36,3,3008.46,0.551971
35,36,4,3047.18,0.559057
35,36,5,3049.59,0.545709
35,36,6,3023.27,0.514165
35,36,7,2973.85,0.467454
35,36,8,2905.99,0.410721
35,36,9,2824.07,0.351407
35,36,10,2732.56,0.297923
35,36,11,2635.83,0.257126
35,36,12,2539.36,0.233006
35,36,13,2448.48,0.225685
35,36,14,2368.71,0.2326
35,36,15,2304.42,0.249839
35,36,16,2258.02,0.272806
35,36,17,2228.9,0.296897
35,36,18,2213.19,0.317816
35,36,19,2204.67,0.332133
35,36,20,2196.08,0.337086
35,36,21,2181.36,0.331394
35,36,22,2157.05,0.315339
35,36,23,2123.45,0.290808
35,36,24,2084.56,0.260876
35,36,25,2046.64,0.229074
35,36,26,2016.11,0.198887
35,36,27,1997.57,0.173064
35,36,28,1992.37,0.153334
35,36,29,1998.49,0.140059
35,36,30,2011.51,0.132754
35,36,31,2025.98,0.130332
35,36,32,2036.9,0.131753
35,36,33,2040.94,0.136306
35,36,34,2037.49,0.143243
35,36,35,2028.89,0.151376
35,36,36,2019.54,0.158665
35,36,37,2015.06,0.162785
35,36,38,2021.15,0.162047
35,36,39,2042.61,0.155808
35,36,40,2081.15,0.145308
35,36,41,2138.77,0.133184
35,36,42,2214.41,0.122631
35,36,43,2303,0.116182
35,36,44,2394.23,0.114755
35,36,45,2472.94,0.117068
35,36,46,2521.78,0.119875
35,36,47,2524.54,0.119171
35,36,48,2468.51,0.111976
35,36,49,2346.84,0.0975879
35,37,0,2582.18,0.427724
35,37,1,2784.37,0.505312
35,37,2,2924.49,0.561161
35,37,3,3007.7,0.591308
35,37,4,3043.4,0.595996
35,37,5,3041.33,0.577514
35,37,6,3009.77,0.538853
35,37,7,2955.54,0.484024
35,37,8,2884.73,0.419273
35,37,9,2803.01,0.35314
35,37,10,2715.43,0.294906
35,37,11,2625.9,0.251842
35,37,12,2538.34,0.228002
35,37,13,2456.12,0.223233
35,37,14,2383.01,0.234479
35,37,15,2322.52,0.257172
35,37,16,2277.3,0.28582
35,37,17,2247.69,0.314746
35,37,18,2230.96,0.338648
35,37,19,2221.8,0.353543
35,37,20,2213.68,0.35692
35,37,21,2201.19,0.348526
35,37,22,2181.41,0.32997
35,37,23,2154.73,0.304113
35,37,24,2124.5,0.274274
35,37,25,2095.38,0.243511
35,37,26,2071.75,0.214539
35,37,27,2056.43,0.189505
35,37,28,2050.14,0.170083
35,37,29,2051.67,0.157013
35,37,30,2058.34,0.150334
35,37,31,2066.63,0.149373
35,37,32,2072.93,0.153181
35,37,33,2074.52,0.160759
35,37,34,2070.52,0.170989
35,37,35,2062.35,0.18233
35,37,36,2053.18,0.192554
35,37,37,2047.43,0.199278
35,37,38,2050.15,0.200717
35,37,39,2066.47,0.196026
35,37,40,2099.43,0.186027
35,37,41,2152.92,0.172935
35,37,42,2227.53,0.159704
35,37,43,2318.82,0.149001
35,37,44,2415.82,0.142225
35,37,45,2501.73,0.138791
35,37,46,2557.38,0.136136
35,37,47,2565.02,0.130745
35,37,48,2510.93,0.119877
35,37,49,2387.73,0.102806
35,38,0,2597.98,0.46237
35,38,1,2800.24,0.54564
35,38,2,2938.33,0.604204
35,38,3,3017.42,0.633548
35,38,4,3047.24,0.634154
35,38,5,3038.13,0.609173
35,38,6,2999.37,0.562843
35,38,7,2939.13,0.500488
35,38,8,2864.99,0.429461
35,38,9,2783.96,0.35908
35,38,10,2701.67,0.298921
35,38,11,2621.51,0.256007
35,38,12,2545.82,0.233947
35,38,13,2475.67,0.232079
35,38,14,2412.57,0.246899
35,38,15,2358.55,0.273427
35,38,16,2315.88,0.305601
35,38,17,2285.56,0.336984
35,38,18,2266.11,0.361452
35,38,19,2253.58,0.374537
35,38,20,2242.75,0.374036
35,38,21,2229.39,0.360819
35,38,22,2211.38,0.338022
35,38,23,2189.29,0.309734
35,38,24,2165.74,0.279751
35,38,25,2143.88,0.250746
35,38,26,2126.12,0.224549
35,38,27,2113.84,0.202411
35,38,28,2107.26,0.185537
35,38,29,2105.87,0.174684
35,38,30,2108.44,0.170186
35,38,31,2113.01,0.171735
35,38,32,2117.05,0.178562
35,38,33,2118.11,0.189481
35,38,34,2114.85,0.203091
35,38,35,2107.67,0.217547
35,38,36,2098.45,0.230522
35,38,37,2090.56,0.239688
35,38,38,2088.73,0.243286
35,38,39,2098.68,0.240344
35,38,40,2124.99,0.231215
35,38,41,2173.55,0.217522
35,38,42,2246.56,0.201726
35,38,43,2340.07,0.186421
35,38,44,2442.36,0.173415
35,38,45,2534.99,0.162933
35,38,46,2597.07,0.153361
35,38,47,2609.47,0.142004
35,38,48,2557.51,0.126589
35,38,49,2433.21,0.106461
35,39,0,2628.39,0.501061
35,39,1,2829.87,0.589259
35,39,2,2964.45,0.649064
35,39,3,3037.73,0.675755
35,39,4,3060.02,0.670584
35,39,5,3042.56,0.638124
35,39,6,2995.78,0.584274
35,39,7,2929.32,0.515838
35,39,8,2852.27,0.441111
35,39,9,2772.86,0.369731
35,39,10,2697.24,0.310904
35,39,11,2628.24,0.270733
35,39,12,2566.54,0.251852
35,39,13,2510.85,0.252878
35,39,14,2460.14,0.269917
35,39,15,2414.63,0.297903
35,39,16,2375.76,0.330698
35,39,17,2344.82,0.361654
35,39,18,2321.5,0.384259
35,39,19,2303.39,0.393789
35,39,20,2286.95,0.38835
35,39,21,2269.44,0.369763
35,39,22,2249.87,0.342498
35,39,23,2229.15,0.311787
35,39,24,2209.32,0.281956
35,39,25,2192.25,0.255439
35,39,26,2178.82,0.233252
35,39,27,2169.38,0.215679
35,39,28,2163.79,0.203189
35,39,29,2162.07,0.196245
35,39,30,2163.89,0.19522
35,39,31,2168.18,0.200089
35,39,32,2172.88,0.210304
35,39,33,2175.46,0.224585
35,39,34,2173.94,0.24129
35,39,35,2167.73,0.258276
35,39,36,2157.66,0.273147
35,39,37,2146.44,0.283732
35,39,38,2138.79,0.288492
35,39,39,2141.35,0.286552
35,39,40,2160.36,0.277949
35,39,41,2203.6,0.263739
35,39,42,2274.68,0.24574
35,39,43,2369.95,0.226233
35,39,44,2476.77,0.207205
35,39,45,2575.15,0.189555
35,39,46,2642.64,0.172634
35,39,47,2659.03,0.154708
35,39,48,2608.81,0.134136
35,39,49,2483.39,0.110473
35,40,0,2667.14,0.542155
35,40,1,2867.76,0.634341
35,40,2,2998.65,0.693936
35,40,3,3065.97,0.716365
35,40,4,3080.78,0.70414
35,40,5,3055.32,0.663723
35,40,6,3001.25,0.602966
35,40,7,2929.64,0.530191
35,40,8,2850.93,0.454375
35,40,9,2774.35,0.384997
35,40,10,2706.3,0.330282
35,40,11,2648.97,0.294878
35,40,12,2601.53,0.280069
35,40,13,2560.54,0.283626
35,40,14,2522.73,0.301359
35,40,15,2486.52,0.328411
35,40,16,2452.35,0.359046
35,40,17,2421.43,0.386988
35,40,18,2394.21,0.405884
35,40,19,2369.69,0.411097
35,40,20,2346,0.401045
35,40,21,2322.06,0.37816
35,40,22,2298.15,0.34775
35,40,23,2275.73,0.315769
35,40,24,2256.52,0.286931
35,40,25,2241.52,0.26355
35,40,26,2230.6,0.246056
35,40,27,2223.52,0.233939
35,40,28,2220,0.226895
35,40,29,2220.31,0.224947
35,40,30,2224.41,0.228323
35,40,31,2231.43,0.237183
35,40,32,2239.19,0.251169
35,40,33,2244.73,0.268897
35,40,34,2245.4,0.288392
35,40,35,2239.79,0.307089
35,40,36,2228.06,0.322432
35,40,37,2212.61,0.332458
35,40,38,2198.5,0.336104
35,40,39,2193.48,0.332995
35,40,40,2205.38,0.323293
35,40,41,2243.72,0.307799
35,40,42,2313.18,0.287756
35,40,43,2410.12,0.264954
35,40,44,2520.88,0.241195
35,40,45,2623.98,0.217639
35,40,46,2695.71,0.19428
35,40,47,2715,0.170192
35,40,48,2665.73,0.144382
35,40,49,2538.73,0.116765
35,41,0,2708.32,0.58488
35,41,1,2908.79,0.680627
35,41,2,3036.89,0.739257
35,41,3,3099.39,0.75651
35,41,4,3108.15,0.736445
35,41,5,3076.38,0.687739
35,41,6,3016.96,0.620433
35,41,7,2942.22,0.544412
35,41,8,2863.59,0.469145
35,41,9,2790.82,0.403582
35,41,10,2730.17,0.35454
35,41,11,2683.17,0.324926
35,41,12,2647.91,0.314539
35,41,13,2619.52,0.320308
35,41,14,2593.11,0.337823
35,41,15,2565.76,0.362555
35,41,16,2536.88,0.389407
35,41,17,2507.18,0.412848
35,41,18,2477.39,0.427178
35,41,19,2447.37,0.428249
35,41,20,2416.66,0.414879
35,41,21,2385.68,0.389805
35,41,22,2356,0.35858
35,41,23,2329.74,0.3273
35,41,24,2308.66,0.300753
35,41,25,2293.37,0.281172
35,41,26,2283.24,0.268669
35,41,27,2277.84,0.262231
35,41,28,2276.81,0.26094
35,41,29,2280.44,0.264397
35,41,30,2288.5,0.272632
35,41,31,2299.77,0.285937
35,41,32,2311.59,0.304078
35,41,33,2320.47,0.325471
35,41,34,2323.18,0.347578
35,41,35,2317.79,0.367111
35,41,36,2304.06,0.381103
35,41,37,2284.43,0.387767
35,41,38,2264.48,0.38681
35,41,39,2253.06,0.378916
35,41,40,2259.47,0.365083
35,41,41,2294.58,0.346476
35,41,42,2363.79,0.32408
35,41,43,2463.14,0.299135
35,41,44,2577.84,0.272839
35,41,45,2685.08,0.245975
35,41,46,2760.11,0.218524
35,41,47,2781.31,0.189884
35,41,48,2732.09,0.1595
35,41,49,2602.73,0.127728
35,42,0,2747.14,0.62863
35,42,1,2948.5,0.728418
35,42,2,3075.26,0.786409
35,42,3,3134.72,0.798516
35,42,4,3139.45,0.770319
35,42,5,3103.62,0.712853
35,42,6,3041.23,0.638567
35,42,7,2965.56,0.559048
35,42,8,2888.5,0.484255
35,42,9,2819.73,0.42248
35,42,10,2765,0.379001
35,42,11,2725.28,0.355018
35,42,12,2698.26,0.348975
35,42,13,2678.59,0.357062
35,42,14,2660.74,0.374626
35,42,15,2641.01,0.397305
35,42,16,2617.82,0.42049
35,42,17,2591.04,0.439426
35,42,18,2561,0.449367
35,42,19,2527.86,0.447057
35,42,20,2492.03,0.431932
35,42,21,2455.07,0.406922
35,42,22,2419.64,0.377365
35,42,23,2388.63,0.348951
35,42,24,2364.18,0.326167
35,42,25,2347,0.311099
35,42,26,2336.43,0.303739
35,42,27,2332.06,0.302849
35,42,28,2333.39,0.307127
35,42,29,2340.41,0.31587
35,42,30,2352.41,0.328962
35,42,31,2367.56,0.346846
35,42,32,2382.75,0.369363
35,42,33,2394.1,0.394605
35,42,34,2398.12,0.419173
35,42,35,2392.63,0.438672
35,42,36,2377.24,0.449368
35,42,37,2354.55,0.449554
35,42,38,2330.71,0.439984
35,42,39,2315.5,0.423017
35,42,40,2319.35,0.401302
35,42,41,2354.05,0.377144
35,42,42,2425.25,0.351749
35,42,43,2528.39,0.325871
35,42,44,2647.53,0.299734
35,42,45,2758.71,0.273034
35,42,46,2836.45,0.244914
35,42,47,2858.82,0.21436
35,42,48,2808.94,0.180837
35,42,49,2676.54,0.145093
35,43,0,2779.53,0.671603
35,43,1,2982.7,0.776508
35,43,2,3109.45,0.835013
35,43,3,3167.49,0.842802
35,43,4,3170.05,0.80668
35,43,5,3132.2,0.739982
35,43,6,3068.85,0.657698
35,43,7,2993.9,0.573309
35,43,8,2919.18,0.497417
35,43,9,2853.69,0.43776
35,43,10,2802.43,0.398267
35,43,11,2766.05,0.378766
35,43,12,2742.58,0.376704
35,43,13,2727.21,0.387684
35,43,14,2714.68,0.406679
35,43,15,2701.03,0.429065
35,43,16,2683.76,0.450226
35,43,17,2661.58,0.465889
35,43,18,2633.91,0.47233
35,43,19,2600.59,0.46752
35,43,20,2562.32,0.451844
35,43,21,2521.36,0.428549
35,43,22,2481.2,0.402568
35,43,23,2445.58,0.378844
35,43,24,2417.34,0.361236
35,43,25,2397.75,0.351538
35,43,26,2386.43,0.349678
35,43,27,2382.96,0.354326
35,43,28,2386.46,0.363945
35,43,29,2396.28,0.377617
35,43,30,2410.98,0.395167
35,43,31,2428.24,0.417243
35,43,32,2444.8,0.443791
35,43,33,2456.87,0.472538
35,43,34,2461.07,0.499034
35,43,35,2455.24,0.517468
35,43,36,2439.01,0.523026
35,43,37,2415.16,0.513972
35,43,38,2390.24,0.49231
35,43,39,2374.73,0.462573
35,43,40,2379.68,0.429744
35,43,41,2417.27,0.397945
35,43,42,2492.89,0.369054
35,43,43,2601.2,0.343472
35,43,44,2725.21,0.320197
35,43,45,2840.13,0.297261
35,43,46,2920.11,0.272208
35,43,47,2943.18,0.242849
35,43,48,2892.31,0.208148
35,43,49,2756.63,0.169061
35,44,0,2800.17,0.709074
35,44,1,3005.41,0.819782
35,44,2,3132.89,0.879996
35,44,3,3190.56,0.884719
35,44,4,3192.23,0.841528
35,44,5,3153.75,0.765774
35,44,6,3090.76,0.674903
35,44,7,3017.44,0.58432
35,44,8,2945.05,0.5054
35,44,9,2881.58,0.445542
35,44,10,2831.18,0.407744
35,44,11,2794.45,0.391019
35,44,12,2770.4,0.392318
35,44,13,2755.47,0.406855
35,44,14,2745.41,0.429034
35,44,15,2736.35,0.453441
35,44,16,2724.94,0.47481
35,44,17,2708.54,0.488902
35,44,18,2685.3,0.492907
35,44,19,2654.31,0.486243
35,44,20,2616.07,0.470572
35,44,21,2573.14,0.449758
35,44,22,2529.63,0.428396
35,44,23,2490.16,0.410594
35,44,24,2458.61,0.399395
35,44,25,2437.16,0.39612
35,44,26,2425.83,0.400529
35,44,27,2423.96,0.411126
35,44,28,2429.87,0.426118
35,44,29,2441.87,0.444339
35,44,30,2457.71,0.465574
35,44,31,2474.82,0.490739
35,44,32,2490.31,0.520018
35,44,33,2501.07,0.550911
35,44,34,2504.24,0.577987
35,44,35,2497.94,0.59398
35,44,36,2481.85,0.592879
35,44,37,2458.83,0.572862
35,44,38,2435.71,0.53725
35,44,39,2423.24,0.49296
35,44,40,2432.58,0.447616
35,44,41,2475.73,0.407482
35,44,42,2557.44,0.375342
35,44,43,2671.49,0.351337
35,44,44,2800.12,0.333146
35,44,45,2918.17,0.316855
35,44,46,2999.81,0.297968
35,44,47,3023.24,0.2726
35,44,48,2971.39,0.238777
35,44,49,2832.77,0.197399
35,45,0,2800.07,0.732594
35,45,1,3006.75,0.848147
35,45,2,3135.02,0.910313
35,45,3,3192.83,0.91319
35,45,4,3194.4,0.864657
35,45,5,3156.22,0.781544
35,45,6,3094.45,0.683258
35,45,7,3023.2,0.586779
35,45,8,2952.92,0.504134
35,45,9,2890.37,0.442531
35,45,10,2838.88,0.404507
35,45,11,2799.28,0.388897
35,45,12,2771.86,0.392699
35,45,13,2754.77,0.410958
35,45,14,2745.08,0.437387
35,45,15,2739.23,0.465388
35,45,16,2733.16,0.488553
35,45,17,2722.83,0.502323
35,45,18,2704.99,0.504632
35,45,19,2677.73,0.496416
35,45,20,2641.08,0.48081
35,45,21,2597.62,0.462562
35,45,22,2551.96,0.446129
35,45,23,2509.68,0.4349
35,45,24,2475.92,0.431045
35,45,25,2453.93,0.435252
35,45,26,2444.12,0.446915
35,45,27,2445.23,0.464138
35,45,28,2454.32,0.484698
35,45,29,2468.31,0.507022
35,45,30,2484.17,0.530794
35,45,31,2499.33,0.557233
35,45,32,2511.87,0.586954
35,45,33,2519.76,0.617566
35,45,34,2521.08,0.643042
35,45,35,2514.3,0.654982
35,45,36,2499.17,0.64634
35,45,37,2478.53,0.615236
35,45,38,2459.22,0.566186
35,45,39,2451.96,0.508308
35,45,40,2467.59,0.451663
35,45,41,2517.44,0.404493
35,45,42,2605.41,0.370403
35,45,43,2724.55,0.349267
35,45,44,2856.71,0.337507
35,45,45,2976.86,0.32936
35,45,46,3059.44,0.318325
35,45,47,3082.94,0.298738
35,45,48,3030.28,0.267513
35,45,49,2889.52,0.225241
35,46,0,2766.92,0.731609
35,46,1,2973.4,0.848582
35,46,2,3101.91,0.911308
35,46,3,3160.02,0.913145
35,46,4,3162.11,0.861898
35,46,5,3125.08,0.775088
35,46,6,3065.38,0.673133
35,46,7,2996.78,0.573746
35,46,8,2928.7,0.489119
35,46,9,2866.65,0.42619
35,46,10,2813.31,0.38738
35,46,11,2769.85,0.371862
35,46,12,2737.94,0.37714
35,46,13,2717.45,0.398355
35,46,14,2706.84,0.428608
35,46,15,2702.96,0.460083
35,46,16,2701.14,0.485149
35,46,17,2696.17,0.498842
35,46,18,2683.47,0.499705
35,46,19,2660.16,0.490071
35,46,20,2625.65,0.474486
35,46,21,2582.44,0.458639
35,46,22,2535.59,0.447003
35,46,23,2491.67,0.442432
35,46,24,2457.11,0.44629
35,46,25,2436.22,0.458546
35,46,26,2429.62,0.478029
35,46,27,2435.12,0.502201
35,46,28,2448.23,0.528198
35,46,29,2464.35,0.553854
35,46,30,2479.71,0.578649
35,46,31,2492.09,0.604087
35,46,32,2500.82,0.631411
35,46,33,2505.28,0.658763
35,46,34,2504.58,0.680143
35,46,35,2497.58,0.686634
35,46,36,2484,0.670589
35,46,37,2466.51,0.630152
35,46,38,2451.84,0.570715
35,46,39,2450.41,0.503012
35,46,40,2472.41,0.438834
35,46,41,2528.33,0.38779
35,46,42,2621.19,0.353925
35,46,43,2743.6,0.336761
35,46,44,2877.55,0.331674
35,46,45,2998.45,0.331509
35,46,46,3081.19,0.328276
35,46,47,3104.47,0.314931
35,46,48,3051.18,0.287435
35,46,49,2909.19,0.245932
35,47,0,2687.32,0.697437
35,47,1,2890.77,0.810161
35,47,2,3018.36,0.870481
35,47,3,3076.71,0.871558
35,47,4,3079.96,0.820849
35,47,5,3045.15,0.7356
35,47,6,2988.7,0.635941
35,47,7,2923.79,0.539117
35,47,8,2858.66,0.456694
35,47,9,2797.69,0.395044
35,47,10,2743.02,0.356577
35,47,11,2696.26,0.341076
35,47,12,2660.27,0.346828
35,47,13,2636.45,0.369348
35,47,14,2624.41,0.401447
35,47,15,2621.39,0.434502
35,47,16,2622.37,0.460051
35,47,17,2621.28,0.472958
35,47,18,2612.54,0.472302
35,47,19,2592.51,0.461512
35,47,20,2560.02,0.44617
35,47,21,2517.5,0.432655
35,47,22,2470.36,0.425438
35,47,23,2426.09,0.42698
35,47,24,2392.22,0.437979
35,47,25,2373.91,0.457714
35,47,26,2371.7,0.484375
35,47,27,2382.33,0.514687
35,47,28,2399.77,0.545061
35,47,29,2418.03,0.572667
35,47,30,2432.85,0.596713
35,47,31,2442.51,0.618927
35,47,32,2447.68,0.641265
35,47,33,2449.15,0.662757
35,47,34,2446.95,0.678078
35,47,35,2440.21,0.678553
35,47,36,2428.52,0.65651
35,47,37,2414.29,0.61022
35,47,38,2403.98,0.545474
35,47,39,2407.55,0.47373
35,47,40,2434.5,0.407472
35,47,41,2494.37,0.35677
35,47,42,2589.54,0.325604
35,47,43,2712.58,0.313052
35,47,44,2846.1,0.313803
35,47,45,2966.26,0.320011
35,47,46,3048.36,0.323038
35,47,47,3071.1,0.315215
35,47,48,3017.36,0.291989
35,47,49,2875.25,0.253055
35,48,0,2550.94,0.62753
35,48,1,2746.84,0.729462
35,48,2,2871.3,0.78375
35,48,3,2929.39,0.784053
35,48,4,2934.47,0.737255
35,48,5,2903.25,0.659312
35,48,6,2851.71,0.568682
35,48,7,2792.09,0.480876
35,48,8,2731.39,0.405998
35,48,9,2672.97,0.34947
35,48,10,2618.61,0.313594
35,48,11,2570.32,0.298782
35,48,12,2531.92,0.304161
35,48,13,2505.86,0.325871
35,48,14,2492.6,0.356944
35,48,15,2489.65,0.388674
35,48,16,2491.9,0.412503
35,48,17,2492.9,0.423537
35,48,18,2486.59,0.421345
35,48,19,2468.85,0.409989
35,48,20,2438.18,0.395482
35,48,21,2396.92,0.384379
35,48,22,2350.74,0.380965
35,48,23,2307.69,0.38737
35,48,24,2276.01,0.40379
35,48,25,2261.23,0.428972
35,48,26,2263.63,0.460576
35,48,27,2278.98,0.494727
35,48,28,2300.07,0.527266
35,48,29,2319.95,0.554832
35,48,30,2334.2,0.576386
35,48,31,2341.7,0.59377
35,48,32,2344.29,0.609568
35,48,33,2343.86,0.623833
35,48,34,2341.12,0.632381
35,48,35,2335.26,0.62747
35,48,36,2325.65,0.601984
35,48,37,2314.36,0.554404
35,48,38,2307.48,0.490376
35,48,39,2314.44,0.421073
35,48,40,2343.97,0.358539
35,48,41,2404.79,0.312353
35,48,42,2498.84,0.285972
35,48,43,2619.14,0.278032
35,48,44,2749.38,0.282997
35,48,45,2866.77,0.293121
35,48,46,2947.04,0.300037
35,48,47,2968.83,0.29632
35,48,48,2915.03,0.277456
35,48,49,2774.65,0.242813
35,49,0,2355.33,0.527723
35,49,1,2537.03,0.613296
35,49,2,2654.62,0.658452
35,49,3,2711.12,0.657932
35,49,4,2718.46,0.617825
35,49,5,2692.32,0.551917
35,49,6,2647.64,0.475863
35,49,7,2595.33,0.402484
35,49,8,2541.12,0.339822
35,49,9,2487.44,0.292068
35,49,10,2435.88,0.261231
35,49,11,2388.77,0.24815
35,49,12,2350.49,0.252655
35,49,13,2324.04,0.271672
35,49,14,2310.31,0.298992
35,49,15,2307.02,0.32663
35,49,16,2309.27,0.346746
35,49,17,2310.77,0.355107
35,49,18,2305.5,0.351694
35,49,19,2289.35,0.340665
35,49,20,2260.69,0.327796
35,49,21,2221.83,0.319208
35,49,22,2178.4,0.318734
35,49,23,2138.52,0.328159
35,49,24,2110.44,0.347357
35,49,25,2099.53,0.374784
35,49,26,2105.71,0.407836
35,49,27,2124.14,0.442403
35,49,28,2147.1,0.474123
35,49,29,2167.39,0.499433
35,49,30,2180.77,0.517161
35,49,31,2186.73,0.529129
35,49,32,2187.9,0.538277
35,49,33,2186.83,0.545543
35,49,34,2184.53,0.548055
35,49,35,2180.11,0.539466
35,49,36,2172.67,0.513678
35,49,37,2163.91,0.469425
35,49,38,2159.45,0.411721
35,49,39,2167.98,0.350538
35,49,40,2197.43,0.296501
35,49,41,2255.67,0.257924
35,49,42,2344.47,0.237472
35,49,43,2457.71,0.233477
35,49,44,2580.65,0.240683
35,49,45,2692.1,0.252136
35,49,46,2768.55,0.260514
35,49,47,2788.77,0.259352
35,49,48,2736.03,0.244663
35,49,49,2600.88,0.215662
36,0,0,2743.33,0.404077
36,0,1,2917.03,0.484072
36,0,2,3030.96,0.545463
36,0,3,3100.5,0.585761
36,0,4,3145.14,0.608609
36,0,5,3182.42,0.621555
36,0,6,3222.46,0.631847
36,0,7,3264.97,0.643672
36,0,8,3301.67,0.656564
36,0,9,3322.11,0.667227
36,0,10,3318.69,0.672422
36,0,11,3288.74,0.670894
36,0,12,3236,0.664061
36,0,13,3168.41,0.653691
36,0,14,3096.17,0.639546
36,0,15,3027.84,0.619779
36,0,16,2966.1,0.59194
36,0,17,2907.07,0.55524
36,0,18,2842.76,0.511336
36,0,19,2765.78,0.463847
36,0,20,2672.83,0.416361
36,0,21,2566.28,0.370978
36,0,22,2453.84,0.327872
36,0,23,2345.84,0.28586
36,0,24,2252.87,0.244063
36,0,25,2182.42,0.203328
36,0,26,2138.12,0.166001
36,0,27,2118.81,0.135035
36,0,28,2118.87,0.112327
36,0,29,2129.7,0.0984371
36,0,30,2141.79,0.0921359
36,0,31,2146.66,0.0910072
36,0,32,2138.29,0.0921125
36,0,33,2114.04,0.0923883
36,0,34,2075.03,0.0894277
36,0,35,2025.84,0.0822498
36,0,36,1973.99,0.0712624
36,0,37,1928.96,0.0579734
36,0,38,1900.5,0.0447652
36,0,39,1896.33,0.0339772
36,0,40,1918.94,0.027346
36,0,41,1966.16,0.0257253
36,0,42,2030.29,0.0290479
36,0,43,2099.78,0.0361034
36,0,44,2161.63,0.0446466
36,0,45,2202.91,0.0517683
36,0,46,2211.98,0.0548598
36,0,47,2179.33,0.052557
36,0,48,2099.02,0.0453334
36,0,49,1971.02,0.0351321
36,1,0,2976.08,0.489222
36,1,1,3151.3,0.583827
36,1,2,3263.55,0.655575
36,1,3,3330.12,0.701817
36,1,4,3370.47,0.727072
36,1,5,3401.36,0.740234
36,1,6,3432.65,0.749847
36,1,7,3464.84,0.76092
36,1,8,3491.25,0.773436
36,1,9,3503.04,0.784335
36,1,10,3493.65,0.790536
36,1,11,3460.56,0.79071
36,1,12,3406.99,0.785863
36,1,13,3339.87,0.77669
36,1,14,3268.29,0.7615
36,1,15,3199.93,0.737267
36,1,16,3136.97,0.701274
36,1,17,3075.41,0.653596
36,1,18,3007.4,0.597525
36,1,19,2925.75,0.538465
36,1,20,2827.26,0.48112
36,1,21,2714.48,0.427859
36,1,22,2595.4,0.378382
36,1,23,2480.88,0.330791
36,1,24,2382.3,0.283635
36,1,25,2307.99,0.23768
36,1,26,2262.24,0.19558
36,1,27,2243.98,0.160711
36,1,28,2247.11,0.135322
36,1,29,2262.08,0.119969
36,1,30,2278.28,0.113147
36,1,31,2286.4,0.111998
36,1,32,2279.93,0.11314
36,1,33,2256.21,0.113119
36,1,34,2216.7,0.109284
36,1,35,2166.52,0.100544
36,1,36,2113.71,0.0873566
36,1,37,2068.16,0.0714088
36,1,38,2039.83,0.0553961
36,1,39,2036.37,0.0420131
36,1,40,2060.03,0.0333054
36,1,41,2108.46,0.0303178
36,1,42,2173.79,0.0330287
36,1,43,2244.29,0.0400873
36,1,44,2306.74,0.0489704
36,1,45,2347.8,0.0564386
36,1,46,2355.36,0.0595959
36,1,47,2319.18,0.0569465
36,1,48,2232.29,0.0490077
36,1,49,2093.46,0.0378945
36,2,0,3150.09,0.55384
36,2,1,3321.03,0.658108
36,2,2,3427.78,0.73635
36,2,3,3488.83,0.786132
36,2,4,3523.16,0.812732
36,2,5,3546.64,0.825854
36,2,6,3568.82,0.834756
36,2,7,3590.88,0.844899
36,2,8,3607.49,0.856766
36,2,9,3611.21,0.86788
36,2,10,3596.29,0.875661
36,2,11,3560.39,0.878794
36,2,12,3506.34,0.877632
36,2,13,3440.13,0.871339
36,2,14,3369.66,0.856408
36,2,15,3301.5,0.828476
36,2,16,3237.24,0.784675
36,2,17,3172.88,0.726193
36,2,18,3101.11,0.658241
36,2,19,3015.44,0.588244
36,2,20,2913.15,0.522164
36,2,21,2797.11,0.462716
36,2,22,2675.43,0.409109
36,2,23,2559.04,0.35866
36,2,24,2459.45,0.309166
36,2,25,2385.15,0.261034
36,2,26,2340.61,0.216905
36,2,27,2324.65,0.180294
36,2,28,2330.84,0.153689
36,2,29,2349.06,0.137641
36,2,30,2368.1,0.130508
36,2,31,2378.33,0.129206
36,2,32,2373.21,0.130156
36,2,33,2350.33,0.129765
36,2,34,2311.6,0.125314
36,2,35,2262.56,0.115629
36,2,36,2211.46,0.101111
36,2,37,2167.99,0.0834322
36,2,38,2141.63,0.0653641
36,2,39,2139.38,0.0497717
36,2,40,2163.06,0.0389161
36,2,41,2210.24,0.0340331
36,2,42,2273.44,0.0352229
36,2,43,2341.4,0.0411465
36,2,44,2401.25,0.0492265
36,2,45,2439.72,0.0561613
36,2,46,2444.52,0.0589934
36,2,47,2405.04,0.0561975
36,2,48,2313.68,0.0482575
36,2,49,2168.29,0.0372467
36,3,0,3270.23,0.589866
36,3,1,3434.09,0.697871
36,3,2,3533.59,0.77834
36,3,3,3587.86,0.829414
36,3,4,3615.33,0.856873
36,3,5,3631.09,0.870511
36,3,6,3644.47,0.879525
36,3,7,3657.22,0.889317
36,3,8,3665.09,0.900797
36,3,9,3661.66,0.912321
36,3,10,3641.83,0.922116
36,3,11,3603.43,0.929051
36,3,12,3549.03,0.932781
36,3,13,3483.82,0.930778
36,3,14,3414.42,0.917627
36,3,15,3346.18,0.887581
36,3,16,3279.96,0.837625
36,3,17,3211.96,0.770027
36,3,18,3135.73,0.691887
36,3,19,3045.95,0.612644
36,3,20,2940.74,0.539606
36,3,21,2823.55,0.475966
36,3,22,2702.53,0.420573
36,3,23,2588.25,0.369983
36,3,24,2491.65,0.321119
36,3,25,2420.68,0.27373
36,3,26,2379.33,0.230101
36,3,27,2366.07,0.193596
36,3,28,2374.32,0.166836
36,3,29,2393.88,0.150458
36,3,30,2413.6,0.142906
36,3,31,2424.15,0.141166
36,3,32,2419.35,0.141741
36,3,33,2397.3,0.14112
36,3,34,2360.35,0.136628
36,3,35,2314.26,0.126955
36,3,36,2267.07,0.11227
36,3,37,2227.79,0.0940018
36,3,38,2204.91,0.0747604
36,3,39,2204.43,0.0574126
36,3,40,2227.59,0.0443633
36,3,41,2272.1,0.0370606
36,3,42,2331.15,0.0358192
36,3,43,2394.4,0.0394766
36,3,44,2449.65,0.0456316
36,3,45,2483.98,0.0511833
36,3,46,2485.14,0.0533288
36,3,47,2442.4,0.0506014
36,3,48,2347.9,0.0433632
36,3,49,2199.09,0.0334331
36,4,0,3344.31,0.594647
36,4,1,3500.39,0.700781
36,4,2,3592.22,0.779767
36,4,3,3639.2,0.830531
36,4,4,3659.28,0.858997
36,4,5,3667.02,0.874305
36,4,6,3671.81,0.884797
36,4,7,3675.97,0.895299
36,4,8,3676.13,0.906975
36,4,9,3666.64,0.919129
36,4,10,3642.89,0.931017
36,4,11,3602.85,0.941918
36,4,12,3548.87,0.950942
36,4,13,3485.31,0.954056
36,4,14,3417.42,0.944124
36,4,15,3349.11,0.914112
36,4,16,3280.55,0.860767
36,4,17,3208.23,0.787151
36,4,18,3126.91,0.701901
36,4,19,3032.83,0.616196
36,4,20,2925.36,0.538642
36,4,21,2808.66,0.473043
36,4,22,2690.91,0.418077
36,4,23,2581.92,0.369656
36,4,24,2491.39,0.323781
36,4,25,2425.97,0.279319
36,4,26,2388.6,0.237904
36,4,27,2377.21,0.202539
36,4,28,2385.33,0.175942
36,4,29,2403.36,0.159017
36,4,30,2420.94,0.150598
36,4,31,2429.68,0.148063
36,4,32,2424.17,0.148239
36,4,33,2403.1,0.147814
36,4,34,2369.09,0.144114
36,4,35,2327.73,0.135542
36,4,36,2286.43,0.121807
36,4,37,2253.06,0.103904
36,4,38,2234.82,0.0841381
36,4,39,2236.61,0.065307
36,4,40,2259.21,0.049956
36,4,41,2300.57,0.0397897
36,4,42,2354.72,0.0354145
36,4,43,2412.37,0.0359658
36,4,44,2462.2,0.0393837
36,4,45,2491.75,0.0429505
36,4,46,2488.94,0.0441652
36,4,47,2443.13,0.0416742
36,4,48,2346.52,0.0356447
36,4,49,2196.54,0.0274841
36,5,0,3379.53,0.570829
36,5,1,3528.58,0.670776
36,5,2,3613.21,0.745708
36,5,3,3652.85,0.795361
36,5,4,3665.08,0.825401
36,5,5,3664.3,0.843693
36,5,6,3660.28,0.857075
36,5,7,3656.2,0.869382
36,5,8,3649.6,0.881818
36,5,9,3635.46,0.894614
36,5,10,3609.53,0.908163
36,5,11,3569.76,0.922371
36,5,12,3518.18,0.936105
36,5,13,3458.06,0.944264
36,5,14,3393.05,0.93842
36,5,15,3325.52,0.910512
36,5,16,3254.89,0.85697
36,5,17,3178.2,0.781253
36,5,18,3091.71,0.692983
36,5,19,2993.52,0.60457
36,5,20,2884.5,0.525666
36,5,21,2769.67,0.460676
36,5,22,2657.08,0.408263
36,5,23,2555.44,0.363833
36,5,24,2472.62,0.322517
36,5,25,2413.35,0.282201
36,5,26,2379.14,0.243711
36,5,27,2367.38,0.209626
36,5,28,2372.12,0.182802
36,5,29,2385.06,0.164675
36,5,30,2397.47,0.154793
36,5,31,2402.44,0.151216
36,5,32,2395.66,0.151239
36,5,33,2376.33,0.151702
36,5,34,2346.96,0.149733
36,5,35,2312.4,0.143199
36,5,36,2278.88,0.131148
36,5,37,2252.8,0.114051
36,5,38,2240.01,0.0939301
36,5,39,2244.46,0.073582
36,5,40,2266.69,0.0557639
36,5,41,2305.04,0.0424844
36,5,42,2354.45,0.0346646
36,5,43,2406.7,0.0317693
36,5,44,2451.3,0.0321339
36,5,45,2476.32,0.0334884
36,5,46,2469.94,0.0336883
36,5,47,2421.72,0.031514
36,5,48,2324.09,0.0268991
36,5,49,2174.71,0.0207759
36,6,0,3381.85,0.525253
36,6,1,3525.64,0.61645
36,6,2,3604.26,0.686031
36,6,3,3636.94,0.734379
36,6,4,3641,0.766543
36,6,5,3631.02,0.78874
36,6,6,3617.67,0.805944
36,6,7,3605.48,0.820788
36,6,8,3593.2,0.834334
36,6,9,3576.49,0.847613
36,6,10,3551.24,0.862101
36,6,11,3515.05,0.878438
36,6,12,3469.17,0.895512
36,6,13,3415.42,0.907686
36,6,14,3355.55,0.905816
36,6,15,3290.29,0.881257
36,6,16,3218.52,0.8302
36,6,17,3137.99,0.75619
36,6,18,3046.75,0.669254
36,6,19,2944.93,0.582363
36,6,20,2835.07,0.505739
36,6,21,2722.98,0.444169
36,6,22,2616.41,0.396325
36,6,23,2522.63,0.357242
36,6,24,2447.28,0.321327
36,6,25,2392.9,0.285544
36,6,26,2359.48,0.249905
36,6,27,2344.04,0.216637
36,6,28,2341.64,0.188839
36,6,29,2345.95,0.168746
36,6,30,2350.54,0.156907
36,6,31,2350.49,0.152268
36,6,32,2342.73,0.152619
36,6,33,2326.73,0.154779
36,6,34,2304.32,0.155378
36,6,35,2278.92,0.151476
36,6,36,2255.05,0.141323
36,6,37,2237.39,0.124904
36,6,38,2230.53,0.104131
36,6,39,2237.81,0.0819823
36,6,40,2259.88,0.0615476
36,6,41,2295.66,0.0451659
36,6,42,2341.01,0.0340304
36,6,43,2388.7,0.0278727
36,6,44,2429.02,0.0253687
36,6,45,2450.5,0.0246492
36,6,46,2441.6,0.0238998
36,6,47,2392.07,0.0220305
36,6,48,2294.62,0.0187462
36,6,49,2147.18,0.0145319
36,7,0,3356.22,0.467129
36,7,1,3497.16,0.548781
36,7,2,3571.52,0.612828
36,7,3,3598.14,0.66002
36,7,4,3594.12,0.694542
36,7,5,3574.53,0.72088
36,7,6,3551.49,0.742127
36,7,7,3531.6,0.759719
36,7,8,3515.3,0.774473
36,7,9,3499.03,0.788003
36,7,10,3478.47,0.802651
36,7,11,3450.27,0.819709
36,7,12,3414.22,0.838231
36,7,13,3370.15,0.852522
36,7,14,3317.79,0.853364
36,7,15,3256.33,0.832133
36,7,16,3184.36,0.785072
36,7,17,3100.62,0.715689
36,7,18,3005.08,0.633922
36,7,19,2899.96,0.552574
36,7,20,2789.48,0.481792
36,7,21,2680.13,0.426333
36,7,22,2579.12,0.38478
36,7,23,2492.08,0.351911
36,7,24,2422.34,0.321629
36,7,25,2370.27,0.290177
36,7,26,2334.53,0.256877
36,7,27,2312.07,0.223749
36,7,28,2299.32,0.194253
36,7,29,2292.4,0.171617
36,7,30,2287.62,0.157569
36,7,31,2282.38,0.152038
36,7,32,2274.85,0.153248
36,7,33,2264.41,0.157786
36,7,34,2251.56,0.1615
36,7,35,2237.67,0.160436
36,7,36,2225.07,0.152007
36,7,37,2216.64,0.135845
36,7,38,2215.9,0.113981
36,7,39,2225.96,0.0897809
36,7,40,2247.91,0.0667749
36,7,41,2281.46,0.0476198
36,7,42,2323.47,0.0336871
36,7,43,2367.62,0.0248559
36,7,44,2404.91,0.0200241
36,7,45,2424.26,0.0176163
36,7,46,2414.28,0.0160773
36,7,47,2364.84,0.0144329
36,7,48,2268.78,0.0122003
36,7,49,2124.15,0.00950759
36,8,0,3307.68,0.406294
36,8,1,3448.44,0.479062
36,8,2,3520.76,0.538169
36,8,3,3542.81,0.584431
36,8,4,3531.56,0.621076
36,8,5,3502.81,0.651043
36,8,6,3470.63,0.675823
36,8,7,3444.31,0.695849
36,8,8,3426.51,0.71166
36,8,9,3414.43,0.725186
36,8,10,3403.03,0.739279
36,8,11,3387.21,0.755638
36,8,12,3364.54,0.773497
36,8,13,3332.56,0.787473
36,8,14,3289.04,0.788917
36,8,15,3232.02,0.769895
36,8,16,3160.13,0.727128
36,8,17,3073.27,0.664121
36,8,18,2973.39,0.590325
36,8,19,2864.72,0.517681
36,8,20,2753.09,0.455568
36,8,21,2645.5,0.408232
36,8,22,2548.46,0.374027
36,8,23,2466,0.347605
36,8,24,2399.24,0.322649
36,8,25,2346.74,0.294967
36,8,26,2306.13,0.263394
36,8,27,2274.55,0.229873
36,8,28,2249.96,0.198291
36,8,29,2231,0.172903
36,8,30,2216.89,0.156655
36,8,31,2207.38,0.15044
36,8,32,2201.81,0.152834
36,8,33,2199.11,0.160052
36,8,34,2197.96,0.167018
36,8,35,2197.22,0.168702
36,8,36,2196.85,0.161744
36,8,37,2197.94,0.145562
36,8,38,2203.19,0.122475
36,8,39,2215.78,0.096346
36,8,40,2237.43,0.07117
36,8,41,2268.86,0.0498592
36,8,42,2308,0.0338585
36,8,43,2349.46,0.023085
36,8,44,2384.86,0.0165516
36,8,45,2403.46,0.0128773
36,8,46,2393.88,0.0106982
36,8,47,2345.89,0.00914201
36,8,48,2252.23,0.0075963
36,8,49,2110.81,0.00594172
36,9,0,3242.13,0.351501
36,9,1,3385.28,0.417018
36,9,2,3457.96,0.472174
36,9,3,3477.53,0.5176
36,9,4,3460.85,0.555639
36,9,5,3424.67,0.588061
36,9,6,3385.29,0.615237
36,9,7,3354.99,0.636902
36,9,8,3338.84,0.653329
36,9,9,3334.6,0.666473
36,9,10,3335.84,0.679286
36,9,11,3335.08,0.693563
36,9,12,3327.17,0.708675
36,9,13,3307.43,0.719838
36,9,14,3272.13,0.719545
36,9,15,3218.65,0.701161
36,9,16,3146.01,0.662294
36,9,17,3055.36,0.606489
36,9,18,2950.49,0.54238
36,9,19,2837.51,0.480431
36,9,20,2723.68,0.428652
36,9,21,2616.38,0.390373
36,9,22,2521.43,0.363634
36,9,23,2441.37,0.343156
36,9,24,2375.54,0.322725
36,9,25,2321.08,0.29805
36,9,26,2274.9,0.267703
36,9,27,2234.42,0.233613
36,9,28,2198.95,0.200038
36,9,29,2169.4,0.172118
36,9,30,2147.62,0.15388
36,9,31,2135.53,0.147082
36,9,32,2133.42,0.150594
36,9,33,2139.61,0.160268
36,9,34,2150.84,0.170184
36,9,35,2163.43,0.174353
36,9,36,2175.06,0.168786
36,9,37,2185.25,0.152768
36,9,38,2196,0.128917
36,9,39,2210.67,0.101528
36,9,40,2231.76,0.0749639
36,9,41,2261.05,0.0522887
36,9,42,2297.6,0.0349451
36,9,43,2336.97,0.0228447
36,9,44,2371.4,0.0150788
36,9,45,2390.38,0.0104173
36,9,46,2382.44,0.00765316
36,9,47,2337.02,0.00600331
36,9,48,2246.49,0.00478124
36,9,49,2108.33,0.00371121
36,10,0,3166.24,0.308716
36,10,1,3313.89,0.368952
36,10,2,3389.25,0.421086
36,10,3,3408.76,0.465425
36,10,4,3389.25,0.503656
36,10,5,3348.52,0.536881
36,10,6,3305.09,0.564924
36,10,7,3274.08,0.587151
36,10,8,3262.61,0.603586
36,10,9,3268.55,0.61592
36,10,10,3283.62,0.626797
36,10,11,3297.65,0.637803
36,10,12,3302.89,0.648419
36,10,13,3292.93,0.654697
36,10,14,3263.15,0.650714
36,10,15,3210.84,0.631575
36,10,16,3135.64,0.596028
36,10,17,3039.93,0.547645
36,10,18,2929.18,0.49394
36,10,19,2811.13,0.443445
36,10,20,2694.26,0.402389
36,10,21,2586.24,0.37295
36,10,22,2492.22,0.352878
36,10,23,2413.52,0.337209
36,10,24,2348.15,0.320184
36,10,25,2292.22,0.297732
36,10,26,2242.15,0.268379
36,10,27,2195.56,0.234012
36,10,28,2152.67,0.199077
36,10,29,2116.05,0.169288
36,10,30,2089.55,0.149476
36,10,31,2076.77,0.142097
36,10,32,2078.76,0.146309
36,10,33,2093.29,0.157764
36,10,34,2115.52,0.169973
36,10,35,2139.68,0.176277
36,10,36,2161.58,0.17225
36,10,37,2179.44,0.157056
36,10,38,2194.66,0.133453
36,10,39,2210.82,0.105935
36,10,40,2231.1,0.0790154
36,10,41,2258.34,0.0557736
36,10,42,2292.66,0.0376201
36,10,43,2330.54,0.0245065
36,10,44,2364.75,0.0156597
36,10,45,2385.01,0.010036
36,10,46,2379.6,0.0065931
36,10,47,2337.53,0.0046247
36,10,48,2250.55,0.00340538
36,10,49,2115.51,0.002554
36,11,0,3085.57,0.280116
36,11,1,3239.22,0.336705
36,11,2,3319.21,0.386237
36,11,3,3340.99,0.428703
36,11,4,3321.51,0.465483
36,11,5,3279.61,0.497555
36,11,6,3235.72,0.524753
36,11,7,3207.14,0.546386
36,11,8,3202.29,0.562231
36,11,9,3218.62,0.573445
36,11,10,3245.92,0.582005
36,11,11,3271.61,0.58904
36,11,12,3285.92,0.594126
36,11,13,3281.39,0.594304
36,11,14,3253.15,0.585496
36,11,15,3198.8,0.564758
36,11,16,3118.76,0.532056
36,11,17,3016.64,0.490907
36,11,18,2899.37,0.447495
36,11,19,2776.08,0.408168
36,11,20,2656.24,0.37719
36,11,21,2547.65,0.355518
36,11,22,2454.83,0.340732
36,11,23,2378.14,0.328438
36,11,24,2314.63,0.31366
36,11,25,2259.7,0.29284
36,11,26,2209.42,0.264633
36,11,27,2161.4,0.230791
36,11,28,2116.28,0.195668
36,11,29,2077.46,0.165128
36,11,30,2049.88,0.144437
36,11,31,2038.14,0.136535
36,11,32,2043.82,0.14089
36,11,33,2064.52,0.153203
36,11,34,2094.49,0.166813
36,11,35,2126.7,0.174785
36,11,36,2155.74,0.172485
36,11,37,2178.88,0.158947
36,11,38,2197.08,0.13683
36,11,39,2214.01,0.110486
36,11,40,2233.45,0.084286
36,11,41,2259.08,0.0611568
36,11,42,2291.94,0.0424751
36,11,43,2329.18,0.0283415
36,11,44,2364,0.0182524
36,11,45,2386.23,0.0114516
36,11,46,2383.93,0.00710579
36,11,47,2345.58,0.0045726
36,11,48,2262.27,0.00309641
36,11,49,2130.07,0.00219956
36,12,0,3003.96,0.264001
36,12,1,3164.4,0.317709
36,12,2,3250.33,0.364255
36,12,3,3276.31,0.403473
36,12,4,3259.5,0.436856
36,12,5,3219.68,0.465795
36,12,6,3178.63,0.490625
36,12,7,3154.84,0.510855
36,12,8,3157.13,0.525996
36,12,9,3182.13,0.536416
36,12,10,3217.98,0.543083
36,12,11,3250.5,0.546412
36,12,12,3268.71,0.546007
36,12,13,3264.72,0.539939
36,12,14,3233.86,0.526035
36,12,15,3174.28,0.503325
36,12,16,3087.34,0.472963
36,12,17,2977.86,0.438363
36,12,18,2854.11,0.404312
36,12,19,2726.38,0.374957
36,12,20,2604.8,0.352621
36,12,21,2497.06,0.33711
36,12,22,2407.04,0.325974
36,12,23,2334.32,0.315617
36,12,24,2275.25,0.302096
36,12,25,2224.81,0.282605
36,12,26,2178.8,0.256048
36,12,27,2134.67,0.223927
36,12,28,2093,0.190192
36,12,29,2057.14,0.160408
36,12,30,2032.2,0.139875
36,12,31,2023.02,0.131776
36,12,32,2031.42,0.135874
36,12,33,2055.21,0.148161
36,12,34,2088.6,0.162191
36,12,35,2124.28,0.171184
36,12,36,2156.38,0.170582
36,12,37,2181.73,0.159329
36,12,38,2201.04,0.139778
36,12,39,2218.09,0.115813
36,12,40,2237.03,0.0913265
36,12,41,2262.09,0.0688997
36,12,42,2294.85,0.0498521
36,12,43,2332.79,0.034544
36,12,44,2369.26,0.0228976
36,12,45,2394.09,0.0145758
36,12,46,2395.15,0.00902288
36,12,47,2360.53,0.0056584
36,12,48,2280.7,0.00369157
36,12,49,2150.96,0.00253464
36,13,0,2922.26,0.256193
36,13,1,3089.64,0.306877
36,13,2,3182.24,0.349413
36,13,3,3213.74,0.383715
36,13,4,3201.57,0.411769
36,13,5,3166.24,0.435815
36,13,6,3130.2,0.457054
36,13,7,3112.11,0.475426
36,13,8,3120.39,0.490199
36,13,9,3150.84,0.500787
36,13,10,3190.65,0.506884
36,13,11,3224.92,0.507911
36,13,12,3242.19,0.503295
36,13,13,3234.61,0.491975
36,13,14,3197.84,0.473508
36,13,15,3130.75,0.44876
36,13,16,3035.71,0.420021
36,13,17,2918.8,0.39068
36,13,18,2789.54,0.36428
36,13,19,2659.11,0.343005
36,13,20,2537.96,0.327421
36,13,21,2433.33,0.316319
36,13,22,2348.34,0.307324
36,13,23,2281.87,0.297751
36,13,24,2229.84,0.284844
36,13,25,2187.03,0.266694
36,13,26,2149.14,0.242528
36,13,27,2113.38,0.213497
36,13,28,2079.92,0.182862
36,13,29,2051.44,0.155497
36,13,30,2032.4,0.136353
36,13,31,2027.17,0.128598
36,13,32,2037.52,0.132239
36,13,33,2061.71,0.143726
36,13,34,2094.61,0.157158
36,13,35,2129.49,0.166308
36,13,36,2160.84,0.167009
36,13,37,2185.59,0.158236
36,13,38,2204.48,0.141926
36,13,39,2221.46,0.121233
36,13,40,2240.78,0.099273
36,13,41,2266.9,0.0780737
36,13,42,2301.39,0.0588488
36,13,43,2341.59,0.042293
36,13,44,2380.72,0.0288826
36,13,45,2408.53,0.0188128
36,13,46,2412.82,0.011864
36,13,47,2381.51,0.00751784
36,13,48,2304.68,0.00493289
36,13,49,2176.94,0.00339196
36,14,0,2840.86,0.252599
36,14,1,3014.68,0.299575
36,14,2,3114.03,0.336877
36,14,3,3151.75,0.364731
36,14,4,3145.42,0.385894
36,14,5,3115.97,0.403731
36,14,6,3085.83,0.420549
36,14,7,3072.98,0.436924
36,14,8,3084.99,0.451976
36,14,9,3117.1,0.46413
36,14,10,3156.4,0.471616
36,14,11,3188.16,0.47257
36,14,12,3200.97,0.465904
36,14,13,3187.16,0.451083
36,14,14,3142.81,0.429046
36,14,15,3067.46,0.402276
36,14,16,2964.54,0.374183
36,14,17,2841.42,0.348332
36,14,18,2708.71,0.327353
36,14,19,2578.15,0.311859
36,14,20,2460.02,0.300937
36,14,21,2360.76,0.292509
36,14,22,2282.56,0.284341
36,14,23,2223.67,0.274687
36,14,24,2179.88,0.262028
36,14,25,2146.11,0.245416
36,14,26,2118.23,0.224412
36,14,27,2093.33,0.199738
36,14,28,2071,0.173741
36,14,29,2052.84,0.150297
36,14,30,2042.11,0.133692
36,14,31,2042.13,0.126838
36,14,32,2054.33,0.129907
36,14,33,2077.42,0.1399
36,14,34,2107.33,0.151704
36,14,35,2138.53,0.159986
36,14,36,2166.51,0.161275
36,14,37,2188.88,0.154753
36,14,38,2206.74,0.141939
36,14,39,2224.2,0.12511
36,14,40,2245.42,0.106376
36,14,41,2274.55,0.0870332
36,14,42,2312.68,0.0680891
36,14,43,2356.57,0.0505595
36,14,44,2399.03,0.0355125
36,14,45,2429.77,0.0237278
36,14,46,2436.74,0.0153627
36,14,47,2407.98,0.00998379
36,14,48,2333.44,0.00670714
36,14,49,2207.19,0.00469089
36,15,0,2761.56,0.25106
36,15,1,2940.67,0.293818
36,15,2,3046.23,0.325146
36,15,3,3090.13,0.345715
36,15,4,3089.95,0.359163
36,15,5,3066.64,0.37008
36,15,6,3041.94,0.381989
36,15,7,3032.68,0.396295
36,15,8,3045.49,0.412178
36,15,9,3075.59,0.4272
36,15,10,3110.79,0.438098
36,15,11,3137.12,0.441467
36,15,12,3143.6,0.435296
36,15,13,3122.8,0.419096
36,15,14,3071.07,0.394719
36,15,15,2988.59,0.365989
36,15,16,2879.77,0.337437
36,15,17,2753.12,0.313075
36,15,18,2620.06,0.295035
36,15,19,2492.41,0.282841
36,15,20,2379.76,0.27441
36,15,21,2287.38,0.266972
36,15,22,2216.35,0.25847
36,15,23,2164.51,0.248055
36,15,24,2127.96,0.235407
36,15,25,2102.24,0.220512
36,15,26,2083.82,0.203204
36,15,27,2069.92,0.183704
36,15,28,2059.5,0.163296
36,15,29,2052.86,0.144663
36,15,30,2051.7,0.131216
36,15,31,2057.95,0.125438
36,15,32,2072.42,0.127625
36,15,33,2094.18,0.135398
36,15,34,2120.35,0.144596
36,15,35,2146.95,0.151016
36,15,36,2170.92,0.152093
36,15,37,2190.93,0.147373
36,15,38,2208.64,0.138006
36,15,39,2228.26,0.125366
36,15,40,2253.45,0.110458
36,15,41,2287.61,0.0937411
36,15,42,2330.84,0.0758906
36,15,43,2379.11,0.0581254
36,15,44,2424.84,0.0420173
36,15,45,2457.84,0.0288904
36,15,46,2466.48,0.01929
36,15,47,2439.26,0.0129204
36,15,48,2366.22,0.00890825
36,15,49,2240.97,0.00633409
36,16,0,2687.78,0.251699
36,16,1,2870.58,0.290566
36,16,2,2981.22,0.316247
36,16,3,3030.59,0.329829
36,16,4,3036.01,0.335751
36,16,5,3017.99,0.339751
36,16,6,2997.22,0.346582
36,16,7,2989.19,0.358658
36,16,8,2999.91,0.375521
36,16,9,3025.15,0.39417
36,16,10,3054.02,0.410002
36,16,11,3073.75,0.417943
36,16,12,3073.94,0.414668
36,16,13,3047.3,0.399189
36,16,14,2990.3,0.373742
36,16,15,2903.52,0.343153
36,16,16,2792.17,0.313062
36,16,17,2665.61,0.288196
36,16,18,2535.62,0.270621
36,16,19,2413.65,0.259255
36,16,20,2308.07,0.251157
36,16,21,2222.66,0.243049
36,16,22,2157.41,0.233073
36,16,23,2110.02,0.221207
36,16,24,2077.44,0.208238
36,16,25,2056.55,0.194987
36,16,26,2044.88,0.181471
36,16,27,2040.09,0.16734
36,16,28,2040.49,0.152727
36,16,29,2044.95,0.139026
36,16,30,2053.38,0.128663
36,16,31,2066.16,0.123621
36,16,32,2083.38,0.124345
36,16,33,2104.42,0.129152
36,16,34,2127.62,0.134927
36,16,35,2150.64,0.138691
36,16,36,2172.11,0.138858
36,16,37,2191.85,0.135395
36,16,38,2212,0.129167
36,16,39,2236.48,0.120742
36,16,40,2268.01,0.110082
36,16,41,2308.76,0.096808
36,16,42,2357.67,0.0811247
36,16,43,2409.98,0.0642321
36,16,44,2457.99,0.0479847
36,16,45,2491.93,0.034119
36,16,46,2500.92,0.0235595
36,16,47,2474.09,0.0162423
36,16,48,2401.73,0.0114157
36,16,49,2277.07,0.00817503
36,17,0,2622.65,0.254957
36,17,1,2807.39,0.291211
36,17,2,2921.65,0.312711
36,17,3,2975.29,0.320762
36,17,4,2985.05,0.320356
36,17,5,2970.7,0.318158
36,17,6,2951.73,0.320074
36,17,7,2942.54,0.329678
36,17,8,2949.01,0.347219
36,17,9,2967.97,0.369563
36,17,10,2990.21,0.391097
36,17,11,3004.24,0.405111
36,17,12,3000.17,0.40668
36,17,13,2970.59,0.393801
36,17,14,2911.84,0.368539
36,17,15,2824.62,0.336359
36,17,16,2714.64,0.303944
36,17,17,2591.76,0.276943
36,17,18,2467.81,0.257745
36,17,19,2353.36,0.245079
36,17,20,2255.26,0.23543
36,17,21,2175.57,0.225184
36,17,22,2113.27,0.212688
36,17,23,2066.3,0.198647
36,17,24,2033.05,0.184834
36,17,25,2012.35,0.172779
36,17,26,2003.37,0.162596
36,17,27,2004.43,0.153327
36,17,28,2013.18,0.143948
36,17,29,2026.95,0.134567
36,17,30,2043.76,0.126614
36,17,31,2062.46,0.121593
36,17,32,2082.5,0.120168
36,17,33,2103.62,0.121409
36,17,34,2125.41,0.123255
36,17,35,2147.24,0.123892
36,17,36,2169.3,0.122622
36,17,37,2192.41,0.119814
36,17,38,2218.72,0.116152
36,17,39,2251.29,0.111616
36,17,40,2291.33,0.105342
36,17,41,2339.5,0.096207
36,17,42,2393.67,0.0838004
36,17,43,2448.73,0.0690022
36,17,44,2497.34,0.0536305
36,17,45,2530.55,0.0396404
36,17,46,2538.43,0.0283246
36,17,47,2510.91,0.0199858
36,17,48,2438.52,0.0141576
36,17,49,2314.1,0.010076
36,18,0,2567.1,0.259754
36,18,1,2752.38,0.295106
36,18,2,2868.91,0.31453
36,18,3,2925.53,0.319253
36,18,4,2938.15,0.314484
36,18,5,2925.64,0.307505
36,18,6,2906.44,0.305222
36,18,7,2894.41,0.312439
36,18,8,2895.87,0.330406
36,18,9,2909.12,0.356292
36,18,10,2926.61,0.383881
36,18,11,2937.88,0.405003
36,18,12,2933.19,0.412967
36,18,13,2904.64,0.404317
36,18,14,2848.07,0.380423
36,18,15,2764.05,0.34701
36,18,16,2658.57,0.311706
36,18,17,2541.81,0.281243
36,18,18,2425.38,0.258685
36,18,19,2318.84,0.242958
36,18,20,2227.29,0.230241
36,18,21,2151.15,0.216724
36,18,22,2088.5,0.20091
36,18,23,2037.79,0.184067
36,18,24,1999.24,0.168778
36,18,25,1974.1,0.157148
36,18,26,1963.49,0.14935
36,18,27,1966.6,0.143876
36,18,28,1980.48,0.138651
36,18,29,2000.82,0.132609
36,18,30,2023.84,0.126249
36,18,31,2046.97,0.120647
36,18,32,2069.27,0.116719
36,18,33,2091.02,0.114266
36,18,34,2113.16,0.112158
36,18,35,2136.67,0.109553
36,18,36,2163.07,0.106453
36,18,37,2193.66,0.103568
36,18,38,2229.96,0.101561
36,18,39,2273.49,0.100145
36,18,40,2323.53,0.0979514
36,18,41,2379.17,0.0932714
36,18,42,2437.49,0.0849481
36,18,43,2493.57,0.0732167
36,18,44,2540.93,0.0595129
36,18,45,2571.75,0.0458036
36,18,46,2577.22,0.0337451
36,18,47,2548.04,0.0241578
36,18,48,2474.99,0.0170392
36,18,49,2350.47,0.0118935
36,19,0,2519.19,0.263056
36,19,1,2704.39,0.298947
36,19,2,2822.53,0.318345
36,19,3,2881.36,0.322117
36,19,4,2895.78,0.315334
36,19,5,2883.8,0.305569
36,19,6,2863.21,0.300515
36,19,7,2847.96,0.306168
36,19,8,2845.44,0.324931
36,19,9,2855.54,0.354581
36,19,10,2872.12,0.388656
36,19,11,2885.12,0.417761
36,19,12,2884.31,0.433405
36,19,13,2860.79,0.430388
36,19,14,2809.67,0.408978
36,19,15,2731.25,0.374809
36,19,16,2631.71,0.336305
36,19,17,2521.54,0.301372
36,19,18,2412.16,0.274042
36,19,19,2312.16,0.253791
36,19,20,2225.07,0.236781
36,19,21,2149.87,0.219145
36,19,22,2083.97,0.199454
36,19,23,2026.43,0.179307
36,19,24,1979.29,0.161843
36,19,25,1946.26,0.149596
36,19,26,1930.49,0.142834
36,19,27,1932.15,0.139677
36,19,28,1947.71,0.137259
36,19,29,1971.41,0.133569
36,19,30,1997.86,0.128291
36,19,31,2023.38,0.122095
36,19,32,2046.94,0.116048
36,19,33,2069.55,0.110507
36,19,34,2093.54,0.105012
36,19,35,2121.32,0.0993999
36,19,36,2155.3,0.0941552
36,19,37,2196.65,0.0903128
36,19,38,2245.62,0.0887254
36,19,39,2301.74,0.0892093
36,19,40,2362.18,0.0902594
36,19,41,2424.69,0.0897594
36,19,42,2485.92,0.0857269
36,19,43,2541.56,0.077494
36,19,44,2586.24,0.065828
36,19,45,2613.48,0.0525331
36,19,46,2615.61,0.0396159
36,19,47,2584.05,0.0285239
36,19,48,2509.79,0.0198533
36,19,49,2384.81,0.0134673
36,20,0,2476.29,0.261666
36,20,1,2661.46,0.298762
36,20,2,2781.26,0.319541
36,20,3,2842.29,0.324331
36,20,4,2858.39,0.317794
36,20,5,2846.78,0.307496
36,20,6,2825.03,0.301668
36,20,7,2807.78,0.307327
36,20,8,2803.84,0.327969
36,20,9,2814.63,0.362077
36,20,10,2834.81,0.403159
36,20,11,2853.97,0.440849
36,20,12,2860.77,0.46498
36,20,13,2845.02,0.468537
36,20,14,2800.97,0.450455
36,20,15,2728.75,0.416005
36,20,16,2634.81,0.374222
36,20,17,2529.94,0.334162
36,20,18,2425.53,0.301035
36,20,19,2329.46,0.275179
36,20,20,2244.15,0.253057
36,20,21,2167.54,0.23089
36,20,22,2096.65,0.207195
36,20,23,2031.03,0.183583
36,20,24,1974.19,0.163411
36,20,25,1931.92,0.149459
36,20,26,1909.07,0.14218
36,20,27,1906.67,0.139643
36,20,28,1920.86,0.138614
36,20,29,1944.75,0.136505
36,20,30,1971.76,0.132348
36,20,31,1997.53,0.126351
36,20,32,2021.2,0.11948
36,20,33,2044.66,0.112283
36,20,34,2071.45,0.104573
36,20,35,2105.07,0.0965273
36,20,36,2148.33,0.0889204
36,20,37,2201.73,0.0831406
36,20,38,2263.89,0.0804804
36,20,39,2332.25,0.0812226
36,20,40,2402.23,0.0840792
36,20,41,2470.53,0.0867315
36,20,42,2533.72,0.0864068
36,20,43,2588.18,0.0814286
36,20,44,2629.69,0.0717415
36,20,45,2652.99,0.058857
36,20,46,2651.44,0.0450659
36,20,47,2617.17,0.0324404
36,20,48,2541.38,0.0222018
36,20,49,2415.69,0.0145932
36,21,0,2437.64,0.25412
36,21,1,2623.11,0.292301
36,21,2,2744.97,0.315066
36,21,3,2808.78,0.322164
36,21,4,2827.31,0.317688
36,21,5,2817.17,0.308965
36,21,6,2795.94,0.304479
36,21,7,2779.16,0.311978
36,21,8,2777.04,0.335793
36,21,9,2792.09,0.374991
36,21,10,2819.12,0.423139
36,21,11,2846.86,0.469189
36,21,12,2862.62,0.501635
36,21,13,2855,0.511884
36,21,14,2817.65,0.49758
36,21,15,2750.68,0.463456
36,21,16,2660.78,0.418864
36,21,17,2559.01,0.373775
36,21,18,2456.77,0.334557
36,21,19,2361.6,0.302598
36,21,20,2275.37,0.274989
36,21,21,2195.64,0.24823
36,21,22,2119.36,0.220724
36,21,23,2046.44,0.193792
36,21,24,1981.24,0.170622
36,21,25,1930.77,0.154028
36,21,26,1900.93,0.144741
36,21,27,1893.39,0.141157
36,21,28,1904.12,0.140193
36,21,29,1925.65,0.139139
36,21,30,1950.83,0.136581
36,21,31,1975.06,0.132177
36,21,32,1997.9,0.126426
36,21,33,2022.02,0.119595
36,21,34,2051.87,0.111324
36,21,35,2091.54,0.101765
36,21,36,2143.7,0.0918213
36,21,37,2207.92,0.0832672
36,21,38,2281.3,0.0780394
36,21,39,2359.65,0.0771741
36,21,40,2437.17,0.079912
36,21,41,2510,0.0839791
36,21,42,2574.71,0.0860161
36,21,43,2628.21,0.0834457
36,21,44,2667.11,0.0753972
36,21,45,2687.05,0.0629985
36,21,46,2682.27,0.0486673
36,21,47,2645.51,0.0349387
36,21,48,2568.22,0.0235422
36,21,49,2441.82,0.0150392
36,22,0,2406.58,0.242471
36,22,1,2592.38,0.281348
36,22,2,2716.43,0.306201
36,22,3,2783.48,0.316281
36,22,4,2805.5,0.315068
36,22,5,2798.6,0.309482
36,22,6,2780.33,0.307968
36,22,7,2766.79,0.31861
36,22,8,2769,0.346181
36,22,9,2789.9,0.390079
36,22,10,2824.06,0.443964
36,22,11,2859.36,0.496509
36,22,12,2882.17,0.535496
36,22,13,2880.48,0.551352
36,22,14,2847.79,0.540764
36,22,15,2784.27,0.507829
36,22,16,2696.72,0.461767
36,22,17,2596.11,0.412903
36,22,18,2493.69,0.368404
36,22,19,2396.87,0.330657
36,22,20,2307.67,0.297657
36,22,21,2223.96,0.266463
36,22,22,2143.07,0.235457
36,22,23,2065.19,0.205522
36,22,24,1994.83,0.179353
36,22,25,1939.26,0.159578
36,22,26,1904.52,0.147225
36,22,27,1892.44,0.141314
36,22,28,1898.98,0.139389
36,22,29,1916.66,0.139061
36,22,30,1938.41,0.138711
36,22,31,1959.89,0.137381
36,22,32,1981.17,0.134789
36,22,33,2005.52,0.130469
36,22,34,2037.8,0.123469
36,22,35,2082.17,0.113589
36,22,36,2140.82,0.101681
36,22,37,2212.43,0.0898824
36,22,38,2293.1,0.0808685
36,22,39,2377.78,0.0765965
36,22,40,2460.16,0.0770873
36,22,41,2536.19,0.0804041
36,22,42,2602.42,0.082966
36,22,43,2655.93,0.0815977
36,22,44,2693.66,0.0747609
36,22,45,2711.73,0.0631343
36,22,46,2704.91,0.0490178
36,22,47,2666.51,0.0351037
36,22,48,2588.28,0.0233889
36,22,49,2461.6,0.0146217
36,23,0,2389.2,0.23164
36,23,1,2574.91,0.271193
36,23,2,2700.59,0.298253
36,23,3,2770.75,0.311701
36,23,4,2796.87,0.314424
36,23,5,2794.69,0.312798
36,23,6,2781.36,0.314917
36,23,7,2772.77,0.328764
36,23,8,2779.76,0.359119
36,23,9,2805.06,0.405467
36,23,10,2843.01,0.461691
36,23,11,2881.31,0.516756
36,23,12,2906.43,0.55864
36,23,13,2906.58,0.577691
36,23,14,2875.54,0.570197
36,23,15,2813.57,0.53958
36,23,16,2727.13,0.494322
36,23,17,2626.63,0.444236
36,23,18,2522.75,0.396557
36,23,19,2422.87,0.354325
36,23,20,2329.64,0.316571
36,23,21,2241.93,0.28123
36,23,22,2158,0.246969
36,23,23,2078.29,0.214328
36,23,24,2006.94,0.185382
36,23,25,1950.52,0.162398
36,23,26,1914.3,0.146621
36,23,27,1899.67,0.137789
36,23,28,1902.66,0.134348
36,23,29,1916.21,0.134533
36,23,30,1933.89,0.136745
36,23,31,1952,0.139456
36,23,32,1971.23,0.141455
36,23,33,1995.15,0.141287
36,23,34,2028.56,0.137159
36,23,35,2075.21,0.128258
36,23,36,2136.69,0.115195
36,23,37,2211.12,0.100328
36,23,38,2294.32,0.0869883
36,23,39,2381.21,0.0780617
36,23,40,2465.64,0.0745057
36,23,41,2543.63,0.0750198
36,23,42,2611.65,0.076256
36,23,43,2666.56,0.0748587
36,23,44,2705.08,0.0688597
36,23,45,2723.33,0.0584514
36,23,46,2716.31,0.0455414
36,23,47,2677.68,0.0326111
36,23,48,2599.6,0.0216277
36,23,49,2473.5,0.0133659
36,24,0,2391.76,0.227162
36,24,1,2576.6,0.268054
36,24,2,2702.7,0.297755
36,24,3,2774.97,0.314894
36,24,4,2804.9,0.321819
36,24,5,2807.76,0.324244
36,24,6,2799.85,0.329611
36,24,7,2795.86,0.345366
36,24,8,2805.5,0.375908
36,24,9,2830.86,0.420672
36,24,10,2866.45,0.474013
36,24,11,2900.91,0.525911
36,24,12,2922.01,0.565591
36,24,13,2919.07,0.584372
36,24,14,2886.51,0.57881
36,24,15,2824.51,0.551661
36,24,16,2738.78,0.510022
36,24,17,2638.51,0.462195
36,24,18,2533.36,0.4145
36,24,19,2430.49,0.370017
36,24,20,2333.47,0.328719
36,24,21,2242.68,0.289673
36,24,22,2157.7,0.252262
36,24,23,2079.34,0.217045
36,24,24,2010.98,0.18562
36,24,25,1957.79,0.159847
36,24,26,1923.53,0.14104
36,24,27,1908.73,0.12952
36,24,28,1909.41,0.124607
36,24,29,1919.26,0.125232
36,24,30,1932.89,0.129966
36,24,31,1947.51,0.136856
36,24,32,1964.38,0.143867
36,24,33,1987.12,0.148568
36,24,34,2020.07,0.148308
36,24,35,2066.34,0.141544
36,24,36,2126.91,0.128463
36,24,37,2199.78,0.11139
36,24,38,2281.14,0.0940704
36,24,39,2366.62,0.0801534
36,24,40,2450.71,0.0715611
36,24,41,2529.69,0.0678622
36,24,42,2599.89,0.0663646
36,24,43,2657.63,0.0639523
36,24,44,2699.03,0.0584898
36,24,45,2719.73,0.049691
36,24,46,2714.61,0.0388541
36,24,47,2677.55,0.0279325
36,24,48,2601.01,0.0185995
36,24,49,2476.62,0.0115111
36,25,0,2416.51,0.232647
36,25,1,2599.72,0.276033
36,25,2,2724.82,0.309045
36,25,3,2797.74,0.330169
36,25,4,2830.27,0.341277
36,25,5,2837.21,0.347325
36,25,6,2833.45,0.354818
36,25,7,2831.74,0.370276
36,25,8,2839.97,0.397441
36,25,9,2859.48,0.435689
36,25,10,2885.55,0.480216
36,25,11,2908.84,0.522752
36,25,12,2919.47,0.554759
36,25,13,2908.68,0.569472
36,25,14,2871.76,0.564327
36,25,15,2808.71,0.541452
36,25,16,2724.04,0.506047
36,25,17,2625.18,0.464037
36,25,18,2520.26,0.419877
36,25,19,2415.98,0.375958
36,25,20,2316.81,0.332865
36,25,21,2224.74,0.29086
36,25,22,2140.88,0.250433
36,25,23,2066.41,0.212647
36,25,24,2003.78,0.179003
36,25,25,1956.41,0.151081
36,25,26,1926.26,0.130146
36,25,27,1912.81,0.116807
36,25,28,1912.18,0.11098
36,25,29,1918.95,0.112113
36,25,30,1928.94,0.118974
36,25,31,1940.39,0.129383
36,25,32,1954.97,0.140771
36,25,33,1976.1,0.150014
36,25,34,2007.39,0.153819
36,25,35,2051.15,0.149974
36,25,36,2107.91,0.138115
36,25,37,2175.9,0.120245
36,25,38,2252.24,0.100152
36,25,39,2333.7,0.0819492
36,25,40,2415.74,0.0683992
36,25,41,2495.06,0.0600447
36,25,42,2567.82,0.0551418
36,25,43,2629.65,0.0511402
36,25,44,2675.79,0.0459737
36,25,45,2701.08,0.0389405
36,25,46,2699.98,0.0306314
36,25,47,2666.3,0.022288
36,25,48,2592.73,0.0151197
36,25,49,2471.12,0.00956827
36,26,0,2460.33,0.248281
36,26,1,2641.56,0.295326
36,26,2,2764.6,0.332225
36,26,3,2836.72,0.357396
36,26,4,2870.24,0.372329
36,26,5,2879.35,0.381173
36,26,6,2877.28,0.389317
36,26,7,2874.42,0.402095
36,26,8,2876.61,0.422472
36,26,9,2884.55,0.449863
36,26,10,2894.74,0.480656
36,26,11,2900.53,0.508881
36,26,12,2895.26,0.52889
36,26,13,2872.64,0.536431
36,26,14,2829.15,0.530205
36,26,15,2764.53,0.511791
36,26,16,2681.83,0.484254
36,26,17,2586.32,0.450685
36,26,18,2484.22,0.413055
36,26,19,2381.44,0.372443
36,26,20,2283.04,0.329578
36,26,21,2192.36,0.285729
36,26,22,2111.81,0.24267
36,26,23,2042.76,0.2024
36,26,24,1986.73,0.166777
36,26,25,1945.47,0.137375
36,26,26,1919.4,0.115359
36,26,27,1907.23,0.101323
36,26,28,1905.4,0.0953672
36,26,29,1909.54,0.0971166
36,26,30,1916.65,0.10545
36,26,31,1925.81,0.118146
36,26,32,1938.84,0.132471
36,26,33,1958.61,0.145062
36,26,34,1987.81,0.152361
36,26,35,2027.95,0.151704
36,26,36,2079.24,0.142153
36,26,37,2140.49,0.125119
36,26,38,2209.99,0.104037
36,26,39,2285.97,0.0830852
36,26,40,2364.97,0.0656229
36,26,41,2444.26,0.0531233
36,26,42,2519.85,0.0449112
36,26,43,2586.66,0.0391948
36,26,44,2638.91,0.0341545
36,26,45,2670.44,0.0287799
36,26,46,2675.05,0.0229803
36,26,47,2646.22,0.0172496
36,26,48,2576.72,0.0122717
36,26,49,2458.58,0.00823925
36,27,0,2515.43,0.271073
36,27,1,2694.9,0.322408
36,27,2,2815.51,0.363245
36,27,3,2885.9,0.391993
36,27,4,2918.88,0.409867
36,27,5,2928.06,0.420279
36,27,6,2924.99,0.427485
36,27,7,2917.74,0.435597
36,27,8,2910.19,0.44685
36,27,9,2902.52,0.460868
36,27,10,2892.59,0.475435
36,27,11,2876.7,0.487078
36,27,12,2851.81,0.493162
36,27,13,2814.59,0.49203
36,27,14,2763.06,0.483706
36,27,15,2696.82,0.469312
36,27,16,2617.31,0.449899
36,27,17,2527.47,0.425816
36,27,18,2431.44,0.396455
36,27,19,2333.98,0.361282
36,27,20,2240.21,0.32069
36,27,21,2154.12,0.276545
36,27,22,2078.77,0.231752
36,27,23,2015.45,0.189417
36,27,24,1964.87,0.152124
36,27,25,1927.66,0.121748
36,27,26,1903.47,0.0994266
36,27,27,1890.96,0.0855599
36,27,28,1887.33,0.0800679
36,27,29,1889.27,0.0823977
36,27,30,1894.73,0.0913959
36,27,31,1903.2,0.104915
36,27,32,1916.15,0.120388
36,27,33,1935.55,0.134669
36,27,34,1963.02,0.144368
36,27,35,1999.3,0.14667
36,27,36,2044.54,0.140143
36,27,37,2098.33,0.125435
36,27,38,2160.31,0.105271
36,27,39,2230.22,0.083498
36,27,40,2305.72,0.0637508
36,27,41,2384.67,0.0482734
36,27,42,2463,0.0374292
36,27,43,2535.03,0.0302514
36,27,44,2593.98,0.0252828
36,27,45,2632.63,0.0213267
36,27,46,2643.89,0.017717
36,27,47,2620.76,0.0142633
36,27,48,2555.85,0.0111358
36,27,49,2441.33,0.00829098
36,28,0,2572.21,0.297226
36,28,1,2750.69,0.352787
36,28,2,2869.25,0.396936
36,28,3,2937.63,0.428107
36,28,4,2969.05,0.44738
36,28,5,2976.61,0.457627
36,28,6,2970.41,0.462173
36,28,7,2956.58,0.464126
36,28,8,2937.33,0.46524
36,28,9,2912.41,0.465548
36,28,10,2880.89,0.464256
36,28,11,2841.8,0.460177
36,28,12,2795.76,0.453259
36,28,13,2742.69,0.443977
36,28,14,2682.5,0.433394
36,28,15,2614.89,0.422238
36,28,16,2539.8,0.409963
36,28,17,2457.95,0.39476
36,28,18,2371.3,0.373904
36,28,19,2283.2,0.34534
36,28,20,2198.09,0.308785
36,28,21,2119.69,0.266163
36,28,22,2050.79,0.221052
36,28,23,1992.27,0.177509
36,28,24,1944.37,0.138981
36,28,25,1907.51,0.107899
36,28,26,1881.72,0.085544
36,28,27,1866.58,0.072124
36,28,28,1860.46,0.0671883
36,28,29,1861.1,0.0697654
36,28,30,1866.84,0.0785358
36,28,31,1876.97,0.0914753
36,28,32,1891.92,0.106401
36,28,33,1912.38,0.120732
36,28,34,1938.79,0.131586
36,28,35,1971.38,0.136298
36,28,36,2010.47,0.133067
36,28,37,2056.69,0.121717
36,28,38,2111.14,0.104032
36,28,39,2174.94,0.0832164
36,28,40,2246.73,0.0628792
36,28,41,2324.92,0.0458273
36,28,42,2405.44,0.0333365
36,28,43,2482.12,0.0252372
36,28,44,2547.38,0.0204816
36,28,45,2592.97,0.0177843
36,28,46,2610.87,0.0160181
36,28,47,2593.4,0.0144002
36,28,48,2532.85,0.0126253
36,28,49,2421.5,0.0104527
36,29,0,2621.88,0.323499
36,29,1,2800.52,0.382673
36,29,2,2918.04,0.429
36,29,3,2984.84,0.460929
36,29,4,3014.44,0.479564
36,29,5,3019.51,0.487538
36,29,6,3009.11,0.487624
36,29,7,2987.92,0.482356
36,29,8,2956.92,0.473392
36,29,9,2915.5,0.461384
36,29,10,2863.59,0.446851
36,29,11,2802.47,0.430376
36,29,12,2736.07,0.413662
36,29,13,2667.49,0.398473
36,29,14,2598.76,0.386363
36,29,15,2530.07,0.377673
36,29,16,2460.23,0.370821
36,29,17,2388.01,0.362726
36,29,18,2313.37,0.349386
36,29,19,2237.93,0.327661
36,29,20,2164.73,0.296455
36,29,21,2096.21,0.257231
36,29,22,2034.12,0.213592
36,29,23,1978.69,0.1701
36,29,24,1930.19,0.13094
36,29,25,1889.85,0.0992266
36,29,26,1859.24,0.0765909
36,29,27,1839.73,0.0632304
36,29,28,1831.24,0.0583464
36,29,29,1832.19,0.0604926
36,29,30,1840.71,0.068114
36,29,31,1855.03,0.0793057
36,29,32,1873.94,0.0923455
36,29,33,1896.56,0.105388
36,29,34,1922.3,0.116249
36,29,35,1951.16,0.122617
36,29,36,1984.06,0.122472
36,29,37,2022.88,0.114865
36,29,38,2070.12,0.100581
36,29,39,2128.09,0.0820071
36,29,40,2196.14,0.0625124
36,29,41,2273.02,0.0452529
36,29,42,2354.68,0.0322357
36,29,43,2434.71,0.0239885
36,29,44,2504.96,0.019854
36,29,45,2556.34,0.0185039
36,29,46,2579.89,0.018424
36,29,47,2567.18,0.0183062
36,29,48,2510.08,0.017402
36,29,49,2400.95,0.0153217
36,30,0,2658.09,0.348425
36,30,1,2838.23,0.410406
36,30,2,2956.12,0.457638
36,30,3,3022.43,0.488576
36,30,4,3050.73,0.504506
36,30,5,3053.38,0.508152
36,30,6,3038.8,0.50217
36,30,7,3010.76,0.488997
36,30,8,2969.49,0.470596
36,30,9,2914.11,0.448437
36,30,10,2845.13,0.42418
36,30,11,2765.45,0.399588
36,30,12,2681.52,0.377196
36,30,13,2599.24,0.359109
36,30,14,2522.75,0.346747
36,30,15,2453.09,0.340012
36,30,16,2388.52,0.336829
36,30,17,2326.42,0.333735
36,30,18,2264.96,0.326374
36,30,19,2203.87,0.311116
36,30,20,2144.14,0.286104
36,30,21,2086.26,0.251946
36,30,22,2030.43,0.211622
36,30,23,1976.25,0.169611
36,30,24,1924.55,0.130515
36,30,25,1878.2,0.0981156
36,30,26,1841.12,0.0745823
36,30,27,1816.98,0.0603833
36,30,28,1807.27,0.0545779
36,30,29,1810.68,0.0553707
36,30,30,1824.33,0.0609877
36,30,31,1844.72,0.0696141
36,30,32,1868.6,0.0799453
36,30,33,1893.54,0.0908567
36,30,34,1918.26,0.100875
36,30,35,1942.98,0.108128
36,30,36,1969.57,0.110501
36,30,37,2001.3,0.106415
36,30,38,2041.94,0.0957564
36,30,39,2094.65,0.0800853
36,30,40,2159.1,0.0624128
36,30,41,2234.14,0.0460608
36,30,42,2315.74,0.0335671
36,30,43,2397.45,0.0260149
36,30,44,2470.84,0.02307
36,30,45,2526.2,0.0233546
36,30,46,2553.75,0.0249912
36,30,47,2544.28,0.0261728
36,30,48,2489.23,0.0257262
36,30,49,2381,0.023161
36,31,0,2677.46,0.371609
36,31,1,2860.45,0.435796
36,31,2,2980.41,0.483047
36,31,3,3047.82,0.511794
36,31,4,3076.07,0.523616
36,31,5,3077.25,0.521568
36,31,6,3059.38,0.508515
36,31,7,3025.83,0.487162
36,31,8,2976.55,0.460068
36,31,9,2910.68,0.429676
36,31,10,2829.09,0.398667
36,31,11,2735.64,0.369535
36,31,12,2638.4,0.344931
36,31,13,2545.26,0.326561
36,31,14,2462.21,0.315195
36,31,15,2391.43,0.310233
36,31,16,2331.29,0.309492
36,31,17,2278.45,0.309773
36,31,18,2229.61,0.307086
36,31,19,2182.56,0.297831
36,31,20,2135.94,0.279541
36,31,21,2088.04,0.251762
36,31,22,2037.4,0.216364
36,31,23,1983.25,0.177192
36,31,24,1927.37,0.138878
36,31,25,1874.68,0.105722
36,31,26,1831.66,0.0805609
36,31,27,1804.26,0.0644206
36,31,28,1795.17,0.0565294
36,31,29,1802.82,0.054996
36,31,30,1822.79,0.0579202
36,31,31,1849.51,0.0635426
36,31,32,1877.8,0.070846
36,31,33,1904.02,0.0792615
36,31,34,1926.71,0.0878972
36,31,35,1946.73,0.095289
36,31,36,1967.08,0.0993283
36,31,37,1992.35,0.0980111
36,31,38,2027.31,0.0905519
36,31,39,2075.55,0.0778104
36,31,40,2136.74,0.0624278
36,31,41,2209.63,0.0477505
36,31,42,2290.19,0.0366473
36,31,43,2372.11,0.0305868
36,31,44,2446.92,0.0294468
36,31,45,2504.52,0.0317481
36,31,46,2534.35,0.0352306
36,31,47,2526.49,0.0375895
36,31,48,2471.9,0.0372493
36,31,49,2363.15,0.0336714
36,32,0,2679.28,0.392638
36,32,1,2866.26,0.458808
36,32,2,2989.95,0.505887
36,32,3,3060.25,0.532238
36,32,4,3090.12,0.539741
36,32,5,3091.24,0.531839
36,32,6,3071.41,0.511713
36,32,7,3033.98,0.482454
36,32,8,2979.11,0.447328
36,32,9,2906.26,0.40982
36,32,10,2816.64,0.373616
36,32,11,2714.55,0.341768
36,32,12,2608.67,0.316744
36,32,13,2507.99,0.299509
36,32,14,2419.82,0.289943
36,32,15,2347.64,0.286908
36,32,16,2290.55,0.288265
36,32,17,2245.12,0.291328
36,32,18,2207.03,0.292771
36,32,19,2172.25,0.289301
36,32,20,2137.08,0.278002
36,32,21,2097.74,0.257362
36,32,22,2051.4,0.227946
36,32,23,1997.21,0.192621
36,32,24,1938.09,0.155704
36,32,25,1880.85,0.121797
36,32,26,1834.18,0.0944229
36,32,27,1805.71,0.0753658
36,32,28,1798.74,0.0643475
36,32,29,1811.05,0.0596883
36,32,30,1836.58,0.0595125
36,32,31,1867.95,0.0620946
36,32,32,1898.59,0.0665365
36,32,33,1924.25,0.0725748
36,32,34,1943.72,0.0796806
36,32,35,1958.76,0.0866952
36,32,36,1973.43,0.0915743
36,32,37,1993.32,0.0921041
36,32,38,2023.78,0.0870932
36,32,39,2068.49,0.0768944
36,32,40,2126.88,0.0638236
36,32,41,2197.57,0.0511519
36,32,42,2276.62,0.0419063
36,32,43,2357.98,0.0377806
36,32,44,2433.29,0.0387555
36,32,45,2492.07,0.0431974
36,32,46,2523.06,0.0484504
36,32,47,2515.56,0.0517258
36,32,48,2460.09,0.0510929
36,32,49,2349.42,0.0460199
36,33,0,2665.45,0.411238
36,33,1,2857.18,0.479665
36,33,2,2985.99,0.527205
36,33,3,3060.81,0.552059
36,33,4,3093.88,0.556271
36,33,5,3096.37,0.543515
36,33,6,3075.86,0.517175
36,33,7,3035.98,0.480644
36,33,8,2977.5,0.437854
36,33,9,2900.56,0.393369
36,33,10,2806.78,0.351973
36,33,11,2700.56,0.317384
36,33,12,2590.41,0.291987
36,33,13,2485.48,0.27607
36,33,14,2393.87,0.268654
36,33,15,2320.21,0.268049
36,33,16,2264.79,0.272076
36,33,17,2224.63,0.278399
36,33,18,2194.81,0.284214
36,33,19,2169.82,0.286513
36,33,20,2143.93,0.282059
36,33,21,2111.71,0.268505
36,33,22,2069.39,0.245263
36,33,23,2016.3,0.214188
36,33,24,1956.36,0.179089
36,33,25,1897.77,0.144626
36,33,26,1850.51,0.114885
36,33,27,1823,0.0924366
36,33,28,1818.5,0.0777216
36,33,29,1834.04,0.0695493
36,33,30,1862.44,0.0662478
36,33,31,1895.28,0.0661419
36,33,32,1925.4,0.0683077
36,33,33,1948.55,0.0725253
36,33,34,1964.02,0.078388
36,33,35,1974.42,0.0848927
36,33,36,1984.56,0.0900664
36,33,37,2000.52,0.0916419
36,33,38,2027.75,0.0882416
36,33,39,2069.71,0.0798991
36,33,40,2125.61,0.0686746
36,33,41,2194.13,0.0577224
36,33,42,2271.67,0.0501266
36,33,43,2352.52,0.0477138
36,33,44,2428.4,0.0505104
36,33,45,2488.41,0.056716
36,33,46,2520.41,0.0632986
36,33,47,2512.84,0.0670265
36,33,48,2455.73,0.0656781
36,33,49,2342.03,0.0587679
36,34,0,2640.21,0.427143
36,34,1,2836.94,0.498425
36,34,2,2971.55,0.547571
36,34,3,3051.79,0.572458
36,34,4,3088.98,0.575045
36,34,5,3093.61,0.558966
36,34,6,3073.14,0.527611
36,34,7,3031.62,0.484529
36,34,8,2970.76,0.434248
36,34,9,2891.68,0.382422
36,34,10,2796.59,0.33506
36,34,11,2689.78,0.296767
36,34,12,2579.08,0.270171
36,34,13,2473.13,0.255186
36,34,14,2380.16,0.250172
36,34,15,2305.7,0.252876
36,34,16,2251.25,0.260812
36,34,17,2214.64,0.271533
36,34,18,2190.8,0.282297
36,34,19,2173.13,0.290134
36,34,20,2154.44,0.291603
36,34,21,2128.19,0.283938
36,34,22,2090.14,0.265901
36,34,23,2039.93,0.238636
36,34,24,1982.17,0.20545
36,34,25,1925.66,0.170825
36,34,26,1880.6,0.139126
36,34,27,1855.15,0.113521
36,34,28,1852.1,0.0952172
36,34,29,1868.04,0.0836869
36,34,30,1895.53,0.0776374
36,34,31,1926.1,0.0755127
36,34,32,1952.87,0.0762935
36,34,33,1971.99,0.0796015
36,34,34,1983.33,0.0849433
36,34,35,1990,0.0913105
36,34,36,1997.1,0.0967539
36,34,37,2010.59,0.09902
36,34,38,2035.59,0.096668
36,34,39,2075.23,0.0895458
36,34,40,2128.7,0.0795112
36,34,41,2195.1,0.0695891
36,34,42,2271.49,0.0628696
36,34,43,2352.62,0.0612781
36,34,44,2430.18,0.0648945
36,34,45,2492.56,0.0718154
36,34,46,2526.54,0.0787353
36,34,47,2519.47,0.0820934
36,34,48,2460.75,0.0794796
36,34,49,2343.49,0.0704801
36,35,0,2610.57,0.441187
36,35,1,2811.83,0.516077
36,35,2,2951.88,0.568019
36,35,3,3037.22,0.594355
36,35,4,3078.14,0.596685
36,35,5,3084.54,0.57838
36,35,6,3063.8,0.542746
36,35,7,3020.56,0.493475
36,35,8,2957.68,0.435701
36,35,9,2877.49,0.376185
36,35,10,2782.9,0.322228
36,35,11,2678.12,0.279478
36,35,12,2570.01,0.251082
36,35,13,2466.21,0.236881
36,35,14,2374.5,0.234776
36,35,15,2300.74,0.241909
36,35,16,2247.45,0.255153
36,35,17,2213.35,0.271405
36,35,18,2193.6,0.287417
36,35,19,2181.09,0.299939
36,35,20,2167.75,0.305458
36,35,21,2146.56,0.301336
36,35,22,2113.17,0.286412
36,35,23,2067.58,0.261693
36,35,24,2014.71,0.230183
36,35,25,1963.11,0.195996
36,35,26,1922.22,0.163381
36,35,27,1899.13,0.135705
36,35,28,1895.93,0.114762
36,35,29,1909.21,0.100693
36,35,30,1932.2,0.0927098
36,35,31,1957.37,0.0894901
36,35,32,1978.73,0.0899566
36,35,33,1993.12,0.0934785
36,35,34,2000.79,0.0993439
36,35,35,2004.95,0.106394
36,35,36,2010.43,0.112613
36,35,37,2022.57,0.115735
36,35,38,2045.82,0.114262
36,35,39,2083.03,0.107902
36,35,40,2133.68,0.0983198
36,35,41,2197.82,0.0884083
36,35,42,2273.48,0.0812652
36,35,43,2356,0.0789597
36,35,44,2436.82,0.0817272
36,35,45,2503.36,0.0877226
36,35,46,2540.98,0.0935544
36,35,47,2535.75,0.0955007
36,35,48,2476.24,0.0910684
36,35,49,2355.52,0.0798996
36,36,0,2584.84,0.454985
36,36,1,2789.52,0.534135
36,36,2,2933.53,0.589631
36,36,3,3022.22,0.618086
36,36,4,3065.08,0.620584
36,36,5,3071.56,0.600205
36,36,6,3049.19,0.560297
36,36,7,3003.38,0.504878
36,36,8,2938.22,0.439806
36,36,9,2857.39,0.372935
36,36,10,2764.64,0.312779
36,36,11,2664.11,0.265941
36,36,12,2561.63,0.23614
36,36,13,2463.48,0.223263
36,36,14,2376.32,0.224854
36,36,15,2305.66,0.237401
36,36,16,2254.53,0.256863
36,36,17,2222.44,0.279058
36,36,18,2205.12,0.299782
36,36,19,2195.51,0.315254
36,36,20,2185.42,0.322046
36,36,21,2167.89,0.318211
36,36,22,2138.87,0.303459
36,36,23,2098.71,0.279365
36,36,24,2052.25,0.248968
36,36,25,2007.17,0.215917
36,36,26,1971.41,0.183925
36,36,27,1950.54,0.156024
36,36,28,1945.88,0.134195
36,36,29,1954.48,0.119062
36,36,30,1970.87,0.11035
36,36,31,1989.04,0.107082
36,36,32,2004.29,0.108245
36,36,33,2014.16,0.112986
36,36,34,2019.04,0.120353
36,36,35,2021.82,0.128964
36,36,36,2026.56,0.136671
36,36,37,2037.64,0.14114
36,36,38,2058.79,0.140767
36,36,39,2092.77,0.135086
36,36,40,2139.79,0.125501
36,36,41,2201.23,0.114722
36,36,42,2276.42,0.105829
36,36,43,2361.32,0.10109
36,36,44,2446.95,0.10105
36,36,45,2519.4,0.104161
36,36,46,2562.43,0.10722
36,36,47,2560.6,0.106575
36,36,48,2501.54,0.0997643
36,36,49,2378.09,0.0864452
36,37,0,2570.83,0.470522
36,37,1,2777.41,0.554146
36,37,2,2923.01,0.6131
36,37,3,3012.23,0.64322
36,37,4,3054.12,0.645151
36,37,5,3058.08,0.621909
36,37,6,3032.02,0.57722
36,37,7,2982.29,0.515739
36,37,8,2914.32,0.444181
36,37,9,2833.16,0.371396
36,37,10,2743.47,0.306816
36,37,11,2649.37,0.257648
36,37,12,2555.63,0.227921
36,37,13,2466.8,0.217461
36,37,14,2387.84,0.223441
36,37,15,2323.17,0.241697
36,37,16,2275.65,0.267206
36,37,17,2245.36,0.294588
36,37,18,2228.82,0.318514
36,37,19,2219.64,0.33457
36,37,20,2210.17,0.339565
36,37,21,2194.11,0.332658
36,37,22,2168.05,0.315059
36,37,23,2132.71,0.289525
36,37,24,2092.59,0.259494
36,37,25,2054.16,0.228175
36,37,26,2023.55,0.19841
36,37,27,2004.73,0.172397
36,37,28,1998.31,0.151804
36,37,29,2002.03,0.13741
36,37,30,2011.89,0.12934
36,37,31,2023.58,0.127034
36,37,32,2033.64,0.129708
36,37,33,2040.15,0.13641
36,37,34,2043.38,0.146017
36,37,35,2045.51,0.156916
36,37,36,2049.6,0.166797
36,37,37,2059.03,0.173209
36,37,38,2076.95,0.174375
36,37,39,2106.37,0.169594
36,37,40,2148.64,0.159914
36,37,41,2206.75,0.147761
36,37,42,2281.49,0.13613
36,37,43,2369.35,0.127507
36,37,44,2460.73,0.122878
36,37,45,2540.23,0.121242
36,37,46,2589.84,0.11988
36,37,47,2592.63,0.115476
36,37,48,2535.22,0.105727
36,37,49,2410.01,0.0902734
36,38,0,2573.44,0.48913
36,38,1,2780.35,0.576788
36,38,2,2924.96,0.638169
36,38,3,3011.63,0.668516
36,38,4,3049.44,0.668378
36,38,5,3048.17,0.641149
36,38,6,3016.43,0.591334
36,38,7,2961.67,0.524504
36,38,8,2890.69,0.44825
36,38,9,2809.86,0.372155
36,38,10,2724.73,0.306093
36,38,11,2639.35,0.25731
36,38,12,2557.31,0.229684
36,38,13,2481.19,0.222726
36,38,14,2413.71,0.233178
36,38,15,2357.52,0.256331
36,38,16,2314.78,0.286387
36,38,17,2285.86,0.317001
36,38,18,2268.22,0.341878
36,38,19,2256.61,0.356055
36,38,20,2244.61,0.356677
36,38,21,2227.06,0.344162
36,38,22,2201.54,0.321491
36,38,23,2169.19,0.292941
36,38,24,2134.07,0.262637
36,38,25,2101.32,0.233473
36,38,26,2075.31,0.207284
36,38,27,2058.56,0.185101
36,38,28,2051.16,0.167825
36,38,29,2051.51,0.156
36,38,30,2056.92,0.149928
36,38,31,2064.44,0.149452
36,38,32,2071.53,0.154143
36,38,33,2076.52,0.163107
36,38,34,2079.24,0.175168
36,38,35,2081.01,0.188535
36,38,36,2083.85,0.200764
36,38,37,2090.31,0.209296
36,38,38,2103.35,0.212184
36,38,39,2126.63,0.208478
36,38,40,2162.94,0.198803
36,38,41,2217.07,0.185202
36,38,42,2291.17,0.170467
36,38,43,2382.13,0.157231
36,38,44,2479.5,0.146951
36,38,45,2566.26,0.139311
36,38,46,2622.71,0.132306
36,38,47,2630.55,0.123189
36,38,48,2575.46,0.109961
36,38,49,2449.3,0.0922648
36,39,0,2592.99,0.511128
36,39,1,2799.12,0.601812
36,39,2,2940.78,0.66396
36,39,3,3022.57,0.692609
36,39,4,3054.04,0.688731
36,39,5,3045.71,0.656616
36,39,6,3007.19,0.601893
36,39,7,2947.13,0.531184
36,39,8,2873.65,0.452808
36,39,9,2794.32,0.37669
36,39,10,2715.35,0.312559
36,39,11,2640.58,0.26709
36,39,12,2572.34,0.243491
36,39,13,2511.06,0.240675
36,39,14,2456.93,0.254913
36,39,15,2410.59,0.281161
36,39,16,2373.08,0.313253
36,39,17,2344.83,0.3444
36,39,18,2324.27,0.367789
36,39,19,2307.61,0.378164
36,39,20,2290.07,0.37306
36,39,21,2268.07,0.354013
36,39,22,2240.41,0.325618
36,39,23,2208.69,0.293612
36,39,24,2176.53,0.262885
36,39,25,2147.84,0.236174
36,39,26,2125.46,0.214383
36,39,27,2110.85,0.19731
36,39,28,2103.77,0.184828
36,39,29,2103.2,0.176945
36,39,30,2107.33,0.173907
36,39,31,2114.03,0.175882
36,39,32,2121.11,0.182847
36,39,33,2126.73,0.194075
36,39,34,2130.03,0.208405
36,39,35,2131.44,0.223889
36,39,36,2132.08,0.237972
36,39,37,2134.06,0.248036
36,39,38,2140.58,0.252065
36,39,39,2156.36,0.248983
36,39,40,2185.85,0.239083
36,39,41,2235.64,0.224042
36,39,42,2309.07,0.206364
36,39,43,2403.11,0.188686
36,39,44,2506.25,0.1728
36,39,45,2599.83,0.158995
36,39,46,2662.6,0.145999
36,39,47,2675.14,0.131736
36,39,48,2622.35,0.114617
36,39,49,2495.53,0.0943742
36,40,0,2624.93,0.536256
36,40,1,2829.9,0.628868
36,40,2,2967.76,0.690148
36,40,3,3043.7,0.715348
36,40,4,3068.06,0.706384
36,40,5,3052.32,0.668889
36,40,6,3007.26,0.609861
36,40,7,2942.77,0.536991
36,40,8,2868.08,0.459097
36,40,9,2791.65,0.386026
36,40,10,2720,0.326805
36,40,11,2656.53,0.287024
36,40,12,2602.32,0.2688
36,40,13,2555.81,0.270233
36,40,14,2514.85,0.287105
36,40,15,2478.17,0.314264
36,40,16,2445.64,0.345635
36,40,17,2417.5,0.37459
36,40,18,2392.98,0.394399
36,40,19,2369.75,0.399914
36,40,20,2344.82,0.389099
36,40,21,2316.36,0.364289
36,40,22,2284.48,0.331192
36,40,23,2251.32,0.296557
36,40,24,2220.06,0.265869
36,40,25,2193.61,0.241808
36,40,26,2173.67,0.224584
36,40,27,2161.07,0.212968
36,40,28,2155.5,0.205825
36,40,29,2156.34,0.202528
36,40,30,2162.21,0.203123
36,40,31,2171.18,0.208005
36,40,32,2180.86,0.217502
36,40,33,2188.83,0.231031
36,40,34,2193.46,0.247366
36,40,35,2194.32,0.264313
36,40,36,2191.96,0.27915
36,40,37,2188.4,0.289268
36,40,38,2187.47,0.292797
36,40,39,2195.25,0.288842
36,40,40,2217.9,0.277696
36,40,41,2263.69,0.260883
36,40,42,2336.87,0.240644
36,40,43,2434.14,0.219458
36,40,44,2542.76,0.199153
36,40,45,2642.43,0.180289
36,40,46,2710.58,0.162064
36,40,47,2726.97,0.142959
36,40,48,2675.91,0.121816
36,40,49,2548.16,0.0985999
36,41,0,2663.72,0.564783
36,41,1,2867.86,0.65885
36,41,2,3002.2,0.718371
36,41,3,3072.67,0.739059
36,41,4,3090.51,0.724105
36,41,5,3068.32,0.680813
36,41,6,3018.08,0.617764
36,41,7,2950.82,0.543759
36,41,8,2876.59,0.46796
36,41,9,2804.19,0.399826
36,41,10,2739.99,0.347286
36,41,11,2686.78,0.314529
36,41,12,2644.64,0.302355
36,41,13,2610.53,0.307946
36,41,14,2580.64,0.326578
36,41,15,2552.2,0.353093
36,41,16,2524.04,0.381783
36,41,17,2495.97,0.406635
36,41,18,2467.67,0.421578
36,41,19,2437.95,0.422032
36,41,20,2405.47,0.406514
36,41,21,2370.03,0.377848
36,41,22,2333.03,0.342225
36,41,23,2297.11,0.306766
36,41,24,2265.18,0.277169
36,41,25,2239.44,0.256052
36,41,26,2220.84,0.243194
36,41,27,2209.99,0.236686
36,41,28,2206.61,0.234613
36,41,29,2210.33,0.235816
36,41,30,2219.8,0.240135
36,41,31,2232.81,0.248144
36,41,32,2246.42,0.260413
36,41,33,2257.48,0.276379
36,41,34,2263.63,0.294514
36,41,35,2263.81,0.31213
36,41,36,2258.21,0.326164
36,41,37,2249.08,0.33405
36,41,38,2241.09,0.334369
36,41,39,2241.76,0.326903
36,41,40,2258.91,0.312507
36,41,41,2302.23,0.293003
36,41,42,2376.5,0.270541
36,41,43,2477.8,0.247312
36,41,44,2591.99,0.224778
36,41,45,2697.26,0.20321
36,41,46,2769.91,0.181741
36,41,47,2789.2,0.159024
36,41,48,2739.03,0.1342
36,41,49,2609.65,0.107585
36,42,0,2703.82,0.596845
36,42,1,2907.89,0.692948
36,42,2,3039.67,0.75099
36,42,3,3105.8,0.767053
36,42,4,3118.48,0.74563
36,42,5,3091.43,0.695864
36,42,6,3037.8,0.628148
36,42,7,2969.55,0.552576
36,42,8,2897.09,0.478712
36,42,9,2829.03,0.415534
36,42,10,2771.12,0.369739
36,42,11,2725.52,0.344062
36,42,12,2691.75,0.338002
36,42,13,2666.15,0.347811
36,42,14,2644.1,0.368195
36,42,15,2621.97,0.39386
36,42,16,2597.65,0.419412
36,42,17,2570.33,0.439596
36,42,18,2539.62,0.449383
36,42,19,2505.05,0.445218
36,42,20,2466.46,0.4264
36,42,21,2425,0.396103
36,42,22,2383.12,0.360482
36,42,23,2344,0.326401
36,42,24,2310.49,0.299317
36,42,25,2284.46,0.281664
36,42,26,2266.52,0.27297
36,42,27,2257.2,0.270976
36,42,28,2256.25,0.273291
36,42,29,2263.26,0.27843
36,42,30,2276.6,0.286137
36,42,31,2293.59,0.297191
36,42,32,2310.72,0.31232
36,42,33,2324.33,0.330812
36,42,34,2331.53,0.350541
36,42,35,2330.91,0.367973
36,42,36,2322.52,0.379446
36,42,37,2308.93,0.382434
36,42,38,2295.71,0.376299
36,42,39,2291.66,0.36208
36,42,40,2306.04,0.341879
36,42,41,2349.52,0.318388
36,42,42,2426.98,0.293935
36,42,43,2533.63,0.270354
36,42,44,2653.84,0.248336
36,42,45,2764.45,0.227235
36,42,46,2840.97,0.205423
36,42,47,2862.37,0.181151
36,42,48,2812.31,0.153559
36,42,49,2680.54,0.123337
36,43,0,2740.08,0.631143
36,43,1,2944.78,0.730626
36,43,2,3075,0.788401
36,43,3,3138.03,0.800518
36,43,4,3146.94,0.772511
36,43,5,3116.51,0.715372
36,43,6,3060.95,0.641523
36,43,7,2992.92,0.562645
36,43,8,2922.75,0.488933
36,43,9,2858.35,0.429013
36,43,10,2804.61,0.388475
36,43,11,2763.14,0.368814
36,43,12,2733.49,0.36845
36,43,13,2712.18,0.38278
36,43,14,2694.67,0.405813
36,43,15,2676.98,0.431784
36,43,16,2656.24,0.455241
36,43,17,2630.77,0.471499
36,43,18,2599.71,0.476707
36,43,19,2562.72,0.46869
36,43,20,2520.35,0.447839
36,43,21,2474.64,0.417756
36,43,22,2428.88,0.384305
36,43,23,2386.78,0.353671
36,43,24,2351.48,0.330674
36,43,25,2324.92,0.317366
36,43,26,2307.66,0.313073
36,43,27,2300.13,0.315339
36,43,28,2301.8,0.321513
36,43,29,2311.81,0.329947
36,43,30,2328.06,0.340422
36,43,31,2347.45,0.353998
36,43,32,2366.27,0.371574
36,43,33,2380.79,0.392212
36,43,34,2388.07,0.412974
36,43,35,2386.56,0.429197
36,43,36,2376.31,0.436367
36,43,37,2360.23,0.431981
36,43,38,2344.59,0.416459
36,43,39,2339.26,0.392599
36,43,40,2354.4,0.364349
36,43,41,2401.2,0.335778
36,43,42,2484.17,0.309646
36,43,43,2597.41,0.287398
36,43,44,2723.94,0.268645
36,43,45,2839.59,0.251294
36,43,46,2919.41,0.232328
36,43,47,2942.31,0.208989
36,43,48,2891.87,0.180021
36,43,49,2757.31,0.146372
36,44,0,2766.22,0.66324
36,44,1,2971.72,0.767238
36,44,2,3100.98,0.826093
36,44,3,3161.76,0.835329
36,44,4,3167.87,0.801102
36,44,5,3135.04,0.73608
36,44,6,3078.4,0.654788
36,44,7,3011.02,0.57069
36,44,8,2942.86,0.494838
36,44,9,2880.86,0.435714
36,44,10,2828.97,0.39812
36,44,11,2788.43,0.38271
36,44,12,2759.26,0.387212
36,44,13,2738.84,0.406321
36,44,14,2723.24,0.433228
36,44,15,2708.57,0.461278
36,44,16,2691.28,0.484442
36,44,17,2668.73,0.49823
36,44,18,2639.23,0.499885
36,44,19,2602.18,0.488818
36,44,20,2558.31,0.466803
36,44,21,2510.18,0.438109
36,44,22,2461.69,0.408309
36,44,23,2417.2,0.382768
36,44,24,2380.45,0.365429
36,44,25,2353.89,0.357757
36,44,26,2338.17,0.358764
36,44,27,2333.32,0.365747
36,44,28,2338.08,0.375797
36,44,29,2350.68,0.387115
36,44,30,2368.39,0.399575
36,44,31,2387.93,0.414605
36,44,32,2405.98,0.433403
36,44,33,2419.35,0.454918
36,44,34,2425.51,0.475435
36,44,35,2423.06,0.489099
36,44,36,2412.07,0.490449
36,44,37,2395.67,0.476999
36,44,38,2380.63,0.450362
36,44,39,2377.43,0.415362
36,44,40,2396.65,0.378091
36,44,41,2449.39,0.344245
36,44,42,2539.42,0.317119
36,44,43,2659.69,0.297735
36,44,44,2792.17,0.284458
36,44,45,2912.11,0.273488
36,44,46,2994.5,0.260058
36,44,47,3018.43,0.239978
36,44,48,2967.43,0.211242
36,44,49,2830.22,0.174835
36,45,0,2772.63,0.684819
36,45,1,2978.31,0.792961
36,45,2,3106.67,0.853371
36,45,3,3165.64,0.860725
36,45,4,3169.58,0.821368
36,45,5,3135.01,0.749262
36,45,6,3077.75,0.660772
36,45,7,3011.1,0.570988
36,45,8,2944.45,0.4918
36,45,9,2883.71,0.431664
36,45,10,2831.94,0.394942
36,45,11,2790.22,0.381931
36,45,12,2759.3,0.390123
36,45,13,2737.65,0.413749
36,45,14,2722.32,0.445156
36,45,15,2709.64,0.476513
36,45,16,2695.53,0.500808
36,45,17,2676.38,0.513417
36,45,18,2649.58,0.51249
36,45,19,2613.99,0.499063
36,45,20,2570.2,0.476441
36,45,21,2520.98,0.449778
36,45,22,2470.73,0.424503
36,45,23,2424.57,0.405218
36,45,24,2387.18,0.394927
36,45,25,2361.73,0.394347
36,45,26,2348.97,0.401993
36,45,27,2348.17,0.414695
36,45,28,2356.83,0.42912
36,45,29,2371.86,0.443162
36,45,30,2389.84,0.456732
36,45,31,2407.62,0.471679
36,45,32,2422.83,0.4897
36,45,33,2433.38,0.509938
36,45,34,2437.54,0.528233
36,45,35,2434.2,0.537789
36,45,36,2423.47,0.532326
36,45,37,2408.5,0.5094
36,45,38,2396.32,0.471767
36,45,39,2397.62,0.426192
36,45,40,2422.89,0.380791
36,45,41,2482.7,0.342774
36,45,42,2579.85,0.315855
36,45,43,2706.33,0.300572
36,45,44,2843.48,0.294046
36,45,45,2966.51,0.290843
36,45,46,3050.61,0.284486
36,45,47,3075.13,0.26928
36,45,48,3023.59,0.242292
36,45,49,2884.32,0.204289
36,46,0,2746.64,0.685318
36,46,1,2950.98,0.794859
36,46,2,3077.99,0.855709
36,46,3,3135.37,0.861756
36,46,4,3137.71,0.81921
36,46,5,3102.08,0.742726
36,46,6,3044.81,0.649804
36,46,7,2979.19,0.556519
36,46,8,2913.95,0.47518
36,46,9,2854,0.414092
36,46,10,2801.7,0.377404
36,46,11,2758.12,0.365464
36,46,12,2724.74,0.375952
36,46,13,2701.13,0.402951
36,46,14,2685.27,0.438141
36,46,15,2673.77,0.472564
36,46,16,2662.21,0.498164
36,46,17,2646.15,0.510085
36,46,18,2622.17,0.507204
36,46,19,2588.55,0.492038
36,46,20,2545.56,0.469323
36,46,21,2496.07,0.445119
36,46,22,2444.88,0.424818
36,46,23,2397.95,0.412412
36,46,24,2360.99,0.410024
36,46,25,2337.99,0.417562
36,46,26,2329.63,0.432893
36,46,27,2334.15,0.45216
36,46,28,2347.43,0.471391
36,46,29,2364.88,0.487971
36,46,30,2382.46,0.501715
36,46,31,2397.44,0.514866
36,46,32,2408.76,0.529812
36,46,33,2415.76,0.546277
36,46,34,2417.69,0.560193
36,46,35,2413.77,0.564343
36,46,36,2404.05,0.551972
36,46,37,2391.56,0.520731
36,46,38,2383.31,0.474264
36,46,39,2389.9,0.420833
36,46,40,2421.37,0.370044
36,46,41,2487.53,0.330155
36,46,42,2590.24,0.30501
36,46,43,2720.89,0.294582
36,46,44,2860.77,0.294928
36,46,45,2985.37,0.299367
36,46,46,3070.25,0.300155
36,46,47,3094.91,0.290412
36,46,48,3042.89,0.266355
36,46,49,2902.35,0.228343
36,47,0,2674.41,0.655692
36,47,1,2874.81,0.761614
36,47,2,2999.5,0.820212
36,47,3,3055.38,0.825039
36,47,4,3056.85,0.781967
36,47,5,3021.23,0.705564
36,47,6,2965.07,0.613384
36,47,7,2901.41,0.521422
36,47,8,2838.24,0.441637
36,47,9,2779.61,0.381824
36,47,10,2727.34,0.345935
36,47,11,2682.54,0.334602
36,47,12,2647.34,0.345984
36,47,13,2622.13,0.374377
36,47,14,2605.62,0.411208
36,47,15,2594.68,0.446828
36,47,16,2584.72,0.472514
36,47,17,2570.83,0.483356
36,47,18,2549.01,0.478847
36,47,19,2517.15,0.462656
36,47,20,2475.2,0.440568
36,47,21,2426.05,0.419279
36,47,22,2374.83,0.40409
36,47,23,2328.27,0.398489
36,47,24,2292.97,0.40385
36,47,25,2273.54,0.419345
36,47,26,2270.46,0.442185
36,47,27,2280.77,0.46778
36,47,28,2298.76,0.491449
36,47,29,2318.46,0.509963
36,47,30,2335.42,0.522918
36,47,31,2347.49,0.532849
36,47,32,2355.03,0.542881
36,47,33,2358.79,0.553615
36,47,34,2358.98,0.561625
36,47,35,2355.01,0.559906
36,47,36,2346.78,0.541701
36,47,37,2337.04,0.504828
36,47,38,2332.61,0.453404
36,47,39,2343.75,0.396463
36,47,40,2379.92,0.344278
36,47,41,2450.11,0.305464
36,47,42,2555.51,0.28363
36,47,43,2687.39,0.27816
36,47,44,2827.5,0.284378
36,47,45,2951.95,0.294972
36,47,46,3036.62,0.301646
36,47,47,3061.01,0.296952
36,47,48,3008.6,0.276578
36,47,49,2867.83,0.240398
36,48,0,2545.12,0.592596
36,48,1,2737.41,0.688852
36,48,2,2857.9,0.741776
36,48,3,2912.03,0.745244
36,48,4,2913.51,0.704648
36,48,5,2879.45,0.633609
36,48,6,2826.18,0.548486
36,48,7,2766.19,0.463976
36,48,8,2706.61,0.390808
36,48,9,2650.74,0.335804
36,48,10,2600.03,0.30258
36,48,11,2555.66,0.292085
36,48,12,2520.18,0.30309
36,48,13,2494.47,0.330463
36,48,14,2477.71,0.365945
36,48,15,2466.96,0.39993
36,48,16,2457.67,0.423708
36,48,17,2444.87,0.432673
36,48,18,2424.39,0.426837
36,48,19,2393.96,0.410551
36,48,20,2353.36,0.390044
36,48,21,2305.47,0.372137
36,48,22,2255.59,0.361824
36,48,23,2210.9,0.362113
36,48,24,2178.52,0.373792
36,48,25,2163.32,0.395487
36,48,26,2165.42,0.423938
36,48,27,2180.81,0.454035
36,48,28,2202.58,0.480576
36,48,29,2223.84,0.499825
36,48,30,2240.01,0.511125
36,48,31,2249.64,0.517119
36,48,32,2254.31,0.52152
36,48,33,2255.92,0.525858
36,48,34,2255.3,0.527704
36,48,35,2251.94,0.520844
36,48,36,2245.44,0.499003
36,48,37,2238.21,0.460228
36,48,38,2236.71,0.408642
36,48,39,2250.7,0.353206
36,48,40,2288.99,0.303926
36,48,41,2359.84,0.269038
36,48,42,2464.07,0.251603
36,48,43,2593.39,0.250495
36,48,44,2730.53,0.260751
36,48,45,2852.55,0.275126
36,48,46,2935.68,0.285571
36,48,47,2959.25,0.284801
36,48,48,2906.78,0.268424
36,48,49,2767.59,0.235896
36,49,0,2355.66,0.500696
36,49,1,2533.63,0.581962
36,49,2,2646.63,0.626205
36,49,3,2698.11,0.628217
36,49,4,2700.44,0.592777
36,49,5,2669.83,0.531768
36,49,6,2621.78,0.459271
36,49,7,2567.78,0.387678
36,49,8,2514.01,0.325791
36,49,9,2463.04,0.279088
36,49,10,2416.1,0.250648
36,49,11,2374.43,0.241605
36,49,12,2340.73,0.25131
36,49,13,2316.06,0.275475
36,49,14,2299.8,0.306744
36,49,15,2289.19,0.336357
36,49,16,2279.99,0.356378
36,49,17,2267.55,0.362865
36,49,18,2247.96,0.356237
36,49,19,2219.11,0.340972
36,49,20,2180.76,0.323071
36,49,21,2135.71,0.308874
36,49,22,2089.16,0.302785
36,49,23,2048.25,0.307293
36,49,24,2020.02,0.322764
36,49,25,2009.13,0.34755
36,49,26,2015.27,0.378261
36,49,27,2033.84,0.409701
36,49,28,2057.41,0.436572
36,49,29,2078.87,0.454953
36,49,30,2093.88,0.463994
36,49,31,2101.65,0.466233
36,49,32,2104.6,0.46562
36,49,33,2105.29,0.464392
36,49,34,2104.86,0.46119
36,49,35,2102.65,0.450966
36,49,36,2097.97,0.428324
36,49,37,2092.82,0.391589
36,49,38,2093.13,0.344474
36,49,39,2107.94,0.295079
36,49,40,2145.35,0.252319
36,49,41,2212.85,0.223417
36,49,42,2311.24,0.210725
36,49,43,2433.16,0.212798
36,49,44,2562.92,0.224871
36,49,45,2679.05,0.240401
36,49,46,2758.42,0.252266
36,49,47,2780.44,0.253994
36,49,48,2728.95,0.241553
36,49,49,2594.84,0.214135
37,0,0,2776.43,0.406185
37,0,1,2943.55,0.482106
37,0,2,3051.75,0.539358
37,0,3,3117.56,0.577427
37,0,4,3161.1,0.601801
37,0,5,3199.75,0.620772
37,0,6,3242.85,0.640726
37,0,7,3288.9,0.663505
37,0,8,3328.46,0.685658
37,0,9,3350.33,0.701544
37,0,10,3346.61,0.707136
37,0,11,3314.62,0.702082
37,0,12,3258.39,0.689818
37,0,13,3185.99,0.673989
37,0,14,3107.86,0.65551
37,0,15,3032.87,0.632731
37,0,16,2964.13,0.602802
37,0,17,2898.5,0.564528
37,0,18,2828.85,0.519443
37,0,19,2748.64,0.471356
37,0,20,2655.24,0.423957
37,0,21,2551.56,0.379229
37,0,22,2445.28,0.33682
37,0,23,2346.16,0.294955
37,0,24,2263.71,0.252408
37,0,25,2204.15,0.210182
37,0,26,2170.08,0.171287
37,0,27,2159.85,0.139495
37,0,28,2167.92,0.117454
37,0,29,2186.07,0.106118
37,0,30,2205.15,0.104104
37,0,31,2216.95,0.108341
37,0,32,2215.53,0.114844
37,0,33,2198.27,0.119389
37,0,34,2166.17,0.118672
37,0,35,2123.58,0.111279
37,0,36,2077.54,0.0977989
37,0,37,2036.95,0.0804697
37,0,38,2010.85,0.0625649
37,0,39,2006.65,0.0471605
37,0,40,2027.03,0.036373
37,0,41,2071.04,0.031108
37,0,42,2132.81,0.0311439
37,0,43,2202.52,0.0351907
37,0,44,2268.05,0.0410974
37,0,45,2316.05,0.0462043
37,0,46,2333.36,0.0481766
37,0,47,2308.21,0.0457656
37,0,48,2232.06,0.0393273
37,0,49,2102.18,0.0304488
37,1,0,2995.87,0.487881
37,1,1,3164.9,0.57803
37,1,2,3272.62,0.645729
37,1,3,3337.14,0.690486
37,1,4,3378.3,0.718732
37,1,5,3412.63,0.739966
37,1,6,3449.08,0.76148
37,1,7,3486.78,0.785404
37,1,8,3517.72,0.808213
37,1,9,3532.22,0.824216
37,1,10,3523.39,0.829618
37,1,11,3488.81,0.824388
37,1,12,3432.04,0.8121
37,1,13,3360.29,0.795827
37,1,14,3282.95,0.77533
37,1,15,3208.03,0.747867
37,1,16,3138.15,0.710238
37,1,17,3070.03,0.661978
37,1,18,2996.64,0.606095
37,1,19,2911.64,0.54801
37,1,20,2812.49,0.492315
37,1,21,2702.29,0.441035
37,1,22,2589.1,0.393108
37,1,23,2483.31,0.3459
37,1,24,2395.35,0.297617
37,1,25,2332.31,0.249341
37,1,26,2297.44,0.20466
37,1,27,2289.12,0.168067
37,1,28,2301.28,0.142792
37,1,29,2324.73,0.129915
37,1,30,2349.13,0.127765
37,1,31,2365.37,0.132699
37,1,32,2366.92,0.140068
37,1,33,2351.02,0.145004
37,1,34,2318.92,0.143733
37,1,35,2275.5,0.134616
37,1,36,2228.36,0.118317
37,1,37,2186.9,0.0974032
37,1,38,2160.46,0.0756653
37,1,39,2156.5,0.0567309
37,1,40,2177.53,0.0431526
37,1,41,2222.43,0.0360708
37,1,42,2285.17,0.0352763
37,1,43,2355.69,0.0392777
37,1,44,2421.57,0.0455732
37,1,45,2469.07,0.0511136
37,1,46,2484.66,0.0532311
37,1,47,2456.07,0.0505187
37,1,48,2373.88,0.0433664
37,1,49,2234.02,0.0335366
37,2,0,3156.07,0.548507
37,2,1,3322.22,0.648467
37,2,2,3426.36,0.723426
37,2,3,3487.47,0.773121
37,2,4,3524.8,0.80461
37,2,5,3553.91,0.827923
37,2,6,3583.37,0.850633
37,2,7,3612.89,0.874857
37,2,8,3635.7,0.897203
37,2,9,3643.41,0.912453
37,2,10,3629.93,0.917519
37,2,11,3593.05,0.912841
37,2,12,3536,0.90188
37,2,13,3465.2,0.886675
37,2,14,3388.97,0.865481
37,2,15,3314.3,0.834324
37,2,16,3243.22,0.78978
37,2,17,3172.45,0.73231
37,2,18,3095.43,0.666574
37,2,19,3006.45,0.599688
37,2,20,2903.35,0.537167
37,2,21,2789.5,0.481097
37,2,22,2673.12,0.429732
37,2,23,2564.78,0.379602
37,2,24,2475.19,0.32828
37,2,25,2411.77,0.276723
37,2,26,2378.02,0.228793
37,2,27,2372.25,0.189395
37,2,28,2388.04,0.162174
37,2,29,2415.55,0.148294
37,2,30,2443.77,0.145922
37,2,31,2463.13,0.151087
37,2,32,2466.89,0.158783
37,2,33,2452.42,0.163811
37,2,34,2421.31,0.162168
37,2,35,2378.82,0.152036
37,2,36,2332.83,0.134037
37,2,37,2292.71,0.110817
37,2,38,2267.52,0.0863907
37,2,39,2264.24,0.0647038
37,2,40,2285.05,0.0486318
37,2,41,2328.76,0.0395513
37,2,42,2389.53,0.0373537
37,2,43,2457.59,0.0404977
37,2,44,2520.69,0.0463369
37,2,45,2565.16,0.0516674
37,2,46,2577.44,0.0536818
37,2,47,2545.16,0.0509017
37,2,48,2458.46,0.0436829
37,2,49,2312.4,0.0337836
37,3,0,3264.32,0.581372
37,3,1,3425.35,0.685792
37,3,2,3524.4,0.764336
37,3,3,3580.93,0.817175
37,3,4,3613.54,0.851602
37,3,5,3637.01,0.87738
37,3,6,3659.66,0.901597
37,3,7,3681.69,0.925956
37,3,8,3697.32,0.947287
37,3,9,3699.07,0.961252
37,3,10,3681.45,0.965862
37,3,11,3642.42,0.962208
37,3,12,3585.02,0.953533
37,3,13,3514.99,0.94065
37,3,14,3439.59,0.920205
37,3,15,3364.7,0.886979
37,3,16,3291.73,0.837352
37,3,17,3217.54,0.772645
37,3,18,3136.36,0.699042
37,3,19,3043.49,0.625218
37,3,20,2937.48,0.557599
37,3,21,2822.12,0.49845
37,3,22,2705.64,0.445543
37,3,23,2598.32,0.394735
37,3,24,2510.52,0.342977
37,3,25,2449.32,0.290874
37,3,26,2417.95,0.242188
37,3,27,2414.5,0.201871
37,3,28,2432.43,0.173782
37,3,29,2461.74,0.159175
37,3,30,2491.36,0.15626
37,3,31,2511.82,0.161069
37,3,32,2516.59,0.168602
37,3,33,2503.37,0.173654
37,3,34,2474.08,0.172185
37,3,35,2434.14,0.16219
37,3,36,2391.34,0.144046
37,3,37,2354.51,0.120185
37,3,38,2331.99,0.0945174
37,3,39,2329.98,0.0710649
37,3,40,2350.26,0.052916
37,3,41,2391.67,0.0416985
37,3,42,2448.81,0.0375121
37,3,43,2512.48,0.0389435
37,3,44,2570.89,0.0434338
37,3,45,2610.7,0.0478778
37,3,46,2618.56,0.0495309
37,3,47,2582.2,0.0469271
37,3,48,2491.74,0.0403077
37,3,49,2341.94,0.0312368
37,4,0,3330.17,0.585273
37,4,1,3485.47,0.689028
37,4,2,3578.9,0.767771
37,4,3,3630.11,0.822235
37,4,4,3657.21,0.859546
37,4,5,3674.47,0.888474
37,4,6,3690.23,0.914913
37,4,7,3705.23,0.939765
37,4,8,3714.46,0.960054
37,4,9,3711.11,0.972529
37,4,10,3690.08,0.97654
37,4,11,3649.45,0.97398
37,4,12,3592.1,0.967938
37,4,13,3523.12,0.958102
37,4,14,3448.65,0.93968
37,4,15,3373.34,0.906332
37,4,16,3297.99,0.854193
37,4,17,3219.75,0.785162
37,4,18,3133.93,0.706554
37,4,19,3037.19,0.628262
37,4,20,2929.1,0.557532
37,4,21,2814,0.496954
37,4,22,2700,0.444111
37,4,23,2596.68,0.39444
37,4,24,2513.34,0.344341
37,4,25,2456.08,0.293876
37,4,26,2427.35,0.246361
37,4,27,2424.91,0.206469
37,4,28,2442.35,0.178093
37,4,29,2470.22,0.162666
37,4,30,2498.12,0.158711
37,4,31,2517.3,0.162628
37,4,32,2521.86,0.169759
37,4,33,2509.91,0.175127
37,4,34,2483.53,0.174702
37,4,35,2447.94,0.166182
37,4,36,2410.34,0.149457
37,4,37,2378.63,0.126477
37,4,38,2360.08,0.10081
37,4,39,2360.05,0.0764041
37,4,40,2379.97,0.0565108
37,4,41,2418.84,0.0430412
37,4,42,2471.8,0.0363954
37,4,43,2530.33,0.0354312
37,4,44,2583.26,0.0378639
37,4,45,2617.66,0.0408841
37,4,46,2620.53,0.0419671
37,4,47,2579.92,0.0397209
37,4,48,2486.22,0.0342044
37,4,49,2334.41,0.026638
37,5,0,3361.9,0.563748
37,5,1,3512.02,0.662815
37,5,2,3599.95,0.739191
37,5,3,3645.38,0.79418
37,5,4,3666.06,0.83438
37,5,5,3676.12,0.867049
37,5,6,3684.3,0.896372
37,5,7,3692.15,0.922178
37,5,8,3695.47,0.941583
37,5,9,3687.95,0.952449
37,5,10,3664.75,0.955522
37,5,11,3623.93,0.953607
37,5,12,3568.11,0.949788
37,5,13,3501.57,0.942964
37,5,14,3429.1,0.927276
37,5,15,3354.02,0.895531
37,5,16,3276.52,0.843584
37,5,17,3194.2,0.773559
37,5,18,3103.73,0.693383
37,5,19,3003.44,0.613666
37,5,20,2894.19,0.542259
37,5,21,2780.89,0.482119
37,5,22,2671.38,0.430895
37,5,23,2574.14,0.383844
37,5,24,2496.83,0.33694
37,5,25,2443.95,0.289598
37,5,26,2416.85,0.244441
37,5,27,2412.95,0.205666
37,5,28,2426.41,0.177107
37,5,29,2449.01,0.160538
37,5,30,2471.81,0.155093
37,5,31,2487.45,0.157862
37,5,32,2490.97,0.164758
37,5,33,2480.86,0.171087
37,5,34,2459.05,0.172713
37,5,35,2429.98,0.166828
37,5,36,2399.74,0.152617
37,5,37,2374.85,0.131403
37,5,38,2361.43,0.106364
37,5,39,2364.08,0.0813772
37,5,40,2384.09,0.0598857
37,5,41,2420.73,0.0441144
37,5,42,2469.76,0.0347958
37,5,43,2523.34,0.0311126
37,5,44,2570.89,0.0311409
37,5,45,2599.99,0.032462
37,5,46,2598.05,0.032853
37,5,47,2553.57,0.0310333
37,5,48,2457.4,0.0268437
37,5,49,2305.05,0.0210905
37,6,0,3365.92,0.523455
37,6,1,3512.23,0.615347
37,6,2,3595.36,0.687822
37,6,3,3634.83,0.742617
37,6,4,3648.16,0.785523
37,6,5,3649.69,0.82203
37,6,6,3649.06,0.854403
37,6,7,3649.14,0.881321
37,6,8,3646.85,0.899919
37,6,9,3636.47,0.909071
37,6,10,3613.21,0.910804
37,6,11,3574.89,0.9088
37,6,12,3523.49,0.906258
37,6,13,3462.09,0.901664
37,6,14,3393.82,0.888578
37,6,15,3320.5,0.859368
37,6,16,3241.77,0.809721
37,6,17,3155.88,0.741741
37,6,18,3061.17,0.663479
37,6,19,2957.82,0.585691
37,6,20,2848.18,0.51645
37,6,21,2737.71,0.458953
37,6,22,2633.8,0.41102
37,6,23,2543.43,0.367908
37,6,24,2472.2,0.325312
37,6,25,2422.72,0.282005
37,6,26,2395.09,0.23981
37,6,27,2386.53,0.202392
37,6,28,2392.21,0.17352
37,6,29,2405.8,0.155501
37,6,30,2420.55,0.148342
37,6,31,2431,0.150061
37,6,32,2433.39,0.157226
37,6,33,2426.46,0.165329
37,6,34,2411.44,0.169889
37,6,35,2391.39,0.167345
37,6,36,2370.71,0.156037
37,6,37,2354.25,0.136674
37,6,38,2346.98,0.112179
37,6,39,2352.94,0.0865006
37,6,40,2373.54,0.0633675
37,6,41,2408.52,0.0453291
37,6,42,2454.27,0.0334097
37,6,43,2503.64,0.0270738
37,6,44,2546.61,0.0247347
37,6,45,2571.26,0.0243545
37,6,46,2565.41,0.0240179
37,6,47,2518.01,0.022571
37,6,48,2420.48,0.019643
37,6,49,2268.88,0.0156388
37,7,0,3346.64,0.472332
37,7,1,3491.12,0.556134
37,7,2,3570.68,0.624195
37,7,3,3604.47,0.678435
37,7,4,3609.83,0.723639
37,7,5,3601.58,0.763515
37,7,6,3590.81,0.798489
37,7,7,3582.46,0.826222
37,7,8,3575.13,0.843878
37,7,9,3563.88,0.85118
37,7,10,3543.82,0.851193
37,7,11,3511.96,0.848287
37,7,12,3469.03,0.84576
37,7,13,3416.33,0.841997
37,7,14,3354.99,0.830485
37,7,15,3285.25,0.803682
37,7,16,3206.38,0.757402
37,7,17,3117.51,0.693689
37,7,18,3018.84,0.620348
37,7,19,2912.61,0.547711
37,7,20,2802.75,0.483576
37,7,21,2695.24,0.431073
37,7,22,2596.79,0.388142
37,7,23,2512.68,0.350147
37,7,24,2446.28,0.312652
37,7,25,2398.23,0.273884
37,7,26,2367.49,0.234891
37,7,27,2351.29,0.19885
37,7,28,2346.15,0.169523
37,7,29,2348.04,0.1499
37,7,30,2352.9,0.141043
37,7,31,2357.56,0.142014
37,7,32,2359.56,0.150017
37,7,33,2357.67,0.160561
37,7,34,2351.89,0.168566
37,7,35,2343.31,0.16953
37,7,36,2334.15,0.160914
37,7,37,2327.46,0.142941
37,7,38,2327.09,0.118502
37,7,39,2336.81,0.0918155
37,7,40,2358.37,0.0669867
37,7,41,2392.14,0.0468658
37,7,42,2435.24,0.0326753
37,7,43,2481.24,0.0240562
37,7,44,2520.71,0.0196669
37,7,45,2542.17,0.0177744
37,7,46,2533.81,0.0167294
37,7,47,2484.93,0.0155068
37,7,48,2387.36,0.0135647
37,7,49,2237.53,0.0109812
37,8,0,3307.71,0.41837
37,8,1,3452.6,0.494481
37,8,2,3530.27,0.558432
37,8,3,3559.25,0.612027
37,8,4,3556.69,0.65894
37,8,5,3538.12,0.701259
37,8,6,3516.61,0.73789
37,8,7,3499.84,0.765756
37,8,8,3488.79,0.78214
37,8,9,3479.53,0.787452
37,8,10,3466.69,0.785462
37,8,11,3445.79,0.780917
37,8,12,3415.46,0.777096
37,8,13,3374.62,0.772459
37,8,14,3322.29,0.760896
37,8,15,3257.27,0.735519
37,8,16,3178.72,0.692677
37,8,17,3086.87,0.634464
37,8,18,2983.96,0.568203
37,8,19,2874.34,0.503295
37,8,20,2763.63,0.446741
37,8,21,2658.25,0.401231
37,8,22,2564.1,0.364693
37,8,23,2484.72,0.332655
37,8,24,2421.29,0.300693
37,8,25,2372.69,0.266646
37,8,26,2336.9,0.230898
37,8,27,2311.39,0.196217
37,8,28,2294.09,0.16641
37,8,29,2283.39,0.145204
37,8,30,2278.09,0.134769
37,8,31,2277.45,0.135221
37,8,32,2280.33,0.144339
37,8,33,2285.27,0.157523
37,8,34,2290.69,0.168967
37,8,35,2295.26,0.173176
37,8,36,2298.88,0.166799
37,8,37,2302.71,0.149725
37,8,38,2309.64,0.124984
37,8,39,2323.29,0.0971777
37,8,40,2345.89,0.0708112
37,8,41,2378.56,0.0489702
37,8,42,2419.33,0.0329746
37,8,43,2462.58,0.0225431
37,8,44,2499.52,0.0164903
37,8,45,2519.11,0.0133085
37,8,46,2509.77,0.0115638
37,8,47,2460.94,0.0103539
37,8,48,2364.57,0.00902253
37,8,49,2217.21,0.0074156
37,9,0,3252.95,0.368653
37,9,1,3400.41,0.438357
37,9,2,3478.12,0.498965
37,9,3,3503.78,0.551903
37,9,4,3494.36,0.599744
37,9,5,3466.25,0.643259
37,9,6,3434.8,0.680291
37,9,7,3410.94,0.707384
37,9,8,3398.46,0.722073
37,9,9,3394.47,0.725275
37,9,10,3392.6,0.721108
37,9,11,3386.1,0.714343
37,9,12,3370.82,0.70807
37,9,13,3343.07,0.700927
37,9,14,3299.94,0.687605
37,9,15,3239.24,0.662363
37,9,16,3160.31,0.622475
37,9,17,3064.7,0.570222
37,9,18,2956.64,0.512277
37,9,19,2842.64,0.456707
37,9,20,2729.95,0.409292
37,9,21,2625.42,0.371954
37,9,22,2534.13,0.3425
37,9,23,2457.97,0.316677
37,9,24,2396.18,0.290226
37,9,25,2346.15,0.260777
37,9,26,2305.13,0.228199
37,9,27,2270.79,0.194902
37,9,28,2242.34,0.164729
37,9,29,2220.36,0.142057
37,9,30,2206.26,0.130091
37,9,31,2201.58,0.129927
37,9,32,2206.41,0.139885
37,9,33,2219,0.15527
37,9,34,2236.11,0.169625
37,9,35,2254.06,0.17658
37,9,36,2270.46,0.172115
37,9,37,2284.71,0.155859
37,9,38,2298.78,0.130999
37,9,39,2316.17,0.102456
37,9,40,2339.6,0.075046
37,9,41,2371.05,0.0519954
37,9,42,2409.54,0.0346586
37,9,43,2450.4,0.0227986
37,9,44,2485.56,0.0153571
37,9,45,2504.4,0.0110153
37,9,46,2495.45,0.00852329
37,9,47,2448.02,0.00708867
37,9,48,2353.89,0.00599305
37,9,49,2209.32,0.0049316
37,10,0,3186.7,0.328266
37,10,1,3338.56,0.393135
37,10,2,3418.29,0.45112
37,10,3,3442.65,0.50312
37,10,4,3428.45,0.550775
37,10,5,3393.05,0.593966
37,10,6,3354.13,0.630025
37,10,7,3325.91,0.655483
37,10,8,3314.86,0.668218
37,10,9,3318.83,0.669439
37,10,10,3329.97,0.663235
37,10,11,3338.74,0.654048
37,10,12,3338,0.644628
37,10,13,3321.77,0.633848
37,10,14,3285.72,0.617489
37,10,15,3227.23,0.591295
37,10,16,3146.17,0.553718
37,10,17,3045.42,0.507312
37,10,18,2931.18,0.457987
37,10,19,2811.94,0.412223
37,10,20,2696.45,0.374327
37,10,21,2591.95,0.345277
37,10,22,2502.73,0.32272
37,10,23,2429.23,0.302707
37,10,24,2369.1,0.281294
37,10,25,2318.51,0.256073
37,10,26,2274.15,0.226552
37,10,27,2233.8,0.194775
37,10,28,2197.55,0.164519
37,10,29,2167.58,0.140598
37,10,30,2147.32,0.127054
37,10,31,2140.16,0.125851
37,10,32,2147.25,0.13586
37,10,33,2166.74,0.152459
37,10,34,2194.09,0.168812
37,10,35,2223.71,0.177947
37,10,36,2251.26,0.175342
37,10,37,2274.64,0.160365
37,10,38,2294.93,0.136181
37,10,39,2315.46,0.107798
37,10,40,2339.35,0.0801399
37,10,41,2369.41,0.056456
37,10,42,2405.69,0.0381263
37,10,43,2444.51,0.0250122
37,10,44,2478.53,0.0162383
37,10,45,2497.56,0.0107015
37,10,46,2490.08,0.00733622
37,10,47,2445.11,0.0054394
37,10,48,2353.94,0.0042624
37,10,49,2212.29,0.00339641
37,11,0,3112.7,0.299424
37,11,1,3270.32,0.360693
37,11,2,3353.92,0.416206
37,11,3,3379.2,0.466352
37,11,4,3362.98,0.512177
37,11,5,3323.61,0.55322
37,11,6,3280.88,0.586885
37,11,7,3251.68,0.610038
37,11,8,3244.6,0.620922
37,11,9,3257.64,0.620765
37,11,10,3281.16,0.613225
37,11,11,3302.99,0.602074
37,11,12,3313.4,0.589592
37,11,13,3304.76,0.574906
37,11,14,3272,0.555019
37,11,15,3212.59,0.52731
37,11,16,3127.13,0.491498
37,11,17,3019.89,0.450438
37,11,18,2898.84,0.409228
37,11,19,2774.24,0.372697
37,11,20,2656.11,0.343636
37,11,21,2551.91,0.322047
37,11,22,2465.16,0.305451
37,11,23,2395.07,0.290307
37,11,24,2338.05,0.273131
37,11,25,2289.36,0.251642
37,11,26,2245.23,0.225123
37,11,27,2203.36,0.195192
37,11,28,2164.26,0.165382
37,11,29,2130.9,0.140634
37,11,30,2107.86,0.12555
37,11,31,2099.75,0.122812
37,11,32,2108.6,0.131881
37,11,33,2132.78,0.148458
37,11,34,2167.17,0.165702
37,11,35,2205.01,0.176409
37,11,36,2240.63,0.175755
37,11,37,2270.74,0.162796
37,11,38,2295.61,0.140416
37,11,39,2318.35,0.113368
37,11,40,2342.35,0.0864028
37,11,41,2371.14,0.0626579
37,11,42,2405.66,0.043558
37,11,43,2443.1,0.0291748
37,11,44,2476.77,0.0189369
37,11,45,2496.79,0.0120384
37,11,46,2491.57,0.0076256
37,11,47,2449.72,0.00506041
37,11,48,2361.93,0.00357039
37,11,49,2223.21,0.00265306
37,12,0,3034.12,0.28118
37,12,1,3198.3,0.33925
37,12,2,3287.2,0.39154
37,12,3,3315.54,0.438116
37,12,4,3300.26,0.479923
37,12,5,3260.64,0.5168
37,12,6,3218.07,0.546812
37,12,7,3191.2,0.567456
37,12,8,3189.61,0.577281
37,12,9,3210.94,0.577178
37,12,10,3243.92,0.569911
37,12,11,3274.38,0.55822
37,12,12,3290.85,0.54375
37,12,13,3284.85,0.525848
37,12,14,3251.15,0.502746
37,12,15,3187.61,0.473447
37,12,16,3095.76,0.438917
37,12,17,2981.22,0.402333
37,12,18,2853.6,0.368031
37,12,19,2724.58,0.339302
37,12,20,2605.08,0.317538
37,12,21,2502.47,0.301857
37,12,22,2419.51,0.289734
37,12,23,2354.4,0.278142
37,12,24,2302.64,0.26419
37,12,25,2258.93,0.245881
37,12,26,2219.12,0.22238
37,12,27,2180.72,0.194819
37,12,28,2144.16,0.166268
37,12,29,2112.38,0.141455
37,12,30,2090.21,0.125225
37,12,31,2082.71,0.120775
37,12,32,2092.53,0.128155
37,12,33,2118.57,0.143606
37,12,34,2155.9,0.160648
37,12,35,2197.5,0.172238
37,12,36,2237.12,0.173492
37,12,37,2270.72,0.163167
37,12,38,2298.03,0.143644
37,12,39,2321.94,0.119095
37,12,40,2346,0.09379
37,12,41,2374.2,0.070581
37,12,42,2408.08,0.0509314
37,12,43,2445.35,0.0352286
37,12,44,2479.74,0.0233416
37,12,45,2501.58,0.0148679
37,12,46,2499.17,0.00921526
37,12,47,2460.78,0.00579763
37,12,48,2376.51,0.00381249
37,12,49,2240.6,0.00265441
37,13,0,2952.11,0.270288
37,13,1,3123.1,0.324721
37,13,2,3218.26,0.372335
37,13,3,3251.34,0.413156
37,13,4,3239.49,0.448543
37,13,5,3202.78,0.479247
37,13,6,3163.55,0.50451
37,13,7,3141.05,0.522732
37,13,8,3144.92,0.532699
37,13,9,3172.15,0.534641
37,13,10,3210.39,0.529988
37,13,11,3244.42,0.520071
37,13,12,3261.95,0.505657
37,13,13,3254.2,0.486162
37,13,14,3216.1,0.460878
37,13,15,3146.13,0.430289
37,13,16,3046.81,0.396549
37,13,17,2925.16,0.363237
37,13,18,2792.18,0.334113
37,13,19,2660.63,0.311223
37,13,20,2541.76,0.29478
37,13,21,2442.52,0.283155
37,13,22,2364.81,0.273842
37,13,23,2306.07,0.264397
37,13,24,2261.32,0.252626
37,13,25,2225.01,0.236956
37,13,26,2192.84,0.216535
37,13,27,2162.05,0.191976
37,13,28,2132.59,0.165685
37,13,29,2106.78,0.141863
37,13,30,2088.89,0.125266
37,13,31,2083.75,0.119358
37,13,32,2094.22,0.124705
37,13,33,2119.88,0.138212
37,13,34,2156.59,0.154045
37,13,35,2197.85,0.165688
37,13,36,2237.58,0.168489
37,13,37,2271.61,0.161016
37,13,38,2299.46,0.145044
37,13,39,2323.92,0.123916
37,13,40,2348.55,0.101138
37,13,41,2377.47,0.07909
37,13,42,2412.38,0.0592223
37,13,43,2451.07,0.0422988
37,13,44,2487.35,0.0287355
37,13,45,2511.65,0.0186236
37,13,46,2512.28,0.0116756
37,13,47,2477.3,0.00734949
37,13,48,2396.42,0.00479662
37,13,49,2263.17,0.00329471
37,14,0,2868.08,0.263511
37,14,1,3045.39,0.313429
37,14,2,3147.05,0.354747
37,14,3,3185.82,0.387729
37,14,4,3179.03,0.414576
37,14,5,3147.31,0.437434
37,14,6,3113.22,0.457101
37,14,7,3095.68,0.473104
37,14,8,3103.7,0.484444
37,14,9,3133.69,0.490463
37,14,10,3173,0.490925
37,14,11,3206.31,0.485396
37,14,12,3221.15,0.473472
37,14,13,3208.8,0.454393
37,14,14,3164.48,0.428246
37,14,15,3087.32,0.396803
37,14,16,2980.94,0.363351
37,14,17,2853.64,0.332006
37,14,18,2717.58,0.306209
37,14,19,2586.04,0.287107
37,14,20,2470.03,0.273964
37,14,21,2375.63,0.264539
37,14,22,2303.85,0.256396
37,14,23,2251.68,0.24772
37,14,24,2214.12,0.23711
37,14,25,2185.84,0.223546
37,14,26,2162.7,0.206247
37,14,27,2141.74,0.185306
37,14,28,2122.27,0.162309
37,14,29,2105.52,0.140668
37,14,30,2094.71,0.124735
37,14,31,2093.78,0.117964
37,14,32,2105.45,0.121292
37,14,33,2129.83,0.132314
37,14,34,2163.81,0.146032
37,14,35,2201.97,0.156769
37,14,36,2239.09,0.160414
37,14,37,2271.47,0.155554
37,14,38,2298.82,0.143389
37,14,39,2323.97,0.126311
37,14,40,2350.32,0.106844
37,14,41,2381.75,0.086711
37,14,42,2419.58,0.0672337
37,14,43,2461.24,0.0495212
37,14,44,2500.39,0.0345591
37,14,45,2527.49,0.022974
37,14,46,2531,0.0148162
37,14,47,2499.09,0.00960621
37,14,48,2421.26,0.0064545
37,14,49,2290.46,0.00452881
37,15,0,2785.05,0.259315
37,15,1,2967.4,0.304126
37,15,2,3074.9,0.338126
37,15,3,3119.35,0.362002
37,15,4,3118.1,0.379028
37,15,5,3092.01,0.393001
37,15,6,3063.28,0.406484
37,15,7,3049.88,0.420302
37,15,8,3059.89,0.433757
37,15,9,3089.53,0.445276
37,15,10,3126.59,0.452823
37,15,11,3156.3,0.453958
37,15,12,3166.51,0.446801
37,15,13,3148.65,0.430094
37,15,14,3098.22,0.404385
37,15,15,3014.98,0.372505
37,15,16,2903.54,0.338836
37,15,17,2773.36,0.308182
37,15,18,2637.31,0.283936
37,15,19,2508.59,0.266684
37,15,20,2397.36,0.254947
37,15,21,2308.49,0.246002
37,15,22,2242.07,0.237535
37,15,23,2194.96,0.228392
37,15,24,2162.76,0.218023
37,15,25,2140.96,0.20605
37,15,26,2125.98,0.191806
37,15,27,2114.9,0.174876
37,15,28,2106.31,0.155927
37,15,29,2100.18,0.137398
37,15,30,2098.24,0.122984
37,15,31,2103.2,0.115884
37,15,32,2117.19,0.117263
37,15,33,2140.63,0.125379
37,15,34,2171.45,0.136182
37,15,35,2205.62,0.145056
37,15,36,2239.24,0.148687
37,15,37,2269.6,0.145898
37,15,38,2296.9,0.137428
37,15,39,2324.03,0.124726
37,15,40,2353.92,0.109227
37,15,41,2389.78,0.0918677
37,15,42,2432.13,0.0736847
37,15,43,2477.78,0.0559989
37,15,44,2520.12,0.0402759
37,15,45,2549.79,0.0276429
37,15,46,2555.62,0.0185012
37,15,47,2526.15,0.0124846
37,15,48,2450.92,0.00870895
37,15,49,2322.38,0.00627501
37,16,0,2707.39,0.258096
37,16,1,2892.8,0.298129
37,16,2,3004.71,0.325014
37,16,3,3053.89,0.339869
37,16,4,3057.58,0.347043
37,16,5,3036.48,0.351979
37,16,6,3012.03,0.359037
37,16,7,3001,0.370468
37,16,8,3010.72,0.38607
37,16,9,3037.63,0.403557
37,16,10,3070.53,0.419207
37,16,11,3095.63,0.428489
37,16,12,3101.23,0.427792
37,16,13,3078.89,0.414992
37,16,14,3024.27,0.39072
37,16,15,2937.61,0.358619
37,16,16,2824.3,0.324138
37,16,17,2694.64,0.292919
37,16,18,2561.75,0.268563
37,16,19,2438.22,0.251392
37,16,20,2332.88,0.239347
37,16,21,2249.1,0.229338
37,16,22,2186.12,0.21922
37,16,23,2141.03,0.208513
37,16,24,2110.6,0.197551
37,16,25,2091.82,0.186631
37,16,26,2082.2,0.175206
37,16,27,2079.15,0.162356
37,16,28,2080.58,0.147772
37,16,29,2085.06,0.132813
37,16,30,2092.63,0.120353
37,16,31,2104.48,0.113162
37,16,32,2121.92,0.112545
37,16,33,2145.45,0.117394
37,16,34,2174.01,0.124642
37,16,35,2205.08,0.130842
37,16,36,2236.35,0.133611
37,16,37,2266.3,0.132164
37,16,38,2295.67,0.126935
37,16,39,2327.15,0.118565
37,16,40,2362.82,0.107442
37,16,41,2404.78,0.0936794
37,16,42,2452.51,0.0778555
37,16,43,2502.22,0.0612718
37,16,44,2547.24,0.0456655
37,16,45,2578.59,0.0325509
37,16,46,2585.79,0.0226815
37,16,47,2557.93,0.015896
37,16,48,2484.74,0.0114165
37,16,49,2358.22,0.00835818
37,17,0,2638.77,0.260265
37,17,1,2825.07,0.296858
37,17,2,2939.5,0.318136
37,17,3,2991.91,0.325482
37,17,4,2999.17,0.324084
37,17,5,2981.54,0.3208
37,17,6,2959.54,0.321647
37,17,7,2948.9,0.33037
37,17,8,2956.55,0.347541
37,17,9,2979.64,0.370547
37,17,10,3008.28,0.394324
37,17,11,3029.7,0.412354
37,17,12,3032.63,0.419122
37,17,13,3008.53,0.411274
37,17,14,2952.97,0.389121
37,17,15,2866.39,0.356863
37,17,16,2754.73,0.320977
37,17,17,2628.76,0.28808
37,17,18,2501.52,0.262214
37,17,19,2384.63,0.243664
37,17,20,2285.27,0.229922
37,17,21,2205.26,0.217627
37,17,22,2143,0.204827
37,17,23,2096.11,0.191693
37,17,24,2063.04,0.179429
37,17,25,2042.81,0.168977
37,17,26,2034.59,0.159891
37,17,27,2036.45,0.150759
37,17,28,2045.71,0.14031
37,17,29,2059.44,0.128814
37,17,30,2075.91,0.118256
37,17,31,2094.65,0.110912
37,17,32,2116.06,0.108177
37,17,33,2140.72,0.109533
37,17,34,2168.52,0.112855
37,17,35,2198.55,0.115823
37,17,36,2230.08,0.116978
37,17,37,2262.74,0.116005
37,17,38,2297.46,0.11322
37,17,39,2336.29,0.1087
37,17,40,2379.91,0.10199
37,17,41,2429.03,0.0924322
37,17,42,2482.11,0.0799737
37,17,43,2535.05,0.065592
37,17,44,2581.48,0.0509951
37,17,45,2613.18,0.0379153
37,17,46,2620.54,0.0274581
37,17,47,2593.36,0.0198006
37,17,48,2521.61,0.0144217
37,17,49,2396.85,0.0105621
37,18,0,2580.26,0.264464
37,18,1,2765.72,0.299401
37,18,2,2881.02,0.317341
37,18,3,2935.16,0.319659
37,18,4,2944.46,0.312011
37,18,5,2928.61,0.302265
37,18,6,2907.26,0.297827
37,18,7,2895.53,0.303914
37,18,8,2900.49,0.322117
37,18,9,2920.32,0.349948
37,18,10,2946.45,0.381449
37,18,11,2966.93,0.408344
37,18,12,2970.55,0.423131
37,18,13,2948.3,0.420891
37,18,14,2895.35,0.401225
37,18,15,2812.09,0.368637
37,18,16,2704.79,0.330607
37,18,17,2584.49,0.294877
37,18,18,2463.99,0.266175
37,18,19,2353.85,0.244987
37,18,20,2259.57,0.228494
37,18,21,2181.46,0.213132
37,18,22,2117.22,0.19709
37,18,23,2065.1,0.181072
37,18,24,2025.39,0.167028
37,18,25,1999.55,0.156451
37,18,26,1988.7,0.148994
37,18,27,1991.9,0.142832
37,18,28,2005.99,0.135856
37,18,29,2026.65,0.127358
37,18,30,2050.3,0.118465
37,18,31,2074.88,0.110941
37,18,32,2100.01,0.106211
37,18,33,2126.39,0.104246
37,18,34,2154.97,0.103697
37,18,35,2186.38,0.103199
37,18,36,2221.38,0.102097
37,18,37,2260.37,0.100581
37,18,38,2303.96,0.0990693
37,18,39,2352.92,0.0974238
37,18,40,2406.13,0.0946596
37,18,41,2462.8,0.0894719
37,18,42,2520.56,0.08103
37,18,43,2575.39,0.0696626
37,18,44,2621.68,0.0567186
37,18,45,2652.23,0.0439622
37,18,46,2658.47,0.0328568
37,18,47,2630.97,0.0240664
37,18,48,2559.96,0.0174955
37,18,49,2436.54,0.0126244
37,19,0,2529.88,0.267125
37,19,1,2713.74,0.301894
37,19,2,2829.15,0.318777
37,19,3,2884.28,0.318876
37,19,4,2894.74,0.307891
37,19,5,2879.56,0.294229
37,19,6,2857.84,0.286321
37,19,7,2844.63,0.290715
37,19,8,2847.71,0.310141
37,19,9,2866.46,0.342575
37,19,10,2893.4,0.381572
37,19,11,2916.87,0.417381
37,19,12,2925.14,0.440531
37,19,13,2908.31,0.444321
37,19,14,2860.9,0.427351
37,19,15,2783.1,0.394203
37,19,16,2681.37,0.35331
37,19,17,2567.02,0.31364
37,19,18,2452.64,0.280847
37,19,19,2347.87,0.255866
37,19,20,2256.8,0.235768
37,19,21,2178.49,0.216867
37,19,22,2110.08,0.197396
37,19,23,2050.45,0.17836
37,19,24,2001.58,0.162212
37,19,25,1967.25,0.150845
37,19,26,1950.64,0.144038
37,19,27,1951.93,0.13974
37,19,28,1967.69,0.135272
37,19,29,1992.36,0.129188
37,19,30,2020.75,0.121862
37,19,31,2049.41,0.114526
37,19,32,2077.39,0.108488
37,19,33,2105.64,0.10398
37,19,34,2136.21,0.100148
37,19,35,2171.15,0.0963072
37,19,36,2212.4,0.0924394
37,19,37,2260.67,0.0892696
37,19,38,2315.68,0.0875786
37,19,39,2376.48,0.0873978
37,19,40,2439.98,0.0875771
37,19,41,2503.93,0.0863335
37,19,42,2565.45,0.0819697
37,19,43,2620.93,0.0739082
37,19,44,2665.74,0.0628621
37,19,45,2693.9,0.0504647
37,19,46,2697.93,0.0385308
37,19,47,2669.19,0.0283235
37,19,48,2598.15,0.020303
37,19,49,2475.53,0.0142709
37,20,0,2484.9,0.264582
37,20,1,2667.35,0.299847
37,20,2,2783.1,0.317302
37,20,3,2839.48,0.317613
37,20,4,2851.23,0.30618
37,20,5,2836.77,0.291508
37,20,6,2814.91,0.282637
37,20,7,2801.18,0.287162
37,20,8,2804.42,0.308862
37,20,9,2825.19,0.34629
37,20,10,2856.64,0.392775
37,20,11,2886.73,0.437388
37,20,12,2902.76,0.468861
37,20,13,2893.68,0.478719
37,20,14,2853.27,0.464444
37,20,15,2781.56,0.430534
37,20,16,2685.19,0.386258
37,20,17,2575.68,0.341804
37,20,18,2465.54,0.303918
37,20,19,2363.77,0.274227
37,20,20,2273.55,0.249962
37,20,21,2193.11,0.22743
37,20,22,2119.33,0.204778
37,20,23,2051.55,0.182984
37,20,24,1992.99,0.164638
37,20,25,1949.33,0.151815
37,20,26,1925.39,0.144484
37,20,27,1922.44,0.140671
37,20,28,1937.02,0.137557
37,20,29,1962.71,0.133324
37,20,30,1993.15,0.127761
37,20,31,2023.84,0.121513
37,20,32,2053.52,0.115512
37,20,33,2083.5,0.109895
37,20,34,2116.77,0.103917
37,20,35,2156.56,0.0972451
37,20,36,2205.56,0.090321
37,20,37,2264.33,0.0844458
37,20,38,2331.41,0.0810107
37,20,39,2403.98,0.0805791
37,20,40,2477.16,0.0821906
37,20,41,2547.59,0.0837889
37,20,42,2612.06,0.0828442
37,20,43,2667.46,0.0777692
37,20,44,2710.16,0.0684876
37,20,45,2735.31,0.0563782
37,20,46,2736.5,0.0435486
37,20,47,2705.85,0.0318674
37,20,48,2634.15,0.0223817
37,20,49,2511.82,0.0152337
37,21,0,2444.58,0.255148
37,21,1,2626.26,0.290745
37,21,2,2743.15,0.309541
37,21,3,2801.72,0.311753
37,21,4,2815.84,0.302263
37,21,5,2803.33,0.289318
37,21,6,2782.87,0.282145
37,21,7,2770.6,0.288979
37,21,8,2776.48,0.314332
37,21,9,2801.93,0.357209
37,21,10,2840.22,0.410822
37,21,11,2878.57,0.463399
37,21,12,2903.17,0.502301
37,21,13,2901.95,0.517614
37,21,14,2868.21,0.505855
37,21,15,2801.88,0.47134
37,21,16,2709.73,0.423904
37,21,17,2603.36,0.374686
37,21,18,2495.12,0.331445
37,21,19,2393.71,0.29664
37,21,20,2301.96,0.267964
37,21,21,2217.94,0.241921
37,21,22,2138.63,0.21652
37,21,23,2063.7,0.192406
37,21,24,1997.04,0.171898
37,21,25,1945.35,0.157008
37,21,26,1914.45,0.147947
37,21,27,1906.38,0.143169
37,21,28,1917.84,0.140206
37,21,29,1942.09,0.137304
37,21,30,1972.15,0.133873
37,21,31,2003.01,0.129912
37,21,32,2033.33,0.125672
37,21,33,2064.75,0.120788
37,21,34,2100.91,0.114221
37,21,35,2145.75,0.105647
37,21,36,2202.27,0.0957791
37,21,37,2270.61,0.0864905
37,21,38,2348.15,0.0799467
37,21,39,2430.58,0.0775016
37,21,40,2511.71,0.0786905
37,21,41,2587.43,0.0814369
37,21,42,2654.32,0.0825868
37,21,43,2709.65,0.0796526
37,21,44,2750.46,0.071775
37,21,45,2772.81,0.0599902
37,21,46,2771.18,0.0465531
37,21,47,2738.45,0.0337904
37,21,48,2665.8,0.0232329
37,21,49,2543.48,0.0153071
37,22,0,2412.15,0.241068
37,22,1,2593.56,0.276559
37,22,2,2712.2,0.296885
37,22,3,2773.89,0.301916
37,22,4,2791.73,0.29595
37,22,5,2782.98,0.286746
37,22,6,2766.1,0.283329
37,22,7,2757.52,0.294093
37,22,8,2767.78,0.323816
37,22,9,2798.68,0.371667
37,22,10,2843.31,0.430784
37,22,11,2888.32,0.489015
37,22,12,2919.25,0.533072
37,22,13,2923.62,0.55232
37,22,14,2894.63,0.542732
37,22,15,2832.23,0.508381
37,22,16,2743.09,0.459176
37,22,17,2638.45,0.406563
37,22,18,2530.32,0.358875
37,22,19,2427.18,0.319312
37,22,20,2332.12,0.286302
37,22,21,2243.77,0.256863
37,22,22,2159.68,0.228998
37,22,23,2079.84,0.202899
37,22,24,2008.22,0.180307
37,22,25,1951.6,0.162935
37,22,26,1915.9,0.151222
37,22,27,1903.43,0.144297
37,22,28,1911.09,0.140455
37,22,29,1932.3,0.138398
37,22,30,1960.19,0.137391
37,22,31,1989.75,0.136778
37,22,32,2019.78,0.135914
37,22,33,2052.12,0.133598
37,22,34,2090.68,0.12816
37,22,35,2139.57,0.118964
37,22,36,2201.71,0.106775
37,22,37,2276.75,0.093931
37,22,38,2361.32,0.0833877
37,22,39,2450.28,0.077407
37,22,40,2536.81,0.0762558
37,22,41,2616.39,0.0781403
37,22,42,2685.45,0.0796544
37,22,43,2741.27,0.0777182
37,22,44,2781.2,0.0708378
37,22,45,2801.75,0.0596445
37,22,46,2798.11,0.046309
37,22,47,2763.8,0.0333297
37,22,48,2690.44,0.0224979
37,22,49,2568.29,0.0144052
37,23,0,2393.63,0.227895
37,23,1,2574.85,0.263276
37,23,2,2695.16,0.285286
37,23,3,2760.2,0.293588
37,23,4,2782.59,0.291925
37,23,5,2779.02,0.287426
37,23,6,2767.37,0.288583
37,23,7,2763.68,0.303467
37,23,8,2778.19,0.336646
37,23,9,2812.52,0.387175
37,23,10,2859.73,0.448248
37,23,11,2906.58,0.50796
37,23,12,2938.96,0.553368
37,23,13,2944.82,0.574105
37,23,14,2917.69,0.566204
37,23,15,2857.53,0.533421
37,23,16,2770.49,0.485045
37,23,17,2666.97,0.431863
37,23,18,2558.12,0.381962
37,23,19,2452.23,0.338909
37,23,20,2353.05,0.302013
37,23,21,2260.39,0.269171
37,23,22,2172.95,0.238751
37,23,23,2091.11,0.210648
37,23,24,2018.48,0.185962
37,23,25,1961.04,0.165952
37,23,26,1923.91,0.151193
37,23,27,1909.04,0.14152
37,23,28,1913.48,0.136165
37,23,29,1931.19,0.134509
37,23,30,1955.93,0.135875
37,23,31,1983.21,0.139059
37,23,32,2012.18,0.142511
37,23,33,2044.74,0.144069
37,23,34,2084.65,0.141276
37,23,35,2135.72,0.132936
37,23,36,2200.49,0.119608
37,23,37,2278.3,0.103842
37,23,38,2365.63,0.0892088
37,23,39,2457.26,0.0788208
37,23,40,2546.39,0.0738149
37,23,41,2628.4,0.0729922
37,23,42,2699.54,0.0731625
37,23,43,2756.81,0.0710829
37,23,44,2797.36,0.0648655
37,23,45,2817.79,0.0547027
37,23,46,2813.6,0.0424181
37,23,47,2778.84,0.0303309
37,23,48,2705.57,0.0202133
37,23,49,2584.21,0.0126757
37,24,0,2395.03,0.222057
37,24,1,2575.73,0.258153
37,24,2,2696.94,0.282349
37,24,3,2764.61,0.294199
37,24,4,2791.28,0.296961
37,24,5,2793.08,0.297056
37,24,6,2786.84,0.302186
37,24,7,2787.32,0.319699
37,24,8,2803.62,0.353584
37,24,9,2836.83,0.402655
37,24,10,2880.41,0.460442
37,24,11,2922.27,0.51605
37,24,12,2949.83,0.557978
37,24,13,2952.3,0.577176
37,24,14,2923.89,0.570353
37,24,15,2864.43,0.540861
37,24,16,2779.17,0.496612
37,24,17,2677.05,0.446638
37,24,18,2567.9,0.39776
37,24,19,2459.57,0.353294
37,24,20,2356.68,0.313359
37,24,21,2260.66,0.277037
37,24,22,2171.75,0.243558
37,24,23,2090.86,0.212965
37,24,24,2020.96,0.185953
37,24,25,1966.63,0.163351
37,24,26,1931.48,0.145728
37,24,27,1916.57,0.13343
37,24,28,1918.99,0.126492
37,24,29,1933.42,0.124947
37,24,30,1954.66,0.128294
37,24,31,1979.11,0.134986
37,24,32,2006.38,0.142781
37,24,33,2038.35,0.148707
37,24,34,2078.29,0.149571
37,24,35,2129.39,0.1435
37,24,36,2193.69,0.130587
37,24,37,2270.44,0.113241
37,24,38,2356.53,0.0953048
37,24,39,2447.35,0.0805277
37,24,40,2536.61,0.0709318
37,24,41,2619.89,0.0661663
37,24,42,2693.18,0.0637011
37,24,43,2752.98,0.0605658
37,24,44,2795.89,0.054746
37,24,45,2818.16,0.0460037
37,24,46,2815.33,0.035602
37,24,47,2781.68,0.0253747
37,24,48,2709.7,0.0168242
37,24,49,2590.02,0.0104479
37,25,0,2418.37,0.227985
37,25,1,2598.17,0.266304
37,25,2,2719.15,0.293547
37,25,3,2788.13,0.309206
37,25,4,2817.83,0.316114
37,25,5,2823.8,0.319932
37,25,6,2821.43,0.32737
37,25,7,2823.51,0.344761
37,25,8,2837.44,0.375343
37,25,9,2863.7,0.417772
37,25,10,2896.66,0.466358
37,25,11,2926.4,0.511993
37,25,12,2942.86,0.545584
37,25,13,2937.23,0.560249
37,25,14,2904.67,0.553823
37,25,15,2844.78,0.529144
37,25,16,2761.52,0.492116
37,25,17,2661.88,0.449113
37,25,18,2553.92,0.404757
37,25,19,2444.78,0.361416
37,25,20,2339.89,0.319727
37,25,21,2242.34,0.280047
37,25,22,2154.09,0.242905
37,25,23,2076.6,0.209065
37,25,24,2012.09,0.17929
37,25,25,1963.44,0.1542
37,25,26,1932.48,0.134274
37,25,27,1919.16,0.120035
37,25,28,1920.56,0.111958
37,25,29,1932.19,0.110456
37,25,30,1950.06,0.115202
37,25,31,1971.58,0.124531
37,25,32,1996.87,0.135875
37,25,33,2027.64,0.145814
37,25,34,2066.49,0.150672
37,25,35,2115.82,0.14794
37,25,36,2177.15,0.137053
37,25,37,2249.89,0.119903
37,25,38,2331.71,0.100178
37,25,39,2419.11,0.0819298
37,25,40,2506.7,0.0679515
37,25,41,2590.42,0.0588727
37,25,42,2666.06,0.0531424
37,25,43,2729.47,0.0484067
37,25,44,2776.43,0.0427633
37,25,45,2802.57,0.0356005
37,25,46,2803.06,0.0275185
37,25,47,2772.24,0.0196818
37,25,48,2702.84,0.0131604
37,25,49,2585.74,0.00825356
37,26,0,2460.45,0.246568
37,26,1,2639.25,0.288807
37,26,2,2759.13,0.320015
37,26,3,2828.03,0.339615
37,26,4,2859.02,0.350064
37,26,5,2867.04,0.356239
37,26,6,2865.84,0.363762
37,26,7,2866,0.37783
37,26,8,2872.97,0.400973
37,26,9,2886.74,0.431958
37,26,10,2902.98,0.466358
37,26,11,2914.56,0.497444
37,26,12,2914.66,0.519114
37,26,13,2897.01,0.527065
37,26,14,2858,0.520417
37,26,15,2796.96,0.50138
37,26,16,2716.31,0.47353
37,26,17,2620.77,0.440152
37,26,18,2516.34,0.403116
37,26,19,2409.15,0.363307
37,26,20,2305.15,0.321439
37,26,21,2208.78,0.27897
37,26,22,2123.41,0.237908
37,26,23,2050.93,0.200211
37,26,24,1992.79,0.167253
37,26,25,1950.3,0.139799
37,26,26,1923.74,0.118245
37,26,27,1912.15,0.102983
37,26,28,1912.78,0.0944692
37,26,29,1922.03,0.093102
37,26,30,1937.02,0.0986126
37,26,31,1956.12,0.109401
37,26,32,1979.74,0.122966
37,26,33,2009.26,0.135898
37,26,34,2046.51,0.144414
37,26,35,2093.03,0.145546
37,26,36,2149.91,0.138005
37,26,37,2216.86,0.122856
37,26,38,2292.6,0.103209
37,26,39,2375,0.0830354
37,26,40,2459.76,0.0656754
37,26,41,2543.39,0.0527301
37,26,42,2621.56,0.0437766
37,26,43,2689.43,0.0372826
37,26,44,2741.85,0.0316341
37,26,45,2773.53,0.0259402
37,26,46,2779.08,0.020152
37,26,47,2752.56,0.0147218
37,26,48,2686.78,0.0102269
37,26,49,2572.88,0.0067385
37,27,0,2513.86,0.275364
37,27,1,2691.97,0.322808
37,27,2,2810.4,0.358498
37,27,3,2878.2,0.381751
37,27,4,2908.83,0.39471
37,27,5,2916.64,0.401527
37,27,6,2913.82,0.40678
37,27,7,2908.78,0.414621
37,27,8,2905.19,0.427104
37,27,9,2902.6,0.443472
37,27,10,2898.13,0.460931
37,27,11,2887.55,0.475381
37,27,12,2867.69,0.483745
37,27,13,2835.23,0.484182
37,27,14,2788.1,0.476918
37,27,15,2725.5,0.463451
37,27,16,2648.24,0.445099
37,27,17,2558.68,0.422216
37,27,18,2460.62,0.393957
37,27,19,2358.98,0.35951
37,27,20,2259.64,0.319222
37,27,21,2167.73,0.275215
37,27,22,2087.32,0.230787
37,27,23,2020.41,0.189252
37,27,24,1967.79,0.152989
37,27,25,1929.73,0.123282
37,27,26,1905.72,0.100579
37,27,27,1894.55,0.0849903
37,27,28,1893.98,0.0766023
37,27,29,1901.25,0.0754326
37,27,30,1914.36,0.0811047
37,27,31,1932.24,0.0921676
37,27,32,1955.22,0.106475
37,27,33,1984.11,0.12104
37,27,34,2019.86,0.132348
37,27,35,2063.27,0.13725
37,27,36,2115.11,0.133797
37,27,37,2175.55,0.122064
37,27,38,2244.42,0.104257
37,27,39,2321.04,0.0839064
37,27,40,2402.27,0.0646152
37,27,41,2485.33,0.0488204
37,27,42,2565.9,0.0372121
37,27,43,2638.56,0.0291485
37,27,44,2697.18,0.0234098
37,27,45,2735.45,0.0189359
37,27,46,2747.14,0.0151208
37,27,47,2725.85,0.0117614
37,27,48,2664.29,0.00895226
37,27,49,2553.77,0.00655087
37,28,0,2569.64,0.310854
37,28,1,2747.77,0.364094
37,28,2,2865.03,0.404108
37,28,3,2931.33,0.430078
37,28,4,2960.49,0.443936
37,28,5,2966.34,0.449307
37,28,6,2959.79,0.44996
37,28,7,2947.46,0.449306
37,28,8,2931.48,0.449302
37,28,9,2911.05,0.450026
37,28,10,2884.5,0.450479
37,28,11,2850.31,0.449027
37,28,12,2808.92,0.445129
37,28,13,2760.18,0.43879
37,28,14,2703.93,0.430886
37,28,15,2639.52,0.422154
37,28,16,2566.33,0.412068
37,28,17,2484.51,0.398735
37,28,18,2395.74,0.379178
37,28,19,2303.45,0.351072
37,28,20,2212.81,0.314078
37,28,21,2128.6,0.270394
37,28,22,2054.71,0.224075
37,28,23,1992.8,0.179566
37,28,24,1943.3,0.140365
37,28,25,1906.36,0.108551
37,28,26,1881.72,0.0848401
37,28,27,1868.88,0.0691276
37,28,28,1866.5,0.0609892
37,28,29,1872.57,0.0598565
37,28,30,1885.45,0.0651038
37,28,31,1904.05,0.0754252
37,28,32,1928.03,0.0891643
37,28,33,1957.35,0.10401
37,28,34,1992.1,0.117
37,28,35,2032.5,0.125076
37,28,36,2079.23,0.125786
37,28,37,2133.1,0.118212
37,28,38,2195.02,0.103491
37,28,39,2265.64,0.0844551
37,28,40,2342.89,0.0647003
37,28,41,2424.74,0.0472959
37,28,42,2507.07,0.0339122
37,28,43,2584.03,0.0247546
37,28,44,2648.66,0.0190313
37,28,45,2693.56,0.0155997
37,28,46,2711.56,0.0134057
37,28,47,2695.62,0.0116808
37,28,48,2638.18,0.010078
37,28,49,2530.66,0.0082785
37,29,0,2619.81,0.349519
37,29,1,2798.94,0.408465
37,29,2,2915.81,0.452008
37,29,3,2980.91,0.479167
37,29,4,3008.24,0.491836
37,29,5,3011.33,0.493444
37,29,6,3000.13,0.487358
37,29,7,2979.92,0.476711
37,29,8,2951.67,0.463787
37,29,9,2914.25,0.449769
37,29,10,2866.84,0.435383
37,29,11,2810.13,0.42097
37,29,12,2747.73,0.407674
37,29,13,2682.65,0.396453
37,29,14,2616.86,0.388234
37,29,15,2550.29,0.382984
37,29,16,2481.35,0.378943
37,29,17,2408.42,0.372942
37,29,18,2331.23,0.360815
37,29,19,2251.5,0.339216
37,29,20,2172.91,0.306994
37,29,21,2098.91,0.265845
37,29,22,2032.29,0.219838
37,29,23,1974.06,0.174005
37,29,24,1924.74,0.132762
37,29,25,1885.3,0.0990833
37,29,26,1856.92,0.0741926
37,29,27,1840.66,0.0580139
37,29,28,1836.41,0.0497135
37,29,29,1842.65,0.0481414
37,29,30,1857.45,0.0523564
37,29,31,1878.94,0.0611372
37,29,32,1905.57,0.0732979
37,29,33,1936.24,0.0872726
37,29,34,1970.29,0.100777
37,29,35,2007.73,0.11105
37,29,36,2049.45,0.115346
37,29,37,2097.04,0.111897
37,29,38,2152.42,0.100798
37,29,39,2217.25,0.084068
37,29,40,2290.3,0.0650966
37,29,41,2370.19,0.0473516
37,29,42,2453.09,0.0332694
37,29,43,2533.03,0.0237706
37,29,44,2602.44,0.0184528
37,29,45,2652.95,0.0161316
37,29,46,2676.42,0.0153852
37,29,47,2665.05,0.0149579
37,29,48,2610.89,0.0141035
37,29,49,2505.47,0.0123765
37,30,0,2658.47,0.388721
37,30,1,2839.69,0.452805
37,30,2,2957.35,0.498698
37,30,3,3022.14,0.525264
37,30,4,3048.16,0.534588
37,30,5,3048.69,0.530304
37,30,6,3033.07,0.515855
37,30,7,3005.72,0.494563
37,30,8,2966.85,0.469378
37,30,9,2915.08,0.442706
37,30,10,2850.08,0.416763
37,30,11,2774.09,0.393234
37,30,12,2693.15,0.374036
37,30,13,2613.02,0.360188
37,30,14,2537.83,0.352118
37,30,15,2468.57,0.349063
37,30,16,2403.37,0.348653
37,30,17,2339.45,0.347402
37,30,18,2274.88,0.34093
37,30,19,2209.5,0.325494
37,30,20,2144.83,0.299175
37,30,21,2082.19,0.262723
37,30,22,2022.67,0.219489
37,30,23,1966.56,0.174394
37,30,24,1914.92,0.132355
37,30,25,1870.38,0.0971577
37,30,26,1836.38,0.0707236
37,30,27,1816.11,0.0533397
37,30,28,1810.76,0.0440445
37,30,29,1818.91,0.0412985
37,30,30,1837.68,0.0438723
37,30,31,1863.72,0.0505531
37,30,32,1893.95,0.0604989
37,30,33,1926.18,0.072788
37,30,34,1959.33,0.0857864
37,30,35,1993.59,0.097136
37,30,36,2030.41,0.103997
37,30,37,2072.27,0.104001
37,30,38,2121.9,0.0963909
37,30,39,2181.62,0.0824113
37,30,40,2250.61,0.0651254
37,30,41,2327.9,0.0481749
37,30,42,2409.99,0.0345072
37,30,43,2491.06,0.0255694
37,30,44,2563.27,0.0212556
37,30,45,2617.55,0.0203324
37,30,46,2644.8,0.0210485
37,30,47,2636.45,0.0217106
37,30,48,2584.11,0.0212114
37,30,49,2479.43,0.0190341
37,31,0,2682.08,0.425963
37,31,1,2866.47,0.494463
37,31,2,2986.34,0.541646
37,31,3,3052.28,0.566245
37,31,4,3078.26,0.570731
37,31,5,3077.3,0.559279
37,31,6,3058.35,0.535782
37,31,7,3025.4,0.504075
37,31,8,2978.33,0.467939
37,31,9,2915.69,0.430963
37,31,10,2837.49,0.396566
37,31,11,2746.8,0.367233
37,31,12,2651.21,0.344961
37,31,13,2558.44,0.330215
37,31,14,2474.61,0.322589
37,31,15,2402.13,0.320688
37,31,16,2339.57,0.322024
37,31,17,2283.7,0.323479
37,31,18,2231.28,0.321178
37,31,19,2180.17,0.311497
37,31,20,2129.38,0.291886
37,31,21,2077.76,0.261926
37,31,22,2024.5,0.223703
37,31,23,1969.34,0.181391
37,31,24,1914.23,0.139914
37,31,25,1863.87,0.103647
37,31,26,1824.24,0.0753065
37,31,27,1800.72,0.0558512
37,31,28,1795.61,0.0445563
37,31,29,1807.1,0.0398008
37,31,30,1830.87,0.0401754
37,31,31,1861.79,0.0444169
37,31,32,1895.26,0.0518468
37,31,33,1928.26,0.0619728
37,31,34,1959.74,0.0736642
37,31,35,1990.45,0.0849665
37,31,36,2022.64,0.0931184
37,31,37,2059.61,0.0954499
37,31,38,2104.68,0.0906503
37,31,39,2160.35,0.0793551
37,31,40,2225.8,0.0642741
37,31,41,2300.19,0.049029
37,31,42,2380.34,0.0368136
37,31,43,2460.8,0.0293766
37,31,44,2533.78,0.0267691
37,31,45,2589.77,0.0276554
37,31,46,2618.84,0.0299563
37,31,47,2611.65,0.0315717
37,31,48,2559.37,0.0310833
37,31,49,2453.78,0.0279692
37,32,0,2688.88,0.458187
37,32,1,2877.34,0.530406
37,32,2,3000.93,0.57833
37,32,3,3069.74,0.600562
37,32,4,3097.38,0.600027
37,32,5,3096.46,0.581557
37,32,6,3075.66,0.549631
37,32,7,3038.86,0.508657
37,32,8,2986.07,0.463197
37,32,9,2916.07,0.417879
37,32,10,2829.13,0.377091
37,32,11,2728.73,0.343825
37,32,12,2623.03,0.31987
37,32,13,2520.86,0.304948
37,32,14,2429.84,0.297784
37,32,15,2353.96,0.296496
37,32,16,2292.85,0.298728
37,32,17,2243.44,0.301988
37,32,18,2201.55,0.303179
37,32,19,2163.2,0.299042
37,32,20,2124.82,0.286565
37,32,21,2082.91,0.264172
37,32,22,2034.97,0.232482
37,32,23,1980.42,0.194527
37,32,24,1922.3,0.154813
37,32,25,1867.24,0.118009
37,32,26,1823.52,0.0875868
37,32,27,1798.28,0.0653671
37,32,28,1794.42,0.0511999
37,32,29,1809.48,0.0437191
37,32,30,1837.62,0.0414992
37,32,31,1872.06,0.0432067
37,32,32,1907.1,0.0481521
37,32,33,1939.37,0.0560161
37,32,34,1968.18,0.0659639
37,32,35,1995.12,0.0763709
37,32,36,2023.23,0.0846646
37,32,37,2056.46,0.088144
37,32,38,2098.33,0.0852626
37,32,39,2151.14,0.0762604
37,32,40,2213.8,0.063526
37,32,41,2285.41,0.05052
37,32,42,2363.1,0.0404548
37,32,43,2441.9,0.0351709
37,32,44,2514.29,0.0347349
37,32,45,2570.48,0.0376468
37,32,46,2599.82,0.0414972
37,32,47,2592.21,0.0438176
37,32,48,2538.33,0.0429527
37,32,49,2430.2,0.0384487
37,33,0,2679.03,0.482778
37,33,1,2872.24,0.558283
37,33,2,3000.9,0.60719
37,33,3,3074.27,0.627897
37,33,4,3105.26,0.623635
37,33,5,3105.93,0.599717
37,33,6,3084.67,0.56106
37,33,7,3045.49,0.512492
37,33,8,2988.92,0.459178
37,33,9,2914.37,0.406643
37,33,10,2822.52,0.360162
37,33,11,2716.91,0.323242
37,33,12,2605.57,0.297576
37,33,13,2497.64,0.282331
37,33,14,2401.65,0.275561
37,33,15,2322.99,0.275019
37,33,16,2262.64,0.278466
37,33,17,2218.12,0.28386
37,33,18,2184.72,0.288695
37,33,19,2156.84,0.290039
37,33,20,2128.71,0.28456
37,33,21,2094.87,0.269785
37,33,22,2051.59,0.245052
37,33,23,1998.25,0.212208
37,33,24,1938.82,0.175107
37,33,25,1881.45,0.138395
37,33,26,1835.93,0.106117
37,33,27,1810.4,0.0809345
37,33,28,1807.86,0.0634786
37,33,29,1825.15,0.0529124
37,33,30,1855.32,0.0479819
37,33,31,1890.58,0.0473237
37,33,32,1924.74,0.0501255
37,33,33,1954.54,0.0560156
37,33,34,1979.9,0.064246
37,33,35,2003.2,0.0733975
37,33,36,2028.13,0.0811123
37,33,37,2058.87,0.084831
37,33,38,2098.78,0.0830041
37,33,39,2149.71,0.0756695
37,33,40,2210.2,0.0649577
37,33,41,2279.32,0.054107
37,33,42,2354.61,0.0462181
37,33,43,2431.61,0.043097
37,33,44,2503.14,0.0447403
37,33,45,2559.12,0.0494517
37,33,46,2588.18,0.0545062
37,33,47,2579.34,0.0571169
37,33,48,2522.81,0.0554721
37,33,49,2410.82,0.0492446
37,34,0,2654.9,0.498293
37,34,1,2853.06,0.576929
37,34,2,2987.63,0.627676
37,34,3,3066.7,0.648554
37,34,4,3102.2,0.642763
37,34,5,3105.45,0.615702
37,34,6,3084.55,0.57243
37,34,7,3043.82,0.517952
37,34,8,2984.67,0.457883
37,34,9,2907.46,0.398562
37,34,10,2813.49,0.346209
37,34,11,2706.31,0.305046
37,34,12,2593.41,0.277012
37,34,13,2483.6,0.2611
37,34,14,2385.67,0.254976
37,34,15,2305.96,0.256074
37,34,16,2246.7,0.262017
37,34,17,2206.16,0.270721
37,34,18,2179.42,0.279773
37,34,19,2159.7,0.28631
37,34,20,2139.56,0.286823
37,34,21,2112.24,0.278413
37,34,22,2073.26,0.259687
37,34,23,2022.18,0.231645
37,34,24,1963.67,0.197488
37,34,25,1906.68,0.161561
37,34,26,1861.54,0.128146
37,34,27,1836.5,0.10049
37,34,28,1834.28,0.0800033
37,34,29,1851.29,0.0665197
37,34,30,1880.17,0.0591304
37,34,31,1912.99,0.0565434
37,34,32,1943.73,0.0578123
37,34,33,1969.57,0.0623731
37,34,34,1991.06,0.0694014
37,34,35,2011.16,0.0775384
37,34,36,2033.84,0.0845813
37,34,37,2063.14,0.0881548
37,34,38,2101.89,0.0868113
37,34,39,2151.4,0.0805139
37,34,40,2209.96,0.0712005
37,34,41,2276.91,0.0618923
37,34,42,2350.32,0.0555402
37,34,43,2426.33,0.0538783
37,34,44,2497.92,0.0568212
37,34,45,2554.61,0.0625078
37,34,46,2584.08,0.0679681
37,34,47,2574.37,0.0701872
37,34,48,2515.05,0.0672923
37,34,49,2398.56,0.0591158
37,35,0,2621.99,0.505912
37,35,1,2824.78,0.587798
37,35,2,2965.23,0.641443
37,35,3,3050.06,0.664255
37,35,4,3090.11,0.658987
37,35,5,3095.88,0.630716
37,35,6,3075.24,0.584393
37,35,7,3033,0.525086
37,35,8,2971.65,0.458828
37,35,9,2892.79,0.392803
37,35,10,2798.55,0.334284
37,35,11,2692.58,0.288413
37,35,12,2581.71,0.257707
37,35,13,2473.92,0.24131
37,35,14,2377.67,0.236697
37,35,15,2299.54,0.240911
37,35,16,2242.59,0.25105
37,35,17,2205.8,0.264399
37,35,18,2184.28,0.278048
37,35,19,2170.6,0.288891
37,35,20,2156.34,0.293402
37,35,21,2134.07,0.288851
37,35,22,2099.12,0.273899
37,35,23,2051.33,0.249329
37,35,24,1995.79,0.217912
37,35,25,1941.51,0.183505
37,35,26,1898.45,0.150189
37,35,27,1874.2,0.121334
37,35,28,1870.92,0.0988808
37,35,29,1885,0.0832885
37,35,30,1909.46,0.0741048
37,35,31,1937.01,0.0702569
37,35,32,1962.36,0.0707694
37,35,33,1983.32,0.0748722
37,35,34,2000.9,0.0815898
37,35,35,2018.36,0.0894926
37,35,36,2039.51,0.0964096
37,35,37,2067.87,0.10006
37,35,38,2105.57,0.099051
37,35,39,2153.45,0.0932856
37,35,40,2209.86,0.0845368
37,35,41,2274.74,0.0756586
37,35,42,2346.98,0.0695149
37,35,43,2423.3,0.0678525
37,35,44,2496.69,0.0706105
37,35,45,2555.92,0.07589
37,35,46,2587.51,0.0806073
37,35,47,2578.27,0.0816296
37,35,48,2516.99,0.0770884
37,35,49,2396.17,0.0669497
37,36,0,2588.24,0.508706
37,36,1,2794.71,0.594061
37,36,2,2939.95,0.651375
37,36,3,3029.32,0.677214
37,36,4,3072.6,0.673574
37,36,5,3079.64,0.644982
37,36,6,3058.25,0.596232
37,36,7,3013.85,0.532535
37,36,8,2950.16,0.460455
37,36,9,2870.19,0.388094
37,36,10,2777.08,0.323813
37,36,11,2674.73,0.273721
37,36,12,2569.26,0.241033
37,36,13,2467.55,0.225161
37,36,14,2376.99,0.223425
37,36,15,2303.65,0.232325
37,36,16,2250.76,0.248067
37,36,17,2217.75,0.26683
37,36,18,2200.05,0.284741
37,36,19,2190.14,0.298207
37,36,20,2179.38,0.303864
37,36,21,2160.32,0.29974
37,36,22,2128.59,0.285394
37,36,23,2084.45,0.262155
37,36,24,2033.09,0.232759
37,36,25,1983,0.200517
37,36,26,1943.08,0.16887
37,36,27,1919.72,0.140734
37,36,28,1914.41,0.118117
37,36,29,1923.85,0.101858
37,36,30,1942.04,0.0919497
37,36,31,1962.82,0.0876723
37,36,32,1981.97,0.088202
37,36,33,1997.9,0.0926687
37,36,34,2011.9,0.0999831
37,36,35,2027.11,0.108585
37,36,36,2046.9,0.116224
37,36,37,2074.01,0.120574
37,36,38,2109.91,0.120152
37,36,39,2155.21,0.11472
37,36,40,2208.72,0.105836
37,36,41,2271.36,0.0962114
37,36,42,2343.07,0.0887071
37,36,43,2421.13,0.085227
37,36,44,2498.25,0.0859245
37,36,45,2562.19,0.0890782
37,36,46,2597.99,0.0916918
37,36,47,2591.09,0.0906558
37,36,48,2529.34,0.0841483
37,36,49,2405.13,0.0721926
37,37,0,2562.49,0.510607
37,37,1,2771.25,0.599407
37,37,2,2919.23,0.660359
37,37,3,3010.72,0.689116
37,37,4,3054.74,0.686871
37,37,5,3060.83,0.657663
37,37,6,3036.96,0.606309
37,37,7,2989.36,0.538393
37,37,8,2923.01,0.461174
37,37,9,2842.37,0.383677
37,37,10,2751.73,0.315227
37,37,11,2655.27,0.262689
37,37,12,2558.43,0.229796
37,37,13,2466.65,0.216091
37,37,14,2385.65,0.218616
37,37,15,2320.17,0.233193
37,37,16,2272.94,0.254954
37,37,17,2243.58,0.278796
37,37,18,2228.05,0.299704
37,37,19,2219.31,0.313515
37,37,20,2209.23,0.317196
37,37,21,2191.01,0.309966
37,37,22,2160.96,0.292938
37,37,23,2119.86,0.268661
37,37,24,2072.82,0.240262
37,37,25,2027.41,0.210574
37,37,26,1991.09,0.18208
37,37,27,1968.85,0.156711
37,37,28,1961.49,0.136
37,37,29,1966.23,0.120792
37,37,30,1978.21,0.111394
37,37,31,1992.61,0.107519
37,37,32,2006.21,0.108699
37,37,33,2017.9,0.114148
37,37,34,2028.95,0.122788
37,37,35,2042.09,0.132938
37,37,36,2060.03,0.142198
37,37,37,2084.79,0.148054
37,37,38,2117.4,0.148761
37,37,39,2158.66,0.143794
37,37,40,2208.21,0.134398
37,37,41,2268.26,0.123119
37,37,42,2339.89,0.112876
37,37,43,2420.85,0.10587
37,37,44,2503.32,0.10268
37,37,45,2573.72,0.102005
37,37,46,2615.52,0.101168
37,37,47,2612.66,0.0972448
37,37,48,2552.05,0.0884959
37,37,49,2425.73,0.074914
37,38,0,2551.69,0.51467
37,38,1,2761.22,0.606347
37,38,2,2909.44,0.669922
37,38,3,3000.1,0.700324
37,38,4,3041.93,0.698224
37,38,5,3044.57,0.667504
37,38,6,3016.47,0.613299
37,38,7,2964.8,0.541789
37,38,8,2895.82,0.460978
37,38,9,2815.37,0.38067
37,38,10,2728.78,0.310813
37,38,11,2640.52,0.258599
37,38,12,2555.21,0.227867
37,38,13,2476.55,0.217983
37,38,14,2408.05,0.225536
37,38,15,2352.54,0.245646
37,38,16,2311.68,0.272471
37,38,17,2285.08,0.299811
37,38,18,2269.44,0.321675
37,38,19,2258.76,0.333424
37,38,20,2246.06,0.332474
37,38,21,2225.77,0.319394
37,38,22,2195.26,0.297149
37,38,23,2155.86,0.269885
37,38,24,2112.43,0.241466
37,38,25,2071.47,0.214413
37,38,26,2038.84,0.19014
37,38,27,2018.17,0.169262
37,38,28,2009.73,0.152365
37,38,29,2011.21,0.139886
37,38,30,2018.86,0.132218
37,38,31,2028.94,0.129486
37,38,32,2038.96,0.131717
37,38,33,2047.99,0.138407
37,38,34,2056.97,0.148644
37,38,35,2068.05,0.16071
37,38,36,2083.22,0.172059
37,38,37,2104.01,0.179922
37,38,38,2131.44,0.182181
37,38,39,2166.94,0.177905
37,38,40,2211.37,0.167923
37,38,41,2268.42,0.154559
37,38,42,2340.26,0.140789
37,38,43,2424.9,0.129179
37,38,44,2513.69,0.12086
37,38,45,2591.54,0.115127
37,38,46,2640.26,0.109811
37,38,47,2642.47,0.102321
37,38,48,2584.13,0.091047
37,38,49,2456.85,0.0759086
37,39,0,2558.55,0.52232
37,39,1,2767.62,0.615738
37,39,2,2913.92,0.680175
37,39,3,3001.17,0.710267
37,39,4,3038.36,0.706678
37,39,5,3035.65,0.673603
37,39,6,3002.27,0.616766
37,39,7,2946.4,0.543035
37,39,8,2875.47,0.461036
37,39,9,2796.51,0.381042
37,39,10,2715.67,0.313153
37,39,11,2637.48,0.264359
37,39,12,2565.6,0.238102
37,39,13,2501.8,0.233224
37,39,14,2447.06,0.245708
37,39,15,2402.04,0.270071
37,39,16,2367.09,0.299841
37,39,17,2341.69,0.328214
37,39,18,2323.39,0.348677
37,39,19,2307.67,0.356393
37,39,20,2289.24,0.349287
37,39,21,2264.14,0.329158
37,39,22,2231.03,0.300688
37,39,23,2191.79,0.269587
37,39,24,2150.89,0.240562
37,39,25,2113.66,0.216013
37,39,26,2084.46,0.196377
37,39,27,2065.84,0.180907
37,39,28,2057.68,0.168998
37,39,29,2058.2,0.160388
37,39,30,2064.41,0.155326
37,39,31,2073.29,0.154261
37,39,32,2082.56,0.157747
37,39,33,2091.07,0.165674
37,39,34,2099.14,0.177397
37,39,35,2108.2,0.191222
37,39,36,2119.63,0.204494
37,39,37,2134.83,0.214206
37,39,38,2155.27,0.217878
37,39,39,2183.51,0.214181
37,39,40,2221.95,0.203529
37,39,41,2275.81,0.188016
37,39,42,2348.22,0.170645
37,39,43,2437.09,0.15431
37,39,44,2532.67,0.140669
37,39,45,2618.2,0.129607
37,39,46,2673.93,0.119488
37,39,47,2681.37,0.10811
37,39,48,2625.71,0.0940345
37,39,49,2498.05,0.0771419
37,40,0,2580.31,0.533966
37,40,1,2788.28,0.627872
37,40,2,2931.37,0.691331
37,40,3,3013.74,0.719183
37,40,4,3045.03,0.712654
37,40,5,3036.25,0.676695
37,40,6,2997.61,0.617821
37,40,7,2938.33,0.543571
37,40,8,2866.79,0.462974
37,40,9,2790.82,0.386401
37,40,10,2717,0.323609
37,40,11,2649.62,0.2809
37,40,12,2591.31,0.260865
37,40,13,2541.92,0.261526
37,40,14,2500.12,0.278154
37,40,15,2464.49,0.304834
37,40,16,2434.11,0.334906
37,40,17,2408.27,0.361585
37,40,18,2385.38,0.378465
37,40,19,2362.5,0.380918
37,40,20,2336.28,0.367435
37,40,21,2304.57,0.340734
37,40,22,2267.39,0.306725
37,40,23,2227.09,0.272249
37,40,24,2187.64,0.242688
37,40,25,2153.21,0.22042
37,40,26,2126.89,0.205145
37,40,27,2110.5,0.194989
37,40,28,2103.84,0.188217
37,40,29,2105.58,0.183807
37,40,30,2113.22,0.181747
37,40,31,2123.91,0.182695
37,40,32,2135.13,0.187638
37,40,33,2145.1,0.196816
37,40,34,2153.33,0.209792
37,40,35,2160.51,0.224856
37,40,36,2167.58,0.239253
37,40,37,2176.13,0.249826
37,40,38,2188.53,0.253903
37,40,39,2208.82,0.249957
37,40,40,2241.14,0.23818
37,40,41,2292.21,0.220542
37,40,42,2365.87,0.200056
37,40,43,2459.55,0.179819
37,40,44,2562.09,0.161809
37,40,45,2655.01,0.14626
37,40,46,2717.22,0.131884
37,40,47,2729.37,0.116781
37,40,48,2676.1,0.0996963
37,40,49,2548,0.0805886
37,41,0,2612.19,0.550246
37,41,1,2819.06,0.644
37,41,2,2958.66,0.705331
37,41,3,3035.84,0.729625
37,41,4,3061.17,0.71908
37,41,5,3046.72,0.67976
37,41,6,3003.76,0.619158
37,41,7,2942.47,0.545499
37,41,8,2871.88,0.468057
37,41,9,2800.11,0.397006
37,41,10,2733.63,0.341372
37,41,11,2676.27,0.30642
37,41,12,2629.67,0.293599
37,41,13,2592.23,0.299916
37,41,14,2560.82,0.319864
37,41,15,2532.44,0.347203
37,41,16,2505.08,0.375416
37,41,17,2477.76,0.398258
37,41,18,2449.53,0.410039
37,41,19,2418.92,0.406805
37,41,20,2384.43,0.387731
37,41,21,2345.69,0.356137
37,41,22,2303.95,0.318533
37,41,23,2261.95,0.282244
37,41,24,2223.11,0.252928
37,41,25,2190.6,0.232914
37,41,26,2166.53,0.221416
37,41,27,2152.33,0.215805
37,41,28,2147.92,0.213495
37,41,29,2152.32,0.212859
37,41,30,2163.26,0.213653
37,41,31,2177.68,0.216682
37,41,32,2192.48,0.223216
37,41,33,2205.1,0.233686
37,41,34,2214.18,0.24764
37,41,35,2219.75,0.26317
37,41,36,2222.5,0.27734
37,41,37,2224.42,0.286957
37,41,38,2229.03,0.289468
37,41,39,2242.05,0.28356
37,41,40,2269.38,0.269603
37,41,41,2319.11,0.249713
37,41,42,2395.42,0.226948
37,41,43,2494.88,0.20443
37,41,44,2604.7,0.184098
37,41,45,2704.74,0.166086
37,41,46,2772.72,0.149031
37,41,47,2788.77,0.131053
37,41,48,2737.15,0.111003
37,41,49,2608,0.0890511
37,42,0,2648.58,0.571649
37,42,1,2854.76,0.665714
37,42,2,2991.24,0.724949
37,42,3,3063.71,0.745286
37,42,4,3083.73,0.730008
37,42,5,3064.53,0.686521
37,42,6,3018.49,0.623533
37,42,7,2956.57,0.550136
37,42,8,2888.07,0.475894
37,42,9,2820.88,0.410675
37,42,10,2760.9,0.362591
37,42,11,2711.3,0.335732
37,42,12,2673.12,0.330319
37,42,13,2643.91,0.342269
37,42,14,2619.54,0.365227
37,42,15,2596.05,0.392585
37,42,16,2570.57,0.418036
37,42,17,2541.72,0.436109
37,42,18,2508.88,0.442258
37,42,19,2471.64,0.433642
37,42,20,2430,0.410309
37,42,21,2385.11,0.376003
37,42,22,2339.23,0.3373
37,42,23,2295.39,0.301365
37,42,24,2256.61,0.27365
37,42,25,2225.34,0.256278
37,42,26,2203.05,0.248141
37,42,27,2190.99,0.246195
37,42,28,2189.15,0.247343
37,42,29,2196.75,0.249618
37,42,30,2211.44,0.252686
37,42,31,2229.81,0.257525
37,42,32,2248.21,0.265573
37,42,33,2263.38,0.277254
37,42,34,2273.34,0.291809
37,42,35,2277.58,0.306848
37,42,36,2276.68,0.319101
37,42,37,2273.16,0.325439
37,42,38,2271.68,0.323813
37,42,39,2279.6,0.313653
37,42,40,2304.42,0.296054
37,42,41,2355.28,0.273642
37,42,42,2436.26,0.249598
37,42,43,2542.79,0.226878
37,42,44,2660.34,0.20696
37,42,45,2767.24,0.18933
37,42,46,2840.33,0.171996
37,42,47,2859.45,0.152664
37,42,48,2808.67,0.130094
37,42,49,2677.66,0.104741
37,43,0,2683.95,0.597351
37,43,1,2889.81,0.693079
37,43,2,3023.7,0.75125
37,43,3,3092.08,0.768004
37,43,4,3107.53,0.747539
37,43,5,3084.39,0.698692
37,43,6,3036.12,0.631674
37,43,7,2974.33,0.556776
37,43,8,2908.23,0.484086
37,43,9,2845.04,0.423242
37,43,10,2789.81,0.381471
37,43,11,2745.06,0.361766
37,43,12,2711.57,0.36324
37,43,13,2686.78,0.380757
37,43,14,2666.3,0.407058
37,43,15,2645.75,0.434962
37,43,16,2621.63,0.458159
37,43,17,2592.04,0.471871
37,43,18,2556.3,0.472851
37,43,19,2514.59,0.459686
37,43,20,2467.92,0.433534
37,43,21,2418.52,0.398581
37,43,22,2369.42,0.361167
37,43,23,2323.97,0.32785
37,43,24,2285.03,0.303472
37,43,25,2254.77,0.289727
37,43,26,2234.31,0.285204
37,43,27,2224.67,0.286601
37,43,28,2225.68,0.290535
37,43,29,2236.34,0.294897
37,43,30,2254.04,0.299427
37,43,31,2275.07,0.305372
37,43,32,2295.55,0.314344
37,43,33,2312.03,0.326668
37,43,34,2322.21,0.341067
37,43,35,2325.33,0.354419
37,43,36,2321.94,0.362949
37,43,37,2315.02,0.363667
37,43,38,2310.24,0.355372
37,43,39,2316.34,0.338756
37,43,40,2342,0.316154
37,43,41,2396.93,0.291053
37,43,42,2484.72,0.266826
37,43,43,2599.41,0.246072
37,43,44,2724.84,0.22943
37,43,45,2838.13,0.215247
37,43,46,2915.6,0.200378
37,43,47,2937.04,0.181647
37,43,48,2886.44,0.157445
37,43,49,2753.02,0.128466
37,44,0,2711.59,0.623426
37,44,1,2917.05,0.722135
37,44,2,3048.57,0.780525
37,44,3,3113.24,0.794453
37,44,4,3124.53,0.768687
37,44,5,3097.85,0.71344
37,44,6,3047.64,0.64063
37,44,7,2985.99,0.562044
37,44,8,2921.82,0.488544
37,44,9,2861.48,0.429688
37,44,10,2809.05,0.392
37,44,11,2766.5,0.377622
37,44,12,2734.66,0.384855
37,44,13,2711.34,0.407673
37,44,14,2692.47,0.437898
37,44,15,2673.63,0.46752
37,44,16,2650.84,0.48985
37,44,17,2621.61,0.500508
37,44,18,2584.91,0.497451
37,44,19,2541.09,0.480839
37,44,20,2491.64,0.453148
37,44,21,2439.46,0.419158
37,44,22,2388.13,0.384936
37,44,23,2341.41,0.356267
37,44,24,2302.44,0.337141
37,44,25,2273.48,0.328616
37,44,26,2255.53,0.328859
37,44,27,2249.13,0.33423
37,44,28,2253.49,0.341054
37,44,29,2266.86,0.347095
37,44,30,2286.24,0.35224
37,44,31,2307.84,0.358133
37,44,32,2328.1,0.366713
37,44,33,2343.97,0.378319
37,44,34,2353.35,0.391181
37,44,35,2355.48,0.401361
37,44,36,2350.9,0.404501
37,44,37,2342.89,0.397785
37,44,38,2337.9,0.381074
37,44,39,2345.59,0.356654
37,44,40,2375.3,0.328419
37,44,41,2436.77,0.300922
37,44,42,2532.71,0.27771
37,44,43,2655.76,0.260857
37,44,44,2788.45,0.249897
37,44,45,2907.18,0.241748
37,44,46,2988.12,0.231796
37,44,47,3011.19,0.215642
37,44,48,2960.39,0.191032
37,44,49,2824.47,0.158734
37,45,0,2721.55,0.641966
37,45,1,2925.84,0.743675
37,45,2,3054.79,0.802829
37,45,3,3115.89,0.814637
37,45,4,3123.26,0.784065
37,45,5,3093.21,0.722462
37,45,6,3041.06,0.643372
37,45,7,2979.27,0.560076
37,45,8,2916.39,0.484245
37,45,9,2857.84,0.425414
37,45,10,2806.81,0.38962
37,45,11,2764.8,0.378496
37,45,12,2732.88,0.38992
37,45,13,2709.41,0.417256
37,45,14,2690.89,0.451512
37,45,15,2673.04,0.483697
37,45,16,2651.62,0.506431
37,45,17,2623.53,0.515422
37,45,18,2587.3,0.509605
37,45,19,2543.12,0.490685
37,45,20,2492.59,0.462534
37,45,21,2438.95,0.430683
37,45,22,2386.21,0.401028
37,45,23,2338.69,0.378631
37,45,24,2300.13,0.366575
37,45,25,2273.28,0.365143
37,45,26,2259,0.371895
37,45,27,2257.06,0.382621
37,45,28,2265.5,0.393143
37,45,29,2281.4,0.400928
37,45,30,2301.24,0.405958
37,45,31,2321.44,0.410367
37,45,32,2339.35,0.416668
37,45,33,2352.89,0.42553
37,45,34,2360.6,0.434973
37,45,35,2361.88,0.440419
37,45,36,2357.24,0.43699
37,45,37,2350.1,0.422051
37,45,38,2347.33,0.396541
37,45,39,2359.06,0.364384
37,45,40,2394.78,0.331041
37,45,41,2463.79,0.3021
37,45,42,2567.72,0.281161
37,45,43,2698.07,0.269628
37,45,44,2836.52,0.265834
37,45,45,2959.25,0.265252
37,45,46,3042.57,0.261802
37,45,47,3066.64,0.249781
37,45,48,3015.48,0.226123
37,45,49,2877.44,0.191439
37,46,0,2700.81,0.642642
37,46,1,2902.35,0.745183
37,46,2,3028.2,0.804208
37,46,3,3085.79,0.814249
37,46,4,3089.59,0.780176
37,46,5,3056.58,0.714037
37,46,6,3002.78,0.630515
37,46,7,2940.89,0.543921
37,46,8,2879.06,0.466391
37,46,9,2821.92,0.407275
37,46,10,2771.86,0.372244
37,46,11,2730.01,0.362729
37,46,12,2697.66,0.376582
37,46,13,2673.64,0.406935
37,46,14,2655.01,0.444255
37,46,15,2637.75,0.478691
37,46,16,2617.46,0.502126
37,46,17,2590.66,0.510218
37,46,18,2555.44,0.502643
37,46,19,2511.78,0.482469
37,46,20,2461.17,0.454829
37,46,21,2406.98,0.426004
37,46,22,2353.57,0.401806
37,46,23,2305.92,0.386703
37,46,24,2268.56,0.382953
37,46,25,2244.82,0.390028
37,46,26,2235.4,0.404761
37,46,27,2238.99,0.422144
37,46,28,2252.09,0.43726
37,46,29,2270.41,0.447037
37,46,30,2289.9,0.45141
37,46,31,2307.48,0.453011
37,46,32,2321.79,0.455148
37,46,33,2332.09,0.459197
37,46,34,2337.79,0.463419
37,46,35,2338.51,0.462985
37,46,36,2334.66,0.452704
37,46,37,2329.6,0.430125
37,46,38,2330.3,0.397066
37,46,39,2346.99,0.358817
37,46,40,2388.87,0.32209
37,46,41,2464.55,0.293234
37,46,42,2574.7,0.275704
37,46,43,2710.06,0.270145
37,46,44,2852.06,0.273779
37,46,45,2977.06,0.280911
37,46,46,3061.65,0.284321
37,46,47,3086.14,0.277232
37,46,48,3034.53,0.255791
37,46,49,2895.04,0.220238
37,47,0,2635.03,0.616199
37,47,1,2831.3,0.715227
37,47,2,2953.14,0.771761
37,47,3,3007.31,0.779995
37,47,4,3008.22,0.744537
37,47,5,2973.23,0.6775
37,47,6,2918.78,0.593832
37,47,7,2857.63,0.507971
37,47,8,2797.5,0.431822
37,47,9,2742.33,0.37417
37,47,10,2693.87,0.340278
37,47,11,2652.94,0.33157
37,47,12,2620.87,0.346173
37,47,13,2596.8,0.377413
37,47,14,2578.17,0.415678
37,47,15,2561.21,0.450694
37,47,16,2541.57,0.473917
37,47,17,2515.66,0.481059
37,47,18,2481.36,0.472364
37,47,19,2438.49,0.451934
37,47,20,2388.4,0.425795
37,47,21,2334.49,0.400725
37,47,22,2281.36,0.382388
37,47,23,2234.59,0.374747
37,47,24,2199.42,0.379367
37,47,25,2179.68,0.395015
37,47,26,2175.78,0.417844
37,47,27,2185.2,0.442036
37,47,28,2202.91,0.461866
37,47,29,2223.33,0.473601
37,47,30,2242.05,0.476978
37,47,31,2256.68,0.475017
37,47,32,2267.23,0.471872
37,47,33,2274.36,0.469865
37,47,34,2278.36,0.467926
37,47,35,2278.98,0.461438
37,47,36,2276.44,0.445218
37,47,37,2273.82,0.416992
37,47,38,2277.99,0.379119
37,47,39,2298.93,0.337726
37,47,40,2345.38,0.300202
37,47,41,2425.23,0.27321
37,47,42,2538.46,0.259841
37,47,43,2675.61,0.260002
37,47,44,2818.43,0.270073
37,47,45,2943.79,0.283683
37,47,46,3028.52,0.293052
37,47,47,3052.89,0.29082
37,47,48,3000.83,0.272571
37,47,49,2860.87,0.238061
37,48,0,2512.9,0.558632
37,48,1,2699.98,0.648719
37,48,2,2816.12,0.699682
37,48,3,2866.83,0.70594
37,48,4,2865.9,0.67173
37,48,5,2830.6,0.60849
37,48,6,2777.38,0.530347
37,48,7,2718.73,0.450756
37,48,8,2661.85,0.380541
37,48,9,2610.06,0.327453
37,48,10,2564.62,0.296188
37,48,11,2526.06,0.288218
37,48,12,2495.61,0.302127
37,48,13,2472.46,0.331846
37,48,14,2454.3,0.368268
37,48,15,2437.54,0.401362
37,48,16,2418.14,0.422734
37,48,17,2392.69,0.428412
37,48,18,2359.15,0.419077
37,48,19,2317.37,0.39941
37,48,20,2268.59,0.375774
37,48,21,2216.16,0.354982
37,48,22,2164.77,0.342335
37,48,23,2120.3,0.341287
37,48,24,2088.42,0.352856
37,48,25,2073.15,0.375323
37,48,26,2074.49,0.404417
37,48,27,2088.91,0.433792
37,48,28,2110.21,0.457155
37,48,29,2131.94,0.470224
37,48,30,2149.61,0.472474
37,48,31,2161.57,0.467091
37,48,32,2169.06,0.458864
37,48,33,2173.88,0.451026
37,48,34,2176.91,0.44338
37,48,35,2177.94,0.431927
37,48,36,2176.88,0.411835
37,48,37,2176.43,0.381026
37,48,38,2183.13,0.342005
37,48,39,2206.48,0.301082
37,48,40,2254.7,0.265629
37,48,41,2335.02,0.242105
37,48,42,2447.13,0.233074
37,48,43,2581.98,0.237837
37,48,44,2722.18,0.252342
37,48,45,2845.44,0.270142
37,48,46,2928.85,0.283582
37,48,47,2952.47,0.285347
37,48,48,2900.25,0.270834
37,48,49,2761.62,0.239342
37,49,0,2330.82,0.473599
37,49,1,2502.96,0.549849
37,49,2,2610.54,0.592489
37,49,3,2657.26,0.59671
37,49,4,2655.69,0.566275
37,49,5,2622.31,0.511249
37,49,6,2572.94,0.443932
37,49,7,2519.33,0.375827
37,49,8,2467.96,0.315964
37,49,9,2421.55,0.270666
37,49,10,2380.99,0.243872
37,49,11,2346.55,0.23703
37,49,12,2319.24,0.249215
37,49,13,2298.15,0.275292
37,49,14,2281.08,0.307221
37,49,15,2264.75,0.335956
37,49,16,2245.58,0.3539
37,49,17,2220.64,0.357684
37,49,18,2188.26,0.348285
37,49,19,2148.47,0.33044
37,49,20,2102.44,0.310231
37,49,21,2053.39,0.293949
37,49,22,2005.81,0.286247
37,49,23,1965.49,0.290008
37,49,24,1937.97,0.305836
37,49,25,1927.09,0.331815
37,49,26,1932.46,0.36366
37,49,27,1949.95,0.395032
37,49,28,1972.85,0.419577
37,49,29,1994.49,0.432818
37,49,30,2010.67,0.434005
37,49,31,2020.42,0.426216
37,49,32,2025.85,0.414429
37,49,33,2029.4,0.402446
37,49,34,2032.27,0.390875
37,49,35,2034.06,0.376576
37,49,36,2034.39,0.355359
37,49,37,2035.5,0.32539
37,49,38,2043.37,0.288976
37,49,39,2066.84,0.25197
37,49,40,2113.44,0.221079
37,49,41,2189.81,0.202073
37,49,42,2295.72,0.196923
37,49,43,2423.05,0.204552
37,49,44,2555.97,0.220945
37,49,45,2673.49,0.240163
37,49,46,2753.24,0.255301
37,49,47,2775.31,0.259699
37,49,48,2723.95,0.248987
37,49,49,2590.18,0.222152
38,0,0,2809.23,0.402314
38,0,1,2969.5,0.473582
38,0,2,3071.3,0.526911
38,0,3,3132.32,0.563705
38,0,4,3173.27,0.590932
38,0,5,3211.68,0.617107
38,0,6,3256.4,0.647341
38,0,7,3305.06,0.680941
38,0,8,3347.3,0.711592
38,0,9,3371.22,0.731565
38,0,10,3368.58,0.736288
38,0,11,3336.64,0.726551
38,0,12,3279.42,0.708095
38,0,13,3204.81,0.686821
38,0,14,3123.03,0.665231
38,0,15,3042.93,0.642064
38,0,16,2968.08,0.613867
38,0,17,2896.41,0.578383
38,0,18,2822.09,0.536124
38,0,19,2739.81,0.490243
38,0,20,2647.77,0.44414
38,0,21,2549.29,0.399819
38,0,22,2451.77,0.357006
38,0,23,2363.93,0.314089
38,0,24,2293.7,0.270039
38,0,25,2245.56,0.226145
38,0,26,2220.9,0.185821
38,0,27,2217.63,0.153203
38,0,28,2230.67,0.131335
38,0,29,2252.74,0.121401
38,0,30,2275.68,0.121979
38,0,31,2292.02,0.129649
38,0,32,2296.28,0.139735
38,0,33,2285.97,0.147171
38,0,34,2261.91,0.147937
38,0,35,2227.98,0.140196
38,0,36,2190.39,0.124599
38,0,37,2156.95,0.103899
38,0,38,2135.45,0.0820029
38,0,39,2132.57,0.062495
38,0,40,2150.88,0.0477052
38,0,41,2190.64,0.0385221
38,0,42,2248.04,0.0346229
38,0,43,2315.41,0.0347914
38,0,44,2381.89,0.0371946
38,0,45,2434.09,0.0396428
38,0,46,2457.58,0.040206
38,0,47,2438.59,0.0377561
38,0,48,2366.19,0.032427
38,0,49,2235.02,0.0252809
38,1,0,3015.5,0.478938
38,1,1,3177.94,0.563803
38,1,2,3280.32,0.627562
38,1,3,3341.59,0.671845
38,1,4,3382.02,0.704617
38,1,5,3418.16,0.735427
38,1,6,3458.36,0.769859
38,1,7,3500.69,0.806924
38,1,8,3536.01,0.839661
38,1,9,3553.83,0.859954
38,1,10,3546.95,0.863486
38,1,11,3512.94,0.851737
38,1,12,3455.5,0.831155
38,1,13,3381.73,0.807647
38,1,14,3300.86,0.782966
38,1,15,3220.83,0.754926
38,1,16,3144.7,0.719668
38,1,17,3070.25,0.675477
38,1,18,2991.85,0.624095
38,1,19,2904.45,0.57002
38,1,20,2806.43,0.517297
38,1,21,2701.4,0.467759
38,1,22,2597.17,0.420238
38,1,23,2503.14,0.372182
38,1,24,2428.09,0.32204
38,1,25,2377.28,0.271344
38,1,26,2352.6,0.224328
38,1,27,2351.99,0.186106
38,1,28,2369.88,0.160493
38,1,29,2398.04,0.1489
38,1,30,2427.15,0.149597
38,1,31,2448.79,0.158477
38,1,32,2456.77,0.170007
38,1,33,2448.36,0.178242
38,1,34,2424.6,0.17851
38,1,35,2389.84,0.168654
38,1,36,2350.92,0.149441
38,1,37,2316.21,0.124116
38,1,38,2293.86,0.0973044
38,1,39,2290.64,0.0733198
38,1,40,2309.03,0.0550298
38,1,41,2349.18,0.0435753
38,1,42,2407.12,0.0385981
38,1,43,2474.91,0.0386193
38,1,44,2541.32,0.0413996
38,1,45,2592.61,0.0443271
38,1,46,2614.09,0.0451154
38,1,47,2591.8,0.0424586
38,1,48,2514.11,0.0365038
38,1,49,2374.22,0.0284678
38,2,0,3161.77,0.534168
38,2,1,3322.74,0.628812
38,2,2,3423.48,0.700512
38,2,3,3483.5,0.751144
38,2,4,3522.37,0.78918
38,2,5,3555.54,0.824429
38,2,6,3590.9,0.862318
38,2,7,3626.96,0.901367
38,2,8,3655.71,0.934338
38,2,9,3667.9,0.953403
38,2,10,3657.11,0.955069
38,2,11,3621.24,0.941674
38,2,12,3563.68,0.920066
38,2,13,3490.9,0.895653
38,2,14,3411.1,0.869073
38,2,15,3331.26,0.837111
38,2,16,3253.83,0.795676
38,2,17,3176.59,0.74382
38,2,18,3094.36,0.684654
38,2,19,3002.74,0.624014
38,2,20,2900.5,0.5665
38,2,21,2791.56,0.513696
38,2,22,2683.91,0.463535
38,2,23,2587.14,0.412578
38,2,24,2510.35,0.35876
38,2,25,2459.14,0.30373
38,2,26,2435.67,0.252287
38,2,27,2437.85,0.210247
38,2,28,2459.81,0.182016
38,2,29,2492.69,0.169158
38,2,30,2526.42,0.169735
38,2,31,2551.97,0.179178
38,2,32,2562.8,0.191417
38,2,33,2556.16,0.199987
38,2,34,2533.34,0.199838
38,2,35,2499.09,0.188586
38,2,36,2460.56,0.167008
38,2,37,2426.27,0.138574
38,2,38,2404.26,0.108301
38,2,39,2401,0.0809678
38,2,40,2418.75,0.0598512
38,2,41,2457.6,0.0463436
38,2,42,2513.64,0.040139
38,2,43,2578.99,0.0396317
38,2,44,2642.47,0.0423436
38,2,45,2690.38,0.0454231
38,2,46,2708.19,0.0463748
38,2,47,2682.05,0.0437825
38,2,48,2600.13,0.0377541
38,2,49,2454.79,0.0295313
38,3,0,3257.65,0.562904
38,3,1,3415.63,0.662694
38,3,2,3513.69,0.739339
38,3,3,3571.57,0.794994
38,3,4,3608.08,0.838104
38,3,5,3637.81,0.877894
38,3,6,3668.31,0.918925
38,3,7,3698.54,0.958975
38,3,8,3721.41,0.990801
38,3,9,3728.57,1.00743
38,3,10,3714.22,1.00665
38,3,11,3676.44,0.991816
38,3,12,3618.47,0.969972
38,3,13,3546.23,0.945754
38,3,14,3467.01,0.918543
38,3,15,3386.77,0.884115
38,3,16,3307.39,0.838244
38,3,17,3226.76,0.78072
38,3,18,3140.41,0.715868
38,3,19,3044.86,0.650639
38,3,20,2939.56,0.590076
38,3,21,2828.75,0.535568
38,3,22,2720.41,0.484363
38,3,23,2623.9,0.432369
38,3,24,2548.01,0.37712
38,3,25,2498.17,0.320228
38,3,26,2476.44,0.266711
38,3,27,2480.64,0.222696
38,3,28,2504.84,0.192912
38,3,29,2540,0.179024
38,3,30,2575.84,0.179048
38,3,31,2603.25,0.188283
38,3,32,2615.69,0.20053
38,3,33,2610.55,0.209203
38,3,34,2589.35,0.20914
38,3,35,2557.01,0.197776
38,3,36,2520.67,0.17571
38,3,37,2488.52,0.146291
38,3,38,2468.11,0.114528
38,3,39,2465.41,0.0853618
38,3,40,2482.41,0.0623278
38,3,41,2519.2,0.0470753
38,3,42,2572.07,0.0394677
38,3,43,2633.41,0.0379516
38,3,44,2692.29,0.0400287
38,3,45,2735.29,0.0428316
38,3,46,2748.24,0.0438294
38,3,47,2717.6,0.0415688
38,3,48,2631.7,0.0360528
38,3,49,2482.69,0.0283965
38,4,0,3314.49,0.56555
38,4,1,3469.15,0.666037
38,4,2,3564.07,0.744717
38,4,3,3619.04,0.804039
38,4,4,3652.24,0.851955
38,4,5,3677.68,0.896417
38,4,6,3702.89,0.940514
38,4,7,3727.36,0.981064
38,4,8,3744.77,1.01097
38,4,9,3747.43,1.02442
38,4,10,3729.92,1.02078
38,4,11,3690.44,1.00448
38,4,12,3632.11,0.982713
38,4,13,3560.35,0.959326
38,4,14,3481.53,0.932551
38,4,15,3400.57,0.897301
38,4,16,3318.81,0.849234
38,4,17,3234.35,0.788642
38,4,18,3143.68,0.720681
38,4,19,3044.51,0.653027
38,4,20,2937.18,0.591029
38,4,21,2826.3,0.535999
38,4,22,2719.66,0.484852
38,4,23,2625.91,0.433185
38,4,24,2552.96,0.378306
38,4,25,2505.51,0.321656
38,4,26,2485.13,0.268089
38,4,27,2489.56,0.223646
38,4,28,2513.08,0.193092
38,4,29,2547.11,0.178188
38,4,30,2581.83,0.177134
38,4,31,2608.66,0.185481
38,4,32,2621.41,0.197307
38,4,33,2617.74,0.20624
38,4,34,2599.24,0.207161
38,4,35,2570.61,0.197263
38,4,36,2538.52,0.176721
38,4,37,2510.41,0.148425
38,4,38,2493.05,0.117051
38,4,39,2491.78,0.0874531
38,4,40,2508.44,0.0633276
38,4,41,2543.18,0.0465985
38,4,42,2592.58,0.037407
38,4,43,2649.36,0.0344174
38,4,44,2702.92,0.0353133
38,4,45,2740.24,0.0374104
38,4,46,2747.61,0.0382971
38,4,47,2712.01,0.0365462
38,4,48,2622.18,0.0319967
38,4,49,2470.61,0.025508
38,5,0,3341.9,0.54661
38,5,1,3493.7,0.644252
38,5,2,3585.35,0.722566
38,5,3,3636.58,0.784264
38,5,4,3665.16,0.836472
38,5,5,3684.88,0.88543
38,5,6,3703.62,0.932389
38,5,7,3721.68,0.973081
38,5,8,3733.58,1.00059
38,5,9,3732.14,1.01039
38,5,10,3712.16,1.00346
38,5,11,3671.85,0.985355
38,5,12,3614.15,0.963396
38,5,13,3543.85,0.940863
38,5,14,3466.28,0.915117
38,5,15,3385.18,0.880451
38,5,16,3301.37,0.83241
38,5,17,3213.29,0.771492
38,5,18,3118.59,0.703208
38,5,19,3016.42,0.635488
38,5,20,2908.19,0.573794
38,5,21,2798.88,0.519455
38,5,22,2695.88,0.46938
38,5,23,2606.71,0.419191
38,5,24,2537.86,0.366151
38,5,25,2492.85,0.311424
38,5,26,2472.49,0.259385
38,5,27,2474.44,0.215666
38,5,28,2493.6,0.184851
38,5,29,2522.49,0.168866
38,5,30,2552.56,0.166359
38,5,31,2576.35,0.173488
38,5,32,2588.43,0.184925
38,5,33,2586.73,0.194683
38,5,34,2572.57,0.197661
38,5,35,2549.95,0.19066
38,5,36,2524.52,0.173191
38,5,37,2502.49,0.147472
38,5,38,2489.72,0.117694
38,5,39,2490.96,0.0885444
38,5,40,2508.04,0.0638516
38,5,41,2541.27,0.0458316
38,5,42,2587.55,0.0349554
38,5,43,2639.95,0.0301931
38,5,44,2688.24,0.0295336
38,5,45,2719.84,0.0305995
38,5,46,2721.59,0.0312024
38,5,47,2681.09,0.0299913
38,5,48,2587.7,0.0266126
38,5,49,2434.61,0.0215984
38,6,0,3346.8,0.512517
38,6,1,3496.72,0.605018
38,6,2,3585.3,0.6813
38,6,3,3632.08,0.744211
38,6,4,3654.55,0.799842
38,6,5,3666.61,0.852567
38,6,6,3677.01,0.901708
38,6,7,3687.36,0.941967
38,6,8,3693.3,0.966652
38,6,9,3688.28,0.9725
38,6,10,3667.19,0.961966
38,6,11,3628.05,0.941608
38,6,12,3573.35,0.918895
38,6,13,3506.93,0.896743
38,6,14,3432.71,0.872006
38,6,15,3353.09,0.838689
38,6,16,3268.35,0.792321
38,6,17,3177.4,0.733408
38,6,18,3079.31,0.667411
38,6,19,2974.84,0.60206
38,6,20,2866.68,0.542666
38,6,21,2760.11,0.490552
38,6,22,2661.89,0.442827
38,6,23,2578.1,0.395366
38,6,24,2513.44,0.345534
38,6,25,2469.9,0.29415
38,6,26,2447.46,0.244893
38,6,27,2443.8,0.202788
38,6,28,2454.79,0.172121
38,6,29,2474.65,0.155091
38,6,30,2496.84,0.151052
38,6,31,2515.62,0.15705
38,6,32,2526.62,0.168524
38,6,33,2527.97,0.179875
38,6,34,2520.33,0.185865
38,6,35,2506.37,0.182684
38,6,36,2490.16,0.169022
38,6,37,2476.35,0.14637
38,6,38,2469.75,0.11849
38,6,39,2474.68,0.0899782
38,6,40,2493.08,0.0648481
38,6,41,2525.59,0.0456085
38,6,42,2569.47,0.0330394
38,6,43,2618.16,0.0264106
38,6,44,2661.79,0.0240381
38,6,45,2688.29,0.0238851
38,6,46,2685.07,0.0240279
38,6,47,2640.37,0.0232278
38,6,48,2544.29,0.0209484
38,6,49,2390.79,0.0173941
38,7,0,3333.04,0.469801
38,7,1,3482.51,0.556134
38,7,2,3568.62,0.629529
38,7,3,3610.58,0.692769
38,7,4,3625.62,0.75077
38,7,5,3628.08,0.806075
38,7,6,3628.06,0.856238
38,7,7,3629.17,0.895159
38,7,8,3628.79,0.916494
38,7,9,3621.23,0.91815
38,7,10,3601.41,0.903848
38,7,11,3566.8,0.880902
38,7,12,3518.87,0.856805
38,7,13,3459.9,0.834249
38,7,14,3391.98,0.809924
38,7,15,3315.99,0.777936
38,7,16,3231.67,0.734027
38,7,17,3138.63,0.678695
38,7,18,3037.55,0.617106
38,7,19,2931.06,0.556398
38,7,20,2823.24,0.501431
38,7,21,2719.68,0.45338
38,7,22,2626.35,0.40959
38,7,23,2547.67,0.366294
38,7,24,2486.34,0.321025
38,7,25,2442.8,0.27423
38,7,26,2416.15,0.228782
38,7,27,2404.2,0.189017
38,7,28,2404.07,0.158894
38,7,29,2412.1,0.141007
38,7,30,2424.25,0.135601
38,7,31,2436.93,0.140785
38,7,32,2447.13,0.152818
38,7,33,2453.02,0.166395
38,7,34,2454.19,0.175935
38,7,35,2451.43,0.176843
38,7,36,2446.77,0.166929
38,7,37,2443.07,0.147044
38,7,38,2444.08,0.120698
38,7,39,2453.75,0.0925548
38,7,40,2474.3,0.0668836
38,7,41,2506.78,0.0464594
38,7,42,2548.92,0.0322943
38,7,43,2594.63,0.0238832
38,7,44,2634.51,0.0198189
38,7,45,2656.98,0.0183726
38,7,46,2650.02,0.0178812
38,7,47,2602.42,0.017242
38,7,48,2504.91,0.0157788
38,7,49,2352.06,0.0134232
38,8,0,3302.7,0.424402
38,8,1,3453.32,0.504599
38,8,2,3537.97,0.574984
38,8,3,3575.26,0.63802
38,8,4,3582.2,0.697352
38,8,5,3573.76,0.753843
38,8,6,3561.86,0.803616
38,8,7,3552.81,0.840115
38,8,8,3546.44,0.857541
38,8,9,3538.3,0.854912
38,8,10,3523.18,0.836932
38,8,11,3497.4,0.811332
38,8,12,3460.57,0.785401
38,8,13,3412.72,0.761614
38,8,14,3353.76,0.736779
38,8,15,3282.97,0.705496
38,8,16,3199.8,0.664034
38,8,17,3104.75,0.613019
38,8,18,3000.38,0.557222
38,8,19,2891.36,0.502914
38,8,20,2783.29,0.454223
38,8,21,2682.14,0.411972
38,8,22,2592.97,0.373676
38,8,23,2518.47,0.33592
38,8,24,2459.38,0.296407
38,8,25,2414.58,0.255202
38,8,26,2382.41,0.214353
38,8,27,2360.89,0.177494
38,8,28,2348.42,0.148285
38,8,29,2343.58,0.129768
38,8,30,2345.04,0.123184
38,8,31,2351.62,0.127762
38,8,32,2361.71,0.140574
38,8,33,2373.5,0.156519
38,8,34,2385.2,0.169562
38,8,35,2395.4,0.174262
38,8,36,2403.86,0.167597
38,8,37,2411.54,0.149907
38,8,38,2421.13,0.124612
38,8,39,2436.28,0.0965489
38,8,40,2459.44,0.0702687
38,8,41,2492.19,0.0487513
38,8,42,2532.91,0.0331527
38,8,43,2576.14,0.0231139
38,8,44,2613.09,0.0174418
38,8,45,2632.75,0.014667
38,8,46,2623.52,0.013364
38,8,47,2574.6,0.0125757
38,8,48,2477.03,0.011543
38,8,49,2325.7,0.0100021
38,9,0,3257.38,0.381526
38,9,1,3410.72,0.456347
38,9,2,3495.2,0.524054
38,9,3,3528.64,0.586556
38,9,4,3527.83,0.646218
38,9,5,3508.46,0.702467
38,9,6,3484.64,0.750443
38,9,7,3465.9,0.78353
38,9,8,3455.1,0.796699
38,9,9,3449.23,0.78999
38,9,10,3442.6,0.76878
38,9,11,3429.58,0.740821
38,9,12,3407.12,0.712926
38,9,13,3372.49,0.687278
38,9,14,3323.38,0.661021
38,9,15,3257.81,0.629587
38,9,16,3175.23,0.590087
38,9,17,3077.31,0.543452
38,9,18,2968.62,0.494054
38,9,19,2855.98,0.447127
38,9,20,2746.63,0.405872
38,9,21,2646.91,0.370592
38,9,22,2560.99,0.338871
38,9,23,2489.92,0.307598
38,9,24,2432.54,0.27461
38,9,25,2386.36,0.239594
38,9,26,2349.03,0.203816
38,9,27,2318.73,0.170211
38,9,28,2294.99,0.142154
38,9,29,2278.4,0.123109
38,9,30,2270.14,0.115295
38,9,31,2271.39,0.11905
38,9,32,2281.97,0.132249
38,9,33,2300.13,0.150017
38,9,34,2322.7,0.165923
38,9,35,2346.12,0.173774
38,9,36,2367.91,0.169833
38,9,37,2387.21,0.154012
38,9,38,2405.59,0.129657
38,9,39,2426.33,0.101746
38,9,40,2452.08,0.0750372
38,9,41,2485,0.0526363
38,9,42,2524.24,0.0357885
38,9,43,2565.21,0.0242528
38,9,44,2599.9,0.0170279
38,9,45,2617.88,0.0128775
38,9,46,2607.87,0.0105934
38,9,47,2559.15,0.00935768
38,9,48,2462.81,0.00837948
38,9,49,2313.61,0.00726787
38,10,0,3199.26,0.345255
38,10,1,3356.67,0.415705
38,10,2,3442.48,0.481031
38,10,3,3473.54,0.542461
38,10,4,3466.45,0.601229
38,10,5,3437.77,0.655719
38,10,6,3403.86,0.70063
38,10,7,3377.68,0.729696
38,10,8,3365.15,0.738805
38,10,9,3364.57,0.72885
38,10,10,3369.24,0.705484
38,10,11,3370.91,0.676063
38,10,12,3363.41,0.646646
38,10,13,3341.31,0.61902
38,10,14,3300.49,0.590805
38,10,15,3238.26,0.5585
38,10,16,3154.46,0.520285
38,10,17,3052.15,0.477556
38,10,18,2937.94,0.434341
38,10,19,2820.74,0.3948
38,10,20,2709.38,0.361153
38,10,21,2610.55,0.333097
38,10,22,2527.59,0.308221
38,10,23,2459.97,0.283663
38,10,24,2404.93,0.257361
38,10,25,2358.75,0.228641
38,10,26,2318.47,0.198058
38,10,27,2282.3,0.167836
38,10,28,2250.55,0.141027
38,10,29,2225.27,0.121389
38,10,30,2209.63,0.11201
38,10,31,2206.76,0.114272
38,10,32,2217.88,0.126882
38,10,33,2241.47,0.145333
38,10,34,2273.43,0.163029
38,10,35,2308.44,0.173264
38,10,36,2342.1,0.171731
38,10,37,2371.86,0.157911
38,10,38,2398.2,0.134934
38,10,39,2423.91,0.107718
38,10,40,2451.75,0.0810663
38,10,41,2484.46,0.0581121
38,10,42,2522.06,0.0401882
38,10,43,2560.96,0.0272149
38,10,44,2593.99,0.0184233
38,10,45,2611.31,0.0128243
38,10,46,2601.81,0.00941978
38,10,47,2554.64,0.00750683
38,10,48,2460.56,0.0062914
38,10,49,2313.93,0.00529669
38,11,0,3130.57,0.317802
38,11,1,3293.18,0.384618
38,11,2,3381.91,0.447312
38,11,3,3412.56,0.506468
38,11,4,3401.65,0.562548
38,11,5,3366.66,0.613472
38,11,6,3326.13,0.654142
38,11,7,3296.01,0.67903
38,11,8,3284.83,0.684978
38,11,9,3291.6,0.67342
38,11,10,3308.13,0.649794
38,11,11,3323.43,0.6206
38,11,12,3328.38,0.590882
38,11,13,3315.43,0.561922
38,11,14,3279.35,0.531862
38,11,15,3217.33,0.498372
38,11,16,3129.96,0.460811
38,11,17,3021.75,0.421169
38,11,18,2901.28,0.383232
38,11,19,2779.37,0.350192
38,11,20,2666.19,0.323368
38,11,21,2568.63,0.301865
38,11,22,2489.17,0.283246
38,11,23,2425.96,0.264874
38,11,24,2374.88,0.244778
38,11,25,2331.25,0.221976
38,11,26,2291.57,0.196408
38,11,27,2253.9,0.169558
38,11,28,2218.89,0.14406
38,11,29,2189.3,0.123764
38,11,30,2169.48,0.112431
38,11,31,2163.96,0.112382
38,11,32,2175.12,0.123187
38,11,33,2202.05,0.140923
38,11,34,2240.34,0.15915
38,11,35,2283.63,0.170965
38,11,36,2326.12,0.17167
38,11,37,2363.89,0.16027
38,11,38,2396.36,0.139455
38,11,39,2425.81,0.113788
38,11,40,2455.04,0.0878878
38,11,41,2487.26,0.0648113
38,11,42,2523.35,0.0460005
38,11,43,2560.64,0.0316263
38,11,44,2592.77,0.0212373
38,11,45,2610.4,0.0141388
38,11,46,2602.46,0.00954676
38,11,47,2557.84,0.00683697
38,11,48,2466.8,0.00521412
38,11,49,2323.04,0.00412698
38,12,0,3054.2,0.29904
38,12,1,3222.76,0.362269
38,12,2,3315.87,0.42121
38,12,3,3348.28,0.47601
38,12,4,3336.56,0.526922
38,12,5,3299.13,0.572163
38,12,6,3256.32,0.607544
38,12,7,3226.22,0.628632
38,12,8,3218.92,0.633121
38,12,9,3233.43,0.622515
38,12,10,3259.96,0.601432
38,12,11,3285.24,0.575012
38,12,12,3297.96,0.547021
38,12,13,3289.33,0.518146
38,12,14,3253.68,0.487024
38,12,15,3188.57,0.452497
38,12,16,3095.54,0.415121
38,12,17,2980.62,0.377572
38,12,18,2854.11,0.343541
38,12,19,2728.39,0.315458
38,12,20,2614.55,0.293909
38,12,21,2519.34,0.277494
38,12,22,2444.39,0.263764
38,12,23,2386.8,0.250324
38,12,24,2341.49,0.235343
38,12,25,2303.12,0.217637
38,12,26,2267.8,0.196646
38,12,27,2233.34,0.173108
38,12,28,2200.22,0.149113
38,12,29,2171.18,0.12836
38,12,30,2150.86,0.115029
38,12,31,2144.45,0.112203
38,12,32,2155.2,0.12029
38,12,33,2183.03,0.136107
38,12,34,2223.91,0.153678
38,12,35,2271.24,0.166243
38,12,36,2318.51,0.16893
38,12,37,2360.88,0.160292
38,12,38,2397,0.142395
38,12,39,2428.68,0.119179
38,12,40,2458.7,0.0948243
38,12,41,2490.62,0.0721739
38,12,42,2525.93,0.0527745
38,12,43,2562.61,0.0371229
38,12,44,2594.91,0.0251753
38,12,45,2613.82,0.0165915
38,12,46,2608.3,0.0108183
38,12,47,2566.91,0.00727833
38,12,48,2479.41,0.00516223
38,12,49,2338.76,0.00383926
38,13,0,2971.78,0.286663
38,13,1,3146.66,0.345668
38,13,2,3245.31,0.399087
38,13,3,3281.44,0.446928
38,13,4,3271.74,0.489863
38,13,5,3235.52,0.527195
38,13,6,3194.33,0.556303
38,13,7,3167.32,0.57417
38,13,8,3165.02,0.579197
38,13,9,3185.94,0.572467
38,13,10,3219.03,0.557175
38,13,11,3249.57,0.536618
38,13,12,3265.07,0.513001
38,13,13,3256.2,0.486291
38,13,14,3217.36,0.455492
38,13,15,3146.74,0.420509
38,13,16,3046.96,0.383053
38,13,17,2925.52,0.346586
38,13,18,2794.23,0.314899
38,13,19,2666.47,0.289956
38,13,20,2553.61,0.271809
38,13,21,2461.9,0.258656
38,13,22,2392.14,0.248052
38,13,23,2340.71,0.237877
38,13,24,2302.11,0.226531
38,13,25,2270.77,0.212794
38,13,26,2242.64,0.195752
38,13,27,2215.18,0.175446
38,13,28,2188.38,0.153309
38,13,29,2164.31,0.132653
38,13,30,2147.17,0.117784
38,13,31,2142.04,0.112285
38,13,32,2152.64,0.117283
38,13,33,2179.72,0.130388
38,13,34,2220.08,0.146305
38,13,35,2267.57,0.158739
38,13,36,2315.73,0.162914
38,13,37,2359.38,0.157057
38,13,38,2396.8,0.142555
38,13,39,2429.56,0.122533
38,13,40,2460.31,0.1005
38,13,41,2492.76,0.0789293
38,13,42,2528.6,0.059416
38,13,43,2566.1,0.0428123
38,13,44,2599.78,0.0295442
38,13,45,2620.86,0.0196726
38,13,46,2618.28,0.0128849
38,13,47,2580.44,0.00862378
38,13,48,2496.68,0.00604161
38,13,49,2359.28,0.00441871
38,14,0,2885.64,0.278196
38,14,1,3066.51,0.332043
38,14,2,3171.17,0.378103
38,14,3,3212.23,0.416545
38,14,4,3206.56,0.448996
38,14,5,3174.19,0.476495
38,14,6,3137.24,0.498502
38,14,7,3114.93,0.51365
38,14,8,3117.37,0.520917
38,14,9,3142.4,0.520577
38,14,10,3178.33,0.51393
38,14,11,3209.95,0.502042
38,14,12,3224.35,0.485316
38,14,13,3212.19,0.462868
38,14,14,3168.16,0.433905
38,14,15,3091.19,0.399248
38,14,16,2985.05,0.361701
38,14,17,2858.6,0.325581
38,14,18,2724.7,0.294948
38,14,19,2597.16,0.271559
38,14,20,2486.91,0.255075
38,14,21,2399.32,0.243374
38,14,22,2334.39,0.234044
38,14,23,2288.27,0.225308
38,14,24,2255.63,0.215941
38,14,25,2231.26,0.204896
38,14,26,2211.24,0.191081
38,14,27,2192.79,0.173935
38,14,28,2175.15,0.154162
38,14,29,2159.37,0.134473
38,14,30,2148.6,0.118995
38,14,31,2147.23,0.11149
38,14,32,2158.92,0.113584
38,14,33,2184.98,0.123619
38,14,34,2223.15,0.137102
38,14,35,2268.24,0.148475
38,14,36,2314.46,0.153368
38,14,37,2357.01,0.149922
38,14,38,2394.24,0.138923
38,14,39,2427.69,0.122614
38,14,40,2459.84,0.103643
38,14,41,2494.17,0.0839476
38,14,42,2532.21,0.0650457
38,14,43,2572.06,0.0480929
38,14,44,2608.23,0.0339815
38,14,45,2632.05,0.0231885
38,14,46,2632.6,0.015651
38,14,47,2598.29,0.0108303
38,14,48,2518.26,0.0078337
38,14,49,2384.19,0.00585803
38,15,0,2799.74,0.27248
38,15,1,2985.33,0.32061
38,15,2,3095.43,0.3582
38,15,3,3141.54,0.385776
38,15,4,3140.66,0.406238
38,15,5,3113.24,0.422727
38,15,6,3081.45,0.437055
38,15,7,3063.87,0.449647
38,15,8,3069.75,0.460026
38,15,9,3096.44,0.467493
38,15,10,3132.24,0.471251
38,15,11,3162.17,0.469921
38,15,12,3173.46,0.461925
38,15,13,3156.92,0.44538
38,15,14,3107.64,0.419503
38,15,15,3025.25,0.385871
38,15,16,2914.59,0.348312
38,15,17,2785.65,0.312035
38,15,18,2651.91,0.281489
38,15,19,2526.88,0.258402
38,15,20,2420.5,0.24213
38,15,21,2336.91,0.230295
38,15,22,2275.39,0.220567
38,15,23,2232.29,0.211598
38,15,24,2203.15,0.202691
38,15,25,2183.73,0.193159
38,15,26,2170.71,0.181878
38,15,27,2161.25,0.16779
38,15,28,2153.83,0.150838
38,15,29,2148.21,0.132986
38,15,30,2146.16,0.117903
38,15,31,2150.87,0.109228
38,15,32,2165.43,0.108841
38,15,33,2191.32,0.115697
38,15,34,2227.17,0.126148
38,15,35,2268.99,0.135576
38,15,36,2312.17,0.140294
38,15,37,2352.86,0.138624
38,15,38,2389.87,0.13092
38,15,39,2424.78,0.118583
38,15,40,2459.72,0.103305
38,15,41,2497.64,0.0863475
38,15,42,2539.43,0.0689844
38,15,43,2582.77,0.0525373
38,15,44,2622.03,0.0382776
38,15,45,2648.69,0.0270637
38,15,46,2652.13,0.019086
38,15,47,2621.04,0.0138579
38,15,48,2544.54,0.0104696
38,15,49,2413.82,0.00806702
38,16,0,2719.02,0.269902
38,16,1,2907.26,0.31269
38,16,2,3021.24,0.342024
38,16,3,3071.45,0.358816
38,16,4,3074.84,0.367275
38,16,5,3052.04,0.372676
38,16,6,3024.83,0.379193
38,16,7,3010.87,0.389099
38,16,8,3018.53,0.402546
38,16,9,3044.98,0.417978
38,16,10,3079.04,0.432584
38,16,11,3106.35,0.442526
38,16,12,3114.5,0.444136
38,16,13,3094.49,0.434353
38,16,14,3041.65,0.41219
38,16,15,2956.2,0.379827
38,16,16,2843.81,0.342078
38,16,17,2715.27,0.305089
38,16,18,2584.23,0.273782
38,16,19,2463.47,0.249967
38,16,20,2361.47,0.232717
38,16,21,2281,0.219444
38,16,22,2220.68,0.207958
38,16,23,2177.38,0.197419
38,16,24,2148.06,0.187776
38,16,25,2130.1,0.178831
38,16,26,2121.3,0.169511
38,16,27,2119.1,0.158342
38,16,28,2121.29,0.144499
38,16,29,2126.24,0.129113
38,16,30,2134.07,0.115208
38,16,31,2146.43,0.106053
38,16,32,2165.48,0.103598
38,16,33,2192.56,0.107284
38,16,34,2227.02,0.114293
38,16,35,2266.27,0.121043
38,16,36,2307.18,0.12471
38,16,37,2347.12,0.124015
38,16,38,2385.49,0.119089
38,16,39,2423.81,0.110636
38,16,40,2463.52,0.099418
38,16,41,2506.65,0.0859561
38,16,42,2553.24,0.0710975
38,16,43,2600.46,0.0561143
38,16,44,2642.66,0.0424804
38,16,45,2671.64,0.0313482
38,16,46,2677.32,0.0231667
38,16,47,2648.86,0.0175781
38,16,48,2575.52,0.0137334
38,16,49,2448.07,0.0107899
38,17,0,2647.64,0.27071
38,17,1,2836.14,0.309513
38,17,2,2951.93,0.332187
38,17,3,3004.59,0.339892
38,17,4,3010.9,0.337895
38,17,5,2991.39,0.333325
38,17,6,2967.27,0.332492
38,17,7,2955.3,0.339488
38,17,8,2963.28,0.355285
38,17,9,2988.6,0.377812
38,17,10,3020.88,0.402602
38,17,11,3046.5,0.423529
38,17,12,3053.33,0.434785
38,17,13,3032.34,0.431921
38,17,14,2978.87,0.413504
38,17,15,2893.46,0.382176
38,17,16,2782.32,0.343735
38,17,17,2656.72,0.305331
38,17,18,2530.19,0.272448
38,17,19,2414.56,0.247045
38,17,20,2316.74,0.227913
38,17,21,2238.1,0.21229
38,17,22,2176.62,0.198157
38,17,23,2129.84,0.185214
38,17,24,2096.43,0.174092
38,17,25,2075.89,0.165112
38,17,26,2067.65,0.157276
38,17,27,2069.85,0.148747
38,17,28,2079.71,0.137978
38,17,29,2094.24,0.125274
38,17,30,2111.78,0.112929
38,17,31,2132.23,0.103719
38,17,32,2156.59,0.099528
38,17,33,2185.94,0.100163
38,17,34,2220.34,0.103547
38,17,35,2258.65,0.107105
38,17,36,2299.36,0.108922
38,17,37,2341.06,0.108261
38,17,38,2383.55,0.105252
38,17,39,2427.93,0.100153
38,17,40,2474.47,0.0929566
38,17,41,2524.04,0.0834618
38,17,42,2575.74,0.0719129
38,17,43,2626.45,0.0592587
38,17,44,2670.73,0.0469243
38,17,45,2700.98,0.0362272
38,17,46,2707.91,0.0278886
38,17,47,2681.28,0.0218008
38,17,48,2610.62,0.0173026
38,17,49,2486.24,0.0136509
38,18,0,2587,0.273408
38,18,1,2773.84,0.309999
38,18,2,2889.6,0.328417
38,18,3,2943.13,0.329821
38,18,4,2950.87,0.320123
38,18,5,2933.09,0.307791
38,18,6,2910.39,0.300879
38,18,7,2898.98,0.305166
38,18,8,2906.54,0.322644
38,18,9,2931.03,0.351174
38,18,10,2962.97,0.38511
38,18,11,2989.28,0.416314
38,18,12,2997.83,0.436822
38,18,13,2979.16,0.440562
38,18,14,2928.32,0.425408
38,18,15,2845.83,0.39434
38,18,16,2738.19,0.354192
38,18,17,2616.99,0.313268
38,18,18,2495.58,0.277774
38,18,19,2384.88,0.249927
38,18,20,2290.4,0.228278
38,18,21,2212.18,0.209892
38,18,22,2147.64,0.192875
38,18,23,2094.92,0.177356
38,18,24,2054.41,0.164552
38,18,25,2027.89,0.155215
38,18,26,2016.71,0.148429
38,18,27,2020.06,0.142077
38,18,28,2034.89,0.134038
38,18,29,2056.93,0.123909
38,18,30,2082.74,0.113281
38,18,31,2110.44,0.104385
38,18,32,2139.9,0.0989253
38,18,33,2171.95,0.0969156
38,18,34,2207.45,0.0968375
38,18,35,2246.72,0.0969679
38,18,36,2289.81,0.0962327
38,18,37,2336.33,0.0945245
38,18,38,2386.04,0.0922156
38,18,39,2439.08,0.0894425
38,18,40,2494.2,0.085709
38,18,41,2550.88,0.0801827
38,18,42,2607.41,0.0723584
38,18,43,2660.66,0.0625747
38,18,44,2705.75,0.0519282
38,18,45,2735.96,0.0417577
38,18,46,2742.91,0.033078
38,18,47,2717.14,0.0261748
38,18,48,2648.43,0.0207268
38,18,49,2526.73,0.0161836
38,19,0,2535.41,0.274279
38,19,1,2719.74,0.310106
38,19,2,2834.65,0.326698
38,19,3,2888.33,0.324975
38,19,4,2896.72,0.311
38,19,5,2879.65,0.293976
38,19,6,2857.32,0.283183
38,19,7,2845.8,0.285849
38,19,8,2853.2,0.30508
38,19,9,2878.32,0.33904
38,19,10,2912.47,0.38135
38,19,11,2942.7,0.422168
38,19,12,2956.41,0.451427
38,19,13,2943.3,0.461277
38,19,14,2897.82,0.448711
38,19,15,2820.24,0.416953
38,19,16,2717.25,0.373924
38,19,17,2600.63,0.329212
38,19,18,2483.64,0.289948
38,19,19,2376.57,0.258766
38,19,20,2283.83,0.234097
38,19,21,2204.53,0.212865
38,19,22,2135.58,0.193183
38,19,23,2075.66,0.175383
38,19,24,2026.54,0.161011
38,19,25,1992.04,0.151081
38,19,26,1975.42,0.144763
38,19,27,1977.07,0.139839
38,19,28,1993.91,0.133885
38,19,29,2020.7,0.126034
38,19,30,2052.42,0.11728
38,19,31,2085.6,0.109275
38,19,32,2119.15,0.103379
38,19,33,2153.77,0.0995771
38,19,34,2191.15,0.0966288
38,19,35,2232.99,0.093418
38,19,36,2280.73,0.0895807
38,19,37,2334.62,0.0856956
38,19,38,2393.93,0.0826309
38,19,39,2457.41,0.0807633
38,19,40,2522.02,0.0794349
38,19,41,2585.87,0.0773267
38,19,42,2646.63,0.0731025
38,19,43,2701.38,0.0662609
38,19,44,2746.04,0.0573315
38,19,45,2774.93,0.0475439
38,19,46,2780.73,0.0382185
38,19,47,2754.77,0.0301518
38,19,48,2687.16,0.0234888
38,19,49,2567.54,0.0179431
38,20,0,2490.31,0.269643
38,20,1,2672.38,0.305319
38,20,2,2786.75,0.321846
38,20,3,2840.95,0.319764
38,20,4,2850.27,0.304883
38,20,5,2834,0.286557
38,20,6,2812.07,0.274734
38,20,7,2800.82,0.277717
38,20,8,2809.21,0.299621
38,20,9,2836.99,0.339066
38,20,10,2875.99,0.389249
38,20,11,2912.95,0.438948
38,20,12,2934.38,0.476198
38,20,13,2928.91,0.491419
38,20,14,2890.27,0.480699
38,20,15,2818.46,0.447446
38,20,16,2720.21,0.400636
38,20,17,2607.44,0.351161
38,20,18,2493.38,0.307203
38,20,19,2387.95,0.271993
38,20,20,2295.02,0.244046
38,20,21,2213.2,0.220224
38,20,22,2139.24,0.198499
38,20,23,2072.13,0.179072
38,20,24,2014.61,0.163447
38,20,25,1971.94,0.152662
38,20,26,1948.82,0.146009
38,20,27,1946.79,0.141453
38,20,28,1962.96,0.136668
38,20,29,1991.51,0.130681
38,20,30,2026.34,0.124044
38,20,31,2062.75,0.117788
38,20,32,2098.99,0.112694
38,20,33,2135.72,0.108404
38,20,34,2175.35,0.103613
38,20,35,2220.77,0.097519
38,20,36,2274.44,0.090308
38,20,37,2336.9,0.0832775
38,20,38,2406.61,0.0780094
38,20,39,2480.76,0.0754396
38,20,40,2554.61,0.0750715
38,20,41,2625.06,0.075285
38,20,42,2689.35,0.0739462
38,20,43,2744.84,0.0696231
38,20,44,2788.25,0.062144
38,20,45,2814.98,0.0525279
38,20,46,2818.74,0.0423665
38,20,47,2791.7,0.0329951
38,20,48,2724.39,0.0250711
38,20,49,2606.24,0.0185935
38,21,0,2450.86,0.257944
38,21,1,2631.46,0.293275
38,21,2,2746.28,0.310613
38,21,3,2802.16,0.310127
38,21,4,2813.63,0.297105
38,21,5,2799.36,0.280594
38,21,6,2779.02,0.270664
38,21,7,2769.37,0.276202
38,21,8,2780.26,0.302002
38,21,9,2812.27,0.34705
38,21,10,2857.47,0.404279
38,21,11,2902.05,0.461477
38,21,12,2931.61,0.505246
38,21,13,2933.86,0.524671
38,21,14,2901.94,0.515155
38,21,15,2835.65,0.480255
38,21,16,2741.61,0.429765
38,21,17,2631.65,0.375599
38,21,18,2518.87,0.326867
38,21,19,2413.01,0.287471
38,21,20,2317.95,0.256258
38,21,21,2232.43,0.230202
38,21,22,2153.48,0.207079
38,21,23,2080.36,0.18667
38,21,24,2016.2,0.17005
38,21,25,1966.89,0.158036
38,21,26,1937.91,0.150082
38,21,27,1931.49,0.144649
38,21,28,1945.09,0.139954
38,21,29,1972.82,0.1353
38,21,30,2008.07,0.130988
38,21,31,2045.53,0.127387
38,21,32,2083.08,0.124467
38,21,33,2121.36,0.121208
38,21,34,2163.28,0.115918
38,21,35,2212.51,0.107812
38,21,36,2272.13,0.0974394
38,21,37,2342.65,0.0867714
38,21,38,2421.72,0.0782083
38,21,39,2505.14,0.0734466
38,21,40,2586.83,0.072419
38,21,41,2662.81,0.073438
38,21,42,2729.97,0.0737659
38,21,43,2785.89,0.0711441
38,21,44,2827.91,0.064708
38,21,45,2852.28,0.0551951
38,21,46,2853.68,0.0443552
38,21,47,2825.11,0.0339544
38,21,48,2757.58,0.0250903
38,21,49,2640.43,0.0180057
38,22,0,2419.74,0.241722
38,22,1,2599.62,0.276268
38,22,2,2715.75,0.294665
38,22,3,2774.45,0.296826
38,22,4,2789.55,0.287439
38,22,5,2779.05,0.27495
38,22,6,2762.17,0.269095
38,22,7,2755.76,0.278802
38,22,8,2770.17,0.309062
38,22,9,2806.43,0.358956
38,22,10,2856.72,0.421251
38,22,11,2906.95,0.483259
38,22,12,2942.29,0.530939
38,22,13,2950.06,0.552812
38,22,14,2923.26,0.544062
38,22,15,2861.49,0.508343
38,22,16,2771.06,0.455751
38,22,17,2663.27,0.398529
38,22,18,2550.7,0.346211
38,22,19,2442.94,0.303218
38,22,20,2344.34,0.268953
38,22,21,2254.44,0.240806
38,22,22,2171.08,0.216514
38,22,23,2093.89,0.195356
38,22,24,2025.9,0.17774
38,22,25,1972.83,0.164065
38,22,26,1939.99,0.153941
38,22,27,1929.81,0.146528
38,22,28,1940.05,0.140917
38,22,29,1965.14,0.136995
38,22,30,1998.7,0.134999
38,22,31,2035.36,0.134661
38,22,32,2072.96,0.135023
38,22,33,2112.17,0.134192
38,22,34,2156.02,0.129858
38,22,35,2208.46,0.120987
38,22,36,2272.8,0.108255
38,22,37,2349.33,0.0941385
38,22,38,2435.12,0.0817962
38,22,39,2525.08,0.0737344
38,22,40,2612.34,0.0705088
38,22,41,2692.39,0.0706425
38,22,42,2761.86,0.0711409
38,22,43,2818.34,0.0692074
38,22,44,2859.47,0.0634245
38,22,45,2882.05,0.0542004
38,22,46,2881.51,0.0432508
38,22,47,2851.59,0.0325366
38,22,48,2783.79,0.0234131
38,22,49,2667.52,0.0162709
38,23,0,2402.3,0.227004
38,23,1,2581.8,0.260813
38,23,2,2699.42,0.280438
38,23,3,2761.35,0.285685
38,23,4,2780.96,0.280681
38,23,5,2775.56,0.273139
38,23,6,2763.59,0.272113
38,23,7,2761.33,0.286083
38,23,8,2778.82,0.319753
38,23,9,2817.11,0.37204
38,23,10,2868.63,0.435707
38,23,11,2919.72,0.498268
38,23,12,2956.05,0.546082
38,23,13,2965.43,0.568119
38,23,14,2941.08,0.559932
38,23,15,2882.45,0.525168
38,23,16,2795.17,0.473468
38,23,17,2689.47,0.416368
38,23,18,2576.89,0.362952
38,23,19,2466.73,0.317743
38,23,20,2364.06,0.280813
38,23,21,2269.8,0.250337
38,23,22,2183.14,0.224414
38,23,23,2104.22,0.202057
38,23,24,2035.71,0.18304
38,23,25,1982.39,0.167275
38,23,26,1948.63,0.154457
38,23,27,1936.4,0.144435
38,23,28,1943.62,0.137247
38,23,29,1965.33,0.133474
38,23,30,1995.85,0.133436
38,23,31,2030.39,0.136359
38,23,32,2067.04,0.14044
38,23,33,2106.46,0.142928
38,23,34,2151.51,0.14084
38,23,35,2205.96,0.132691
38,23,36,2272.95,0.119004
38,23,37,2352.55,0.102443
38,23,38,2441.6,0.0866686
38,23,39,2534.79,0.0748782
38,23,40,2625.04,0.0683498
38,23,41,2707.65,0.0661078
38,23,42,2779.02,0.0653408
38,23,43,2836.56,0.06312
38,23,44,2877.82,0.0577026
38,23,45,2899.84,0.049145
38,23,46,2898.47,0.0389028
38,23,47,2867.98,0.0288286
38,23,48,2800.38,0.0202973
38,23,49,2685.28,0.0137245
38,24,0,2403.84,0.220805
38,24,1,2582.87,0.25485
38,24,2,2701.4,0.27623
38,24,3,2766,0.284738
38,24,4,2789.87,0.284034
38,24,5,2789.7,0.281065
38,24,6,2782.74,0.283999
38,24,7,2783.92,0.300505
38,24,8,2802.19,0.334679
38,24,9,2838.25,0.385179
38,24,10,2885.13,0.445081
38,24,11,2930.56,0.50289
38,24,12,2961.88,0.546458
38,24,13,2968.14,0.566208
38,24,14,2943.21,0.558602
38,24,15,2886.32,0.527091
38,24,16,2802.05,0.480025
38,24,17,2698.98,0.427097
38,24,18,2587.15,0.375902
38,24,19,2475.23,0.330444
38,24,20,2369.08,0.29139
38,24,21,2271.32,0.258012
38,24,22,2182.86,0.22931
38,24,23,2104.55,0.204564
38,24,24,2038.55,0.183263
38,24,25,1988.22,0.164959
38,24,26,1956.43,0.149342
38,24,27,1944.16,0.136719
38,24,28,1949.32,0.127842
38,24,29,1967.67,0.123843
38,24,30,1994.58,0.125181
38,24,31,2026.18,0.130783
38,24,32,2061.09,0.13829
38,24,33,2099.95,0.144344
38,24,34,2145.26,0.145414
38,24,35,2200.25,0.139472
38,24,36,2267.62,0.126602
38,24,37,2347.29,0.109241
38,24,38,2436.29,0.0911565
38,24,39,2529.65,0.0759831
38,24,40,2620.6,0.0657167
38,24,41,2704.51,0.0601267
38,24,42,2777.61,0.0570107
38,24,43,2836.95,0.0537244
38,24,44,2879.73,0.0484534
38,24,45,2902.8,0.0409149
38,24,46,2902.15,0.0321151
38,24,47,2872.35,0.0235256
38,24,48,2805.81,0.016319
38,24,49,2692.37,0.0108238
38,25,0,2426.01,0.228034
38,25,1,2604.37,0.264082
38,25,2,2722.88,0.288183
38,25,3,2788.89,0.300128
38,25,4,2815.76,0.303189
38,25,5,2819.55,0.303549
38,25,6,2816.09,0.308365
38,25,7,2818.36,0.324298
38,25,8,2833.66,0.354743
38,25,9,2862.19,0.398262
38,25,10,2898.01,0.44874
38,25,11,2931.1,0.49646
38,25,12,2951.41,0.531677
38,25,13,2950,0.547002
38,25,14,2921.66,0.540102
38,25,15,2865.34,0.513986
38,25,16,2784.25,0.475008
38,25,17,2684.89,0.430109
38,25,18,2575.35,0.38449
38,25,19,2463.38,0.340987
38,25,20,2355.49,0.300587
38,25,21,2255.97,0.263777
38,25,22,2167.53,0.230922
38,25,23,2091.79,0.202208
38,25,24,2030.37,0.177425
38,25,25,1985.08,0.15609
38,25,26,1957.07,0.137857
38,25,27,1946.2,0.12315
38,25,28,1950.22,0.112994
38,25,29,1965.64,0.108712
38,25,30,1988.95,0.110836
38,25,31,2017.37,0.118212
38,25,32,2050.13,0.128318
38,25,33,2087.87,0.13759
38,25,34,2132.57,0.142227
38,25,35,2186.77,0.139688
38,25,36,2252.58,0.129401
38,25,37,2329.87,0.113164
38,25,38,2416.18,0.0944026
38,25,39,2507.36,0.0768589
38,25,40,2597.3,0.0631428
38,25,41,2681.69,0.0539134
38,25,42,2756.62,0.047895
38,25,43,2818.65,0.0430607
38,25,44,2864.44,0.0377478
38,25,45,2890.35,0.0313838
38,25,46,2892.16,0.0244253
38,25,47,2864.49,0.0177912
38,25,48,2799.99,0.0123021
38,25,49,2688.78,0.0081248
38,26,0,2465.69,0.250012
38,26,1,2643.41,0.29014
38,26,2,2761.14,0.318099
38,26,3,2827.22,0.333628
38,26,4,2855.34,0.339654
38,26,5,2860.97,0.341614
38,26,6,2858.4,0.345627
38,26,7,2858.48,0.35733
38,26,8,2866.65,0.379574
38,26,9,2882.63,0.41121
38,26,10,2901.82,0.447494
38,26,11,2916.96,0.481094
38,26,12,2921.28,0.505162
38,26,13,2908.4,0.514751
38,26,14,2874.32,0.508697
38,26,15,2817.71,0.489309
38,26,16,2740.19,0.460559
38,26,17,2645.92,0.426232
38,26,18,2540.81,0.388667
38,26,19,2431.41,0.349063
38,26,20,2324.55,0.308338
38,26,21,2225.8,0.268029
38,26,22,2139.38,0.230066
38,26,23,2067.54,0.196055
38,26,24,2011.4,0.166697
38,26,25,1971.43,0.141908
38,26,26,1947.34,0.121373
38,26,27,1938.05,0.105326
38,26,28,1941.32,0.0945777
38,26,29,1954.3,0.0902004
38,26,30,1974.51,0.0926446
38,26,31,2000.17,0.100828
38,26,32,2030.96,0.112445
38,26,33,2067.46,0.124162
38,26,34,2111.1,0.132249
38,26,35,2163.64,0.133797
38,26,36,2226.62,0.127475
38,26,37,2299.93,0.114125
38,26,38,2381.83,0.0964308
38,26,39,2469.26,0.0778983
38,26,40,2557.06,0.0615736
38,26,41,2641.4,0.0490283
38,26,42,2718.35,0.0400769
38,26,43,2783.94,0.0335114
38,26,44,2834.08,0.0279816
38,26,45,2864.42,0.0227005
38,26,46,2870.27,0.0175736
38,26,47,2846.03,0.0129147
38,26,48,2784.44,0.00913097
38,26,49,2675.84,0.0061995
38,27,0,2515.98,0.284673
38,27,1,2693.45,0.330634
38,27,2,2810.11,0.363292
38,27,3,2875.29,0.382261
38,27,4,2903,0.390171
38,27,5,2908.23,0.391777
38,27,6,2903.84,0.392246
38,27,7,2898.66,0.396347
38,27,8,2896.37,0.406728
38,27,9,2896.31,0.423009
38,27,10,2895.2,0.442292
38,27,11,2888.69,0.459911
38,27,12,2873.58,0.471907
38,27,13,2846.43,0.475505
38,27,14,2804.8,0.470365
38,27,15,2747.2,0.457874
38,27,16,2673.65,0.439652
38,27,17,2585.93,0.416529
38,27,18,2487.7,0.388099
38,27,19,2384.13,0.353795
38,27,20,2281.86,0.314072
38,27,21,2187.03,0.271089
38,27,22,2104.65,0.228146
38,27,23,2037.26,0.188432
38,27,24,1985.63,0.153971
38,27,25,1949.43,0.125488
38,27,26,1927.66,0.102877
38,27,27,1918.92,0.0860591
38,27,28,1921.22,0.075287
38,27,29,1932.31,0.0710231
38,27,30,1950.41,0.0734559
38,27,31,1974.37,0.0816275
38,27,32,2004.03,0.0936854
38,27,33,2039.74,0.106866
38,27,34,2082.35,0.117818
38,27,35,2132.91,0.123481
38,27,36,2192.44,0.121812
38,27,37,2260.97,0.112555
38,27,38,2337.54,0.0973775
38,27,39,2420.3,0.0792616
38,27,40,2505.12,0.061466
38,27,41,2588.92,0.0463784
38,27,42,2667.83,0.0349055
38,27,43,2737.42,0.0267223
38,27,44,2792.78,0.0208804
38,27,45,2828.65,0.0164644
38,27,46,2839.64,0.0128967
38,27,47,2819.73,0.00992429
38,27,48,2761.57,0.00754402
38,27,49,2655.69,0.00555246
38,28,0,2568.81,0.328637
38,28,1,2746.71,0.381495
38,28,2,2862.55,0.419045
38,28,3,2926.4,0.440729
38,28,4,2952.62,0.448981
38,28,5,2955.79,0.448076
38,28,6,2947.61,0.442459
38,28,7,2935.21,0.436355
38,28,8,2920.81,0.432624
38,28,9,2903.32,0.432087
38,28,10,2880.66,0.433945
38,28,11,2851.08,0.436097
38,28,12,2814.92,0.436982
38,28,13,2771.87,0.435331
38,28,14,2721.34,0.43107
38,28,15,2662.04,0.424543
38,28,16,2592.58,0.415398
38,28,17,2512.63,0.402229
38,28,18,2423.71,0.382535
38,28,19,2329.42,0.354226
38,28,20,2235.57,0.317014
38,28,21,2147.91,0.273103
38,28,22,2071.29,0.226603
38,28,23,2008.1,0.182025
38,28,24,1958.98,0.142794
38,28,25,1923.66,0.11071
38,28,26,1901.44,0.0861036
38,28,27,1891.44,0.0686801
38,28,28,1892.32,0.0580456
38,28,29,1902.27,0.0538881
38,28,30,1919.77,0.056006
38,28,31,1943.74,0.0635333
38,28,32,1973.69,0.0751397
38,28,33,2009.51,0.0887964
38,28,34,2051.49,0.101727
38,28,35,2100.1,0.110942
38,28,36,2156.06,0.113839
38,28,37,2219.61,0.109104
38,28,38,2290.53,0.0972973
38,28,39,2368.11,0.0806947
38,28,40,2449.28,0.0625576
38,28,41,2531.79,0.0459141
38,28,42,2612.08,0.0326371
38,28,43,2685.39,0.0232311
38,28,44,2746,0.0171643
38,28,45,2787.68,0.0134592
38,28,46,2804.13,0.0111451
38,28,47,2788.77,0.00947875
38,28,48,2734.01,0.00808191
38,28,49,2630.52,0.00660328
38,29,0,2617.08,0.378044
38,29,1,2796.26,0.438069
38,29,2,2911.94,0.479969
38,29,3,2974.7,0.502999
38,29,4,2999.13,0.509609
38,29,5,2999.56,0.503934
38,29,6,2986.82,0.490101
38,29,7,2966.74,0.47221
38,29,8,2940.37,0.45371
38,29,9,2906.26,0.436872
38,29,10,2863.14,0.422958
38,29,11,2811.39,0.411993
38,29,12,2754.42,0.404036
38,29,13,2694.98,0.398477
38,29,14,2634.6,0.394937
38,29,15,2572.6,0.392701
38,29,16,2506.81,0.390048
38,29,17,2435.21,0.384314
38,29,18,2357.45,0.371857
38,29,19,2275.41,0.349594
38,29,20,2193.32,0.316395
38,29,21,2115.54,0.273931
38,29,22,2045.83,0.22636
38,29,23,1986.04,0.178904
38,29,24,1937.02,0.136122
38,29,25,1899.45,0.100928
38,29,26,1873.98,0.0743089
38,29,27,1861.09,0.0560253
38,29,28,1860.4,0.0451954
38,29,29,1870.35,0.0408043
38,29,30,1889.09,0.0422264
38,29,31,1914.96,0.0486099
38,29,32,1946.65,0.0590706
38,29,33,1983.43,0.0722959
38,29,34,2025.1,0.0861439
38,29,35,2071.86,0.0978658
38,29,36,2124.33,0.104521
38,29,37,2183.09,0.103938
38,29,38,2248.55,0.0956674
38,29,39,2320.88,0.0812358
38,29,40,2397.9,0.0637438
38,29,41,2478.2,0.0466355
38,29,42,2558.69,0.0325258
38,29,43,2634.56,0.022597
38,29,44,2699.49,0.0166777
38,29,45,2746.25,0.0137563
38,29,46,2767.55,0.0125429
38,29,47,2756.13,0.0118818
38,29,48,2704.09,0.0110663
38,29,49,2602.2,0.00964488
38,30,0,2655.49,0.429159
38,30,1,2836.84,0.495912
38,30,2,2953.34,0.541027
38,30,3,3015.83,0.563623
38,30,4,3039.01,0.566457
38,30,5,3037.01,0.553995
38,30,6,3020.07,0.530518
38,30,7,2993.13,0.500409
38,30,8,2956.39,0.467925
38,30,9,2908.13,0.436782
38,30,10,2847.55,0.409991
38,30,11,2776.49,0.38909
38,30,12,2700.72,0.374949
38,30,13,2625.6,0.366867
38,30,14,2554.86,0.363732
38,30,15,2489.01,0.363884
38,30,16,2425.8,0.364876
38,30,17,2362.27,0.363716
38,30,18,2296.51,0.356584
38,30,19,2228.52,0.340019
38,30,20,2160.29,0.312116
38,30,21,2093.98,0.273588
38,30,22,2031.57,0.227889
38,30,23,1974.19,0.180192
38,30,24,1923.25,0.135673
38,30,25,1881.1,0.0981896
38,30,26,1850.53,0.0695311
38,30,27,1833.96,0.0498532
38,30,28,1832.12,0.0381201
38,30,29,1843.38,0.0328735
38,30,30,1865.05,0.0331307
38,30,31,1894.26,0.037976
38,30,32,1928.61,0.0468068
38,30,33,1966.66,0.0588681
38,30,34,2007.95,0.0725826
38,30,35,2052.76,0.0855334
38,30,36,2101.9,0.0946727
38,30,37,2156.36,0.0972738
38,30,38,2217.01,0.0921276
38,30,39,2284.56,0.0800975
38,30,40,2357.36,0.0640225
38,30,41,2434.66,0.0475255
38,30,42,2513.93,0.0336832
38,30,43,2590.61,0.024139
38,30,44,2658.07,0.0189712
38,30,45,2708.26,0.0171214
38,30,46,2732.94,0.0170257
38,30,47,2724.09,0.0171775
38,30,48,2673.43,0.0165938
38,30,49,2571.86,0.0147808
38,31,0,2680.62,0.477613
38,31,1,2865,0.550204
38,31,2,2983.54,0.597289
38,31,3,3047.05,0.617913
38,31,4,3070.19,0.615419
38,31,5,3066.85,0.59502
38,31,6,3046.84,0.561567
38,31,7,3014.55,0.51999
38,31,8,2969.79,0.475361
38,31,9,2910.67,0.432601
38,31,10,2836.68,0.39602
38,31,11,2750.48,0.368075
38,31,12,2659.28,0.349833
38,31,13,2570.39,0.340077
38,31,14,2489.55,0.336822
38,31,15,2418.89,0.337686
38,31,16,2356.89,0.340022
38,31,17,2300.36,0.341163
38,31,18,2246.21,0.337778
38,31,19,2192.45,0.326523
38,31,20,2138.47,0.304887
38,31,21,2083.79,0.272425
38,31,22,2028.37,0.231344
38,31,23,1972.64,0.18608
38,31,24,1918.83,0.141835
38,31,25,1871.3,0.103085
38,31,26,1835.31,0.0724553
38,31,27,1815.37,0.0507918
38,31,28,1813.17,0.0373011
38,31,29,1826.75,0.0304434
38,31,30,1852.17,0.0290258
38,31,31,1885.08,0.0320234
38,31,32,1921.9,0.0389242
38,31,33,1960.69,0.0492935
38,31,34,2001.04,0.0619568
38,31,35,2043.63,0.0748372
38,31,36,2089.67,0.0849783
38,31,37,2140.58,0.0894392
38,31,38,2197.49,0.0865921
38,31,39,2261.22,0.0768239
38,31,40,2330.26,0.0626839
38,31,41,2404.22,0.0477576
38,31,42,2481.09,0.0352876
38,31,43,2556.79,0.0271246
38,31,44,2624.71,0.0234414
38,31,45,2676.3,0.02308
38,31,46,2702.43,0.0242179
38,31,47,2694.36,0.0250486
38,31,48,2643.35,0.024381
38,31,49,2540.47,0.0217531
38,32,0,2690.17,0.518129
38,32,1,2878.28,0.595426
38,32,2,3000.17,0.643594
38,32,3,3066.28,0.661623
38,32,4,3090.96,0.653558
38,32,5,3087.72,0.62554
38,32,6,3066.01,0.583177
38,32,7,3030.02,0.53198
38,32,8,2979.54,0.477651
38,32,9,2912.86,0.425957
38,32,10,2829.68,0.382067
38,32,11,2733,0.348959
38,32,12,2630.59,0.327643
38,32,13,2530.9,0.316357
38,32,14,2441.31,0.312401
38,32,15,2365.71,0.312956
38,32,16,2303.91,0.315472
38,32,17,2253.06,0.317831
38,32,18,2209.23,0.317416
38,32,19,2168.54,0.311237
38,32,20,2127.73,0.29637
38,32,21,2083.74,0.271278
38,32,22,2034.62,0.236736
38,32,23,1980.3,0.196008
38,32,24,1923.91,0.153823
38,32,25,1871.74,0.114887
38,32,26,1831.28,0.0825482
38,32,27,1808.87,0.0585033
38,32,28,1806.88,0.0425449
38,32,29,1822.82,0.033415
38,32,30,1851.42,0.0299024
38,32,31,1886.97,0.0308777
38,32,32,1924.98,0.035761
38,32,33,1963.27,0.0441942
38,32,34,2001.8,0.0552099
38,32,35,2041.85,0.0670115
38,32,36,2085.13,0.0768623
38,32,37,2133.39,0.0818991
38,32,38,2187.77,0.0804062
38,32,39,2248.86,0.0725174
38,32,40,2314.95,0.0605181
38,32,41,2385.75,0.0477987
38,32,42,2459.67,0.0375157
38,32,43,2533.18,0.0314937
38,32,44,2599.99,0.0298436
38,32,45,2651.26,0.0312422
38,32,46,2677.17,0.0336137
38,32,47,2668.18,0.0349049
38,32,48,2615.12,0.0338038
38,32,49,2509.24,0.0299615
38,33,0,2683.2,0.54625
38,33,1,2875.62,0.627245
38,33,2,3002.13,0.676408
38,33,3,3072.43,0.692578
38,33,4,3100.22,0.680324
38,33,5,3098.47,0.646542
38,33,6,3076.26,0.597478
38,33,7,3037.82,0.539062
38,33,8,2983.4,0.477378
38,33,9,2911.81,0.418739
38,33,10,2823.08,0.368919
38,33,11,2720.29,0.331308
38,33,12,2611.13,0.306949
38,33,13,2504.45,0.293818
38,33,14,2408.69,0.288832
38,33,15,2329.34,0.288968
38,33,16,2267.66,0.291803
38,33,17,2221.51,0.295573
38,33,18,2186.41,0.298172
38,33,19,2156.85,0.296926
38,33,20,2127.23,0.288682
38,33,21,2092.35,0.27112
38,33,22,2048.77,0.243783
38,33,23,1996.14,0.208712
38,33,24,1938.39,0.169866
38,33,25,1883.31,0.131795
38,33,26,1840.02,0.0983312
38,33,27,1816.06,0.0719608
38,33,28,1814.12,0.0532537
38,33,29,1831.21,0.0415083
38,33,30,1861.06,0.0356971
38,33,31,1897.01,0.0346545
38,33,32,1934.15,0.0376573
38,33,33,1970.37,0.0442398
38,33,34,2006.16,0.0534641
38,33,35,2043.45,0.0637087
38,33,36,2084.4,0.0724874
38,33,37,2130.88,0.0771816
38,33,38,2183.77,0.076214
38,33,39,2243.2,0.0696496
38,33,40,2307.1,0.0595687
38,33,41,2375.15,0.049099
38,33,42,2446.17,0.0411718
38,33,43,2517.2,0.0374472
38,33,44,2582.32,0.0378758
38,33,45,2632.57,0.0409265
38,33,46,2657.41,0.0442799
38,33,47,2646.52,0.0456857
38,33,48,2590.2,0.0437952
38,33,49,2479.93,0.0384369
38,34,0,2660.68,0.559868
38,34,1,2857.67,0.643873
38,34,2,2989.7,0.694721
38,34,3,3065.36,0.710871
38,34,4,3097.4,0.696961
38,34,5,3098.02,0.66016
38,34,6,3075.97,0.60702
38,34,7,3035.77,0.54365
38,34,8,2978.44,0.476349
38,34,9,2903.7,0.41186
38,34,10,2812.19,0.356538
38,34,11,2706.98,0.314312
38,34,12,2595.39,0.286563
38,34,13,2486.09,0.271406
38,34,14,2387.94,0.265697
38,34,15,2307.45,0.266301
38,34,16,2247.1,0.270689
38,34,17,2205.43,0.276978
38,34,18,2177.69,0.283075
38,34,19,2157.11,0.286402
38,34,20,2136.35,0.283754
38,34,21,2108.74,0.272525
38,34,22,2069.91,0.251586
38,34,23,2019.46,0.222076
38,34,24,1961.92,0.187154
38,34,25,1905.95,0.150907
38,34,26,1861.5,0.117279
38,34,27,1836.56,0.0892609
38,34,28,1833.8,0.0681696
38,34,29,1849.94,0.0539786
38,34,30,1878.29,0.0460132
38,34,31,1911.9,0.0431953
38,34,32,1945.9,0.0446889
38,34,33,1978.49,0.0498354
38,34,34,2010.73,0.0576067
38,34,35,2045.09,0.0664314
38,34,36,2084.02,0.0740081
38,34,37,2129.24,0.0779823
38,34,38,2181.17,0.0769966
38,34,39,2239.36,0.0711581
38,34,40,2301.47,0.0624124
38,34,41,2367.25,0.053645
38,34,42,2435.95,0.0475414
38,34,43,2505.17,0.0455651
38,34,44,2569.3,0.0474859
38,34,45,2619.11,0.0515737
38,34,46,2643.33,0.0553066
38,34,47,2630.67,0.0563006
38,34,48,2570.82,0.0532479
38,34,49,2455.46,0.046186
38,35,0,2626.82,0.560883
38,35,1,2828.21,0.64766
38,35,2,2965.99,0.701306
38,35,3,3047.35,0.71958
38,35,4,3083.88,0.706612
38,35,5,3086.92,0.669272
38,35,6,3064.96,0.614069
38,35,7,3022.97,0.547159
38,35,8,2963.07,0.475077
38,35,9,2886.19,0.405089
38,35,10,2793.81,0.344274
38,35,11,2689.2,0.297322
38,35,12,2579.14,0.266246
38,35,13,2471.74,0.24958
38,35,14,2375.62,0.244274
38,35,15,2297.5,0.246981
38,35,16,2240.48,0.25468
38,35,17,2203.61,0.2648
38,35,18,2182.03,0.274726
38,35,19,2168.26,0.281712
38,35,20,2153.93,0.282687
38,35,21,2131.62,0.275351
38,35,22,2096.64,0.258671
38,35,23,2048.74,0.233493
38,35,24,1992.85,0.202391
38,35,25,1937.88,0.168805
38,35,26,1893.77,0.136349
38,35,27,1868.25,0.108045
38,35,28,1863.69,0.0856754
38,35,29,1876.8,0.0698107
38,35,30,1901.07,0.0602196
38,35,31,1929.87,0.0560697
38,35,32,1958.81,0.0565571
38,35,33,1986.58,0.0608788
38,35,34,2014.65,0.067896
38,35,35,2045.91,0.075986
38,35,36,2082.81,0.0828989
38,35,37,2126.74,0.0864163
38,35,38,2177.56,0.0853074
38,35,39,2234.31,0.0797046
38,35,40,2294.55,0.0714487
38,35,41,2358.36,0.0632641
38,35,42,2425.57,0.0576972
38,35,43,2494.3,0.0561311
38,35,44,2559.07,0.058265
38,35,45,2610.17,0.0622696
38,35,46,2635.33,0.0655029
38,35,47,2622.13,0.0655042
38,35,48,2559.51,0.061033
38,35,49,2439.26,0.0522981
38,36,0,2588.69,0.554007
38,36,1,2793.82,0.64364
38,36,2,2936.7,0.70108
38,36,3,3023.03,0.723087
38,36,4,3063.19,0.712802
38,36,5,3067.77,0.676363
38,36,6,3045.12,0.620047
38,36,7,3000.86,0.550098
38,36,8,2938.35,0.473474
38,36,9,2859.95,0.39817
38,36,10,2768.22,0.332169
38,36,11,2666.79,0.281049
38,36,12,2561.98,0.247587
38,36,13,2460.97,0.23078
38,36,14,2371.41,0.227603
38,36,15,2299.37,0.234263
38,36,16,2247.85,0.246846
38,36,17,2216.05,0.261647
38,36,18,2199.22,0.275119
38,36,19,2189.77,0.28416
38,36,20,2179.08,0.286024
38,36,21,2159.73,0.279277
38,36,22,2127.25,0.263775
38,36,23,2081.78,0.240811
38,36,24,2028.43,0.212778
38,36,25,1975.85,0.182437
38,36,26,1933.3,0.152669
38,36,27,1907.67,0.125953
38,36,28,1900.82,0.104064
38,36,29,1909.68,0.0878862
38,36,30,1928.35,0.0775945
38,36,31,1950.96,0.0727331
38,36,32,1973.86,0.0727372
38,36,33,1996.21,0.0768207
38,36,34,2019.81,0.0838271
38,36,35,2047.66,0.092056
38,36,36,2082.06,0.0991869
38,36,37,2123.98,0.102947
38,36,38,2172.75,0.102023
38,36,39,2227.17,0.0964367
38,36,40,2284.99,0.0878746
38,36,41,2346.91,0.0789691
38,36,42,2413.51,0.0722851
38,36,43,2483.38,0.0693328
38,36,44,2550.91,0.0699575
38,36,45,2605.58,0.0724203
38,36,46,2633.86,0.0740979
38,36,47,2622.07,0.0725178
38,36,48,2558.24,0.0664882
38,36,49,2434.11,0.0562904
38,37,0,2555.18,0.545014
38,37,1,2762.94,0.637502
38,37,2,2909.37,0.698975
38,37,3,2998.85,0.725075
38,37,4,3040.76,0.717772
38,37,5,3045.2,0.682357
38,37,6,3020.58,0.624909
38,37,7,2973.32,0.551941
38,37,8,2908.09,0.471067
38,37,9,2828.74,0.391185
38,37,10,2739.07,0.321233
38,37,11,2643.2,0.267609
38,37,12,2546.95,0.233698
38,37,13,2456.28,0.218744
38,37,14,2377.17,0.219497
38,37,15,2314.23,0.231463
38,37,16,2269.65,0.249595
38,37,17,2242.56,0.268893
38,37,18,2228.53,0.284764
38,37,19,2220.45,0.293715
38,37,20,2210.23,0.2935
38,37,21,2191.14,0.283941
38,37,22,2159.4,0.266391
38,37,23,2115.69,0.243236
38,37,24,2065.18,0.217128
38,37,25,2015.86,0.190254
38,37,26,1975.83,0.164487
38,37,27,1950.84,0.141254
38,37,28,1942.13,0.121785
38,37,29,1946.89,0.106878
38,37,30,1960.06,0.0969675
38,37,31,1976.68,0.0920416
38,37,32,1993.85,0.0919868
38,37,33,2011.1,0.09626
38,37,34,2030.32,0.103861
38,37,35,2054.44,0.113062
38,37,36,2085.47,0.121398
38,37,37,2124.03,0.126347
38,37,38,2169.22,0.126261
38,37,39,2219.94,0.12083
38,37,40,2274.49,0.111464
38,37,41,2334.46,0.100723
38,37,42,2401.25,0.0913403
38,37,43,2473.82,0.0851862
38,37,44,2546.13,0.0825151
38,37,45,2606.55,0.0819179
38,37,46,2640.12,0.0809623
38,37,47,2631.74,0.0772407
38,37,48,2568.52,0.0695711
38,37,49,2441.99,0.0581847
38,38,0,2533.95,0.538226
38,38,1,2743.04,0.633059
38,38,2,2890.95,0.697728
38,38,3,2981.16,0.726942
38,38,4,3022.47,0.721698
38,38,5,3024.84,0.686658
38,38,6,2997.05,0.627872
38,38,7,2946.33,0.552299
38,38,8,2878.66,0.468313
38,38,9,2799.34,0.385707
38,38,10,2713.35,0.314208
38,38,11,2625.25,0.260729
38,38,12,2540.3,0.22889
38,38,13,2462.85,0.217798
38,38,14,2396.71,0.223687
38,38,15,2344.41,0.241216
38,38,16,2306.87,0.264246
38,38,17,2282.98,0.286669
38,38,18,2268.96,0.30305
38,38,19,2258.73,0.309634
38,38,20,2245.46,0.304789
38,38,21,2223.65,0.289725
38,38,22,2190.65,0.267556
38,38,23,2147.72,0.242126
38,38,24,2099.91,0.216702
38,38,25,2054.27,0.193108
38,38,26,2017.54,0.172124
38,38,27,1994.18,0.153832
38,38,28,1984.78,0.138462
38,38,29,1986.89,0.126316
38,38,30,1996.18,0.117851
38,38,31,2008.52,0.113461
38,38,32,2021.55,0.113617
38,38,33,2034.93,0.118228
38,38,34,2050.38,0.126652
38,38,35,2070.55,0.137258
38,38,36,2097.17,0.147448
38,38,37,2130.73,0.154343
38,38,38,2170.5,0.155756
38,38,39,2215.93,0.15083
38,38,40,2266.27,0.14054
38,38,41,2324.17,0.127334
38,38,42,2391.86,0.114191
38,38,43,2468.43,0.10352
38,38,44,2547.11,0.0961996
38,38,45,2614.88,0.0913523
38,38,46,2655.22,0.0868893
38,38,47,2651.73,0.0805422
38,38,48,2590.6,0.071111
38,38,49,2463.03,0.0586888
38,39,0,2528.96,0.535498
38,39,1,2738.24,0.631495
38,39,2,2885.63,0.697584
38,39,3,2974.27,0.728009
38,39,4,3012.89,0.723311
38,39,5,3011.72,0.687926
38,39,6,2980.07,0.628068
38,39,7,2926.1,0.55117
38,39,8,2856.89,0.466258
38,39,9,2778.99,0.383803
38,39,10,2698.33,0.313967
38,39,11,2619.76,0.263743
38,39,12,2547.72,0.236515
38,39,13,2484.76,0.230845
38,39,14,2432.2,0.242197
38,39,15,2390.28,0.264404
38,39,16,2358.47,0.290524
38,39,17,2335.43,0.313825
38,39,18,2318.26,0.328501
38,39,19,2302.39,0.33081
38,39,20,2282.8,0.319793
38,39,21,2255.66,0.297918
38,39,22,2219.64,0.269926
38,39,23,2176.58,0.2411
38,39,24,2131.16,0.215449
38,39,25,2089.32,0.194641
38,39,26,2056.29,0.178479
38,39,27,2035.4,0.165688
38,39,28,2026.77,0.155283
38,39,29,2028.27,0.146803
38,39,30,2036.22,0.14051
38,39,31,2047.03,0.137094
38,39,32,2058.48,0.137608
38,39,33,2070.02,0.142522
38,39,34,2082.9,0.151672
38,39,35,2099.3,0.163638
38,39,36,2120.7,0.175764
38,39,37,2147.75,0.184814
38,39,38,2180.35,0.188
38,39,39,2219.07,0.18381
38,39,40,2264.42,0.17269
38,39,41,2320.32,0.156923
38,39,42,2389.66,0.13975
38,39,43,2471.34,0.124175
38,39,44,2557.5,0.11178
38,39,45,2633.51,0.102281
38,39,46,2681.29,0.0939712
38,39,47,2683.33,0.0847377
38,39,48,2625.07,0.0733434
38,39,49,2497.28,0.0597306
38,40,0,2538.81,0.53714
38,40,1,2747.51,0.632868
38,40,2,2892.97,0.698334
38,40,3,2978.46,0.727897
38,40,4,3013.15,0.722261
38,40,5,3007.8,0.686081
38,40,6,2972.5,0.625878
38,40,7,2916.2,0.549479
38,40,8,2846.89,0.466322
38,40,9,2771.95,0.387205
38,40,10,2697.88,0.322287
38,40,11,2629.49,0.278193
38,40,12,2570.34,0.25761
38,40,13,2521.13,0.258213
38,40,14,2480.79,0.274539
38,40,15,2447.45,0.299734
38,40,16,2419.23,0.326493
38,40,17,2394.64,0.348084
38,40,18,2371.74,0.358952
38,40,19,2347.74,0.35575
38,40,20,2319.65,0.338222
38,40,21,2285.57,0.30979
38,40,22,2245.51,0.276355
38,40,23,2201.76,0.244246
38,40,24,2158.4,0.218068
38,40,25,2120.12,0.19944
38,40,26,2090.75,0.187431
38,40,27,2072.73,0.179666
38,40,28,2066,0.174039
38,40,29,2068.81,0.169308
38,40,30,2077.96,0.16544
38,40,31,2090.04,0.163278
38,40,32,2102.58,0.164323
38,40,33,2114.46,0.169531
38,40,34,2126.19,0.179175
38,40,35,2139.35,0.192067
38,40,36,2155.21,0.205567
38,40,37,2174.86,0.2162
38,40,38,2199.27,0.220707
38,40,39,2230.52,0.217012
38,40,40,2270.74,0.20508
38,40,41,2325.14,0.187031
38,40,42,2397.1,0.166319
38,40,43,2484.91,0.146467
38,40,44,2579.25,0.12965
38,40,45,2663.73,0.116042
38,40,46,2718.89,0.104199
38,40,47,2726.31,0.0920966
38,40,48,2670.91,0.0784575
38,40,49,2543.02,0.0631587
38,41,0,2559.67,0.54355
38,41,1,2767.5,0.638065
38,41,2,2910.31,0.701416
38,41,3,2991.95,0.728532
38,41,4,3022.27,0.720779
38,41,5,3012.9,0.683424
38,41,6,2974.72,0.623445
38,41,7,2917.44,0.549009
38,41,8,2849.58,0.469746
38,41,9,2778.86,0.396447
38,41,10,2711.86,0.338871
38,41,11,2653.06,0.302903
38,41,12,2605.12,0.290211
38,41,13,2567.23,0.297354
38,41,14,2536.39,0.317875
38,41,15,2509.05,0.344374
38,41,16,2482.31,0.369584
38,41,17,2454.52,0.387321
38,41,18,2424.65,0.39288
38,41,19,2391.58,0.383716
38,41,20,2354.4,0.360343
38,41,21,2313.08,0.326805
38,41,22,2268.83,0.289568
38,41,23,2224.2,0.25541
38,41,24,2182.57,0.229163
38,41,25,2147.36,0.212372
38,41,26,2121.24,0.203615
38,41,27,2106.09,0.199794
38,41,28,2101.86,0.197992
38,41,29,2107.25,0.196371
38,41,30,2119.36,0.194651
38,41,31,2134.66,0.193741
38,41,32,2150.2,0.19539
38,41,33,2164.05,0.200841
38,41,34,2175.84,0.210604
38,41,35,2186.53,0.22361
38,41,36,2197.23,0.23726
38,41,37,2209.63,0.248029
38,41,38,2226.01,0.252494
38,41,39,2250.28,0.248332
38,41,40,2286.33,0.23528
38,41,41,2340.62,0.215398
38,41,42,2416.7,0.192278
38,41,43,2511.87,0.169766
38,41,44,2615,0.150331
38,41,45,2707.96,0.134267
38,41,46,2770.03,0.12008
38,41,47,2782.23,0.105632
38,41,48,2729.1,0.0895589
38,41,49,2600.59,0.0718032
38,42,0,2586.65,0.555303
38,42,1,2793.56,0.648722
38,42,2,2933.52,0.709585
38,42,3,3011.1,0.733507
38,42,4,3037.08,0.722755
38,42,5,3024.07,0.683492
38,42,6,2983.86,0.623378
38,42,7,2926.76,0.551041
38,42,8,2861.43,0.476259
38,42,9,2795.46,0.409625
38,42,10,2735,0.36024
38,42,11,2684.01,0.333041
38,42,12,2644.46,0.328534
38,42,13,2614.51,0.342078
38,42,14,2589.97,0.366207
38,42,15,2566.2,0.393042
38,42,16,2539.52,0.415541
38,42,17,2508.17,0.42838
38,42,18,2471.73,0.428109
38,42,19,2430.49,0.413341
38,42,20,2385.26,0.385463
38,42,21,2337.61,0.348913
38,42,22,2289.74,0.31021
38,42,23,2244.31,0.275978
38,42,24,2204.01,0.250844
38,42,25,2171.28,0.236126
38,42,26,2147.9,0.230062
38,42,27,2135.41,0.22916
38,42,28,2133.89,0.230038
38,42,29,2142.3,0.230542
38,42,30,2157.91,0.230291
38,42,31,2176.95,0.230265
38,42,32,2195.94,0.232307
38,42,33,2212.23,0.237729
38,42,34,2224.67,0.247006
38,42,35,2233.65,0.258976
38,42,36,2240.16,0.271039
38,42,37,2246.54,0.279823
38,42,38,2256.44,0.282163
38,42,39,2275.64,0.275979
38,42,40,2309.71,0.261178
38,42,41,2366.16,0.239957
38,42,42,2448.32,0.215971
38,42,43,2552.13,0.1931
38,42,44,2664.56,0.173691
38,42,45,2765.78,0.15769
38,42,46,2834.12,0.14312
38,42,47,2850.27,0.127409
38,42,48,2798.61,0.108993
38,42,49,2668.67,0.087981
38,43,0,2614.77,0.572141
38,43,1,2820.68,0.665543
38,43,2,2957.64,0.724562
38,43,3,3031.02,0.745279
38,43,4,3052.61,0.73081
38,43,5,3036.09,0.688391
38,43,6,2994.19,0.626673
38,43,7,2937.69,0.555036
38,43,8,2875.17,0.483563
38,43,9,2813.6,0.422619
38,43,10,2758.4,0.380563
38,43,11,2712.9,0.361349
38,43,12,2678.63,0.364385
38,43,13,2653.32,0.383884
38,43,14,2632.25,0.411412
38,43,15,2610.26,0.43857
38,43,16,2583.16,0.458484
38,43,17,2548.97,0.466693
38,43,18,2507.63,0.461136
38,43,19,2460.37,0.441796
38,43,20,2409.21,0.41106
38,43,21,2356.92,0.3737
38,43,22,2306.36,0.33598
38,43,23,2260.3,0.303969
38,43,24,2221.01,0.281722
38,43,25,2190.33,0.270134
38,43,26,2169.47,0.267106
38,43,27,2159.7,0.268883
38,43,28,2161.01,0.271815
38,43,29,2172.33,0.273617
38,43,30,2190.88,0.273964
38,43,31,2212.74,0.274003
38,43,32,2234.14,0.275669
38,43,33,2252.11,0.280248
38,43,34,2265.02,0.287989
38,43,35,2272.85,0.297439
38,43,36,2276.54,0.305912
38,43,37,2278.97,0.310347
38,43,38,2285.07,0.30825
38,43,39,2302.23,0.298305
38,43,40,2337.4,0.281046
38,43,41,2398.69,0.259034
38,43,42,2488.85,0.235894
38,43,43,2602.22,0.215227
38,43,44,2723.95,0.198814
38,43,45,2832.83,0.185779
38,43,46,2906.58,0.173229
38,43,47,2925.8,0.157803
38,43,48,2874.82,0.137549
38,43,49,2742.74,0.112753
38,44,0,2637.83,0.590969
38,44,1,2842.22,0.685571
38,44,2,2975.78,0.743748
38,44,3,3044.63,0.761628
38,44,4,3061.48,0.742934
38,44,5,3041.11,0.696021
38,44,6,2997.23,0.630806
38,44,7,2941.06,0.557734
38,44,8,2880.85,0.487401
38,44,9,2822.8,0.429993
38,44,10,2771.39,0.393185
38,44,11,2729.31,0.380077
38,44,12,2697.86,0.389222
38,44,13,2674.75,0.413891
38,44,14,2655.24,0.444796
38,44,15,2634.04,0.472923
38,44,16,2606.7,0.491332
38,44,17,2570.99,0.496189
38,44,18,2526.9,0.486686
38,44,19,2476.16,0.464224
38,44,20,2421.47,0.432282
38,44,21,2366.31,0.396042
38,44,22,2313.99,0.361459
38,44,23,2267.48,0.333908
38,44,24,2229.02,0.316686
38,44,25,2200.32,0.310087
38,44,26,2182.32,0.311547
38,44,27,2175.8,0.316926
38,44,28,2180.29,0.322241
38,44,29,2194.2,0.325055
38,44,30,2214.53,0.325159
38,44,31,2237.36,0.324019
38,44,32,2259.18,0.323851
38,44,33,2277.23,0.326049
38,44,34,2289.87,0.330664
38,44,35,2296.89,0.335873
38,44,36,2299.19,0.338834
38,44,37,2300.07,0.336872
38,44,38,2305.42,0.328446
38,44,39,2323.83,0.313413
38,44,40,2363.1,0.293287
38,44,41,2431.46,0.271167
38,44,42,2530.69,0.25055
38,44,43,2653.59,0.234457
38,44,44,2783.76,0.223729
38,44,45,2899.12,0.216329
38,44,46,2977.14,0.208141
38,44,47,2998.55,0.19474
38,44,48,2947.67,0.173579
38,44,49,2813.2,0.145017
38,45,0,2646.2,0.60466
38,45,1,2847.96,0.700632
38,45,2,2977.46,0.758412
38,45,3,3041.3,0.773817
38,45,4,3053,0.750878
38,45,5,3028.37,0.698938
38,45,6,2982.01,0.629219
38,45,7,2925.57,0.553316
38,45,8,2867.01,0.482385
38,45,9,2811.63,0.426435
38,45,10,2763.01,0.392559
38,45,11,2723.14,0.383246
38,45,12,2693.21,0.396553
38,45,13,2671.02,0.425147
38,45,14,2652.11,0.459099
38,45,15,2631.3,0.488755
38,45,16,2604.06,0.506864
38,45,17,2567.97,0.509914
38,45,18,2522.92,0.498061
38,45,19,2470.78,0.474022
38,45,20,2414.5,0.442366
38,45,21,2357.9,0.408787
38,45,22,2304.58,0.37903
38,45,23,2257.87,0.357845
38,45,24,2220.38,0.347768
38,45,25,2194.1,0.348383
38,45,26,2179.78,0.35648
38,45,27,2177.48,0.36725
38,45,28,2185.74,0.3761
38,45,29,2202.01,0.380218
38,45,30,2222.93,0.379447
38,45,31,2244.84,0.375719
38,45,32,2265.02,0.371846
38,45,33,2281.48,0.369674
38,45,34,2293.03,0.369316
38,45,35,2299.45,0.368679
38,45,36,2301.58,0.364754
38,45,37,2302.97,0.355235
38,45,38,2310.08,0.339606
38,45,39,2332.2,0.319067
38,45,40,2377.43,0.296266
38,45,41,2453.67,0.274904
38,45,42,2561.6,0.258229
38,45,43,2692.69,0.248454
38,45,44,2829.54,0.245261
38,45,45,2949.7,0.245328
38,45,46,3030.71,0.243255
38,45,47,3053.5,0.233451
38,45,48,3002.38,0.212627
38,45,49,2865.71,0.18102
38,46,0,2626.82,0.603464
38,46,1,2824.18,0.699083
38,46,2,2948.76,0.755715
38,46,3,3007.28,0.768768
38,46,4,3013.78,0.742315
38,46,5,2984.84,0.68636
38,46,6,2935.93,0.613112
38,46,7,2879.05,0.535
38,46,8,2821.86,0.463478
38,46,9,2768.92,0.408214
38,46,10,2722.89,0.375773
38,46,11,2685.11,0.368282
38,46,12,2656.54,0.383684
38,46,13,2635.05,0.414464
38,46,14,2616.48,0.450402
38,46,15,2595.91,0.481351
38,46,16,2568.9,0.499685
38,46,17,2533,0.502013
38,46,18,2487.99,0.48915
38,46,19,2435.73,0.4649
38,46,20,2379.16,0.434782
38,46,21,2322.17,0.404998
38,46,22,2268.56,0.38118
38,46,23,2222.16,0.367598
38,46,24,2186.14,0.366131
38,46,25,2163.01,0.37566
38,46,26,2153.31,0.392208
38,46,27,2156.12,0.41005
38,46,28,2168.62,0.423687
38,46,29,2187.07,0.42965
38,46,30,2207.68,0.42769
38,46,31,2227.32,0.420272
38,46,32,2244.42,0.411092
38,46,33,2258.2,0.402844
38,46,34,2268.15,0.396082
38,46,35,2274.19,0.388683
38,46,36,2277.06,0.377536
38,46,37,2280.26,0.360618
38,46,38,2290.53,0.338292
38,46,39,2317.33,0.312999
38,46,40,2368.66,0.288421
38,46,41,2451.81,0.26878
38,46,42,2566.45,0.256962
38,46,43,2703.21,0.254262
38,46,44,2844.3,0.259191
38,46,45,2967.35,0.267274
38,46,46,3050.08,0.272032
38,46,47,3073.53,0.266858
38,46,48,3021.97,0.247703
38,46,49,2883.63,0.214477
38,47,0,2565.05,0.578188
38,47,1,2755.45,0.669791
38,47,2,2874.07,0.723281
38,47,3,2927.24,0.733873
38,47,4,2929.05,0.705498
38,47,5,2896.6,0.648298
38,47,6,2845.94,0.574778
38,47,7,2789.32,0.497486
38,47,8,2734.11,0.427597
38,47,9,2684.19,0.374105
38,47,10,2641.44,0.342996
38,47,11,2606.51,0.336203
38,47,12,2579.98,0.351868
38,47,13,2559.63,0.382751
38,47,14,2541.55,0.418805
38,47,15,2521.13,0.449774
38,47,16,2494.25,0.467859
38,47,17,2458.6,0.469787
38,47,18,2414.04,0.456793
38,47,19,2362.39,0.433453
38,47,20,2306.45,0.405911
38,47,21,2250.04,0.380682
38,47,22,2197.12,0.363244
38,47,23,2151.9,0.357475
38,47,24,2118.18,0.364738
38,47,25,2098.9,0.383329
38,47,26,2094.33,0.408586
38,47,27,2102.49,0.433856
38,47,28,2119.14,0.452663
38,47,29,2139.38,0.460745
38,47,30,2159.12,0.45762
38,47,31,2175.89,0.44622
38,47,32,2189.47,0.431208
38,47,33,2200.31,0.416344
38,47,34,2208.69,0.402922
38,47,35,2214.64,0.389068
38,47,36,2218.68,0.371698
38,47,37,2224.13,0.348969
38,47,38,2237.62,0.321832
38,47,39,2268.46,0.293626
38,47,40,2324.28,0.268742
38,47,41,2411.7,0.251706
38,47,42,2529.73,0.24496
38,47,43,2668.75,0.248923
38,47,44,2811.18,0.261129
38,47,45,2935.04,0.276321
38,47,46,3018.24,0.287384
38,47,47,3041.7,0.287074
38,47,48,2989.64,0.27074
38,47,49,2850.58,0.237836
38,48,0,2449.23,0.52442
38,48,1,2628.9,0.60734
38,48,2,2740.01,0.655093
38,48,3,2787.87,0.663113
38,48,4,2786.1,0.635055
38,48,5,2751.86,0.580553
38,48,6,2701.33,0.511496
38,48,7,2646.7,0.439622
38,48,8,2594.96,0.375097
38,48,9,2549.36,0.325835
38,48,10,2511.1,0.297103
38,48,11,2480.18,0.290719
38,48,12,2456.7,0.305218
38,48,13,2438.22,0.33406
38,48,14,2420.99,0.367903
38,48,15,2400.8,0.396939
38,48,16,2374.01,0.413619
38,48,17,2338.73,0.414934
38,48,18,2295.02,0.402369
38,48,19,2244.74,0.380864
38,48,20,2190.54,0.356723
38,48,21,2136.08,0.336396
38,48,22,2085.27,0.32502
38,48,23,2042.57,0.326061
38,48,24,2012.11,0.340485
38,48,25,1997.06,0.366225
38,48,26,1997.35,0.398235
38,48,27,2010.07,0.42927
38,48,28,2029.9,0.452166
38,48,29,2051.1,0.462014
38,48,30,2069.57,0.458048
38,48,31,2083.54,0.443459
38,48,32,2093.95,0.423644
38,48,33,2102.35,0.403315
38,48,34,2109.59,0.384557
38,48,35,2115.7,0.365951
38,48,36,2120.95,0.344596
38,48,37,2128.27,0.318779
38,48,38,2143.98,0.289696
38,48,39,2176.94,0.261102
38,48,40,2234.29,0.237638
38,48,41,2322.09,0.223823
38,48,42,2439.11,0.221618
38,48,43,2576.12,0.230743
38,48,44,2716.3,0.248126
38,48,45,2838.4,0.268237
38,48,46,2920.5,0.283912
38,48,47,2943.29,0.287816
38,48,48,2890.98,0.275022
38,48,49,2753,0.244527
38,49,0,2275.5,0.445032
38,49,1,2439.15,0.515025
38,49,2,2540.26,0.554743
38,49,3,2582.64,0.560258
38,49,4,2578.8,0.534824
38,49,5,2545.22,0.486948
38,49,6,2497.58,0.427035
38,49,7,2447.49,0.365167
38,49,8,2401.32,0.309867
38,49,9,2361.74,0.267624
38,49,10,2329.35,0.242825
38,49,11,2303.6,0.23714
38,49,12,2284.06,0.249557
38,49,13,2268.12,0.27456
38,49,14,2252.21,0.304011
38,49,15,2232.6,0.329163
38,49,16,2206.31,0.343222
38,49,17,2172.03,0.343638
38,49,18,2130.16,0.331995
38,49,19,2082.66,0.313143
38,49,20,2031.95,0.293019
38,49,21,1981.44,0.277541
38,49,22,1934.77,0.271236
38,49,23,1896.27,0.27706
38,49,24,1870.06,0.295675
38,49,25,1859.15,0.324929
38,49,26,1863.19,0.359846
38,49,27,1878.69,0.393217
38,49,28,1899.86,0.417784
38,49,29,1920.71,0.428417
38,49,30,1937.41,0.42412
38,49,31,1948.86,0.408047
38,49,32,1956.83,0.385824
38,49,33,1963.53,0.362655
38,49,34,1970.1,0.341189
38,49,35,1976.48,0.320529
38,49,36,1982.61,0.298122
38,49,37,1990.96,0.27239
38,49,38,2007.28,0.244491
38,49,39,2039.76,0.218101
38,49,40,2094.95,0.197625
38,49,41,2178.41,0.187233
38,49,42,2289.09,0.188424
38,49,43,2418.69,0.200477
38,49,44,2551.82,0.220169
38,49,45,2668.42,0.242246
38,49,46,2747.02,0.260084
38,49,47,2768.29,0.266845
38,49,48,2716.75,0.25774
38,49,49,2583.44,0.231451
39,0,0,2847.08,0.397173
39,0,1,3000.85,0.464267
39,0,2,3095.96,0.514446
39,0,3,3151.05,0.550686
39,0,4,3187.44,0.580921
39,0,5,3222.93,0.613471
39,0,6,3266.39,0.652101
39,0,7,3315.17,0.693939
39,0,8,3358.5,0.730513
39,0,9,3384.1,0.7527
39,0,10,3383.49,0.755767
39,0,11,3353.76,0.74165
39,0,12,3298.76,0.718178
39,0,13,3225.71,0.693288
39,0,14,3144.06,0.67101
39,0,15,3062.08,0.65049
39,0,16,2983.61,0.627642
39,0,17,2907.78,0.598889
39,0,18,2830.44,0.563224
39,0,19,2747.8,0.522518
39,0,20,2658.99,0.479431
39,0,21,2567.59,0.435881
39,0,22,2480.32,0.391965
39,0,23,2404.49,0.346767
39,0,24,2346.08,0.299938
39,0,25,2307.75,0.253274
39,0,26,2289.74,0.210499
39,0,27,2289.82,0.175827
39,0,28,2303.77,0.152439
39,0,29,2325.72,0.141613
39,0,30,2348.98,0.142009
39,0,31,2367.26,0.150199
39,0,32,2375.77,0.161252
39,0,33,2372.21,0.1697
39,0,34,2357.06,0.171122
39,0,35,2333.44,0.163325
39,0,36,2306.35,0.146852
39,0,37,2282.14,0.124609
39,0,38,2267.06,0.100678
39,0,39,2266.84,0.0787408
39,0,40,2283.8,0.0610692
39,0,41,2319.3,0.0484548
39,0,42,2371.52,0.0405744
39,0,43,2434.96,0.0365014
39,0,44,2500.24,0.0349659
39,0,45,2554.21,0.0344402
39,0,46,2581.55,0.033472
39,0,47,2566.95,0.0310154
39,0,48,2497.51,0.0268785
39,0,49,2365.39,0.0214878
39,1,0,3043.05,0.468937
39,1,1,3198.93,0.5489
39,1,2,3295.24,0.609319
39,1,3,3351.65,0.6536
39,1,4,3388.89,0.690743
39,1,5,3423.74,0.729972
39,1,6,3464.47,0.775161
39,1,7,3508.69,0.822644
39,1,8,3546.62,0.86281
39,1,9,3567.28,0.885832
39,1,10,3563.18,0.887205
39,1,11,3531.87,0.86982
39,1,12,3476.91,0.842661
39,1,13,3404.85,0.814162
39,1,14,3324.13,0.787985
39,1,15,3242.08,0.762536
39,1,16,3161.96,0.733305
39,1,17,3082.8,0.697095
39,1,18,3000.78,0.65389
39,1,19,2912.56,0.606636
39,1,20,2817.63,0.558389
39,1,21,2719.97,0.510713
39,1,22,2626.73,0.462683
39,1,23,2545.77,0.412421
39,1,24,2483.73,0.35913
39,1,25,2443.81,0.304998
39,1,26,2426.61,0.254755
39,1,27,2429.9,0.21378
39,1,28,2449.11,0.186159
39,1,29,2477.55,0.173457
39,1,30,2507.42,0.174008
39,1,31,2531.45,0.183605
39,1,32,2544.06,0.196317
39,1,33,2542.63,0.205634
39,1,34,2527.82,0.206346
39,1,35,2503.27,0.195893
39,1,36,2474.62,0.174991
39,1,37,2448.78,0.147177
39,1,38,2432.38,0.117412
39,1,39,2431.23,0.0902367
39,1,40,2447.62,0.0685149
39,1,41,2482.86,0.0532817
39,1,42,2535,0.0441251
39,1,43,2598.28,0.0398072
39,1,44,2662.92,0.038621
39,1,45,2715.45,0.03861
39,1,46,2740.51,0.037962
39,1,47,2722.82,0.0354368
39,1,48,2649.02,0.0308254
39,1,49,2509.82,0.024672
39,2,0,3178.03,0.519197
39,2,1,3333.54,0.608791
39,2,2,3429.74,0.677578
39,2,3,3486.68,0.729239
39,2,4,3524.2,0.773217
39,2,5,3557.94,0.818819
39,2,6,3595.59,0.86945
39,2,7,3635.12,0.92058
39,2,8,3667.77,0.961961
39,2,9,3683.74,0.983849
39,2,10,3676.35,0.982577
39,2,11,3643.5,0.96213
39,2,12,3588.52,0.932247
39,2,13,3517.39,0.901289
39,2,14,3437.62,0.872139
39,2,15,3355.53,0.842401
39,2,16,3273.78,0.807395
39,2,17,3191.38,0.764608
39,2,18,3105.02,0.715195
39,2,19,3012.07,0.66314
39,2,20,2912.58,0.611751
39,2,21,2810.91,0.562066
39,2,22,2714.41,0.512071
39,2,23,2631.08,0.458948
39,2,24,2567.74,0.401481
39,2,25,2527.82,0.342175
39,2,26,2512.13,0.286571
39,2,27,2518.5,0.240999
39,2,28,2542.11,0.210273
39,2,29,2575.74,0.196163
39,2,30,2610.79,0.196727
39,2,31,2639.27,0.207154
39,2,32,2655.08,0.2208
39,2,33,2655.48,0.23046
39,2,34,2641.35,0.230437
39,2,35,2616.72,0.217942
39,2,36,2587.66,0.193803
39,2,37,2561.33,0.161953
39,2,38,2544.38,0.127918
39,2,39,2542.43,0.0968332
39,2,40,2557.67,0.0720284
39,2,41,2591.34,0.0547754
39,2,42,2641.47,0.0446463
39,2,43,2702.25,0.0401906
39,2,44,2763.79,0.0393715
39,2,45,2812.71,0.0399179
39,2,46,2833.92,0.0397485
39,2,47,2812.5,0.0374777
39,2,48,2735.07,0.0328474
39,2,49,2591.52,0.0264476
39,3,0,3263.5,0.544282
39,3,1,3417.93,0.639637
39,3,2,3513.63,0.714492
39,3,3,3570.63,0.772654
39,3,4,3607.88,0.823337
39,3,5,3640.02,0.875086
39,3,6,3674.37,0.930205
39,3,7,3709.31,0.983222
39,3,8,3737.02,1.02371
39,3,9,3748.61,1.04269
39,3,10,3738.03,1.03785
39,3,11,3703.39,1.01437
39,3,12,3647.89,0.982424
39,3,13,3577.07,0.949922
39,3,14,3497.59,0.918777
39,3,15,3414.84,0.88584
39,3,16,3330.92,0.846444
39,3,17,3244.88,0.798814
39,3,18,3154.09,0.74515
39,3,19,3056.86,0.690225
39,3,20,2953.95,0.637413
39,3,21,2850.06,0.587206
39,3,22,2752.54,0.536688
39,3,23,2669.11,0.482352
39,3,24,2606.28,0.422725
39,3,25,2567.34,0.360539
39,3,26,2553.09,0.301835
39,3,27,2561.4,0.253521
39,3,28,2587.47,0.220844
39,3,29,2623.9,0.20568
39,3,30,2661.75,0.205923
39,3,31,2692.75,0.216446
39,3,32,2710.59,0.230293
39,3,33,2712.53,0.239998
39,3,34,2699.62,0.239695
39,3,35,2676.1,0.226475
39,3,36,2648.15,0.201123
39,3,37,2622.8,0.167621
39,3,38,2606.41,0.131634
39,3,39,2604.25,0.0985473
39,3,40,2618.41,0.0719836
39,3,41,2650.1,0.0534455
39,3,42,2697.39,0.0426024
39,3,43,2754.51,0.037956
39,3,44,2811.65,0.0373248
39,3,45,2855.66,0.0382993
39,3,46,2871.92,0.0386631
39,3,47,2846,0.036943
39,3,48,2764.76,0.0327843
39,3,49,2617.97,0.0267191
39,4,0,3312.26,0.546008
39,4,1,3465.77,0.643443
39,4,2,3560.83,0.722047
39,4,3,3617.28,0.785625
39,4,4,3653.29,0.842622
39,4,5,3682.82,0.900143
39,4,6,3713.1,0.958906
39,4,7,3743.09,1.01244
39,4,8,3765.84,1.05046
39,4,9,3773.18,1.06521
39,4,10,3759.47,1.05603
39,4,11,3722.94,1.02932
39,4,12,3666.7,0.995503
39,4,13,3595.87,0.961933
39,4,14,3516.34,0.929585
39,4,15,3432.62,0.894718
39,4,16,3346.27,0.85276
39,4,17,3256.5,0.802513
39,4,18,3161.46,0.746861
39,4,19,3060.57,0.690953
39,4,20,2955.39,0.638047
39,4,21,2850.97,0.58818
39,4,22,2754.39,0.537899
39,4,23,2672.7,0.483404
39,4,24,2611.61,0.42321
39,4,25,2573.9,0.360181
39,4,26,2560.11,0.300472
39,4,27,2568.23,0.251127
39,4,28,2593.74,0.217474
39,4,29,2629.56,0.201418
39,4,30,2667.07,0.200877
39,4,31,2698.21,0.210779
39,4,32,2716.85,0.224301
39,4,33,2720.33,0.234125
39,4,34,2709.72,0.234452
39,4,35,2689.1,0.22226
39,4,36,2664.33,0.198062
39,4,37,2641.88,0.165501
39,4,38,2627.57,0.12998
39,4,39,2626.27,0.096817
39,4,40,2640,0.0697749
39,4,41,2670,0.0505924
39,4,42,2714.43,0.0391578
39,4,43,2767.56,0.0341039
39,4,44,2819.73,0.0333116
39,4,45,2858.14,0.034422
39,4,46,2868.7,0.0352259
39,4,47,2837.58,0.0342228
39,4,48,2752.17,0.0309149
39,4,49,2602.61,0.0256732
39,5,0,3335.14,0.529689
39,5,1,3488.26,0.626244
39,5,2,3582.48,0.706531
39,5,3,3637.43,0.77425
39,5,4,3670.7,0.836729
39,5,5,3695.87,0.899245
39,5,6,3720.48,0.960661
39,5,7,3744.38,1.01352
39,5,8,3761.58,1.04786
39,5,9,3764.54,1.05736
39,5,10,3747.89,1.04309
39,5,11,3709.89,1.01266
39,5,12,3653.47,0.976682
39,5,13,3583.3,0.94202
39,5,14,3504.44,0.908923
39,5,15,3420.38,0.873262
39,5,16,3332.22,0.830588
39,5,17,3239.32,0.780011
39,5,18,3140.8,0.724655
39,5,19,3037.26,0.669601
39,5,20,2931.21,0.617816
39,5,21,2827.89,0.569003
39,5,22,2733.91,0.519569
39,5,23,2655.24,0.465814
39,5,24,2596.43,0.406474
39,5,25,2559.42,0.344432
39,5,26,2544.35,0.285588
39,5,27,2549.35,0.236705
39,5,28,2570.5,0.202879
39,5,29,2601.68,0.186033
39,5,30,2635.28,0.184345
39,5,31,2664.07,0.193186
39,5,32,2682.47,0.206255
39,5,33,2687.93,0.21666
39,5,34,2681.3,0.218754
39,5,35,2665.99,0.209296
39,5,36,2646.99,0.188277
39,5,37,2629.78,0.158711
39,5,38,2619.45,0.125479
39,5,39,2620.43,0.0936497
39,5,40,2634.8,0.0670454
39,5,41,2663.91,0.0476429
39,5,42,2705.99,0.0356258
39,5,43,2755.39,0.0298847
39,5,44,2802.6,0.0285239
39,5,45,2835.24,0.0293853
39,5,46,2839.84,0.0303896
39,5,47,2803.3,0.03007
39,5,48,2713.69,0.027766
39,5,49,2561.91,0.0236211
39,6,0,3339.54,0.501525
39,6,1,3492.96,0.595157
39,6,2,3586.18,0.675461
39,6,3,3638.54,0.74592
39,6,4,3667.19,0.812572
39,6,5,3685.68,0.878752
39,6,6,3702.32,0.941451
39,6,7,3718.29,0.992373
39,6,8,3728.88,1.02201
39,6,9,3727.3,1.02551
39,6,10,3708.38,1.00563
39,6,11,3670.27,0.97105
39,6,12,3615.54,0.932496
39,6,13,3548.13,0.896469
39,6,14,3471.95,0.862735
39,6,15,3389.34,0.82701
39,6,16,3300.81,0.785014
39,6,17,3206.02,0.735964
39,6,18,3105.13,0.682867
39,6,19,3000.09,0.630369
39,6,20,2894.41,0.580994
39,6,21,2793.44,0.5342
39,6,22,2703.11,0.486551
39,6,23,2628.04,0.434726
39,6,24,2571.32,0.377813
39,6,25,2533.86,0.318588
39,6,26,2515.31,0.262374
39,6,27,2514,0.215331
39,6,28,2526.95,0.182099
39,6,29,2549.51,0.16467
39,6,30,2575.76,0.161731
39,6,31,2599.99,0.169437
39,6,32,2617.48,0.182288
39,6,33,2625.85,0.193943
39,6,34,2625.29,0.198838
39,6,35,2618.05,0.193336
39,6,36,2607.7,0.176706
39,6,37,2598.31,0.151184
39,6,38,2594.07,0.121076
39,6,39,2599.03,0.0911837
39,6,40,2615.4,0.0653843
39,6,41,2644.69,0.0458889
39,6,42,2685.26,0.0331871
39,6,43,2731.56,0.0264707
39,6,44,2774.29,0.0241456
39,6,45,2801.55,0.0243384
39,6,46,2800.56,0.0251814
39,6,47,2758.99,0.0253016
39,6,48,2665.72,0.0238937
39,6,49,2512.54,0.0208613
39,7,0,3328.86,0.466791
39,7,1,3483.42,0.556345
39,7,2,3575.64,0.635514
39,7,3,3624.46,0.70742
39,7,4,3646.71,0.776723
39,7,5,3656.18,0.844873
39,7,6,3662.37,0.907177
39,7,7,3668.38,0.954754
39,7,8,3671.32,0.978745
39,7,9,3665.43,0.975783
39,7,10,3645.81,0.950108
39,7,11,3610.23,0.911253
39,7,12,3560.49,0.869911
39,7,13,3499.23,0.832243
39,7,14,3428.77,0.797738
39,7,15,3350,0.76219
39,7,16,3262.84,0.721594
39,7,17,3167.33,0.675231
39,7,18,3064.9,0.62581
39,7,19,2959,0.577314
39,7,20,2854.26,0.531716
39,7,21,2756.14,0.488258
39,7,22,2669.71,0.443802
39,7,23,2598.12,0.395518
39,7,24,2542.85,0.342845
39,7,25,2503.7,0.288301
39,7,26,2479.78,0.236392
39,7,27,2469.67,0.192464
39,7,28,2471.48,0.160596
39,7,29,2482.42,0.142924
39,7,30,2498.83,0.138865
39,7,31,2516.97,0.1456
39,7,32,2533.37,0.15859
39,7,33,2545.78,0.172047
39,7,34,2553.44,0.180358
39,7,35,2556.89,0.179315
39,7,36,2557.84,0.167363
39,7,37,2558.67,0.145966
39,7,38,2562.56,0.118938
39,7,39,2573.2,0.0909074
39,7,40,2592.91,0.0658467
39,7,41,2623.41,0.0461726
39,7,42,2663.28,0.0326332
39,7,43,2707.18,0.0246929
39,7,44,2746.16,0.0210649
39,7,45,2768.88,0.0201837
39,7,46,2763.26,0.020437
39,7,47,2717.73,0.0205987
39,7,48,2621.9,0.0197699
39,7,49,2468.31,0.0176512
39,8,0,3303.78,0.429603
39,8,1,3460.38,0.514671
39,8,2,3551.88,0.592086
39,8,3,3596.69,0.664437
39,8,4,3611.34,0.734957
39,8,5,3610.07,0.803343
39,8,6,3603.93,0.863538
39,8,7,3598.54,0.906434
39,8,8,3593.48,0.924077
39,8,9,3584.49,0.914581
39,8,10,3566.87,0.883456
39,8,11,3537.63,0.840752
39,8,12,3497.06,0.796867
39,8,13,3445.75,0.757517
39,8,14,3383.95,0.722037
39,8,15,3310.94,0.68651
39,8,16,3226.17,0.647386
39,8,17,3130.3,0.604099
39,8,18,3026.29,0.559068
39,8,19,2919.31,0.515537
39,8,20,2815.25,0.474883
39,8,21,2719.73,0.436128
39,8,22,2636.93,0.396443
39,8,23,2568.43,0.353451
39,8,24,2514.11,0.306818
39,8,25,2472.59,0.258643
39,8,26,2442.46,0.212475
39,8,27,2422.5,0.172723
39,8,28,2411.97,0.142889
39,8,29,2410.04,0.125315
39,8,30,2415.55,0.120287
39,8,31,2427.04,0.126151
39,8,32,2442.52,0.139394
39,8,33,2459.9,0.154757
39,8,34,2477.28,0.166484
39,8,35,2493.23,0.169719
39,8,36,2507.32,0.162084
39,8,37,2520.11,0.144347
39,8,38,2533.68,0.119954
39,8,39,2551.26,0.0934444
39,8,40,2575.24,0.0689026
39,8,41,2607.57,0.048899
39,8,42,2647.18,0.0343709
39,8,43,2689.16,0.0250051
39,8,44,2725.13,0.0197973
39,8,45,2744.39,0.0174847
39,8,46,2735.52,0.016727
39,8,47,2687.5,0.01648
39,8,48,2590.5,0.0158153
39,8,49,2437.49,0.0142895
39,9,0,3264.11,0.393482
39,9,1,3423.62,0.474198
39,9,2,3515.01,0.549619
39,9,3,3555.96,0.621645
39,9,4,3562.77,0.692095
39,9,5,3550.22,0.759134
39,9,6,3531.25,0.815764
39,9,7,3514.45,0.853053
39,9,8,3502.43,0.864203
39,9,9,3492.73,0.848773
39,9,10,3480.68,0.813239
39,9,11,3461.81,0.767756
39,9,12,3434.03,0.722094
39,9,13,3395.27,0.681332
39,9,14,3343.48,0.644731
39,9,15,3276.55,0.608852
39,9,16,3193.75,0.570802
39,9,17,3096.72,0.530346
39,9,18,2990.19,0.489719
39,9,19,2881.2,0.451473
39,9,20,2777.07,0.416422
39,9,21,2683.64,0.383356
39,9,22,2604.18,0.349703
39,9,23,2538.75,0.313414
39,9,24,2485.62,0.274207
39,9,25,2442.29,0.233613
39,9,26,2406.78,0.194158
39,9,27,2378,0.15926
39,9,28,2356.17,0.131855
39,9,29,2342.25,0.114499
39,9,30,2337.41,0.108395
39,9,31,2342.54,0.113103
39,9,32,2357.23,0.126168
39,9,33,2379.71,0.142885
39,9,34,2407.02,0.157394
39,9,35,2435.78,0.164241
39,9,36,2463.46,0.160306
39,9,37,2488.76,0.145736
39,9,38,2512.57,0.123637
39,9,39,2537.54,0.0984484
39,9,40,2566,0.074322
39,9,41,2600.18,0.0539138
39,9,42,2639.5,0.0383026
39,9,43,2679.76,0.027373
39,9,44,2713.35,0.0203904
39,9,45,2730.28,0.0163857
39,9,46,2719.67,0.0142905
39,9,47,2670.83,0.013252
39,9,48,2574.11,0.012365
39,9,49,2422.55,0.0110992
39,10,0,3210.4,0.361611
39,10,1,3373.63,0.43835
39,10,2,3465.84,0.511531
39,10,3,3503.84,0.582299
39,10,4,3503.69,0.651233
39,10,5,3480.9,0.715354
39,10,6,3450.44,0.76728
39,10,7,3424.11,0.798677
39,10,8,3407.71,0.804072
39,10,9,3400.47,0.784289
39,10,10,3397.28,0.74634
39,10,11,3391.46,0.69998
39,10,12,3377.91,0.653985
39,10,13,3351.72,0.612578
39,10,14,3308.82,0.574982
39,10,15,3246.24,0.538385
39,10,16,3163.58,0.500737
39,10,17,3063.74,0.46234
39,10,18,2953.38,0.425425
39,10,19,2841.5,0.391996
39,10,20,2736.79,0.362416
39,10,21,2645.29,0.335266
39,10,22,2569.39,0.308156
39,10,23,2507.69,0.279224
39,10,24,2456.99,0.24807
39,10,25,2413.72,0.215556
39,10,26,2375.35,0.183187
39,10,27,2340.75,0.153354
39,10,28,2310.78,0.12843
39,10,29,2287.68,0.111121
39,10,30,2274.53,0.1035
39,10,31,2274.25,0.106321
39,10,32,2288,0.11822
39,10,33,2314.59,0.135156
39,10,34,2350.38,0.151333
39,10,35,2390.45,0.160881
39,10,36,2430.41,0.16006
39,10,37,2467.2,0.148413
39,10,38,2500.48,0.128619
39,10,39,2532.2,0.104885
39,10,40,2564.55,0.0813166
39,10,41,2600.03,0.060583
39,10,42,2638.75,0.0438966
39,10,43,2677.38,0.0313615
39,10,44,2709.19,0.0225296
39,10,45,2724.91,0.016726
39,10,46,2714.04,0.0131419
39,10,47,2665.94,0.0110927
39,10,48,2570.85,0.00972278
39,10,49,2421.51,0.00844935
39,11,0,3144.03,0.336228
39,11,1,3311.76,0.409232
39,11,2,3406.05,0.479488
39,11,3,3442.66,0.547443
39,11,4,3437.55,0.612838
39,11,5,3407.06,0.672185
39,11,6,3368.22,0.718426
39,11,7,3335.83,0.744259
39,11,8,3318.49,0.745567
39,11,9,3316.58,0.724064
39,11,10,3323.92,0.686697
39,11,11,3331.22,0.642239
39,11,12,3330.32,0.598091
39,11,13,3313.92,0.557429
39,11,14,3276.62,0.519426
39,11,15,3215.27,0.481987
39,11,16,3130.2,0.444044
39,11,17,3025.83,0.406638
39,11,18,2910.73,0.372216
39,11,19,2795.7,0.34246
39,11,20,2690.59,0.317449
39,11,21,2601.5,0.295602
39,11,22,2529.9,0.274639
39,11,23,2473.11,0.252778
39,11,24,2426.69,0.229393
39,11,25,2386.15,0.204662
39,11,26,2348.48,0.179129
39,11,27,2312.36,0.154158
39,11,28,2278.83,0.131523
39,11,29,2250.78,0.11395
39,11,30,2232.44,0.10425
39,11,31,2228.22,0.104292
39,11,32,2240.69,0.113813
39,11,33,2269.51,0.129578
39,11,34,2311.01,0.146098
39,11,35,2359.29,0.157344
39,11,36,2408.59,0.159107
39,11,37,2454.35,0.150325
39,11,38,2495.07,0.133103
39,11,39,2531.99,0.111215
39,11,40,2567.12,0.0885647
39,11,41,2603.25,0.0677627
39,11,42,2641.16,0.0501681
39,11,43,2678.43,0.0361519
39,11,44,2709.2,0.0255868
39,11,45,2724.81,0.0180945
39,11,46,2714.96,0.013101
39,11,47,2668.9,0.0100401
39,11,48,2576.55,0.00809975
39,11,49,2430.09,0.00665668
39,12,0,3068,0.318006
39,12,1,3240.92,0.387071
39,12,2,3338.67,0.452995
39,12,3,3375.92,0.515743
39,12,4,3368.64,0.574835
39,12,5,3334.11,0.627152
39,12,6,3291.21,0.666777
39,12,7,3257.08,0.687863
39,12,8,3242.17,0.687523
39,12,9,3247.16,0.66779
39,12,10,3264.39,0.634797
39,12,11,3282.16,0.595709
39,12,12,3289.88,0.556194
39,12,13,3278.7,0.518244
39,12,14,3242.71,0.480954
39,12,15,3179.14,0.442975
39,12,16,3089.37,0.404292
39,12,17,2979.43,0.366844
39,12,18,2859.6,0.333505
39,12,19,2742.11,0.305886
39,12,20,2637.48,0.283958
39,12,21,2551.58,0.266036
39,12,22,2484.99,0.249918
39,12,23,2434.03,0.23386
39,12,24,2393.43,0.217024
39,12,25,2358.1,0.19899
39,12,26,2324.67,0.17948
39,12,27,2291.48,0.15887
39,12,28,2259.39,0.138285
39,12,29,2231.2,0.120308
39,12,30,2211.48,0.108283
39,12,31,2205.4,0.105016
39,12,32,2216.61,0.111272
39,12,33,2245.77,0.124701
39,12,34,2289.68,0.140335
39,12,35,2342.23,0.152262
39,12,36,2396.86,0.156008
39,12,37,2448.02,0.149962
39,12,38,2493.3,0.135562
39,12,39,2533.38,0.115973
39,12,40,2570.11,0.0947318
39,12,41,2606.49,0.0743001
39,12,42,2643.86,0.0561713
39,12,43,2680.5,0.0410129
39,12,44,2711.22,0.0290435
39,12,45,2727.82,0.0201803
39,12,46,2720.09,0.0140528
39,12,47,2677.07,0.0101545
39,12,48,2588.27,0.00769036
39,12,49,2445.23,0.00599349
39,13,0,2984.6,0.305477
39,13,1,3163.19,0.369918
39,13,2,3265.69,0.429593
39,13,3,3305.63,0.484266
39,13,4,3299.1,0.53394
39,13,5,3264.35,0.576789
39,13,6,3221.67,0.608837
39,13,7,3189.6,0.626066
39,13,8,3179.31,0.626625
39,13,9,3191.07,0.612256
39,13,10,3215.78,0.587546
39,13,11,3239.96,0.557477
39,13,12,3251.55,0.525665
39,13,13,3241.04,0.49281
39,13,14,3202.58,0.457845
39,13,15,3134.15,0.420108
39,13,16,3038.4,0.380636
39,13,17,2922.88,0.342385
39,13,18,2799.28,0.30885
39,13,19,2680.64,0.28183
39,13,20,2577.56,0.261334
39,13,21,2495.28,0.24562
39,13,22,2433.62,0.232529
39,13,23,2388.34,0.220381
39,13,24,2353.88,0.20822
39,13,25,2325.05,0.195231
39,13,26,2298.31,0.18051
39,13,27,2271.63,0.163576
39,13,28,2245.33,0.144876
39,13,29,2221.53,0.126682
39,13,30,2204.41,0.112606
39,13,31,2199.18,0.106118
39,13,32,2210.03,0.108825
39,13,33,2238.53,0.119227
39,13,34,2282.24,0.133012
39,13,35,2335.45,0.14464
39,13,36,2391.5,0.149624
39,13,37,2444.47,0.14597
39,13,38,2491.52,0.134459
39,13,39,2533,0.117554
39,13,40,2570.6,0.0982702
39,13,41,2607.44,0.0788097
39,13,42,2645.12,0.0607438
39,13,43,2682.27,0.0450264
39,13,44,2714.1,0.0322223
39,13,45,2732.68,0.0225286
39,13,46,2727.82,0.0157376
39,13,47,2688.43,0.0113421
39,13,48,2603.65,0.00852272
39,13,49,2464.42,0.00656134
39,14,0,2896.91,0.296732
39,14,1,3081.04,0.355702
39,14,2,3188.97,0.407257
39,14,3,3233.03,0.451245
39,14,4,3229.5,0.488751
39,14,5,3197.5,0.520019
39,14,6,3158.25,0.543625
39,14,7,3130.73,0.557642
39,14,8,3125.87,0.561058
39,14,9,3143.12,0.554823
39,14,10,3172.3,0.541421
39,14,11,3199.05,0.52324
39,14,12,3210.68,0.501641
39,14,13,3197.64,0.475994
39,14,14,3154.51,0.444979
39,14,15,3080.2,0.408529
39,14,16,2978.6,0.368679
39,14,17,2858.66,0.329433
39,14,18,2733.01,0.294999
39,14,19,2614.84,0.267524
39,14,20,2514.11,0.247104
39,14,21,2435.18,0.231954
39,14,22,2377.19,0.21996
39,14,23,2335.91,0.209579
39,14,24,2306.2,0.199932
39,14,25,2283.31,0.190081
39,14,26,2263.89,0.17875
39,14,27,2245.62,0.164787
39,14,28,2228.02,0.147974
39,14,29,2212.2,0.130129
39,14,30,2201.35,0.114838
39,14,31,2200.03,0.105881
39,14,32,2212.42,0.105412
39,14,33,2240.56,0.11263
39,14,34,2282.83,0.12392
39,14,35,2334.29,0.134337
39,14,36,2388.86,0.139675
39,14,37,2440.94,0.13782
39,14,38,2487.76,0.129038
39,14,39,2529.66,0.115087
39,14,40,2568.18,0.0983319
39,14,41,2606.31,0.0805883
39,14,42,2645.55,0.0633856
39,14,43,2684.54,0.0478914
39,14,44,2718.58,0.0349783
39,14,45,2739.87,0.0250941
39,14,46,2738.3,0.0181602
39,14,47,2702.74,0.0136309
39,14,48,2622.17,0.0106319
39,14,49,2486.98,0.00839426
39,15,0,2809.34,0.290671
39,15,1,2997.93,0.343716
39,15,2,3110.88,0.386082
39,15,3,3159.38,0.417885
39,15,4,3159.84,0.441645
39,15,5,3132.11,0.460114
39,15,6,3097.83,0.474729
39,15,7,3075.73,0.485772
39,15,8,3075.91,0.49296
39,15,9,3096.94,0.4962
39,15,10,3128.11,0.495626
39,15,11,3154.87,0.490856
39,15,12,3164.5,0.480912
39,15,13,3147.72,0.463814
39,15,14,3099.63,0.43791
39,15,15,3020.06,0.403628
39,15,16,2914.04,0.363922
39,15,17,2791.64,0.323812
39,15,18,2665.95,0.288217
39,15,19,2549.71,0.259684
39,15,20,2451.75,0.238366
39,15,21,2375.25,0.222435
39,15,22,2318.87,0.209852
39,15,23,2278.84,0.199333
39,15,24,2251.07,0.190267
39,15,25,2231.91,0.181856
39,15,26,2218.65,0.172668
39,15,27,2208.86,0.161081
39,15,28,2201.28,0.14626
39,15,29,2195.7,0.129474
39,15,30,2193.96,0.114025
39,15,31,2199.43,0.103646
39,15,32,2215.65,0.100723
39,15,33,2244.69,0.104939
39,15,34,2285.56,0.113353
39,15,35,2334.39,0.121777
39,15,36,2386.16,0.126569
39,15,37,2436.19,0.125787
39,15,38,2482.22,0.119396
39,15,39,2524.73,0.108524
39,15,40,2565.04,0.0948134
39,15,41,2605.74,0.0795712
39,15,42,2647.91,0.064126
39,15,43,2689.87,0.04973
39,15,44,2726.84,0.0374789
39,15,45,2751.11,0.0280263
39,15,46,2752.8,0.0214009
39,15,47,2720.95,0.0170168
39,15,48,2644.53,0.013943
39,15,49,2513.52,0.0113769
39,16,0,2726.99,0.287325
39,16,1,2918.04,0.334847
39,16,2,3034.53,0.368296
39,16,3,3086.58,0.38809
39,16,4,3090.7,0.398226
39,16,5,3067.22,0.403993
39,16,6,3037.85,0.409672
39,16,7,3020.69,0.417743
39,16,8,3024.86,0.428657
39,16,9,3048.29,0.441325
39,16,10,3080.14,0.453603
39,16,11,3106.1,0.462373
39,16,12,3113.7,0.464311
39,16,13,3093.93,0.456051
39,16,14,3042.34,0.435525
39,16,15,2959.45,0.403586
39,16,16,2851.2,0.364085
39,16,17,2728.42,0.323036
39,16,18,2604.33,0.286036
39,16,19,2490.91,0.25601
39,16,20,2395.57,0.233089
39,16,21,2320.28,0.215387
39,16,22,2263.21,0.200986
39,16,23,2221.31,0.18896
39,16,24,2192.01,0.179117
39,16,25,2173.35,0.170967
39,16,26,2163.72,0.163065
39,16,27,2160.99,0.153464
39,16,28,2163.14,0.140777
39,16,29,2168.63,0.125693
39,16,30,2177.61,0.11104
39,16,31,2191.86,0.100235
39,16,32,2213.83,0.0956236
39,16,33,2245.21,0.097174
39,16,34,2285.55,0.102546
39,16,35,2332.17,0.108391
39,16,36,2381.48,0.111825
39,16,37,2430.06,0.111329
39,16,38,2476.34,0.106796
39,16,39,2520.89,0.0988764
39,16,40,2564.57,0.0885013
39,16,41,2609.28,0.0763942
39,16,42,2655.44,0.0635138
39,16,43,2700.94,0.0510174
39,16,44,2740.94,0.0400879
39,16,45,2767.94,0.0315218
39,16,46,2772.43,0.0254542
39,16,47,2743.87,0.0213057
39,16,48,2671.35,0.0181326
39,16,49,2544.5,0.0151356
39,17,0,2654.19,0.286567
39,17,1,2845.27,0.329841
39,17,2,2963.19,0.356017
39,17,3,3017.17,0.365692
39,17,4,3023.71,0.364068
39,17,5,3003.39,0.358629
39,17,6,2977.74,0.356183
39,17,7,2964.19,0.361293
39,17,8,2971.11,0.37526
39,17,9,2996.11,0.396311
39,17,10,3028.61,0.420374
39,17,11,3054.63,0.441806
39,17,12,3061.92,0.454964
39,17,13,3041.53,0.454992
39,17,14,2989.12,0.439292
39,17,15,2905.6,0.409099
39,17,16,2797.45,0.369211
39,17,17,2676.02,0.32668
39,17,18,2554.49,0.287792
39,17,19,2444.06,0.255812
39,17,20,2350.83,0.230777
39,17,21,2275.55,0.210723
39,17,22,2215.93,0.19388
39,17,23,2169.6,0.179709
39,17,24,2135.65,0.168477
39,17,25,2114.15,0.160036
39,17,26,2105.06,0.15297
39,17,27,2106.94,0.145097
39,17,28,2117.29,0.134572
39,17,29,2133.21,0.121549
39,17,30,2153.04,0.108317
39,17,31,2176.68,0.0978179
39,17,32,2205.24,0.0921746
39,17,33,2239.88,0.0914578
39,17,34,2280.66,0.0938062
39,17,35,2326.24,0.0966817
39,17,36,2374.6,0.0980347
39,17,37,2423.65,0.0969478
39,17,38,2472.39,0.0934698
39,17,39,2521.2,0.0879937
39,17,40,2570.11,0.0808571
39,17,41,2620.1,0.0721921
39,17,42,2670.77,0.0624282
39,17,43,2719.72,0.0524084
39,17,44,2762.18,0.0432195
39,17,45,2791.11,0.0357182
39,17,46,2797.59,0.030169
39,17,47,2771.64,0.0260984
39,17,48,2702.6,0.0226437
39,17,49,2579.77,0.0190688
39,18,0,2592.65,0.286836
39,18,1,2781.78,0.327494
39,18,2,2899.23,0.348835
39,18,3,2953.56,0.351419
39,18,4,2961.12,0.341186
39,18,5,2942.49,0.327201
39,18,6,2918.94,0.318288
39,18,7,2907.45,0.320877
39,18,8,2916.06,0.33728
39,18,9,2942.52,0.365485
39,18,10,2976.65,0.399974
39,18,11,3004.77,0.432867
39,18,12,3014.52,0.456212
39,18,13,2996.61,0.463485
39,18,14,2946.44,0.451405
39,18,15,2864.9,0.421587
39,18,16,2758.71,0.379916
39,18,17,2639.57,0.334657
39,18,18,2520.71,0.292921
39,18,19,2412.77,0.258356
39,18,20,2320.84,0.230885
39,18,21,2244.67,0.208428
39,18,22,2181.45,0.189283
39,18,23,2129.34,0.17318
39,18,24,2088.86,0.16072
39,18,25,2062.1,0.151992
39,18,26,2050.8,0.145597
39,18,27,2054.59,0.139212
39,18,28,2070.72,0.130702
39,18,29,2095.17,0.119829
39,18,30,2124.48,0.108383
39,18,31,2156.62,0.098774
39,18,32,2191.36,0.0927583
39,18,33,2229.34,0.0903274
39,18,34,2271.24,0.0899098
39,18,35,2317.11,0.0896441
39,18,36,2366.52,0.0882855
39,18,37,2418.55,0.0856227
39,18,38,2472.41,0.0820894
39,18,39,2527.87,0.0781011
39,18,40,2583.74,0.0736181
39,18,41,2639.85,0.0682388
39,18,42,2695.04,0.0617352
39,18,43,2746.77,0.0544092
39,18,44,2790.65,0.0470445
39,18,45,2820.31,0.0404679
39,18,46,2827.67,0.0351143
39,18,47,2803.41,0.0307492
39,18,48,2737.21,0.0267211
39,18,49,2618.08,0.0224255
39,19,0,2541.11,0.284626
39,19,1,2727.37,0.323967
39,19,2,2843.5,0.342934
39,19,3,2897.48,0.341836
39,19,4,2905.34,0.326803
39,19,5,2887.42,0.307747
39,19,6,2864.72,0.294869
39,19,7,2854.11,0.296151
39,19,8,2863.88,0.31501
39,19,9,2892.3,0.349596
39,19,10,2929.75,0.393431
39,19,11,2962.52,0.436704
39,19,12,2977.77,0.469203
39,19,13,2965.42,0.482587
39,19,14,2920.21,0.472779
39,19,15,2842.7,0.441773
39,19,16,2739.66,0.396692
39,19,17,2623.01,0.34721
39,19,18,2506.14,0.301458
39,19,19,2399.5,0.263585
39,19,20,2307.63,0.233468
39,19,21,2229.63,0.208895
39,19,22,2162.32,0.188088
39,19,23,2104.17,0.170792
39,19,24,2056.73,0.157664
39,19,25,2023.71,0.148833
39,19,26,2008.48,0.142899
39,19,27,2011.77,0.137557
39,19,28,2030.97,0.130644
39,19,29,2061.18,0.121783
39,19,30,2097.43,0.112373
39,19,31,2136.03,0.104269
39,19,32,2175.56,0.0987043
39,19,33,2216.33,0.0953716
39,19,34,2259.65,0.0927389
39,19,35,2306.94,0.089413
39,19,36,2359.22,0.0848534
39,19,37,2416.44,0.0796173
39,19,38,2477.64,0.0747387
39,19,39,2541.54,0.0709524
39,19,40,2605.46,0.0681092
39,19,41,2667.98,0.0653823
39,19,42,2727.3,0.0618177
39,19,43,2780.91,0.0569941
39,19,44,2825.01,0.0512125
39,19,45,2854.13,0.045187
39,19,46,2861.15,0.0395623
39,19,47,2837.55,0.0344698
39,19,48,2773.37,0.0295926
39,19,49,2657.43,0.0245164
39,20,0,2497.24,0.276709
39,20,1,2680.84,0.315246
39,20,2,2795.97,0.333625
39,20,3,2850.05,0.331794
39,20,4,2858.56,0.315604
39,20,5,2841.37,0.295122
39,20,6,2819.19,0.281255
39,20,7,2809.1,0.283099
39,20,8,2820.09,0.305091
39,20,9,2851.3,0.345766
39,20,10,2893.6,0.398053
39,20,11,2933.06,0.450557
39,20,12,2955.98,0.49101
39,20,13,2951.22,0.509297
39,20,14,2912.68,0.500551
39,20,15,2840.43,0.467159
39,20,16,2741.12,0.41752
39,20,17,2626.74,0.362774
39,20,18,2510.87,0.312195
39,20,19,2404.04,0.270567
39,20,20,2310.74,0.237863
39,20,21,2229.98,0.211769
39,20,22,2158.51,0.190259
39,20,23,2094.96,0.172762
39,20,24,2041.42,0.159623
39,20,25,2002.57,0.150769
39,20,26,1982.86,0.144817
39,20,27,1983.98,0.139728
39,20,28,2003.59,0.133684
39,20,29,2036.4,0.126485
39,20,30,2076.46,0.11929
39,20,31,2118.87,0.113367
39,20,32,2161.38,0.109244
39,20,33,2204.08,0.106063
39,20,34,2248.87,0.102057
39,20,35,2298.33,0.0960612
39,20,36,2354.67,0.0881034
39,20,37,2418.36,0.0795229
39,20,38,2487.95,0.0721139
39,20,39,2560.88,0.067177
39,20,40,2632.91,0.0647128
39,20,41,2701.48,0.0636186
39,20,42,2764.25,0.0622433
39,20,43,2818.88,0.0593723
39,20,44,2862.23,0.054723
39,20,45,2889.79,0.0488339
39,20,46,2895.45,0.0425645
39,20,47,2871.54,0.0364742
39,20,48,2808.56,0.0306498
39,20,49,2695.21,0.0248935
39,21,0,2459.95,0.26206
39,21,1,2641.73,0.299571
39,21,2,2756.88,0.31827
39,21,3,2812.27,0.31776
39,21,4,2822.69,0.303318
39,21,5,2807.33,0.284615
39,21,6,2786.51,0.272626
39,21,7,2777.54,0.277032
39,21,8,2790.25,0.302979
39,21,9,2824.73,0.349374
39,21,10,2872.31,0.408805
39,21,11,2918.75,0.468733
39,21,12,2949.57,0.515322
39,21,13,2952.59,0.537079
39,21,14,2920.98,0.528577
39,21,15,2854.32,0.492582
39,21,16,2758.92,0.438555
39,21,17,2646.6,0.378825
39,21,18,2530.88,0.323655
39,21,19,2422.47,0.278472
39,21,20,2326.29,0.243525
39,21,21,2241.86,0.216518
39,21,22,2166.35,0.195118
39,21,23,2098.58,0.178171
39,21,24,2040.73,0.165384
39,21,25,1997.66,0.15627
39,21,26,1974.14,0.149511
39,21,27,1972.38,0.143606
39,21,28,1990.34,0.137459
39,21,29,2022.83,0.131358
39,21,30,2063.6,0.126374
39,21,31,2107.18,0.123168
39,21,32,2150.89,0.121404
39,21,33,2194.7,0.119462
39,21,34,2240.92,0.115118
39,21,35,2292.93,0.107211
39,21,36,2353.71,0.0961643
39,21,37,2423.96,0.0840189
39,21,38,2501.58,0.0733621
39,21,39,2582.75,0.0661835
39,21,40,2661.91,0.0628371
39,21,41,2735.58,0.0621329
39,21,42,2801.02,0.0618866
39,21,43,2856.07,0.0601833
39,21,44,2898.16,0.056172
39,21,45,2923.66,0.0501756
39,21,46,2927.42,0.0432078
39,21,47,2902.58,0.0362082
39,21,48,2840.15,0.0296425
39,21,49,2728.83,0.0235081
39,22,0,2431.17,0.243619
39,22,1,2611.91,0.279692
39,22,2,2727.99,0.298963
39,22,3,2785.89,0.300823
39,22,4,2799.72,0.289886
39,22,5,2787.87,0.275099
39,22,6,2770.01,0.266997
39,22,7,2763.36,0.275271
39,22,8,2778.24,0.305317
39,22,9,2815.45,0.356211
39,22,10,2866.8,0.420377
39,22,11,2918.08,0.484719
39,22,12,2954.47,0.534663
39,22,13,2963.33,0.558117
39,22,14,2937.42,0.54955
39,22,15,2875.89,0.512039
39,22,16,2784.52,0.455567
39,22,17,2674.45,0.392922
39,22,18,2558.68,0.334796
39,22,19,2447.94,0.287036
39,22,20,2347.9,0.25031
39,22,21,2259.18,0.222605
39,22,22,2179.95,0.201443
39,22,23,2109.4,0.185079
39,22,24,2049.46,0.172439
39,22,25,2004.45,0.162512
39,22,26,1978.68,0.154066
39,22,27,1974.27,0.146308
39,22,28,1989.42,0.139098
39,22,29,2019.39,0.13341
39,22,30,2058.31,0.130356
39,22,31,2100.8,0.130021
39,22,32,2144.19,0.131172
39,22,33,2188.4,0.131351
39,22,34,2235.88,0.127763
39,22,35,2290.37,0.119063
39,22,36,2355.19,0.105843
39,22,37,2430.95,0.0906398
39,22,38,2514.97,0.0766987
39,22,39,2602.45,0.0666714
39,22,40,2686.91,0.0613943
39,22,41,2764.28,0.0598148
39,22,42,2831.6,0.0595113
39,22,43,2886.8,0.0581188
39,22,44,2927.72,0.0543445
39,22,45,2951.36,0.0482747
39,22,46,2953.33,0.0409465
39,22,47,2927.48,0.0335199
39,22,48,2865.31,0.0267178
39,22,49,2755.66,0.0206682
39,23,0,2415.29,0.227688
39,23,1,2595.35,0.262426
39,23,2,2712.58,0.282403
39,23,3,2773.41,0.28696
39,23,4,2791.51,0.280117
39,23,5,2784.46,0.269977
39,23,6,2770.95,0.266291
39,23,7,2767.49,0.278267
39,23,8,2784.16,0.311085
39,23,9,2822.03,0.36377
39,23,10,2873.5,0.428799
39,23,11,2925.06,0.49325
39,23,12,2962.5,0.542877
39,23,13,2973.52,0.565997
39,23,14,2950.91,0.557537
39,23,15,2893.5,0.520729
39,23,16,2806.21,0.465277
39,23,17,2698.95,0.403343
39,23,18,2583.67,0.345128
39,23,19,2470.73,0.29642
39,23,20,2366.66,0.258354
39,23,21,2273.62,0.22954
39,23,22,2191.3,0.207775
39,23,23,2119.51,0.191047
39,23,24,2059.79,0.177668
39,23,25,2015.36,0.166147
39,23,26,1989.4,0.15532
39,23,27,1983.37,0.145063
39,23,28,1995.55,0.136155
39,23,29,2021.85,0.13025
39,23,30,2057.24,0.128558
39,23,31,2097.05,0.130717
39,23,32,2138.96,0.134753
39,23,33,2182.95,0.137498
39,23,34,2231.38,0.135641
39,23,35,2287.9,0.127517
39,23,36,2355.75,0.113627
39,23,37,2435.25,0.0966458
39,23,38,2523.3,0.0801694
39,23,39,2614.56,0.0673339
39,23,40,2702.16,0.0595047
39,23,41,2781.77,0.0560069
39,23,42,2850.36,0.0545607
39,23,43,2905.86,0.0527068
39,23,44,2946.25,0.0489134
39,23,45,2968.86,0.0430263
39,23,46,2969.78,0.0359382
39,23,47,2943.38,0.0288006
39,23,48,2881.61,0.0224149
39,23,49,2773.5,0.01695
39,24,0,2416.75,0.221487
39,24,1,2596.07,0.255952
39,24,2,2713.91,0.277119
39,24,3,2777.11,0.284386
39,24,4,2799.2,0.281316
39,24,5,2797.07,0.275193
39,24,6,2788.17,0.274824
39,24,7,2787.57,0.288608
39,24,8,2804.31,0.32121
39,24,9,2839.26,0.371534
39,24,10,2885.67,0.432454
39,24,11,2931.53,0.492019
39,24,12,2964.34,0.537387
39,24,13,2973,0.558249
39,24,14,2950.84,0.550452
39,24,15,2896.31,0.517133
39,24,16,2813.21,0.466832
39,24,17,2709.72,0.409925
39,24,18,2596.16,0.355065
39,24,19,2482.11,0.307342
39,24,20,2374.84,0.268251
39,24,21,2278.21,0.237322
39,24,22,2193.77,0.213199
39,24,23,2122.18,0.194212
39,24,24,2064.59,0.178541
39,24,25,2022.85,0.164463
39,24,26,1998.59,0.150861
39,24,27,1992.24,0.138025
39,24,28,2001.96,0.12734
39,24,29,2024.34,0.120877
39,24,30,2055.45,0.119915
39,24,31,2091.66,0.123826
39,24,32,2131.3,0.13022
39,24,33,2174.49,0.135539
39,24,34,2223.39,0.136147
39,24,35,2281.25,0.130015
39,24,36,2350.84,0.117275
39,24,37,2432.11,0.10031
39,24,38,2521.75,0.0826512
39,24,39,2614.38,0.0676426
39,24,40,2703.18,0.0571491
39,24,41,2783.89,0.0510831
39,24,42,2853.47,0.047682
39,24,43,2909.77,0.044761
39,24,44,2950.68,0.040775
39,24,45,2973.53,0.035349
39,24,46,2974.6,0.0290811
39,24,47,2948.53,0.0228942
39,24,48,2887.6,0.0174903
39,24,49,2781.08,0.012993
39,25,0,2436.89,0.229971
39,25,1,2615.3,0.266066
39,25,2,2732.87,0.289396
39,25,3,2797.19,0.299433
39,25,4,2822.01,0.299403
39,25,5,2823.61,0.295835
39,25,6,2818.04,0.296536
39,25,7,2818.49,0.308951
39,25,8,2832.35,0.337181
39,25,9,2860,0.380194
39,25,10,2895.74,0.43176
39,25,11,2929.84,0.481666
39,25,12,2952.4,0.519329
39,25,13,2954.31,0.536454
39,25,14,2929.81,0.530014
39,25,15,2877.03,0.502725
39,25,16,2798.34,0.461225
39,25,17,2699.82,0.413201
39,25,18,2589.71,0.364879
39,25,19,2476.48,0.320025
39,25,20,2367.82,0.280225
39,25,21,2269.17,0.24605
39,25,22,2183.93,0.217482
39,25,23,2113.73,0.193899
39,25,24,2059.41,0.174031
39,25,25,2021.47,0.156348
39,25,26,1999.96,0.13981
39,25,27,1994.18,0.124787
39,25,28,2002.11,0.112769
39,25,29,2020.92,0.105811
39,25,30,2047.77,0.105123
39,25,31,2080.19,0.109987
39,25,32,2117.22,0.11798
39,25,33,2159.25,0.125567
39,25,34,2208.14,0.129067
39,25,35,2266.54,0.12612
39,25,36,2336.6,0.116272
39,25,37,2417.84,0.101211
39,25,38,2507,0.0839764
39,25,39,2599.08,0.0678128
39,25,40,2687.67,0.0549969
39,25,41,2768.81,0.0461687
39,25,42,2839.5,0.0403735
39,25,43,2897.38,0.0359985
39,25,44,2940.07,0.0316796
39,25,45,2964.64,0.026861
39,25,46,2967.25,0.0217555
39,25,47,2942.58,0.0169067
39,25,48,2883.09,0.0127878
39,25,49,2778.27,0.00941571
39,26,0,2472.74,0.254576
39,26,1,2650.35,0.294584
39,26,2,2766.95,0.32132
39,26,3,2831.12,0.334277
39,26,4,2856.94,0.336417
39,26,5,2860.25,0.333577
39,26,6,2855.71,0.332584
39,26,7,2854.41,0.339967
39,26,8,2861.92,0.359466
39,26,9,2878.03,0.390525
39,26,10,2898.24,0.428389
39,26,11,2915.5,0.465157
39,26,12,2923.15,0.492937
39,26,13,2914.65,0.505601
39,26,14,2885.48,0.501101
39,26,15,2833.5,0.481406
39,26,16,2759.51,0.45084
39,26,17,2667.24,0.414024
39,26,18,2562.63,0.37434
39,26,19,2452.77,0.333809
39,26,20,2345.37,0.293756
39,26,21,2247,0.255657
39,26,22,2162.58,0.221047
39,26,23,2094.57,0.190902
39,26,24,2043.63,0.165159
39,26,25,2009.25,0.142978
39,26,26,1990.28,0.123509
39,26,27,1985.13,0.106911
39,26,28,1991.67,0.0942769
39,26,29,2007.54,0.0871718
39,26,30,2030.78,0.0865488
39,26,31,2059.9,0.0917118
39,26,32,2094.61,0.100539
39,26,33,2135.48,0.109906
39,26,34,2184.1,0.116377
39,26,35,2242.43,0.117363
39,26,36,2311.91,0.111709
39,26,37,2391.72,0.100116
39,26,38,2478.87,0.0847799
39,26,39,2569.03,0.0685735
39,26,40,2656.48,0.0540601
39,26,41,2737.71,0.0426571
39,26,42,2809.78,0.0343796
39,26,43,2870.1,0.028369
39,26,44,2915.8,0.0235764
39,26,45,2943.47,0.019317
39,26,46,2948.91,0.0153994
39,26,47,2926.62,0.0119264
39,26,48,2869.12,0.00907893
39,26,49,2766.08,0.00674025
39,27,0,2518.03,0.293432
39,27,1,2695.27,0.339392
39,27,2,2810.7,0.370601
39,27,3,2873.8,0.386501
39,27,4,2899.08,0.389843
39,27,5,2902.01,0.385855
39,27,6,2896,0.38047
39,27,7,2890.23,0.379474
39,27,8,2888.46,0.386599
39,27,9,2889.95,0.402278
39,27,10,2891.36,0.42374
39,27,11,2888.39,0.445702
39,27,12,2877.9,0.462921
39,27,13,2856.26,0.471115
39,27,14,2820.53,0.468793
39,27,15,2768.45,0.45689
39,27,16,2699.28,0.437419
39,27,17,2614.38,0.412156
39,27,18,2517.39,0.381792
39,27,19,2413.84,0.346522
39,27,20,2310.98,0.307068
39,27,21,2215.8,0.265414
39,27,22,2134,0.224471
39,27,23,2068.58,0.186982
39,27,24,2020.17,0.154508
39,27,25,1987.85,0.127317
39,27,26,1969.94,0.104945
39,27,27,1964.57,0.0872359
39,27,28,1969.72,0.0745705
39,27,29,1983.39,0.0676819
39,27,30,2004.13,0.0670835
39,27,31,2031.11,0.072125
39,27,32,2064.37,0.081165
39,27,33,2104.57,0.0917437
39,27,34,2152.97,0.100891
39,27,35,2210.89,0.105939
39,27,36,2279.11,0.105052
39,27,37,2356.58,0.0978325
39,27,38,2440.67,0.0854343
39,27,39,2527.93,0.0701605
39,27,40,2613.46,0.0547129
39,27,41,2694.41,0.0412329
39,27,42,2767.97,0.0307222
39,27,43,2831.28,0.0231307
39,27,44,2880.87,0.0177907
39,27,45,2912.67,0.0139438
39,27,46,2921.89,0.0110319
39,27,47,2902.71,0.00872966
39,27,48,2847.55,0.00691583
39,27,49,2746.23,0.00534193
39,28,0,2565.51,0.34325
39,28,1,2743.08,0.396543
39,28,2,2857.62,0.432707
39,28,3,2919.34,0.451094
39,28,4,2943.11,0.454365
39,28,5,2944.18,0.447314
39,28,6,2934.92,0.435182
39,28,7,2922.85,0.42328
39,28,8,2910.22,0.41571
39,28,9,2895.76,0.414333
39,28,10,2877.15,0.418663
39,28,11,2852.58,0.425995
39,28,12,2822.32,0.433322
39,28,13,2785.8,0.437559
39,28,14,2741.93,0.437203
39,28,15,2688.67,0.431996
39,28,16,2623.98,0.421982
39,28,17,2547.18,0.406787
39,28,18,2459.74,0.385057
39,28,19,2365.51,0.355436
39,28,20,2270.73,0.317807
39,28,21,2181.85,0.274127
39,28,22,2104.48,0.22815
39,28,23,2041.64,0.184107
39,28,24,1994.18,0.145223
39,28,25,1961.48,0.113103
39,28,26,1942.31,0.0878841
39,28,27,1935.28,0.0692065
39,28,28,1938.79,0.0566888
39,28,29,1951.07,0.0501244
39,28,30,1970.81,0.0494878
39,28,31,1997.3,0.0541304
39,28,32,2030.48,0.0629104
39,28,33,2070.88,0.0741054
39,28,34,2119.43,0.0853187
39,28,35,2176.9,0.0939505
39,28,36,2243.53,0.0976153
39,28,37,2318.15,0.0948868
39,28,38,2398.54,0.0858598
39,28,39,2482.14,0.0721738
39,28,40,2564.95,0.0565321
39,28,41,2644.91,0.0416666
39,28,42,2719.56,0.0294558
39,28,43,2785.81,0.0205984
39,28,44,2839.55,0.0148036
39,28,45,2875.88,0.0112795
39,28,46,2889.26,0.009162
39,28,47,2873.4,0.00774899
39,28,48,2820.54,0.00663976
39,28,49,2720.62,0.005477
39,29,0,2608.97,0.399948
39,29,1,2787.64,0.461098
39,29,2,2901.91,0.501908
39,29,3,2962.53,0.521665
39,29,4,2984.63,0.523168
39,29,5,2983.31,0.51112
39,29,6,2970.12,0.490405
39,29,7,2951.28,0.466185
39,29,8,2927.77,0.443208
39,29,9,2897.9,0.424951
39,29,10,2860.09,0.413201
39,29,11,2814.55,0.407494
39,29,12,2764.5,0.406426
39,29,13,2712.31,0.407394
39,29,14,2658.94,0.408375
39,29,15,2603.02,0.4079
39,29,16,2541.83,0.40459
39,29,17,2473.15,0.396826
39,29,18,2396.62,0.382116
39,29,19,2314.29,0.358071
39,29,20,2230.75,0.323678
39,29,21,2150.99,0.280349
39,29,22,2079.58,0.23195
39,29,23,2019.16,0.183571
39,29,24,1970.96,0.139771
39,29,25,1935.45,0.103455
39,29,26,1912.76,0.0755399
39,29,27,1902.7,0.0557255
39,29,28,1904.44,0.0430731
39,29,29,1916.32,0.0365725
39,29,30,1936.69,0.0356724
39,29,31,1964.39,0.0396568
39,29,32,1998.88,0.0477768
39,29,33,2040.34,0.0589598
39,29,34,2089.37,0.0713706
39,29,35,2146.39,0.082591
39,29,36,2211.29,0.0898877
39,29,37,2282.9,0.091031
39,29,38,2359.33,0.0852096
39,29,39,2438.79,0.0734242
39,29,40,2518.11,0.0582692
39,29,41,2596.11,0.0428737
39,29,42,2670.85,0.0297792
39,29,43,2739.22,0.0202763
39,29,44,2796.55,0.0143825
39,29,45,2837,0.0112836
39,29,46,2854.2,0.00986695
39,29,47,2841.25,0.0091177
39,29,48,2790.17,0.00839666
39,29,49,2690.97,0.00727766
39,30,0,2643.9,0.459069
39,30,1,2824.4,0.527734
39,30,2,2939.26,0.572128
39,30,3,2999.53,0.591559
39,30,4,3020.53,0.589317
39,30,5,3017.18,0.5705
39,30,6,3000.41,0.540082
39,30,7,2975.46,0.50338
39,30,8,2942.39,0.46586
39,30,9,2899.14,0.432483
39,30,10,2844.61,0.406968
39,30,11,2780.44,0.390559
39,30,12,2712.09,0.382815
39,30,13,2644.44,0.381059
39,30,14,2580.56,0.382466
39,30,15,2520.31,0.384497
39,30,16,2461.07,0.384925
39,30,17,2399.81,0.38172
39,30,18,2334.71,0.372122
39,30,19,2265.96,0.353299
39,30,20,2195.87,0.323456
39,30,21,2127.24,0.283099
39,30,22,2062.85,0.235496
39,30,23,2004.67,0.185822
39,30,24,1954.5,0.139381
39,30,25,1914.47,0.100121
39,30,26,1886.72,0.0698088
39,30,27,1872.86,0.0485257
39,30,28,1873.02,0.0351368
39,30,29,1885.47,0.0281452
39,30,30,1907.83,0.0265893
39,30,31,1938.04,0.0296307
39,30,32,1974.73,0.0367425
39,30,33,2017.64,0.0473089
39,30,34,2067.17,0.0599489
39,30,35,2123.6,0.0724847
39,30,36,2186.69,0.0820557
39,30,37,2255.37,0.0859454
39,30,38,2328.02,0.0827162
39,30,39,2403.33,0.0728538
39,30,40,2478.77,0.0587741
39,30,41,2553.91,0.0437817
39,30,42,2627.47,0.0308058
39,30,43,2696.53,0.0215073
39,30,44,2756.09,0.0160943
39,30,45,2799.46,0.0137108
39,30,46,2819.36,0.0130369
39,30,47,2808.27,0.0128057
39,30,48,2757.87,0.0121932
39,30,49,2658.33,0.0107584
39,31,0,2667.45,0.514957
39,31,1,2850.41,0.590126
39,31,2,2966.86,0.636721
39,31,3,3027.9,0.654165
39,31,4,3048.85,0.646575
39,31,5,3044.42,0.619933
39,31,6,3025.02,0.57974
39,31,7,2995.21,0.531665
39,31,8,2954.52,0.481754
39,31,9,2900.72,0.436039
39,31,10,2832.97,0.399603
39,31,11,2753.73,0.374813
39,31,12,2669.88,0.361723
39,31,13,2588.13,0.357361
39,31,14,2513.55,0.358127
39,31,15,2447.66,0.360704
39,31,16,2388.74,0.362502
39,31,17,2333.69,0.361617
39,31,18,2279.64,0.355598
39,31,19,2224.83,0.341638
39,31,20,2168.97,0.31737
39,31,21,2112.2,0.282265
39,31,22,2055.24,0.238506
39,31,23,1999.26,0.190651
39,31,24,1946.76,0.144094
39,31,25,1901.75,0.103406
39,31,26,1868.65,0.071164
39,31,27,1851.05,0.0480892
39,31,28,1850.04,0.0332569
39,31,29,1863.71,0.0250824
39,31,30,1888.69,0.0223834
39,31,31,1921.75,0.0241832
39,31,32,1960.63,0.0300016
39,31,33,2004.64,0.0394416
39,31,34,2054.15,0.0514074
39,31,35,2109.59,0.0639589
39,31,36,2170.8,0.0742997
39,31,37,2236.84,0.0795653
39,31,38,2306.26,0.078036
39,31,39,2377.95,0.0698802
39,31,40,2449.68,0.0573173
39,31,41,2521.54,0.043619
39,31,42,2592.82,0.0318106
39,31,43,2661.03,0.0236692
39,31,44,2721.07,0.0194382
39,31,45,2765.68,0.0181693
39,31,46,2786.71,0.018356
39,31,47,2775.98,0.018536
39,31,48,2724.81,0.0177724
39,31,49,2623.5,0.0156791
39,32,0,2677.42,0.560847
39,32,1,2863.39,0.641087
39,32,2,2982.5,0.688714
39,32,3,3045.59,0.703286
39,32,4,3067.75,0.689899
39,32,5,3063.34,0.655681
39,32,6,3042.32,0.606922
39,32,7,3008.92,0.549688
39,32,8,2962.55,0.490319
39,32,9,2901.06,0.435387
39,32,10,2823.85,0.390734
39,32,11,2733.69,0.359385
39,32,12,2638.05,0.341677
39,32,13,2544.8,0.334471
39,32,14,2460.64,0.333698
39,32,15,2388.95,0.335624
39,32,16,2329.43,0.337583
39,32,17,2279.49,0.337945
39,32,18,2235.49,0.334732
39,32,19,2193.83,0.325386
39,32,20,2151.58,0.307211
39,32,21,2106.26,0.278774
39,32,22,2056.55,0.241027
39,32,23,2002.93,0.197472
39,32,24,1948.58,0.153039
39,32,25,1899.25,0.112454
39,32,26,1861.49,0.0789312
39,32,27,1840.7,0.0539517
39,32,28,1838.8,0.0371363
39,32,29,1853.59,0.0271877
39,32,30,1880.73,0.0229197
39,32,31,1915.84,0.0232519
39,32,32,1955.9,0.0276204
39,32,33,1999.95,0.0356299
39,32,34,2048.52,0.0462901
39,32,35,2102.36,0.0578426
39,32,36,2161.54,0.0676756
39,32,37,2225.31,0.0730518
39,32,38,2292.24,0.0722866
39,32,39,2361.13,0.0654474
39,32,40,2429.77,0.0545867
39,32,41,2498.46,0.0427944
39,32,42,2566.92,0.0329487
39,32,43,2633.14,0.0267145
39,32,44,2692.2,0.0242167
39,32,45,2736.5,0.0243502
39,32,46,2757.17,0.0254296
39,32,47,2745.33,0.0258511
39,32,48,2691.86,0.02465
39,32,49,2587.25,0.0215722
39,33,0,2672.53,0.591061
39,33,1,2861.99,0.674994
39,33,2,2984.83,0.723297
39,33,3,3051.27,0.735512
39,33,4,3075.85,0.717518
39,33,5,3072.37,0.677463
39,33,6,3050.45,0.6224
39,33,7,3014.3,0.558697
39,33,8,2963.69,0.49273
39,33,9,2896.88,0.431202
39,33,10,2813.57,0.38029
39,33,11,2716.58,0.343443
39,33,12,2613.4,0.321322
39,33,13,2512.35,0.310961
39,33,14,2421.32,0.308239
39,33,15,2345.31,0.309311
39,33,16,2285.57,0.311487
39,33,17,2240.19,0.313211
39,33,18,2205.07,0.312762
39,33,19,2174.97,0.30782
39,33,20,2144.67,0.295581
39,33,21,2109.46,0.274063
39,33,22,2066.36,0.243198
39,33,23,2015.33,0.20536
39,33,24,1960.12,0.164672
39,33,25,1907.85,0.125586
39,33,26,1866.66,0.091666
39,33,27,1843.32,0.0650703
39,33,28,1840.31,0.0461381
39,33,29,1855.25,0.0341249
39,33,30,1883.02,0.0280492
39,33,31,1918.4,0.0268175
39,33,32,1957.89,0.0297413
39,33,33,2000.46,0.0362865
39,33,34,2046.91,0.0454224
39,33,35,2098.45,0.0554815
39,33,36,2155.42,0.0640583
39,33,37,2217.2,0.068687
39,33,38,2282.25,0.0679184
39,33,39,2349.1,0.0618869
39,33,40,2415.33,0.0525361
39,33,41,2481.27,0.0427168
39,33,42,2546.93,0.0350341
39,33,43,2610.78,0.0309097
39,33,44,2668.2,0.0302539
39,33,45,2711.41,0.0317587
39,33,46,2730.89,0.0335627
39,33,47,2716.98,0.0339609
39,33,48,2660.09,0.032036
39,33,49,2550.89,0.0277227
39,34,0,2652.91,0.603184
39,34,1,2846.17,0.68984
39,34,2,2973.59,0.739417
39,34,3,3044.39,0.751117
39,34,4,3072.21,0.731051
39,34,5,3070.17,0.687876
39,34,6,3047.58,0.629131
39,34,7,3008.99,0.561347
39,34,8,2954.91,0.490839
39,34,9,2884.41,0.424312
39,34,10,2797.68,0.36816
39,34,11,2697.55,0.326267
39,34,12,2591.19,0.299811
39,34,13,2486.91,0.286353
39,34,14,2393.14,0.282056
39,34,15,2315.96,0.283094
39,34,16,2257.75,0.286575
39,34,17,2217.23,0.290586
39,34,18,2189.93,0.293232
39,34,19,2169.41,0.292259
39,34,20,2148.73,0.284972
39,34,21,2121.63,0.26933
39,34,22,2084.07,0.244771
39,34,23,2035.71,0.212814
39,34,24,1980.72,0.176707
39,34,25,1927.04,0.140304
39,34,26,1883.78,0.107139
39,34,27,1858.41,0.0797604
39,34,28,1853.73,0.059182
39,34,29,1867.27,0.045309
39,34,30,1893.55,0.0375204
39,34,31,1926.95,0.0348432
39,34,32,1963.82,0.0365217
39,34,33,2003.21,0.0418451
39,34,34,2046.3,0.0496618
39,34,35,2094.71,0.0582928
39,34,36,2149.1,0.0654705
39,34,37,2208.88,0.0689977
39,34,38,2272.26,0.0677173
39,34,39,2337.42,0.0619228
39,34,40,2401.68,0.0535217
39,34,41,2465.37,0.0451619
39,34,42,2528.75,0.0391743
39,34,43,2590.72,0.0367171
39,34,44,2646.95,0.0374648
39,34,45,2689.44,0.0399002
39,34,46,2707.99,0.0420023
39,34,47,2692.07,0.0420012
39,34,48,2631.47,0.0390806
39,34,49,2517.02,0.0333873
39,35,0,2621.58,0.599784
39,35,1,2818.67,0.688829
39,35,2,2951.08,0.740944
39,35,3,3026.7,0.754557
39,35,4,3057.99,0.735284
39,35,5,3057.31,0.691607
39,35,6,3033.78,0.631196
39,35,7,2992.54,0.560686
39,35,8,2935.21,0.486484
39,35,9,2862.02,0.41548
39,35,10,2773.88,0.354444
39,35,11,2673.78,0.307842
39,35,12,2568.45,0.277548
39,35,13,2465.82,0.261816
39,35,14,2374.16,0.257173
39,35,15,2299.79,0.259716
39,35,16,2245.56,0.266018
39,35,17,2210.47,0.273352
39,35,18,2189.86,0.279218
39,35,19,2176.6,0.281253
39,35,20,2162.77,0.277078
39,35,21,2141.37,0.265139
39,35,22,2107.88,0.245056
39,35,23,2061.98,0.218025
39,35,24,2008.1,0.186595
39,35,25,1954.53,0.153832
39,35,26,1910.57,0.122836
39,35,27,1883.82,0.0960848
39,35,28,1877,0.0749919
39,35,29,1887.71,0.0600078
39,35,30,1910.53,0.0509398
39,35,31,1939.85,0.0470889
39,35,32,1972.23,0.047794
39,35,33,2006.92,0.0522623
39,35,34,2045.47,0.0592489
39,35,35,2089.9,0.0669979
39,35,36,2141.11,0.0732545
39,35,37,2198.47,0.0759458
39,35,38,2259.89,0.0740857
39,35,39,2323.21,0.068082
39,35,40,2385.59,0.0598313
39,35,41,2447.42,0.0518734
39,35,42,2509.34,0.0463945
39,35,43,2570.6,0.0444228
39,35,44,2627.02,0.0455065
39,35,45,2670.25,0.0479956
39,35,46,2689.22,0.0497541
39,35,47,2672.36,0.0489616
39,35,48,2608.7,0.0448977
39,35,49,2489.2,0.0378753
39,36,0,2584.31,0.58687
39,36,1,2784.92,0.678476
39,36,2,2922.13,0.734462
39,36,3,3002.26,0.752087
39,36,4,3036.57,0.735815
39,36,5,3036.63,0.693362
39,36,6,3011.55,0.632249
39,36,7,2967.23,0.559301
39,36,8,2906.63,0.481332
39,36,9,2831.4,0.40579
39,36,10,2743.47,0.340109
39,36,11,2646.16,0.289489
39,36,12,2545.8,0.25654
39,36,13,2449.55,0.240128
39,36,14,2364.8,0.236956
39,36,15,2297.16,0.242765
39,36,16,2249.13,0.253235
39,36,17,2219.69,0.264485
39,36,18,2204.17,0.273139
39,36,19,2195.33,0.27663
39,36,20,2185.09,0.273091
39,36,21,2166.48,0.261934
39,36,22,2135.17,0.243638
39,36,23,2091.09,0.219715
39,36,24,2038.88,0.192367
39,36,25,1986.67,0.163862
39,36,26,1943.4,0.136503
39,36,27,1916.13,0.112178
39,36,28,1907.25,0.0922421
39,36,29,1914.46,0.0774
39,36,30,1932.64,0.0678283
39,36,31,1956.6,0.0632182
39,36,32,1983.28,0.0632148
39,36,33,2012.26,0.0671408
39,36,34,2045.37,0.0737987
39,36,35,2084.98,0.0813735
39,36,36,2132.14,0.0875172
39,36,37,2186.2,0.0900757
39,36,38,2244.84,0.0879914
39,36,39,2305.66,0.081608
39,36,40,2365.87,0.0727494
39,36,41,2426.14,0.0639293
39,36,42,2487.54,0.0573814
39,36,43,2549.67,0.0542419
39,36,44,2608.27,0.0541558
39,36,45,2654.37,0.0555055
39,36,46,2675.83,0.0561286
39,36,47,2659.85,0.054164
39,36,48,2594.6,0.048929
39,36,49,2471.06,0.0407957
39,37,0,2548.9,0.571489
39,37,1,2752.38,0.665841
39,37,2,2893.47,0.726319
39,37,3,2977.05,0.748834
39,37,4,3013.23,0.736369
39,37,5,3013.01,0.69559
39,37,6,2985.6,0.633782
39,37,7,2937.77,0.558128
39,37,8,2873.93,0.476195
39,37,9,2797.3,0.396348
39,37,10,2711.02,0.326901
39,37,11,2618.91,0.273798
39,37,12,2526.86,0.240211
39,37,13,2440.9,0.225274
39,37,14,2366.81,0.225482
39,37,15,2308.68,0.235892
39,37,16,2268,0.251058
39,37,17,2243.45,0.265877
39,37,18,2230.62,0.276101
39,37,19,2222.8,0.279015
39,37,20,2212.55,0.273436
39,37,21,2193.62,0.260062
39,37,22,2162.4,0.240718
39,37,23,2119.31,0.217775
39,37,24,2069.07,0.193482
39,37,25,2019.33,0.169431
39,37,26,1978.14,0.146889
39,37,27,1951.6,0.126707
39,37,28,1941.48,0.10968
39,37,29,1945.58,0.0963796
39,37,30,1959.23,0.0871935
39,37,31,1977.79,0.0822539
39,37,32,1998.7,0.0817155
39,37,33,2021.8,0.0852623
39,37,34,2049.12,0.091961
39,37,35,2083.27,0.100038
39,37,36,2125.4,0.107004
39,37,37,2174.92,0.11042
39,37,38,2229.51,0.108856
39,37,39,2286.82,0.102317
39,37,40,2344.33,0.0923963
39,37,41,2403.22,0.0816074
39,37,42,2465.08,0.0724208
39,37,43,2529.75,0.0663638
39,37,44,2592.66,0.0634665
39,37,45,2643.92,0.0623702
39,37,46,2670.07,0.0610112
39,37,47,2657,0.0575044
39,37,48,2592,0.0511197
39,37,49,2465.93,0.0421537
39,38,0,2522.26,0.558552
39,38,1,2727.72,0.655292
39,38,2,2871.35,0.719712
39,38,3,2956.84,0.746533
39,38,4,2993.48,0.737375
39,38,5,2991.95,0.697928
39,38,6,2961.7,0.635295
39,38,7,2910.4,0.557142
39,38,8,2843.85,0.471955
39,38,9,2766.83,0.38916
39,38,10,2683.74,0.317946
39,38,11,2598.89,0.264808
39,38,12,2517.67,0.233119
39,38,13,2444.57,0.221813
39,38,14,2383.22,0.226776
39,38,15,2335.58,0.242151
39,38,16,2301.73,0.261396
39,38,17,2280.03,0.278416
39,38,18,2266.62,0.288378
39,38,19,2255.92,0.288596
39,38,20,2241.86,0.278678
39,38,21,2219.5,0.260687
39,38,22,2186.33,0.237976
39,38,23,2143.4,0.214074
39,38,24,2095.32,0.191602
39,38,25,2048.98,0.171683
39,38,26,2011.15,0.154508
39,38,27,1986.73,0.139642
39,38,28,1976.76,0.126917
39,38,29,1979.09,0.11639
39,38,30,1989.5,0.108431
39,38,31,2003.92,0.10356
39,38,32,2020.17,0.102551
39,38,33,2038.23,0.105663
39,38,34,2060.14,0.112461
39,38,35,2088.56,0.121388
39,38,36,2124.77,0.129862
39,38,37,2168.39,0.135041
39,38,38,2217.42,0.134867
39,38,39,2269.98,0.128703
39,38,40,2324.16,0.117694
39,38,41,2381.84,0.104298
39,38,42,2445.14,0.0913429
39,38,43,2513.97,0.0809909
39,38,44,2583.1,0.0739284
39,38,45,2641.42,0.0692741
39,38,46,2674.03,0.0651875
39,38,47,2665.55,0.0597818
39,38,48,2602.41,0.0522018
39,38,49,2475.24,0.0425608
39,39,0,2508.29,0.549718
39,39,1,2714.83,0.647653
39,39,2,2859.52,0.714308
39,39,3,2945.36,0.743717
39,39,4,2981.22,0.736623
39,39,5,2977.75,0.69807
39,39,6,2944.74,0.635064
39,39,7,2890.67,0.555708
39,39,8,2822.55,0.469304
39,39,9,2746.53,0.386189
39,39,10,2668.13,0.316198
39,39,11,2592.05,0.266041
39,39,12,2522.97,0.238854
39,39,13,2463.61,0.232922
39,39,14,2415.11,0.243208
39,39,15,2377.11,0.262903
39,39,16,2348.19,0.28463
39,39,17,2326.46,0.301791
39,39,18,2308.94,0.309454
39,39,19,2291.67,0.305235
39,39,20,2270.45,0.289572
39,39,21,2242.1,0.265735
39,39,22,2205.46,0.238452
39,39,23,2162.12,0.21238
39,39,24,2116.42,0.190638
39,39,25,2074.1,0.174091
39,39,26,2040.51,0.161984
39,39,27,2019.3,0.152624
39,39,28,2010.87,0.144717
39,39,29,2013.16,0.137581
39,39,30,2022.4,0.131376
39,39,31,2034.91,0.126872
39,39,32,2048.66,0.125429
39,39,33,2063.53,0.127965
39,39,34,2081.26,0.134684
39,39,35,2104.34,0.144414
39,39,36,2134.12,0.1546
39,39,37,2170.67,0.162012
39,39,38,2212.7,0.163843
39,39,39,2259.31,0.158612
39,39,40,2309.6,0.146821
39,39,41,2366.35,0.130773
39,39,42,2432.15,0.113685
39,39,43,2506.62,0.0984847
39,39,44,2583.53,0.0866741
39,39,45,2650.28,0.0779672
39,39,46,2690.46,0.070794
39,39,47,2687.57,0.0632542
39,39,48,2627.29,0.0543051
39,39,49,2499.97,0.0438347
39,40,0,2506.14,0.544667
39,40,1,2713,0.642149
39,40,2,2857.52,0.708848
39,40,3,2942.5,0.738752
39,40,4,2976.82,0.732383
39,40,5,2971.33,0.694563
39,40,6,2936.26,0.632266
39,40,7,2880.73,0.553861
39,40,8,2812.67,0.46916
39,40,9,2739.22,0.389062
39,40,10,2666.7,0.323654
39,40,11,2599.97,0.279458
39,40,12,2542.88,0.258953
39,40,13,2496.33,0.259423
39,40,14,2459.04,0.27475
39,40,15,2428.5,0.297296
39,40,16,2401.96,0.319303
39,40,17,2377.42,0.334278
39,40,18,2352.97,0.337779
39,40,19,2326.52,0.328043
39,40,20,2296.02,0.306325
39,40,21,2260.28,0.276781
39,40,22,2219.45,0.245075
39,40,23,2175.57,0.216647
39,40,24,2132.35,0.194999
39,40,25,2094.25,0.180863
39,40,26,2065.12,0.172784
39,40,27,2047.57,0.168087
39,40,28,2041.59,0.164486
39,40,29,2045.37,0.160582
39,40,30,2055.53,0.156242
39,40,31,2068.61,0.152318
39,40,32,2082.4,0.150571
39,40,33,2096.34,0.152463
39,40,34,2111.58,0.158813
39,40,35,2130.23,0.168912
39,40,36,2153.65,0.180385
39,40,37,2182.49,0.189763
39,40,38,2216.61,0.193582
39,40,39,2256.57,0.189506
39,40,40,2302.85,0.177317
39,40,41,2359.29,0.159069
39,40,42,2428.77,0.138298
39,40,43,2510.27,0.118671
39,40,44,2596.13,0.10248
39,40,45,2672.01,0.0899904
39,40,46,2720.11,0.0798404
39,40,47,2722.98,0.0700632
39,40,48,2665.81,0.0594081
39,40,49,2538.6,0.0475947
39,41,0,2512.93,0.543225
39,41,1,2719.52,0.63891
39,41,2,2862.95,0.703815
39,41,3,2946.22,0.732446
39,41,4,2978.58,0.725692
39,41,5,2971.34,0.688561
39,41,6,2935.19,0.628081
39,41,7,2879.76,0.552724
39,41,8,2813.48,0.472481
39,41,9,2744.02,0.398396
39,41,10,2678.01,0.340388
39,41,11,2620.25,0.304419
39,41,12,2573.73,0.291999
39,41,13,2537.76,0.299208
39,41,14,2509.06,0.318819
39,41,15,2483.36,0.34258
39,41,16,2456.9,0.362798
39,41,17,2427.72,0.373652
39,41,18,2394.98,0.371726
39,41,19,2358.42,0.356186
39,41,20,2318.16,0.329071
39,41,21,2274.9,0.295074
39,41,22,2230.01,0.260243
39,41,23,2185.72,0.230287
39,41,24,2144.92,0.208796
39,41,25,2110.73,0.196372
39,41,26,2085.65,0.191107
39,41,27,2071.57,0.189728
39,41,28,2068.36,0.18928
39,41,29,2074.58,0.187852
39,41,30,2087.21,0.185064
39,41,31,2102.77,0.181716
39,41,32,2118.68,0.179715
39,41,33,2133.68,0.180834
39,41,34,2148.12,0.186319
39,41,35,2163.56,0.195888
39,41,36,2181.3,0.207467
39,41,37,2202.7,0.217602
39,41,38,2229.01,0.222476
39,41,39,2262.61,0.219131
39,41,40,2305.66,0.206736
39,41,41,2363.11,0.187075
39,41,42,2437.85,0.163856
39,41,43,2527.83,0.141289
39,41,44,2623.57,0.122228
39,41,45,2708.92,0.107247
39,41,46,2764.77,0.0949739
39,41,47,2773.04,0.0832325
39,41,48,2718.57,0.0705349
39,41,49,2591.05,0.056547
39,42,0,2525.09,0.545975
39,42,1,2730.86,0.639467
39,42,2,2872.4,0.70172
39,42,3,2953.21,0.728023
39,42,4,2983.17,0.719985
39,42,5,2974.27,0.683132
39,42,6,2937.77,0.62473
39,42,7,2883.64,0.553346
39,42,8,2820.43,0.478965
39,42,9,2755.79,0.412459
39,42,10,2696.23,0.363241
39,42,11,2646.19,0.336453
39,42,12,2607.99,0.332487
39,42,13,2579.75,0.346172
39,42,14,2556.77,0.369251
39,42,15,2533.64,0.393044
39,42,16,2505.92,0.410232
39,42,17,2471.72,0.416013
39,42,18,2431.11,0.408348
39,42,19,2385.43,0.387547
39,42,20,2336.6,0.356426
39,42,21,2286.96,0.319926
39,42,22,2238.76,0.284003
39,42,23,2194.27,0.254136
39,42,24,2155.54,0.233657
39,42,25,2124.54,0.222941
39,42,26,2102.76,0.219785
39,42,27,2091.63,0.220636
39,42,28,2091.11,0.2222
39,42,29,2100.05,0.222312
39,42,30,2115.73,0.220464
39,42,31,2134.55,0.217362
39,42,32,2153.48,0.214858
39,42,33,2170.57,0.214786
39,42,34,2185.34,0.218576
39,42,35,2198.73,0.226241
39,42,36,2211.97,0.236071
39,42,37,2227.13,0.244916
39,42,38,2246.95,0.249053
39,42,39,2275.78,0.245339
39,42,40,2317.46,0.232628
39,42,41,2377.92,0.212494
39,42,42,2459.81,0.188632
39,42,43,2559.61,0.165457
39,42,44,2665.84,0.145986
39,42,45,2760.57,0.130706
39,42,46,2823.64,0.1179
39,42,47,2836.58,0.104952
39,42,48,2784.05,0.0900738
39,42,49,2655.44,0.0729929
39,43,0,2539.21,0.553376
39,43,1,2743.44,0.645246
39,43,2,2882.16,0.704964
39,43,3,2959.53,0.728523
39,43,4,2986.27,0.718346
39,43,5,2975.23,0.680718
39,43,6,2938.39,0.623422
39,43,7,2885.96,0.555308
39,43,8,2826.32,0.486367
39,43,9,2766.63,0.42713
39,43,10,2712.86,0.386311
39,43,11,2668.92,0.368129
39,43,12,2636.62,0.3719
39,43,13,2613.38,0.391308
39,43,14,2593.75,0.417215
39,43,15,2571.67,0.440626
39,43,16,2542.37,0.454675
39,43,17,2504.03,0.455647
39,43,18,2457.36,0.442957
39,43,19,2404.87,0.418154
39,43,20,2349.8,0.384815
39,43,21,2295.64,0.347997
39,43,22,2245.2,0.313284
39,43,23,2200.67,0.2856
39,43,24,2163.53,0.267757
39,43,25,2134.99,0.259769
39,43,26,2115.93,0.259151
39,43,27,2107.42,0.262169
39,43,28,2109.45,0.265334
39,43,29,2120.96,0.266362
39,43,30,2139.34,0.264725
39,43,31,2160.92,0.261094
39,43,32,2182.39,0.257244
39,43,33,2201.37,0.254977
39,43,34,2216.76,0.255749
39,43,35,2228.99,0.259724
39,43,36,2239.21,0.265552
39,43,37,2250.12,0.27062
39,43,38,2265.88,0.27176
39,43,39,2292.6,0.266177
39,43,40,2335.6,0.252812
39,43,41,2401.48,0.233168
39,43,42,2492.21,0.210736
39,43,43,2602.64,0.189726
39,43,44,2719.29,0.172831
39,43,45,2822.75,0.159993
39,43,46,2892.11,0.148782
39,43,47,2908.79,0.135874
39,43,48,2857.38,0.119065
39,43,49,2726.91,0.0981911
39,44,0,2550.67,0.563453
39,44,1,2752.25,0.654568
39,44,2,2886.93,0.712291
39,44,3,2959.58,0.733033
39,44,4,2981.86,0.719913
39,44,5,2967.64,0.6801
39,44,6,2929.73,0.622167
39,44,7,2878.6,0.555506
39,44,8,2822.26,0.490223
39,44,9,2767.11,0.436455
39,44,10,2718.28,0.402175
39,44,11,2679.02,0.390738
39,44,12,2650.74,0.400613
39,44,13,2630.52,0.424592
39,44,14,2612.68,0.452871
39,44,15,2590.97,0.47618
39,44,16,2560.52,0.487982
39,44,17,2519.59,0.485449
39,44,18,2469.29,0.469266
39,44,19,2412.8,0.442158
39,44,20,2354.13,0.408454
39,44,21,2297.38,0.373333
39,44,22,2245.66,0.34197
39,44,23,2201.17,0.318668
39,44,24,2165.18,0.305625
39,44,25,2138.68,0.302374
39,44,26,2122.23,0.306026
39,44,27,2116.53,0.312495
39,44,28,2121.24,0.31795
39,44,29,2135.02,0.319891
39,44,30,2155.18,0.31778
39,44,31,2178.09,0.312412
39,44,32,2200.57,0.305697
39,44,33,2220.26,0.299565
39,44,34,2235.83,0.295545
39,44,35,2247.42,0.293884
39,44,36,2256.1,0.293537
39,44,37,2265.09,0.292529
39,44,38,2279.67,0.288587
39,44,39,2307.32,0.27973
39,44,40,2354.36,0.265383
39,44,41,2427.59,0.247148
39,44,42,2528.02,0.22815
39,44,43,2648.82,0.211998
39,44,44,2774.88,0.200593
39,44,45,2885.72,0.192943
39,44,46,2960.12,0.185603
39,44,47,2979.52,0.174309
39,44,48,2928.55,0.156294
39,44,49,2795.81,0.131448
39,45,0,2551.11,0.570231
39,45,1,2748.46,0.660688
39,45,2,2877.7,0.716594
39,45,3,2944.34,0.734485
39,45,4,2960.92,0.717953
39,45,5,2942.38,0.674995
39,45,6,2902.42,0.615077
39,45,7,2851.85,0.548232
39,45,8,2798.27,0.484719
39,45,9,2747.18,0.434238
39,45,10,2702.74,0.404064
39,45,11,2667.4,0.396883
39,45,12,2642.16,0.410671
39,45,13,2623.96,0.437711
39,45,14,2607.14,0.46782
39,45,15,2585.61,0.491488
39,45,16,2554.64,0.502296
39,45,17,2512.58,0.49798
39,45,18,2460.76,0.480138
39,45,19,2402.68,0.452499
39,45,20,2342.6,0.420089
39,45,21,2284.83,0.388289
39,45,22,2232.58,0.361998
39,45,23,2188.24,0.345021
39,45,24,2153.28,0.339007
39,45,25,2128.92,0.342953
39,45,26,2115.57,0.353374
39,45,27,2113.37,0.365489
39,45,28,2121.23,0.374759
39,45,29,2137.07,0.37817
39,45,30,2157.97,0.375086
39,45,31,2180.53,0.366618
39,45,32,2202.16,0.35519
39,45,33,2221.03,0.343254
39,45,34,2236.05,0.332661
39,45,35,2247.23,0.323777
39,45,36,2255.62,0.315782
39,45,37,2264.75,0.307284
39,45,38,2280.63,0.297015
39,45,39,2311.6,0.284091
39,45,40,2364.41,0.268698
39,45,41,2445.62,0.252689
39,45,42,2555.16,0.238712
39,45,43,2684.81,0.229478
39,45,44,2818.31,0.225773
39,45,45,2934.69,0.225441
39,45,46,3012.69,0.223891
39,45,47,3033.88,0.21581
39,45,48,2982.85,0.197736
39,45,49,2847.91,0.16946
39,46,0,2528.16,0.564919
39,46,1,2719.19,0.653308
39,46,2,2841.65,0.706694
39,46,3,2901.36,0.721596
39,46,4,2911.55,0.701837
39,46,5,2888.1,0.655989
39,46,6,2845.59,0.594203
39,46,7,2795.17,0.526966
39,46,8,2744.09,0.464507
39,46,9,2696.99,0.415971
39,46,10,2656.95,0.387981
39,46,11,2625.55,0.382782
39,46,12,2603.28,0.398245
39,46,13,2586.88,0.42659
39,46,14,2570.9,0.457617
39,46,15,2549.55,0.481699
39,46,16,2518.45,0.492399
39,46,17,2476.2,0.487725
39,46,18,2424.25,0.469812
39,46,19,2366.19,0.443141
39,46,20,2306.21,0.413308
39,46,21,2248.56,0.385937
39,46,22,2196.48,0.365792
39,46,23,2152.64,0.356373
39,46,24,2119.01,0.358927
39,46,25,2097.27,0.371934
39,46,26,2087.75,0.391193
39,46,27,2089.81,0.410919
39,46,28,2101.25,0.425503
39,46,29,2118.97,0.431094
39,46,30,2139.73,0.426818
39,46,31,2160.55,0.414248
39,46,32,2179.82,0.396703
39,46,33,2196.64,0.37759
39,46,34,2210.46,0.359402
39,46,35,2221.35,0.342735
39,46,36,2230.29,0.326899
39,46,37,2240.91,0.310908
39,46,38,2259.57,0.294378
39,46,39,2294.9,0.277553
39,46,40,2353.62,0.261468
39,46,41,2441.76,0.248306
39,46,42,2558.31,0.240203
39,46,43,2694.13,0.23884
39,46,44,2832.48,0.243778
39,46,45,2952.34,0.251709
39,46,46,3032.54,0.256996
39,46,47,3054.7,0.253348
39,46,48,3003.33,0.23657
39,46,49,2866.61,0.206165
39,47,0,2467.28,0.538754
39,47,1,2649.32,0.622092
39,47,2,2763.72,0.671348
39,47,3,2816.17,0.6831
39,47,4,2820.17,0.661176
39,47,5,2792.25,0.614269
39,47,6,2747.69,0.552695
39,47,7,2697.91,0.486875
39,47,8,2649.81,0.426601
39,47,9,2607.21,0.380231
39,47,10,2572.19,0.353718
39,47,11,2545.34,0.349052
39,47,12,2526.5,0.364317
39,47,13,2512.16,0.392125
39,47,14,2497.06,0.422677
39,47,15,2475.91,0.44651
39,47,16,2444.86,0.457212
39,47,17,2402.87,0.452926
39,47,18,2351.58,0.436017
39,47,19,2294.57,0.411418
39,47,20,2235.8,0.385055
39,47,21,2179.29,0.362686
39,47,22,2128.25,0.348974
39,47,23,2085.66,0.347218
39,47,24,2054.03,0.358403
39,47,25,2035.52,0.380615
39,47,26,2030.32,0.408997
39,47,27,2036.89,0.436737
39,47,28,2051.86,0.457058
39,47,29,2071.08,0.465139
39,47,30,2091.03,0.459773
39,47,31,2109.32,0.443018
39,47,32,2125.46,0.419244
39,47,33,2139.63,0.393039
39,47,34,2151.96,0.367731
39,47,35,2162.63,0.344237
39,47,36,2172.52,0.321923
39,47,37,2185.1,0.299991
39,47,38,2206.71,0.278659
39,47,39,2245.86,0.2591
39,47,40,2308.92,0.243083
39,47,41,2401.34,0.233097
39,47,42,2521.49,0.230796
39,47,43,2659.97,0.236886
39,47,44,2800.16,0.249841
39,47,45,2921.32,0.265459
39,47,46,3002.37,0.277384
39,47,47,3024.78,0.278639
39,47,48,2972.96,0.264401
39,47,49,2835.37,0.233758
39,48,0,2356.69,0.487241
39,48,1,2526.14,0.561753
39,48,2,2630.99,0.604884
39,48,3,2676.23,0.613493
39,48,4,2675.12,0.591205
39,48,5,2644.34,0.546265
39,48,6,2599.42,0.488429
39,48,7,2551.76,0.427355
39,48,8,2507.85,0.37186
39,48,9,2470.75,0.329232
39,48,10,2441.6,0.30467
39,48,11,2420.02,0.30001
39,48,12,2405.16,0.313748
39,48,13,2393.21,0.339287
39,48,14,2379.19,0.367678
39,48,15,2358.37,0.390022
39,48,16,2327.59,0.400177
39,48,17,2286.35,0.396421
39,48,18,2236.51,0.38113
39,48,19,2181.6,0.359347
39,48,20,2125.28,0.336979
39,48,21,2071.26,0.319658
39,48,22,2022.57,0.311815
39,48,23,1982.42,0.316522
39,48,24,1953.66,0.334591
39,48,25,1938.74,0.363905
39,48,26,1937.69,0.399249
39,48,27,1948.17,0.433137
39,48,28,1965.83,0.457946
39,48,29,1985.77,0.46809
39,48,30,2004.39,0.462041
39,48,31,2019.92,0.442212
39,48,32,2032.91,0.413832
39,48,33,2044.51,0.382508
39,48,34,2055.41,0.352315
39,48,35,2065.89,0.324484
39,48,36,2076.62,0.298401
39,48,37,2090.76,0.273287
39,48,38,2114.31,0.249646
39,48,39,2155.36,0.22923
39,48,40,2219.79,0.214274
39,48,41,2312.54,0.207435
39,48,42,2431.83,0.209958
39,48,43,2568.62,0.221785
39,48,44,2706.98,0.240646
39,48,45,2826.78,0.261886
39,48,46,2907.04,0.278929
39,48,47,2928.96,0.284587
39,48,48,2876.91,0.273695
39,48,49,2740.26,0.244912
39,49,0,2192.34,0.412683
39,49,1,2344.49,0.474998
39,49,2,2437.72,0.510334
39,49,3,2475.9,0.516069
39,49,4,2471.38,0.495437
39,49,5,2440.28,0.455692
39,49,6,2397.66,0.405336
39,49,7,2354.38,0.352617
39,49,8,2316.32,0.3049
39,49,9,2285.84,0.268153
39,49,10,2263.25,0.246709
39,49,11,2247.37,0.242239
39,49,12,2236.72,0.253707
39,49,13,2227.32,0.275602
39,49,14,2214.58,0.300224
39,49,15,2194.47,0.319706
39,49,16,2164.62,0.328516
39,49,17,2125.11,0.325163
39,49,18,2078.06,0.311875
39,49,19,2026.87,0.293432
39,49,20,1974.81,0.275308
39,49,21,1925.15,0.262655
39,49,22,1880.68,0.259434
39,49,23,1844.49,0.26837
39,49,24,1819.52,0.290129
39,49,25,1808.25,0.322621
39,49,26,1810.46,0.36074
39,49,27,1823.36,0.396986
39,49,28,1842.11,0.423576
39,49,29,1861.56,0.434665
39,49,30,1878.28,0.428539
39,49,31,1891.1,0.407713
39,49,32,1901.32,0.377759
39,49,33,1910.75,0.344768
39,49,34,1920.41,0.313186
39,49,35,1930.55,0.28444
39,49,36,1941.59,0.257938
39,49,37,1956.27,0.232863
39,49,38,1979.98,0.209745
39,49,39,2020.14,0.190533
39,49,40,2082.07,0.177581
39,49,41,2170.3,0.1735
39,49,42,2283.28,0.179214
39,49,43,2412.9,0.194194
39,49,44,2544.56,0.215866
39,49,45,2659.22,0.239645
39,49,46,2736.24,0.2593
39,49,47,2756.77,0.267991
39,49,48,2705.5,0.260621
39,49,49,2573.37,0.235557
40,0,0,2890.31,0.394379
40,0,1,3038.65,0.458779
40,0,2,3127.56,0.507215
40,0,3,3176.34,0.543665
40,0,4,3206.61,0.576421
40,0,5,3236.5,0.613281
40,0,6,3275.34,0.656851
40,0,7,3320.94,0.702811
40,0,8,3362.87,0.741639
40,0,9,3389.01,0.763831
40,0,10,3390.93,0.765026
40,0,11,3365.6,0.748202
40,0,12,3316.42,0.722659
40,0,13,3249.55,0.697602
40,0,14,3172.98,0.677975
40,0,15,3093.72,0.663043
40,0,16,3015.38,0.648122
40,0,17,2938.1,0.62846
40,0,18,2859.6,0.601618
40,0,19,2777.85,0.568061
40,0,20,2693.08,0.529465
40,0,21,2608.99,0.487424
40,0,22,2531.42,0.44233
40,0,23,2466.03,0.394088
40,0,24,2416.86,0.343241
40,0,25,2384.96,0.292274
40,0,26,2369.72,0.245246
40,0,27,2369.05,0.206386
40,0,28,2379.87,0.178911
40,0,29,2398,0.164139
40,0,30,2418.53,0.16093
40,0,31,2436.59,0.166157
40,0,32,2448.2,0.175088
40,0,33,2451.18,0.182354
40,0,34,2445.5,0.183525
40,0,35,2433.21,0.176187
40,0,36,2417.82,0.160601
40,0,37,2404.02,0.139371
40,0,38,2396.5,0.11618
40,0,39,2400.02,0.0942907
40,0,40,2416.68,0.075578
40,0,41,2448.73,0.0606544
40,0,42,2495.99,0.0493234
40,0,43,2554.92,0.0411875
40,0,44,2617.53,0.035771
40,0,45,2671.2,0.0323516
40,0,46,2700.21,0.02997
40,0,47,2688.24,0.0275863
40,0,48,2620.92,0.0245799
40,0,49,2488.26,0.0206825
40,1,0,3080.46,0.463023
40,1,1,3230.52,0.539634
40,1,2,3320.73,0.59795
40,1,3,3371.26,0.642556
40,1,4,3403.07,0.682906
40,1,5,3433.24,0.727656
40,1,6,3470.48,0.779317
40,1,7,3512.75,0.832465
40,1,8,3550.44,0.876116
40,1,9,3572.58,0.899844
40,1,10,3571.66,0.899464
40,1,11,3545.11,0.879033
40,1,12,3496.11,0.849237
40,1,13,3430.22,0.820056
40,1,14,3354.45,0.796282
40,1,15,3274.8,0.776574
40,1,16,3194.26,0.755838
40,1,17,3112.98,0.729625
40,1,18,3029.12,0.696345
40,1,19,2941.37,0.657349
40,1,20,2850.5,0.614542
40,1,21,2760.76,0.569037
40,1,22,2678.35,0.520131
40,1,23,2609.28,0.466781
40,1,24,2557.93,0.409148
40,1,25,2525.61,0.350212
40,1,26,2511.93,0.295148
40,1,27,2514.87,0.24945
40,1,28,2531.1,0.217299
40,1,29,2555.79,0.20032
40,1,30,2583,0.197029
40,1,31,2606.85,0.20347
40,1,32,2622.54,0.213836
40,1,33,2627.55,0.22165
40,1,34,2622.05,0.221643
40,1,35,2608.63,0.211048
40,1,36,2591.48,0.190353
40,1,37,2575.82,0.162895
40,1,38,2566.66,0.133313
40,1,39,2568.75,0.105771
40,1,40,2584.2,0.0827376
40,1,41,2615.26,0.0650368
40,1,42,2661.69,0.0523384
40,1,43,2719.7,0.0439115
40,1,44,2780.97,0.0388411
40,1,45,2832.64,0.0359905
40,1,46,2859.13,0.034046
40,1,47,2844.39,0.0317562
40,1,48,2773.81,0.0284458
40,1,49,2635.94,0.0239228
40,2,0,3208.7,0.51029
40,2,1,3358.98,0.596356
40,2,2,3449.99,0.663125
40,2,3,3502.08,0.715492
40,2,4,3535.23,0.763363
40,2,5,3565.35,0.815468
40,2,6,3600.58,0.873729
40,2,7,3639.18,0.931683
40,2,8,3672.48,0.97749
40,2,9,3690.61,1.00063
40,2,10,3686.82,0.997687
40,2,11,3658.9,0.973856
40,2,12,3609.85,0.940701
40,2,13,3544.7,0.908331
40,2,14,3469.54,0.880945
40,2,15,3389.4,0.856568
40,2,16,3306.68,0.830037
40,2,17,3221.49,0.797614
40,2,18,3132.6,0.758817
40,2,19,3039.53,0.715887
40,2,20,2943.83,0.670802
40,2,21,2850.22,0.623982
40,2,22,2765.11,0.573506
40,2,23,2694.51,0.517351
40,2,24,2642.74,0.455305
40,2,25,2611.18,0.390777
40,2,26,2599.54,0.329898
40,2,27,2605.9,0.279265
40,2,28,2626.86,0.243866
40,2,29,2657.07,0.22554
40,2,30,2689.79,0.222455
40,2,31,2718.34,0.229916
40,2,32,2737.28,0.241258
40,2,33,2743.89,0.249188
40,2,34,2738.58,0.247896
40,2,35,2724.44,0.234442
40,2,36,2706.15,0.20956
40,2,37,2689.27,0.177157
40,2,38,2678.86,0.142583
40,2,39,2679.54,0.11069
40,2,40,2693.33,0.0844343
40,2,41,2722.43,0.0648435
40,2,42,2766.6,0.0514977
40,2,43,2821.9,0.0433738
40,2,44,2879.9,0.0391448
40,2,45,2927.8,0.0372914
40,2,46,2950.45,0.0361764
40,2,47,2932.32,0.0343669
40,2,48,2858.91,0.0311262
40,2,49,2718.03,0.0263259
40,3,0,3287.63,0.533508
40,3,1,3438.26,0.625865
40,3,2,3530.33,0.69941
40,3,3,3583.99,0.759019
40,3,4,3618.19,0.814278
40,3,5,3647.8,0.873153
40,3,6,3680.58,0.936468
40,3,7,3715.25,0.996806
40,3,8,3744.11,1.04208
40,3,9,3758.2,1.06244
40,3,10,3751.4,1.05576
40,3,11,3721.69,1.0284
40,3,12,3671.94,0.992373
40,3,13,3606.76,0.957458
40,3,14,3531.48,0.927024
40,3,15,3450.27,0.898554
40,3,16,3364.95,0.867083
40,3,17,3275.67,0.82972
40,3,18,3181.83,0.787022
40,3,19,3083.95,0.74187
40,3,20,2984.39,0.696109
40,3,21,2888.34,0.649391
40,3,22,2802.19,0.598739
40,3,23,2731.62,0.541385
40,3,24,2680.53,0.476917
40,3,25,2650.1,0.409113
40,3,26,2640.06,0.344773
40,3,27,2648.62,0.291255
40,3,28,2672.45,0.254057
40,3,29,2706.02,0.235106
40,3,30,2742.16,0.23228
40,3,31,2773.69,0.240365
40,3,32,2794.83,0.252179
40,3,33,2802.78,0.260025
40,3,34,2798.11,0.257889
40,3,35,2784.22,0.242818
40,3,36,2766.04,0.2157
40,3,37,2749.15,0.18071
40,3,38,2738.46,0.143518
40,3,39,2738.32,0.109326
40,3,40,2750.73,0.081409
40,3,41,2777.83,0.060983
40,3,42,2819.32,0.0476366
40,3,43,2871.22,0.0401837
40,3,44,2925.04,0.0370168
40,3,45,2968.22,0.0363485
40,3,46,2986.1,0.0363046
40,3,47,2963.77,0.035312
40,3,48,2887.06,0.0325439
40,3,49,2743.62,0.0278813
40,4,0,3330.91,0.535423
40,4,1,3482.61,0.631145
40,4,2,3576.03,0.709783
40,4,3,3630.97,0.775912
40,4,4,3665.44,0.838156
40,4,5,3693.5,0.90305
40,4,6,3722.82,0.969926
40,4,7,3752.8,1.03051
40,4,8,3776.76,1.07294
40,4,9,3786.55,1.08859
40,4,10,3776.48,1.07694
40,4,11,3744.64,1.04553
40,4,12,3693.77,1.00655
40,4,13,3628.13,0.969255
40,4,14,3552.38,0.936205
40,4,15,3469.9,0.904509
40,4,16,3382.04,0.86954
40,4,17,3288.95,0.82914
40,4,18,3190.74,0.784549
40,4,19,3088.93,0.738863
40,4,20,2986.74,0.693579
40,4,21,2889.67,0.647648
40,4,22,2803.89,0.597411
40,4,23,2734.42,0.539772
40,4,24,2684.43,0.474399
40,4,25,2654.7,0.405367
40,4,26,2644.85,0.339767
40,4,27,2653.31,0.285266
40,4,28,2677.02,0.247483
40,4,29,2710.73,0.228322
40,4,30,2747.33,0.225507
40,4,31,2779.67,0.233646
40,4,32,2801.91,0.245484
40,4,33,2811.25,0.253353
40,4,34,2808.3,0.251322
40,4,35,2796.4,0.236487
40,4,36,2780.35,0.20969
40,4,37,2765.36,0.174979
40,4,38,2755.95,0.13791
40,4,39,2756.22,0.103677
40,4,40,2768.1,0.0756947
40,4,41,2793.77,0.0553614
40,4,42,2832.87,0.0423992
40,4,43,2881.32,0.035637
40,4,44,2930.61,0.0333844
40,4,45,2968.51,0.0337541
40,4,46,2980.93,0.0347587
40,4,47,2953.59,0.0347391
40,4,48,2872.84,0.0327452
40,4,49,2726.73,0.0285914
40,5,0,3350.01,0.521828
40,5,1,3503.5,0.618538
40,5,2,3598.27,0.700657
40,5,3,3653.67,0.772266
40,5,4,3686.96,0.840624
40,5,5,3711.67,0.910436
40,5,6,3735.73,0.979327
40,5,7,3759.53,1.03828
40,5,8,3777.56,1.07593
40,5,9,3782.48,1.08518
40,5,10,3768.9,1.06727
40,5,11,3734.98,1.0309
40,5,12,3683.27,0.988352
40,5,13,3617.66,0.948412
40,5,14,3542.13,0.912988
40,5,15,3459.22,0.879005
40,5,16,3369.8,0.842193
40,5,17,3274.08,0.800849
40,5,18,3172.84,0.756437
40,5,19,3068.59,0.711813
40,5,20,2965.35,0.667957
40,5,21,2868.79,0.62326
40,5,22,2784.58,0.573825
40,5,23,2716.82,0.516664
40,5,24,2667.73,0.451786
40,5,25,2637.55,0.383448
40,5,26,2625.74,0.318631
40,5,27,2630.96,0.264838
40,5,28,2650.77,0.22744
40,5,29,2680.63,0.208256
40,5,30,2714.21,0.205078
40,5,31,2744.91,0.212738
40,5,32,2767.24,0.224352
40,5,33,2778.44,0.232642
40,5,34,2778.89,0.231926
40,5,35,2771.43,0.219287
40,5,36,2760.19,0.195261
40,5,37,2749.59,0.163408
40,5,38,2743.6,0.128818
40,5,39,2745.96,0.0964161
40,5,40,2758.69,0.0696189
40,5,41,2783.97,0.050001
40,5,42,2821.39,0.0375157
40,5,43,2866.75,0.0311667
40,5,44,2911.57,0.0293742
40,5,45,2943.98,0.0303245
40,5,46,2950.53,0.032056
40,5,47,2917.7,0.0328968
40,5,48,2832.56,0.0317647
40,5,49,2683.85,0.0283469
40,6,0,3352.6,0.49867
40,6,1,3508.43,0.594564
40,6,2,3604.21,0.678623
40,6,3,3658.88,0.754323
40,6,4,3689.08,0.827384
40,6,5,3708.12,0.900551
40,6,6,3724.52,0.969728
40,6,7,3740.06,1.02531
40,6,8,3750.7,1.05661
40,6,9,3750.05,1.0582
40,6,10,3733.08,1.03305
40,6,11,3697.9,0.99094
40,6,12,3646.77,0.944231
40,6,13,3582.99,0.901326
40,6,14,3509.66,0.863688
40,6,15,3428.29,0.828213
40,6,16,3339.22,0.790953
40,6,17,3242.68,0.750405
40,6,18,3140.18,0.707877
40,6,19,3035.21,0.665658
40,6,20,2932.54,0.624128
40,6,21,2837.79,0.581293
40,6,22,2755.99,0.533389
40,6,23,2690.1,0.47785
40,6,24,2641.27,0.415151
40,6,25,2609.11,0.349562
40,6,26,2592.89,0.287562
40,6,27,2591.6,0.236078
40,6,28,2603.57,0.199944
40,6,29,2625.54,0.180897
40,6,30,2652.56,0.177057
40,6,31,2679.24,0.18388
40,6,32,2700.82,0.195235
40,6,33,2714.64,0.204478
40,6,34,2720.53,0.206199
40,6,35,2720.31,0.197315
40,6,36,2716.93,0.177811
40,6,37,2713.6,0.150501
40,6,38,2713.52,0.119829
40,6,39,2720.08,0.0903289
40,6,40,2735.4,0.0653593
40,6,41,2761.67,0.0466568
40,6,42,2798.43,0.0344511
40,6,43,2841.37,0.0280159
40,6,44,2882.1,0.0260212
40,6,45,2909.2,0.0268651
40,6,46,2909.99,0.0287397
40,6,47,2871.78,0.0300488
40,6,48,2782.45,0.0296096
40,6,49,2631.65,0.0269608
40,7,0,3341.79,0.470286
40,7,1,3500.33,0.56404
40,7,2,3596.69,0.64865
40,7,3,3649.39,0.726923
40,7,4,3674.59,0.802998
40,7,5,3685.61,0.877695
40,7,6,3691.89,0.945337
40,7,7,3697.03,0.995942
40,7,8,3698.87,1.01972
40,7,9,3692.32,1.01291
40,7,10,3672.83,0.980118
40,7,11,3638.35,0.932057
40,7,12,3590.54,0.881048
40,7,13,3531.66,0.835139
40,7,14,3463.47,0.795489
40,7,15,3386.22,0.75907
40,7,16,3299.62,0.722233
40,7,17,3204,0.683542
40,7,18,3101.7,0.643975
40,7,19,2997.25,0.605125
40,7,20,2896.17,0.566799
40,7,21,2804.01,0.526784
40,7,22,2725,0.481673
40,7,23,2660.85,0.429444
40,7,24,2611.62,0.370989
40,7,25,2576.23,0.310354
40,7,26,2553.7,0.253195
40,7,27,2543.35,0.205549
40,7,28,2544.48,0.171544
40,7,29,2555.36,0.152882
40,7,30,2573.02,0.148255
40,7,31,2593.82,0.154072
40,7,32,2614.1,0.16523
40,7,33,2631.37,0.175838
40,7,34,2644.67,0.180702
40,7,35,2654.34,0.176401
40,7,36,2661.68,0.1622
40,7,37,2668.39,0.140063
40,7,38,2676.73,0.113759
40,7,39,2689.7,0.0874286
40,7,40,2709.39,0.0643647
40,7,41,2738.06,0.0464349
40,7,42,2775.16,0.0341297
40,7,43,2816.42,0.0270173
40,7,44,2853.66,0.0240881
40,7,45,2876.08,0.0240419
40,7,46,2871.8,0.0253264
40,7,47,2828.99,0.026513
40,7,48,2736.33,0.0263862
40,7,49,2584.3,0.0243578
40,8,0,3317.42,0.439475
40,8,1,3478.92,0.530184
40,8,2,3575.57,0.614218
40,8,3,3625.37,0.693666
40,8,4,3644.13,0.771107
40,8,5,3645.37,0.845548
40,8,6,3639.7,0.909995
40,8,7,3632.93,0.954379
40,8,8,3625.33,0.970014
40,8,9,3613.52,0.954825
40,8,10,3593.53,0.914886
40,8,11,3562.88,0.861533
40,8,12,3522.08,0.806846
40,8,13,3471.65,0.758387
40,8,14,3411.52,0.717055
40,8,15,3340.48,0.67997
40,8,16,3257.67,0.643817
40,8,17,3163.75,0.607246
40,8,18,3062.11,0.570946
40,8,19,2958.51,0.535885
40,8,20,2859.31,0.501424
40,8,21,2770,0.46528
40,8,22,2693.94,0.424478
40,8,23,2631.58,0.377481
40,8,24,2581.81,0.325402
40,8,25,2542.81,0.271802
40,8,26,2513.33,0.221283
40,8,27,2492.94,0.178791
40,8,28,2481.88,0.147685
40,8,29,2480.16,0.129684
40,8,30,2486.99,0.124232
40,8,31,2500.85,0.128907
40,8,32,2519.54,0.139793
40,8,33,2540.83,0.1518
40,8,34,2562.86,0.159894
40,8,35,2584.24,0.160218
40,8,36,2604.37,0.151255
40,8,37,2623.22,0.134126
40,8,38,2641.99,0.111972
40,8,39,2663.1,0.0885847
40,8,40,2688.56,0.0671849
40,8,41,2720.58,0.0497193
40,8,42,2758.68,0.0368904
40,8,43,2798.78,0.0285451
40,8,44,2833.22,0.0240167
40,8,45,2851.88,0.0223563
40,8,46,2843.72,0.0223354
40,8,47,2797.63,0.0227659
40,8,48,2702.97,0.0224777
40,8,49,2550.76,0.0208019
40,9,0,3278.31,0.40853
40,9,1,3442.99,0.495669
40,9,2,3539.92,0.578273
40,9,3,3586.45,0.657681
40,9,4,3598.15,0.734995
40,9,5,3588.85,0.807624
40,9,6,3570.63,0.867631
40,9,7,3551.84,0.905201
40,9,8,3535.6,0.912964
40,9,9,3520.53,0.890471
40,9,10,3503.17,0.844938
40,9,11,3480.08,0.787919
40,9,12,3449.81,0.73092
40,9,13,3410.47,0.680791
40,9,14,3359.9,0.638182
40,9,15,3295.53,0.600441
40,9,16,3216.25,0.564686
40,9,17,3123.43,0.5298
40,9,18,3021.8,0.496363
40,9,19,2918.55,0.464904
40,9,20,2821,0.434537
40,9,21,2734.61,0.40302
40,9,22,2661.84,0.367792
40,9,23,2601.86,0.32764
40,9,24,2552.36,0.283638
40,9,25,2510.74,0.238627
40,9,26,2475.39,0.196022
40,9,27,2446.03,0.159569
40,9,28,2423.7,0.131851
40,9,29,2409.94,0.114629
40,9,30,2406.12,0.108181
40,9,31,2412.92,0.11136
40,9,32,2429.78,0.121513
40,9,33,2454.98,0.134399
40,9,34,2485.87,0.145161
40,9,35,2519.37,0.149515
40,9,36,2552.95,0.1452
40,9,37,2584.77,0.132548
40,9,38,2614.82,0.114103
40,9,39,2644.84,0.0933082
40,9,40,2676.54,0.0732858
40,9,41,2712.09,0.0559995
40,9,42,2751.26,0.0423173
40,9,43,2790.45,0.0323448
40,9,44,2822.69,0.0257607
40,9,45,2838.68,0.021985
40,9,46,2828.11,0.020143
40,9,47,2780.41,0.0193206
40,9,48,2685.31,0.0184549
40,9,49,2534.01,0.0168425
40,10,0,3224.24,0.380021
40,10,1,3392.36,0.463358
40,10,2,3489.96,0.543745
40,10,3,3533.59,0.621783
40,10,4,3538.6,0.697336
40,10,5,3519.38,0.766618
40,10,6,3489.65,0.8213
40,10,7,3460.53,0.852222
40,10,8,3438.12,0.853456
40,10,9,3422.97,0.825961
40,10,10,3411.69,0.777594
40,10,11,3399.14,0.719575
40,10,12,3381.23,0.662414
40,10,13,3353.4,0.611988
40,10,14,3311.54,0.568677
40,10,15,3252.24,0.53016
40,10,16,3174.63,0.494137
40,10,17,3081.24,0.459949
40,10,18,2978.39,0.42833
40,10,19,2874.78,0.399636
40,10,20,2778.7,0.372946
40,10,21,2695.52,0.346153
40,10,22,2626.79,0.31704
40,10,23,2570.39,0.284534
40,10,24,2522.86,0.249439
40,10,25,2480.82,0.213715
40,10,26,2442.28,0.179553
40,10,27,2406.92,0.149446
40,10,28,2376.32,0.125215
40,10,29,2353.11,0.10862
40,10,30,2340.41,0.100765
40,10,31,2340.91,0.101791
40,10,32,2355.7,0.110335
40,10,33,2383.87,0.123073
40,10,34,2422.33,0.135431
40,10,35,2466.65,0.142822
40,10,36,2512.55,0.142342
40,10,37,2556.48,0.133578
40,10,38,2597.13,0.118459
40,10,39,2635.41,0.100018
40,10,40,2672.71,0.0812148
40,10,41,2711.2,0.0639769
40,10,42,2751.04,0.0493164
40,10,43,2789.32,0.0375927
40,10,44,2819.95,0.0288237
40,10,45,2834.44,0.0227891
40,10,46,2823.01,0.0189551
40,10,47,2775.4,0.0166646
40,10,48,2681.43,0.0149853
40,10,49,2532.14,0.0132089
40,11,0,3156.43,0.35629
40,11,1,3328.45,0.435689
40,11,2,3427.6,0.512826
40,11,3,3469.44,0.587664
40,11,4,3469.22,0.659265
40,11,5,3442.07,0.723338
40,11,6,3403.52,0.771915
40,11,7,3367.38,0.796944
40,11,8,3342.44,0.793954
40,11,9,3330.61,0.764866
40,11,10,3327.85,0.717493
40,11,11,3326.77,0.66204
40,11,12,3320.42,0.607564
40,11,13,3301.87,0.558723
40,11,14,3265.67,0.515597
40,11,15,3208.31,0.476286
40,11,16,3129.69,0.439241
40,11,17,3033.79,0.404514
40,11,18,2928.62,0.373288
40,11,19,2824.31,0.346033
40,11,20,2729.87,0.322003
40,11,21,2650.46,0.299279
40,11,22,2586.64,0.275898
40,11,23,2535.2,0.250785
40,11,24,2491.67,0.224341
40,11,25,2451.98,0.197605
40,11,26,2413.82,0.171594
40,11,27,2376.65,0.147558
40,11,28,2342.19,0.126549
40,11,29,2313.61,0.110242
40,11,30,2295.11,0.100474
40,11,31,2290.89,0.0985863
40,11,32,2303.56,0.104485
40,11,33,2333.19,0.115827
40,11,34,2376.82,0.128475
40,11,35,2429.17,0.137726
40,11,36,2484.62,0.140172
40,11,37,2538.12,0.134712
40,11,38,2587.18,0.122611
40,11,39,2631.89,0.106405
40,11,40,2673.33,0.0888226
40,11,41,2713.73,0.0717121
40,11,42,2753.74,0.0562262
40,11,43,2791.22,0.0429784
40,11,44,2820.91,0.0323043
40,11,45,2835.03,0.0243005
40,11,46,2824.17,0.0187182
40,11,47,2778.15,0.0150923
40,11,48,2686.66,0.012604
40,11,49,2540.34,0.01055
40,12,0,3078.44,0.338788
40,12,1,3254.92,0.413975
40,12,2,3356.82,0.486362
40,12,3,3398.61,0.555462
40,12,4,3395.57,0.620185
40,12,5,3363.71,0.676682
40,12,6,3320.36,0.718247
40,12,7,3281.56,0.73842
40,12,8,3257.98,0.734057
40,12,9,3251.99,0.707425
40,12,10,3258.24,0.665459
40,12,11,3267.04,0.616635
40,12,12,3268.97,0.568128
40,12,13,3255.54,0.523203
40,12,14,3220.83,0.481607
40,12,15,3161.83,0.441915
40,12,16,3079.65,0.403445
40,12,17,2979.87,0.367175
40,12,18,2872.03,0.334976
40,12,19,2767.28,0.30769
40,12,20,2674.94,0.284898
40,12,21,2599.68,0.264899
40,12,22,2541.2,0.245916
40,12,23,2495.41,0.226833
40,12,24,2457.26,0.20765
40,12,25,2422.28,0.188591
40,12,26,2387.88,0.169646
40,12,27,2353.22,0.150907
40,12,28,2319.78,0.132657
40,12,29,2290.64,0.116374
40,12,30,2270.33,0.104445
40,12,31,2263.87,0.0992341
40,12,32,2274.99,0.101781
40,12,33,2304.81,0.110715
40,12,34,2350.85,0.122448
40,12,35,2407.63,0.132367
40,12,36,2468.71,0.136747
40,12,37,2528.06,0.133911
40,12,38,2582.28,0.12447
40,12,39,2630.9,0.110411
40,12,40,2674.71,0.0941628
40,12,41,2716.07,0.0774609
40,12,42,2756.05,0.0615787
40,12,43,2793.14,0.047364
40,12,44,2822.78,0.0354252
40,12,45,2837.68,0.0261059
40,12,46,2828.63,0.0193565
40,12,47,2785.39,0.0148106
40,12,48,2697.43,0.0117145
40,12,49,2554.9,0.00936509
40,13,0,2993.29,0.326776
40,13,1,3174.81,0.397222
40,13,2,3280.82,0.463022
40,13,3,3324.56,0.523472
40,13,4,3321.45,0.578043
40,13,5,3288.53,0.62434
40,13,6,3244.64,0.657816
40,13,7,3207.36,0.674041
40,13,8,3188.16,0.671013
40,13,9,3188.99,0.650691
40,13,10,3202.97,0.618348
40,13,11,3218.47,0.580106
40,13,12,3224.45,0.540901
40,13,13,3211.76,0.502493
40,13,14,3174.69,0.464213
40,13,15,3111.21,0.425088
40,13,16,3023.84,0.385343
40,13,17,2919.7,0.347018
40,13,18,2809.51,0.312859
40,13,19,2704.9,0.284288
40,13,20,2614.91,0.2613
40,13,21,2543.48,0.242409
40,13,22,2489.58,0.225968
40,13,23,2448.8,0.210839
40,13,24,2416,0.196747
40,13,25,2386.77,0.183326
40,13,26,2358.41,0.169777
40,13,27,2329.76,0.155213
40,13,28,2301.71,0.139191
40,13,29,2276.71,0.122886
40,13,30,2258.94,0.109003
40,13,31,2253.46,0.100639
40,13,32,2264.59,0.0997237
40,13,33,2294.25,0.105728
40,13,34,2340.62,0.115657
40,13,35,2398.47,0.125173
40,13,36,2461.27,0.130462
40,13,37,2522.61,0.129469
40,13,38,2578.73,0.122249
40,13,39,2628.87,0.110252
40,13,40,2673.68,0.0955562
40,13,41,2715.57,0.0797339
40,13,42,2755.84,0.0641305
40,13,43,2793.35,0.049779
40,13,44,2823.95,0.0374948
40,13,45,2840.65,0.0277811
40,13,46,2834.31,0.0206836
40,13,47,2794.62,0.0158295
40,13,48,2710.82,0.0124633
40,13,49,2572.59,0.00987139
40,14,0,2904.6,0.318728
40,14,1,3091.29,0.383824
40,14,2,3202.23,0.441317
40,14,3,3249.46,0.490515
40,14,4,3248.57,0.532059
40,14,5,3217.65,0.565853
40,14,6,3176.69,0.5902
40,14,7,3144,0.603002
40,14,8,3130.89,0.603207
40,14,9,3138.28,0.59194
40,14,10,3157.89,0.572233
40,14,11,3176.82,0.547443
40,14,12,3183.31,0.520068
40,14,13,3168.21,0.490346
40,14,14,3126.44,0.457136
40,14,15,3057.15,0.419846
40,14,16,2964.27,0.379564
40,14,17,2856.26,0.339407
40,14,18,2744.57,0.303045
40,14,19,2640.68,0.272568
40,14,20,2552.82,0.248361
40,14,21,2484,0.229118
40,14,22,2432.73,0.213296
40,14,23,2394.82,0.199828
40,14,24,2365.7,0.188364
40,14,25,2341.53,0.178253
40,14,26,2319.84,0.168203
40,14,27,2299.18,0.156608
40,14,28,2279.66,0.142391
40,14,29,2262.72,0.126349
40,14,30,2251.58,0.111249
40,14,31,2250.71,0.100553
40,14,32,2264.28,0.0967295
40,14,33,2294.57,0.0998572
40,14,34,2340.33,0.107492
40,14,35,2396.97,0.115729
40,14,36,2458.43,0.120932
40,14,37,2518.71,0.120938
40,14,38,2574.24,0.115446
40,14,39,2624.28,0.105441
40,14,40,2669.47,0.0926003
40,14,41,2712.11,0.0782671
40,14,42,2753.47,0.0637611
40,14,43,2792.47,0.0502159
40,14,44,2825.05,0.038576
40,14,45,2844.34,0.029421
40,14,46,2841.24,0.0227998
40,14,47,2805.45,0.0182454
40,14,48,2726.09,0.014937
40,14,49,2592.44,0.012142
40,15,0,2816.84,0.31331
40,15,1,3007.86,0.37276
40,15,2,3123.54,0.420997
40,15,3,3174.7,0.457486
40,15,4,3177.18,0.484396
40,15,5,3149.98,0.504402
40,15,6,3113.92,0.518997
40,15,7,3087.32,0.528547
40,15,8,3080.71,0.532818
40,15,9,3093.78,0.531828
40,15,10,3117.14,0.526113
40,15,11,3137.34,0.516107
40,15,12,3142.44,0.50182
40,15,13,3123.68,0.482003
40,15,14,3076.74,0.455003
40,15,15,3001.87,0.420538
40,15,16,2904.25,0.380503
40,15,17,2793.4,0.339033
40,15,18,2681.09,0.300658
40,15,19,2578.25,0.268118
40,15,20,2491.9,0.242093
40,15,21,2424.07,0.221409
40,15,22,2372.95,0.204641
40,15,23,2335,0.190901
40,15,24,2306.83,0.179958
40,15,25,2285.7,0.171155
40,15,26,2269.8,0.162958
40,15,27,2257.55,0.153312
40,15,28,2248.27,0.140637
40,15,29,2242.11,0.12534
40,15,30,2240.91,0.110021
40,15,31,2247.91,0.0981479
40,15,32,2266.55,0.092354
40,15,33,2298.92,0.0930424
40,15,34,2344.17,0.0982259
40,15,35,2398.59,0.104547
40,15,36,2457.13,0.108798
40,15,37,2514.77,0.10901
40,15,38,2568.58,0.104761
40,15,39,2618.13,0.0966836
40,15,40,2663.96,0.0860233
40,15,41,2708.13,0.0738105
40,15,42,2751.61,0.0612125
40,15,43,2793.07,0.0493527
40,15,44,2828.36,0.0392218
40,15,45,2850.63,0.0314092
40,15,46,2850.9,0.0259053
40,15,47,2819,0.0220982
40,15,48,2744.06,0.0190605
40,15,49,2615.08,0.0160398
40,16,0,2734.8,0.309857
40,16,1,2928.34,0.364027
40,16,2,3047.38,0.40329
40,16,3,3101.7,0.427304
40,16,4,3107.34,0.439792
40,16,5,3084.08,0.446229
40,16,6,3053.21,0.451263
40,16,7,3032.74,0.457687
40,16,8,3032.13,0.46605
40,16,9,3049.96,0.47528
40,16,10,3076.12,0.483466
40,16,11,3096.99,0.488167
40,16,12,3100.76,0.486922
40,16,13,3079.09,0.477012
40,16,14,3028.22,0.456252
40,16,15,2949.26,0.424664
40,16,16,2848.31,0.384958
40,16,17,2735.66,0.342265
40,16,18,2623.24,0.301912
40,16,19,2521.25,0.267209
40,16,20,2435.55,0.239009
40,16,21,2367.15,0.216214
40,16,22,2313.96,0.19753
40,16,23,2273.24,0.182317
40,16,24,2243.08,0.170584
40,16,25,2222.35,0.161822
40,16,26,2210.31,0.154419
40,16,27,2205.61,0.146082
40,16,28,2206.82,0.134865
40,16,29,2212.71,0.120825
40,16,30,2223.41,0.106253
40,16,31,2240.49,0.0943415
40,16,32,2266.14,0.0875775
40,16,33,2301.89,0.0864258
40,16,34,2347.23,0.0892347
40,16,35,2399.51,0.0932414
40,16,36,2455.04,0.0958591
40,16,37,2510.15,0.0955608
40,16,38,2562.72,0.0920364
40,16,39,2612.62,0.0857127
40,16,40,2660.2,0.0774097
40,16,41,2707.03,0.0677831
40,16,42,2753.57,0.0577114
40,16,43,2798.09,0.0481768
40,16,44,2836.32,0.040123
40,16,45,2861.46,0.0341012
40,16,46,2864.81,0.0300242
40,16,47,2836.48,0.0271382
40,16,48,2765.75,0.0244102
40,16,49,2641.4,0.0210781
40,17,0,2662.55,0.3076
40,17,1,2856.26,0.357542
40,17,2,2976.63,0.389384
40,17,3,3032.55,0.402879
40,17,4,3040.2,0.403015
40,17,5,3019.95,0.397674
40,17,6,2993.29,0.39429
40,17,7,2977.81,0.397911
40,17,8,2982.08,0.409949
40,17,9,3003.88,0.428516
40,17,10,3032.79,0.449576
40,17,11,3055.16,0.468
40,17,12,3059.31,0.47889
40,17,13,3037.03,0.477976
40,17,14,2984.76,0.462495
40,17,15,2904,0.43281
40,17,16,2801.38,0.392562
40,17,17,2687.78,0.347964
40,17,18,2575.25,0.305156
40,17,19,2473.58,0.267968
40,17,20,2387.66,0.237334
40,17,21,2317.62,0.212178
40,17,22,2261.04,0.191311
40,17,23,2215.82,0.174326
40,17,24,2181.5,0.161451
40,17,25,2158.78,0.152328
40,17,26,2148.33,0.145311
40,17,27,2149.42,0.137987
40,17,28,2160.08,0.128204
40,17,29,2177.73,0.11577
40,17,30,2200.63,0.102635
40,17,31,2228.36,0.0915617
40,17,32,2261.64,0.0846744
40,17,33,2301.31,0.0822801
40,17,34,2347.26,0.082914
40,17,35,2398.08,0.0843749
40,17,36,2451.61,0.0847849
40,17,37,2505.58,0.0832401
40,17,38,2558.59,0.0797538
40,17,39,2610.61,0.0747281
40,17,40,2661.48,0.0686331
40,17,41,2712.1,0.0617268
40,17,42,2762.26,0.0544729
40,17,43,2809.89,0.0475603
40,17,44,2850.66,0.0417734
40,17,45,2878.05,0.0375846
40,17,46,2883.79,0.0348524
40,17,47,2858.45,0.0327469
40,17,48,2791.58,0.0301842
40,17,49,2671.76,0.0264197
40,18,0,2601.89,0.304862
40,18,1,2793.77,0.351901
40,18,2,2913.57,0.378628
40,18,3,2969.56,0.384702
40,18,4,2977.92,0.375874
40,18,5,2959.28,0.361747
40,18,6,2935.17,0.351948
40,18,7,2922.89,0.353519
40,18,8,2930.57,0.368876
40,18,9,2955.72,0.395749
40,18,10,2987.92,0.428439
40,18,11,3013.53,0.459376
40,18,12,3020.67,0.481194
40,18,13,3000.82,0.487889
40,18,14,2950.13,0.476008
40,18,15,2869.99,0.446332
40,18,16,2767.24,0.403676
40,18,17,2653.15,0.355587
40,18,18,2540.17,0.309203
40,18,19,2438.05,0.268924
40,18,20,2351.18,0.235734
40,18,21,2279.04,0.208497
40,18,22,2218.81,0.186004
40,18,23,2168.75,0.167898
40,18,24,2129.52,0.154441
40,18,25,2103.47,0.145279
40,18,26,2092.78,0.138703
40,18,27,2097.59,0.132291
40,18,28,2115.7,0.123872
40,18,29,2143.34,0.113186
40,18,30,2176.95,0.101906
40,18,31,2214.15,0.0923158
40,18,32,2254.23,0.0860249
40,18,33,2297.44,0.0829949
40,18,34,2344.18,0.0817668
40,18,35,2394.39,0.0805895
40,18,36,2447.47,0.078287
40,18,37,2502.36,0.0746884
40,18,38,2558.11,0.0703208
40,18,39,2614.37,0.0657753
40,18,40,2670.12,0.0613207
40,18,41,2725.39,0.056844
40,18,42,2779.28,0.0522937
40,18,43,2829.5,0.047909
40,18,44,2871.89,0.0441883
40,18,45,2900.45,0.041489
40,18,46,2907.55,0.0396718
40,18,47,2884.4,0.0379474
40,18,48,2820.85,0.0352822
40,18,49,2705.33,0.0309918
40,19,0,2551.84,0.298585
40,19,1,2740.92,0.343754
40,19,2,2859.28,0.367706
40,19,3,2914.69,0.369821
40,19,4,2923.11,0.356023
40,19,5,2905.08,0.33681
40,19,6,2882.02,0.323279
40,19,7,2871.19,0.324112
40,19,8,2880.87,0.342838
40,19,9,2908.92,0.377256
40,19,10,2945.24,0.420502
40,19,11,2976.07,0.462845
40,19,12,2988.99,0.494456
40,19,13,2974.63,0.507392
40,19,14,2928.37,0.497403
40,19,15,2851.1,0.465746
40,19,16,2749.52,0.418649
40,19,17,2635.25,0.365279
40,19,18,2521.24,0.314022
40,19,19,2417.67,0.269988
40,19,20,2328.96,0.234257
40,19,21,2254.34,0.205568
40,19,22,2190.7,0.182493
40,19,23,2136.41,0.164427
40,19,24,2092.77,0.15135
40,19,25,2063.27,0.142689
40,19,26,2051.3,0.136636
40,19,27,2057.91,0.130903
40,19,28,2080.88,0.123565
40,19,29,2115.63,0.114537
40,19,30,2157.12,0.105336
40,19,31,2201.33,0.0977527
40,19,32,2246.37,0.0927511
40,19,33,2292.11,0.0897603
40,19,34,2339.56,0.0871213
40,19,35,2389.96,0.083369
40,19,36,2444.13,0.0779584
40,19,37,2501.97,0.0715071
40,19,38,2562.57,0.0652155
40,19,39,2624.87,0.0600809
40,19,40,2686.67,0.0563598
40,19,41,2746.98,0.0536373
40,19,42,2804.28,0.0512931
40,19,43,2856.2,0.0489906
40,19,44,2899.02,0.0468288
40,19,45,2927.48,0.0450211
40,19,46,2934.8,0.0434995
40,19,47,2912.88,0.0416501
40,19,48,2851.96,0.0386087
40,19,49,2740.39,0.0337948
40,20,0,2510.21,0.286374
40,20,1,2696.61,0.330026
40,20,2,2813.84,0.352906
40,20,3,2869.16,0.354019
40,20,4,2878.04,0.338948
40,20,5,2860.59,0.318309
40,20,6,2837.92,0.30392
40,20,7,2827.44,0.30565
40,20,8,2838.13,0.328103
40,20,9,2868.74,0.369456
40,20,10,2909.73,0.422126
40,20,11,2947.16,0.474587
40,20,12,2967.79,0.514712
40,20,13,2961.05,0.532604
40,20,14,2921.26,0.523192
40,20,15,2848.55,0.488231
40,20,16,2749.3,0.435451
40,20,17,2635.22,0.375755
40,20,18,2519.79,0.318936
40,20,19,2413.81,0.270926
40,20,20,2322.29,0.233007
40,20,21,2244.7,0.203768
40,20,22,2177.99,0.181357
40,20,23,2120.52,0.164582
40,20,24,2073.74,0.152789
40,20,25,2041.6,0.144956
40,20,26,2028.11,0.139192
40,20,27,2034.94,0.133559
40,20,28,2060.02,0.126704
40,20,29,2098.4,0.118991
40,20,30,2144.19,0.111912
40,20,31,2192.29,0.106749
40,20,32,2240.06,0.103692
40,20,33,2287.19,0.101459
40,20,34,2335.22,0.0979978
40,20,35,2386.5,0.0919569
40,20,36,2443.02,0.0833136
40,20,37,2505.29,0.0734688
40,20,38,2572.11,0.0643877
40,20,39,2641.39,0.0576342
40,20,40,2709.6,0.0536315
40,20,41,2774.73,0.0517626
40,20,42,2834.74,0.0508585
40,20,43,2887.38,0.0499595
40,20,44,2929.52,0.0487047
40,20,45,2956.75,0.0471474
40,20,46,2963.23,0.0453429
40,20,47,2941.62,0.0429554
40,20,48,2882.59,0.0393861
40,20,49,2774.46,0.0341893
40,21,0,2475.58,0.268074
40,21,1,2660.05,0.309964
40,21,2,2777.11,0.332635
40,21,3,2833.56,0.334746
40,21,4,2844.21,0.321222
40,21,5,2828.39,0.302178
40,21,6,2806.64,0.289469
40,21,7,2796.53,0.293598
40,21,8,2807.89,0.320003
40,21,9,2840.62,0.367336
40,21,10,2885.95,0.427663
40,21,11,2929.87,0.488164
40,21,12,2958.35,0.534907
40,21,13,2959.64,0.556387
40,21,14,2927.02,0.546886
40,21,15,2859.81,0.508618
40,21,16,2763.83,0.450598
40,21,17,2650.59,0.385197
40,21,18,2533.74,0.323447
40,21,19,2424.7,0.272069
40,21,20,2329.4,0.232652
40,21,21,2248.21,0.203705
40,21,22,2178.57,0.182873
40,21,23,2118.96,0.168159
40,21,24,2070.59,0.15802
40,21,25,2037.15,0.150835
40,21,26,2022.53,0.144695
40,21,27,2028.54,0.138246
40,21,28,2053.27,0.131001
40,21,29,2091.88,0.124005
40,21,30,2138.39,0.118826
40,21,31,2187.31,0.11623
40,21,32,2235.75,0.115544
40,21,33,2283.3,0.114676
40,21,34,2331.92,0.111064
40,21,35,2384.72,0.103323
40,21,36,2444.48,0.0918127
40,21,37,2511.96,0.0786107
40,21,38,2585.4,0.06641
40,21,39,2661.56,0.0573805
40,21,40,2735.65,0.0522354
40,21,41,2804.79,0.0502833
40,21,42,2866.64,0.0499302
40,21,43,2919.17,0.0496689
40,21,44,2959.87,0.0487037
40,21,45,2985.19,0.0469277
40,21,46,2990.17,0.0445243
40,21,47,2968.19,0.0414611
40,21,48,2910.37,0.0374357
40,21,49,2805.09,0.0321393
40,22,0,2449,0.247116
40,22,1,2632.22,0.286869
40,22,2,2749.96,0.309532
40,22,3,2808.7,0.313565
40,22,4,2822.6,0.303146
40,22,5,2810.05,0.287547
40,22,6,2790.74,0.278116
40,22,7,2781.98,0.285414
40,22,8,2794.14,0.315297
40,22,9,2828.16,0.366782
40,22,10,2876.14,0.431875
40,22,11,2924.38,0.497132
40,22,12,2958.54,0.547678
40,22,13,2966.21,0.571152
40,22,14,2939.93,0.561597
40,22,15,2878.31,0.521567
40,22,16,2786.45,0.460786
40,22,17,2675.12,0.392322
40,22,18,2557.58,0.327838
40,22,19,2445.52,0.274546
40,22,20,2345.95,0.234399
40,22,21,2260.57,0.206032
40,22,22,2187.99,0.186773
40,22,23,2127,0.173887
40,22,24,2078.42,0.164931
40,22,25,2045.07,0.157677
40,22,26,2030.02,0.150261
40,22,27,2034.7,0.142038
40,22,28,2057.28,0.133526
40,22,29,2093.4,0.126532
40,22,30,2137.63,0.122756
40,22,31,2184.82,0.122474
40,22,32,2232.23,0.124193
40,22,33,2279.54,0.125047
40,22,34,2328.88,0.121969
40,22,35,2383.73,0.113442
40,22,36,2447.21,0.100016
40,22,37,2519.94,0.0842169
40,22,38,2599.45,0.0692715
40,22,39,2681.42,0.0578562
40,22,40,2760.08,0.0510282
40,22,41,2832.03,0.0481762
40,22,42,2894.85,0.0475069
40,22,43,2946.77,0.0471662
40,22,44,2985.83,0.0460345
40,22,45,3009.17,0.0438572
40,22,46,3012.56,0.0408916
40,22,47,2989.94,0.0373419
40,22,48,2932.87,0.033156
40,22,49,2829.86,0.0281332
40,23,0,2433.98,0.229863
40,23,1,2616.16,0.26761
40,23,2,2734.68,0.290305
40,23,3,2796.05,0.296391
40,23,4,2813.98,0.289412
40,23,5,2805.97,0.277702
40,23,6,2790.58,0.271767
40,23,7,2784.27,0.281728
40,23,8,2797.23,0.313405
40,23,9,2830.92,0.366011
40,23,10,2878.37,0.43177
40,23,11,2926.78,0.497398
40,23,12,2962.43,0.548169
40,23,13,2973.05,0.571871
40,23,14,2951,0.562832
40,23,15,2894.34,0.523748
40,23,16,2807.19,0.464203
40,23,17,2699.07,0.39684
40,23,18,2582.2,0.332969
40,23,19,2467.98,0.279737
40,23,20,2364.37,0.239426
40,23,21,2274.73,0.211098
40,23,22,2199.28,0.192213
40,23,23,2137.51,0.179722
40,23,24,2089.79,0.17059
40,23,25,2057.73,0.162151
40,23,26,2043.1,0.152625
40,23,27,2046.47,0.142007
40,23,28,2065.98,0.131687
40,23,29,2097.95,0.1241
40,23,30,2137.9,0.121051
40,23,31,2181.59,0.122429
40,23,32,2226.8,0.126124
40,23,33,2273.41,0.128723
40,23,34,2323.61,0.126799
40,23,35,2380.85,0.118657
40,23,36,2448.12,0.104805
40,23,37,2525.54,0.0878579
40,23,38,2609.91,0.0712401
40,23,39,2696.06,0.0579099
40,23,40,2777.69,0.0492578
40,23,41,2851.23,0.044924
40,23,42,2914.37,0.0432143
40,23,43,2965.64,0.0422151
40,23,44,3003.45,0.0406536
40,23,45,3025.37,0.0381475
40,23,46,3027.61,0.0349316
40,23,47,3004.54,0.0313106
40,23,48,2948.04,0.027378
40,23,49,2846.81,0.0229917
40,24,0,2434.15,0.22332
40,24,1,2615.11,0.260124
40,24,2,2733.79,0.283215
40,24,3,2797.13,0.291163
40,24,4,2818.75,0.287081
40,24,5,2815.44,0.278447
40,24,6,2804.48,0.274799
40,24,7,2800.89,0.285494
40,24,8,2813.81,0.316016
40,24,9,2844.61,0.365689
40,24,10,2887.27,0.427302
40,24,11,2930.57,0.488529
40,24,12,2962.44,0.535863
40,24,13,2971.71,0.558193
40,24,14,2951.17,0.550575
40,24,15,2898.43,0.51557
40,24,16,2816.44,0.461722
40,24,17,2713,0.400056
40,24,18,2598.66,0.340437
40,24,19,2483.94,0.289256
40,24,20,2377.41,0.248963
40,24,21,2284.11,0.21933
40,24,22,2206.16,0.198544
40,24,23,2144,0.183942
40,24,24,2097.72,0.172506
40,24,25,2067.65,0.161493
40,24,26,2054.03,0.14924
40,24,27,2056.38,0.136123
40,24,28,2072.67,0.124009
40,24,29,2099.88,0.115605
40,24,30,2134.64,0.1127
40,24,31,2173.87,0.11494
40,24,32,2216.18,0.119927
40,24,33,2261.79,0.124067
40,24,34,2312.86,0.123824
40,24,35,2372.56,0.117319
40,24,36,2443.31,0.104783
40,24,37,2524.52,0.0885104
40,24,38,2612.28,0.0717099
40,24,39,2700.96,0.0573385
40,24,40,2784.13,0.0470643
40,24,41,2858.37,0.0409373
40,24,42,2921.63,0.0376658
40,24,43,2972.67,0.0355793
40,24,44,3010.05,0.0334392
40,24,45,3031.52,0.030765
40,24,46,3033.45,0.0276688
40,24,47,3010.42,0.0244036
40,24,48,2954.56,0.0210869
40,24,49,2854.74,0.0175815
40,25,0,2450.68,0.23205
40,25,1,2630.19,0.269797
40,25,2,2748.07,0.294167
40,25,3,2812.07,0.303913
40,25,4,2836.08,0.301899
40,25,5,2836.38,0.294875
40,25,6,2828.97,0.29139
40,25,7,2826.99,0.29991
40,25,8,2837.96,0.325504
40,25,9,2862.65,0.367755
40,25,10,2895.96,0.420462
40,25,11,2928.82,0.472976
40,25,12,2951.7,0.51382
40,25,13,2955.42,0.533606
40,25,14,2933.66,0.528309
40,25,15,2883.77,0.500042
40,25,16,2807.32,0.455574
40,25,17,2710.03,0.403418
40,25,18,2600.29,0.351103
40,25,19,2487.33,0.303623
40,25,20,2379.84,0.26331
40,25,21,2284.27,0.230768
40,25,22,2204.57,0.20543
40,25,23,2142.28,0.185785
40,25,24,2097.45,0.16959
40,25,25,2069.31,0.154528
40,25,26,2056.74,0.139139
40,25,27,2058.24,0.123843
40,25,28,2071.55,0.110454
40,25,29,2094.17,0.101456
40,25,30,2123.78,0.0984291
40,25,31,2158.46,0.100902
40,25,32,2197.7,0.106539
40,25,33,2242.19,0.111967
40,25,34,2294.08,0.113809
40,25,35,2356,0.110048
40,25,36,2429.61,0.100439
40,25,37,2513.48,0.0865844
40,25,38,2603.2,0.0710984
40,25,39,2693.03,0.0566688
40,25,40,2776.78,0.0451673
40,25,41,2851.36,0.0371757
40,25,42,2914.97,0.0320492
40,25,43,2966.52,0.0286057
40,25,44,3004.55,0.0257984
40,25,45,3026.71,0.0230787
40,25,46,3029.35,0.0203616
40,25,47,3007.04,0.0177273
40,25,48,2952.01,0.0152168
40,25,49,2853.3,0.0126553
40,26,0,2480.86,0.257291
40,26,1,2659,0.298292
40,26,2,2775.42,0.325197
40,26,3,2838.82,0.336922
40,26,4,2863.55,0.336194
40,26,5,2865.61,0.329141
40,26,6,2859.78,0.32337
40,26,7,2857.26,0.326487
40,26,8,2863.62,0.343321
40,26,9,2878.87,0.37407
40,26,10,2898.8,0.414058
40,26,11,2916.77,0.454833
40,26,12,2926.41,0.487332
40,26,13,2921.08,0.504022
40,26,14,2895.82,0.501659
40,26,15,2847.8,0.481597
40,26,16,2777.17,0.448446
40,26,17,2687.32,0.407848
40,26,18,2584.29,0.364587
40,26,19,2475.65,0.321846
40,26,20,2369.78,0.281505
40,26,21,2274.02,0.244882
40,26,22,2193.73,0.212903
40,26,23,2131.49,0.18578
40,26,24,2087.5,0.162736
40,26,25,2060.4,0.142402
40,26,26,2048.15,0.123656
40,26,27,2048.52,0.106693
40,26,28,2059.15,0.0927734
40,26,29,2077.87,0.0836864
40,26,30,2103.09,0.0805833
40,26,31,2133.9,0.0829525
40,26,32,2170.52,0.0888021
40,26,33,2214.12,0.0953001
40,26,34,2266.79,0.0994635
40,26,35,2330.58,0.0991966
40,26,36,2406.27,0.0936637
40,26,37,2491.64,0.0835226
40,26,38,2582.03,0.0705156
40,26,39,2671.96,0.0568599
40,26,40,2755.67,0.0445584
40,26,41,2830.51,0.0347905
40,26,42,2894.93,0.0277053
40,26,43,2947.84,0.0227613
40,26,44,2987.58,0.0192055
40,26,45,3011.55,0.0164494
40,26,46,3015.83,0.0141765
40,26,47,2994.86,0.0122264
40,26,48,2940.87,0.0105008
40,26,49,2843,0.00876409
40,27,0,2518.97,0.297253
40,27,1,2696.24,0.343671
40,27,2,2811.06,0.374339
40,27,3,2873.06,0.388285
40,27,4,2897.1,0.388175
40,27,5,2899.04,0.379592
40,27,6,2892.62,0.369265
40,27,7,2887.17,0.36408
40,27,8,2886.43,0.368924
40,27,9,2889.58,0.38508
40,27,10,2893.28,0.409876
40,27,11,2893.36,0.437346
40,27,12,2886.79,0.460816
40,27,13,2869.82,0.474302
40,27,14,2839.18,0.474939
40,27,15,2792.04,0.46306
40,27,16,2727.15,0.441128
40,27,17,2645.65,0.412127
40,27,18,2551.18,0.378242
40,27,19,2449.52,0.340777
40,27,20,2348.29,0.300842
40,27,21,2254.95,0.260121
40,27,22,2175.63,0.220884
40,27,23,2113.62,0.185243
40,27,24,2069.49,0.154282
40,27,25,2041.86,0.127987
40,27,26,2028.5,0.105768
40,27,27,2027.02,0.0875028
40,27,28,2035.11,0.0736194
40,27,29,2050.8,0.0649067
40,27,30,2072.93,0.0619242
40,27,31,2101.15,0.064121
40,27,32,2136.18,0.0699738
40,27,33,2179.51,0.0773598
40,27,34,2233.11,0.0838193
40,27,35,2298.43,0.0872578
40,27,36,2375.4,0.0862465
40,27,37,2461.21,0.0804204
40,27,38,2551.16,0.0705294
40,27,39,2640.27,0.0582122
40,27,40,2723.36,0.0455286
40,27,41,2798.33,0.034242
40,27,42,2863.87,0.0253216
40,27,43,2918.76,0.0189085
40,27,44,2961.05,0.0145849
40,27,45,2987.65,0.0117472
40,27,46,2994.28,0.00985187
40,27,47,2975.11,0.00848181
40,27,48,2922.27,0.00737379
40,27,49,2824.97,0.00622572
40,28,0,2558.56,0.348828
40,28,1,2735.69,0.402253
40,28,2,2849.28,0.43744
40,28,3,2909.72,0.453513
40,28,4,2932.31,0.453192
40,28,5,2932.86,0.441658
40,28,6,2924.21,0.424896
40,28,7,2914.11,0.409252
40,28,8,2904.65,0.399973
40,28,9,2894.32,0.399814
40,28,10,2880.53,0.408431
40,28,11,2861.39,0.422372
40,28,12,2837.06,0.43703
40,28,13,2806.77,0.447413
40,28,14,2769.1,0.450518
40,28,15,2721.55,0.445501
40,28,16,2661.74,0.432975
40,28,17,2588.86,0.413916
40,28,18,2504.38,0.388505
40,28,19,2412.23,0.35643
40,28,20,2318.77,0.317843
40,28,21,2230.78,0.274319
40,28,22,2154.27,0.228983
40,28,23,2092.78,0.185568
40,28,24,2047.37,0.147021
40,28,25,2017.31,0.114852
40,28,26,2001.01,0.0891928
40,28,27,1996.58,0.0697173
40,28,28,2002.09,0.0560162
40,28,29,2015.7,0.0478311
40,28,30,2036.25,0.0450715
40,28,31,2063.58,0.0471059
40,28,32,2098.46,0.0528601
40,28,33,2142.45,0.0609126
40,28,34,2197.32,0.0693459
40,28,35,2263.95,0.0761355
40,28,36,2341.56,0.0793554
40,28,37,2426.94,0.0777079
40,28,38,2515.48,0.0709949
40,28,39,2602.84,0.0602672
40,28,40,2684.54,0.0475767
40,28,41,2759.13,0.035184
40,28,42,2825.59,0.0247909
40,28,43,2882.64,0.0171613
40,28,44,2927.84,0.0121939
40,28,45,2957.51,0.00928212
40,28,46,2966.81,0.00768199
40,28,47,2949.57,0.0067381
40,28,48,2897.77,0.00602458
40,28,49,2800.67,0.00518298
40,29,0,2594.28,0.408037
40,29,1,2771.99,0.46921
40,29,2,2885.01,0.508883
40,29,3,2944.25,0.526324
40,29,4,2965.4,0.524541
40,29,5,2964.17,0.508611
40,29,6,2952.65,0.484021
40,29,7,2937.23,0.456783
40,29,8,2918.7,0.432661
40,29,9,2894.95,0.416014
40,29,10,2864.06,0.408852
40,29,11,2826,0.410028
40,29,12,2783.72,0.41656
40,29,13,2739.2,0.423883
40,29,14,2692.98,0.428441
40,29,15,2643.26,0.428178
40,29,16,2587.11,0.422317
40,29,17,2522.33,0.410606
40,29,18,2448.61,0.392037
40,29,19,2368.03,0.365173
40,29,20,2285.19,0.329199
40,29,21,2205.37,0.285141
40,29,22,2133.6,0.236314
40,29,23,2073.16,0.187453
40,29,24,2025.68,0.142987
40,29,25,1991.65,0.105849
40,29,26,1970.82,0.0770127
40,29,27,1962.5,0.0561991
40,29,28,1965.45,0.0423999
40,29,29,1977.89,0.0345038
40,29,30,1998.39,0.0318354
40,29,31,2026.48,0.0336329
40,29,32,2062.61,0.0391515
40,29,33,2108.14,0.0475287
40,29,34,2164.56,0.0573128
40,29,35,2232.27,0.0665983
40,29,36,2309.97,0.073125
40,29,37,2394.18,0.0748884
40,29,38,2480.52,0.0709299
40,29,39,2565.26,0.0617935
40,29,40,2644.65,0.0494703
40,29,41,2717.97,0.0365686
40,29,42,2784.67,0.0253377
40,29,43,2843.42,0.0170175
40,29,44,2891.32,0.0117496
40,29,45,2923.94,0.00891848
40,29,46,2935.76,0.00761273
40,29,47,2920.18,0.00697682
40,29,48,2869.01,0.00644642
40,29,49,2771.58,0.00563266
40,30,0,2622.66,0.470312
40,30,1,2801.54,0.539043
40,30,2,2914.73,0.5823
40,30,3,2973.5,0.599606
40,30,4,2993.74,0.594629
40,30,5,2991.07,0.572825
40,30,6,2976.86,0.539573
40,30,7,2956.44,0.500738
40,30,8,2929.54,0.462543
40,30,9,2893.7,0.430734
40,30,10,2847.47,0.409356
40,30,11,2792.22,0.39917
40,30,12,2733.03,0.398391
40,30,13,2674.16,0.402535
40,30,14,2618.11,0.407306
40,30,15,2564.23,0.409555
40,30,16,2509.81,0.407572
40,30,17,2451.97,0.400553
40,30,18,2389.1,0.38705
40,30,19,2321.44,0.365055
40,30,20,2251.38,0.33295
40,30,21,2182.04,0.29094
40,30,22,2116.74,0.241908
40,30,23,2058.15,0.190827
40,30,24,2008.44,0.142991
40,30,25,1969.65,0.102415
40,30,26,1943.43,0.0709324
40,30,27,1930.72,0.0485948
40,30,28,1931.25,0.0341685
40,30,29,1943.28,0.0260456
40,30,30,1964.9,0.0231254
40,30,31,1994.93,0.0244895
40,30,32,2033.21,0.0295618
40,30,33,2080.72,0.037828
40,30,34,2138.63,0.0481648
40,30,35,2207.02,0.0588037
40,30,36,2284.23,0.0673356
40,30,37,2366.73,0.0713469
40,30,38,2450.37,0.0694011
40,30,39,2531.94,0.0616852
40,30,40,2608.29,0.0500968
40,30,41,2679.46,0.0374085
40,30,42,2745.4,0.0261721
40,30,43,2804.92,0.017899
40,30,44,2854.7,0.0128603
40,30,45,2889.56,0.0104057
40,30,46,2903.22,0.00948476
40,30,47,2888.6,0.00908675
40,30,48,2837.26,0.00855057
40,30,49,2738.67,0.00749736
40,31,0,2641.86,0.529506
40,31,1,2822.34,0.604803
40,31,2,2936.45,0.650232
40,31,3,2995.6,0.665681
40,31,4,3015.75,0.655854
40,31,5,3012.27,0.627125
40,31,6,2995.95,0.585206
40,31,7,2971.26,0.535963
40,31,8,2937.33,0.485824
40,31,9,2891.48,0.441394
40,31,10,2832.62,0.408144
40,31,11,2762.99,0.388241
40,31,12,2689.04,0.380797
40,31,13,2616.71,0.381377
40,31,14,2550.26,0.38509
40,31,15,2490.65,0.387976
40,31,16,2436.1,0.387755
40,31,17,2383.8,0.383461
40,31,18,2331.23,0.37367
40,31,19,2276.86,0.356236
40,31,20,2220.61,0.328998
40,31,21,2163.04,0.291302
40,31,22,2105.43,0.245183
40,31,23,2049.59,0.195184
40,31,24,1998.18,0.146776
40,31,25,1954.87,0.104588
40,31,26,1923.35,0.0712019
40,31,27,1906.42,0.0472282
40,31,28,1904.84,0.0316028
40,31,29,1916.95,0.022634
40,31,30,1940.19,0.0190143
40,31,31,1972.52,0.0196812
40,31,32,2013.04,0.0240778
40,31,33,2062.22,0.031812
40,31,34,2121.02,0.0419196
40,31,35,2189.33,0.052747
40,31,36,2265.38,0.0618965
40,31,37,2345.75,0.0668491
40,31,38,2426.5,0.0660104
40,31,39,2504.79,0.0594072
40,31,40,2577.88,0.0488446
40,31,41,2646.36,0.0370849
40,31,42,2710.68,0.0267252
40,31,43,2769.86,0.0193195
40,31,44,2820.37,0.0151276
40,31,45,2856.37,0.0134164
40,31,46,2870.84,0.013013
40,31,47,2856.13,0.0127983
40,31,48,2803.56,0.0120743
40,31,49,2702.69,0.0105276
40,32,0,2650.42,0.578215
40,32,1,2832.87,0.658553
40,32,2,2948.66,0.704808
40,32,3,3009.07,0.717231
40,32,4,3029.89,0.701763
40,32,5,3026.16,0.666045
40,32,6,3008.15,0.616477
40,32,7,2979.9,0.558999
40,32,8,2940.28,0.499912
40,32,9,2886.68,0.446038
40,32,10,2818.28,0.40357
40,32,11,2737.72,0.375593
40,32,12,2652.06,0.361972
40,32,13,2568.32,0.358565
40,32,14,2492.27,0.360281
40,32,15,2426.62,0.362719
40,32,16,2371,0.363255
40,32,17,2323.2,0.360809
40,32,18,2280.12,0.354074
40,32,19,2238.52,0.34098
40,32,20,2195.88,0.31911
40,32,21,2150.22,0.287143
40,32,22,2100.79,0.246174
40,32,23,2048.48,0.199897
40,32,24,1996.34,0.153388
40,32,25,1949.5,0.111388
40,32,26,1913.5,0.077017
40,32,27,1892.9,0.0515287
40,32,28,1889.43,0.0343426
40,32,29,1901.55,0.024047
40,32,30,1926.11,0.0193524
40,32,31,1960.17,0.0191072
40,32,32,2002.09,0.0226739
40,32,33,2051.93,0.0295984
40,32,34,2110.46,0.0389146
40,32,35,2177.64,0.0490256
40,32,36,2251.75,0.0576388
40,32,37,2329.6,0.0623649
40,32,38,2407.47,0.0617328
40,32,39,2482.72,0.0558102
40,32,40,2552.81,0.0463522
40,32,41,2618.58,0.035992
40,32,42,2680.82,0.0271651
40,32,43,2738.81,0.0212668
40,32,44,2789,0.0184077
40,32,45,2825.09,0.0177119
40,32,46,2839.33,0.0178873
40,32,47,2823.49,0.017749
40,32,48,2768.53,0.0166325
40,32,49,2664.18,0.0143494
40,33,0,2647.36,0.610124
40,33,1,2832.17,0.693996
40,33,2,2950.42,0.740517
40,33,3,3012.92,0.750098
40,33,4,3035,0.729718
40,33,5,3031.24,0.688259
40,33,6,3011.58,0.632922
40,33,7,2980.01,0.56975
40,33,8,2935.67,0.504691
40,33,9,2876.29,0.444303
40,33,10,2801.31,0.394946
40,33,11,2713.44,0.360272
40,33,12,2619.82,0.340876
40,33,13,2527.98,0.33327
40,33,14,2444.81,0.332626
40,33,15,2374.6,0.334443
40,33,16,2318.46,0.335809
40,33,17,2274.9,0.335317
40,33,18,2240.42,0.331568
40,33,19,2210.34,0.322576
40,33,20,2179.99,0.305925
40,33,21,2145.23,0.280003
40,33,22,2103.58,0.245179
40,33,23,2055.19,0.204208
40,33,24,2003.36,0.161421
40,33,25,1954.3,0.121223
40,33,26,1914.97,0.0869694
40,33,27,1891.36,0.0604639
40,33,28,1886.01,0.0417582
40,33,29,1897.52,0.0299608
40,33,30,1922.32,0.0239984
40,33,31,1956.71,0.0227313
40,33,32,1998.51,0.0254273
40,33,33,2047.41,0.0314721
40,33,34,2104.17,0.0397821
40,33,35,2168.94,0.0487368
40,33,36,2240.24,0.0561542
40,33,37,2315.18,0.0598837
40,33,38,2390.22,0.0587438
40,33,39,2462.78,0.052993
40,33,40,2530.3,0.0444006
40,33,41,2593.67,0.0354373
40,33,42,2653.83,0.028279
40,33,43,2710.32,0.0240527
40,33,44,2759.67,0.0226351
40,33,45,2795.27,0.0229618
40,33,46,2808.72,0.0236167
40,33,47,2791.1,0.023374
40,33,48,2732.9,0.0216586
40,33,49,2623.99,0.0184493
40,34,0,2632.39,0.622634
40,34,1,2819.91,0.709019
40,34,2,2941.35,0.756338
40,34,3,3006.62,0.76474
40,34,4,3030.29,0.741642
40,34,5,3026.37,0.696696
40,34,6,3004.66,0.637761
40,34,7,2969.56,0.571004
40,34,8,2920.93,0.502042
40,34,9,2857.2,0.437047
40,34,10,2778.15,0.382324
40,34,11,2686.47,0.341943
40,34,12,2589.01,0.317272
40,34,13,2493.41,0.305758
40,34,14,2407.18,0.303148
40,34,15,2335.66,0.305021
40,34,16,2281,0.308067
40,34,17,2242.24,0.310205
40,34,18,2215.55,0.309591
40,34,19,2195.16,0.304214
40,34,20,2174.83,0.291892
40,34,21,2148.93,0.271185
40,34,22,2113.82,0.242196
40,34,23,2069.13,0.20696
40,34,24,2018.34,0.168954
40,34,25,1968.29,0.131927
40,34,26,1926.88,0.0991098
40,34,27,1900.94,0.072579
40,34,28,1893.59,0.0529664
40,34,29,1903.59,0.0399693
40,34,30,1927.14,0.032864
40,34,31,1960.08,0.0306525
40,34,32,1999.87,0.0325799
40,34,33,2045.98,0.0378742
40,34,34,2099.27,0.0452889
40,34,35,2160.22,0.0531
40,34,36,2227.73,0.0591668
40,34,37,2299.26,0.0615576
40,34,38,2371.37,0.0594168
40,34,39,2441.42,0.0532707
40,34,40,2506.74,0.0449794
40,34,41,2568.13,0.036902
40,34,42,2626.62,0.0309717
40,34,43,2681.95,0.0280394
40,34,44,2730.76,0.0277284
40,34,45,2766.18,0.0287696
40,34,46,2779.12,0.0296206
40,34,47,2759.81,0.0290263
40,34,48,2698.16,0.0265323
40,34,49,2584.19,0.0222946
40,35,0,2607.34,0.618546
40,35,1,2797.87,0.707189
40,35,2,2923.03,0.756714
40,35,3,2991.51,0.766464
40,35,4,3016.83,0.743455
40,35,5,3012.38,0.697391
40,35,6,2988,0.636499
40,35,7,2948.83,0.567167
40,35,8,2895.94,0.494994
40,35,9,2828.77,0.426043
40,35,10,2747.68,0.366685
40,35,11,2655.35,0.321431
40,35,12,2558.25,0.292409
40,35,13,2463.76,0.278018
40,35,14,2379.35,0.274595
40,35,15,2310.58,0.277729
40,35,16,2259.97,0.283495
40,35,17,2226.69,0.288825
40,35,18,2206.66,0.291152
40,35,19,2193.52,0.288362
40,35,20,2180.16,0.278724
40,35,21,2160.31,0.261443
40,35,22,2129.77,0.23691
40,35,23,2088,0.20686
40,35,24,2038.63,0.174028
40,35,25,1988.74,0.14132
40,35,26,1946.55,0.111466
40,35,27,1919.2,0.0864003
40,35,28,1909.94,0.067073
40,35,29,1917.69,0.0536503
40,35,30,1938.6,0.0458001
40,35,31,1968.35,0.0428067
40,35,32,2004.26,0.0440569
40,35,33,2045.77,0.0487482
40,35,34,2093.96,0.0555387
40,35,35,2149.76,0.0625733
40,35,36,2212.5,0.0676487
40,35,37,2279.99,0.0689121
40,35,38,2348.88,0.0657047
40,35,39,2416.38,0.0587607
40,35,40,2479.68,0.0500493
40,35,41,2539.5,0.0419114
40,35,42,2596.98,0.03617
40,35,43,2652.05,0.0335322
40,35,44,2701.39,0.0334681
40,35,45,2737.8,0.0345605
40,35,46,2751.36,0.0351576
40,35,47,2731.3,0.0339622
40,35,48,2666.79,0.0306148
40,35,49,2547.96,0.0254005
40,36,0,2576.26,0.604397
40,36,1,2769.9,0.695653
40,36,2,2899.03,0.749033
40,36,3,2970.85,0.762577
40,36,4,2997.68,0.742105
40,36,5,2992.28,0.696667
40,36,6,2964.64,0.634567
40,36,7,2920.91,0.562584
40,36,8,2863.64,0.486782
40,36,9,2793.64,0.413641
40,36,10,2712.13,0.349938
40,36,11,2621.96,0.300717
40,36,12,2529.19,0.268764
40,36,13,2440.54,0.253183
40,36,14,2362.69,0.250607
40,36,15,2300.55,0.256363
40,36,16,2256.15,0.265655
40,36,17,2228.45,0.274257
40,36,18,2213.28,0.278774
40,36,19,2204.21,0.27701
40,36,20,2194.16,0.267892
40,36,21,2176.93,0.251654
40,36,22,2148.49,0.229494
40,36,23,2108.47,0.203337
40,36,24,2060.58,0.175445
40,36,25,2011.88,0.147854
40,36,26,1970.32,0.122473
40,36,27,1942.74,0.100636
40,36,28,1932.14,0.0831942
40,36,29,1937.44,0.070501
40,36,30,1954.87,0.0625433
40,36,31,1980.18,0.0589887
40,36,32,2010.81,0.0595696
40,36,33,2046.35,0.0636719
40,36,34,2088.15,0.0700384
40,36,35,2137.64,0.0767476
40,36,36,2194.66,0.0814635
40,36,37,2257.37,0.082223
40,36,38,2322.5,0.0783172
40,36,39,2387.15,0.0704881
40,36,40,2448.42,0.0607336
40,36,41,2507.06,0.0514468
40,36,42,2564.37,0.0445284
40,36,43,2620.49,0.0407769
40,36,44,2672.02,0.039718
40,36,45,2711.2,0.0399255
40,36,46,2727.12,0.0396921
40,36,47,2707.88,0.0376562
40,36,48,2641.8,0.0334786
40,36,49,2519.06,0.0274727
40,37,0,2544.91,0.587632
40,37,1,2741.54,0.681899
40,37,2,2874.47,0.74013
40,37,3,2949.4,0.758814
40,37,4,2977.43,0.742107
40,37,5,2970.74,0.697981
40,37,6,2939.53,0.634638
40,37,7,2891.05,0.559444
40,37,8,2829.46,0.479396
40,37,9,2757.2,0.401915
40,37,10,2676.62,0.334521
40,37,11,2590.96,0.282822
40,37,12,2505.8,0.250009
40,37,13,2426.77,0.235405
40,37,14,2359.06,0.235451
40,37,15,2306.07,0.244849
40,37,16,2268.71,0.257768
40,37,17,2245.52,0.268888
40,37,18,2232.47,0.274151
40,37,19,2223.74,0.271441
40,37,20,2213,0.260519
40,37,21,2194.87,0.242885
40,37,22,2166.02,0.220884
40,37,23,2126.55,0.197027
40,37,24,2080.27,0.173401
40,37,25,2033.82,0.151268
40,37,26,1994.46,0.131512
40,37,27,1968.19,0.114479
40,37,28,1957.36,0.100482
40,37,29,1960.75,0.0897066
40,37,30,1974.72,0.0823061
40,37,31,1995.27,0.0783691
40,37,32,2020.14,0.0781601
40,37,33,2049.15,0.0815066
40,37,34,2083.95,0.0874853
40,37,35,2126.42,0.0942624
40,37,36,2176.92,0.0993673
40,37,37,2234,0.100549
40,37,38,2294.6,0.0967393
40,37,39,2355.86,0.0883776
40,37,40,2414.93,0.0772978
40,37,41,2472.74,0.0659467
40,37,42,2530.86,0.056488
40,37,43,2589.55,0.0500984
40,37,44,2645.14,0.0466435
40,37,45,2689.11,0.0448929
40,37,46,2709.37,0.0431752
40,37,47,2692.75,0.0400489
40,37,48,2626.75,0.0350916
40,37,49,2501.49,0.0285207
40,38,0,2518.25,0.573041
40,38,1,2717.53,0.670101
40,38,2,2853.77,0.732946
40,38,3,2931.35,0.756635
40,38,4,2960.34,0.743677
40,38,5,2952.41,0.700895
40,38,6,2917.97,0.63633
40,38,7,2865.24,0.558017
40,38,8,2799.99,0.474117
40,38,9,2726.39,0.393266
40,38,10,2648.09,0.32386
40,38,11,2568.8,0.271952
40,38,12,2493.53,0.240769
40,38,13,2426.45,0.229305
40,38,14,2370.65,0.233316
40,38,15,2327.44,0.24662
40,38,16,2296.26,0.262389
40,38,17,2275.21,0.274524
40,38,18,2260.77,0.278679
40,38,19,2248.3,0.273064
40,38,20,2232.88,0.258377
40,38,21,2210.54,0.237401
40,38,22,2179.1,0.213706
40,38,23,2139.27,0.190588
40,38,24,2094.82,0.170208
40,38,25,2051.7,0.153233
40,38,26,2016.04,0.139498
40,38,27,1992.65,0.128173
40,38,28,1982.97,0.118692
40,38,29,1985.58,0.110749
40,38,30,1996.96,0.104459
40,38,31,2013.48,0.100265
40,38,32,2033.19,0.099049
40,38,33,2056.14,0.101286
40,38,34,2084.14,0.106645
40,38,35,2119.48,0.113609
40,38,36,2162.91,0.119675
40,38,37,2213.52,0.122209
40,38,38,2268.64,0.119507
40,38,39,2325.75,0.111348
40,38,40,2382.34,0.0991197
40,38,41,2439.69,0.0852332
40,38,42,2499.67,0.0722357
40,38,43,2562.51,0.0619482
40,38,44,2624.05,0.0548658
40,38,45,2674.68,0.0501749
40,38,46,2700.99,0.0463438
40,38,47,2688.61,0.0418454
40,38,48,2624.21,0.0360759
40,38,49,2497.83,0.0290517
40,39,0,2498.97,0.561687
40,39,1,2700.34,0.660326
40,39,2,2839.19,0.726224
40,39,3,2918.87,0.753515
40,39,4,2948.73,0.743492
40,39,5,2940.06,0.702059
40,39,6,2903.38,0.63706
40,39,7,2847.7,0.557078
40,39,8,2780.17,0.471322
40,39,9,2706.55,0.389558
40,39,10,2631.82,0.320931
40,39,11,2560.16,0.271688
40,39,12,2495.89,0.244702
40,39,13,2441.43,0.238171
40,39,14,2397.43,0.246826
40,39,15,2362.9,0.263517
40,39,16,2335.77,0.280689
40,39,17,2313.84,0.291952
40,39,18,2294.45,0.293177
40,39,19,2274.57,0.283165
40,39,20,2251.21,0.263563
40,39,21,2222.19,0.238247
40,39,22,2186.7,0.211819
40,39,23,2146.05,0.188299
40,39,24,2103.78,0.170025
40,39,25,2064.83,0.157268
40,39,26,2033.9,0.148957
40,39,27,2014.48,0.143152
40,39,28,2007.13,0.138315
40,39,29,2010.24,0.133482
40,39,30,2020.51,0.128563
40,39,31,2034.64,0.124206
40,39,32,2050.89,0.121839
40,39,33,2069.36,0.122635
40,39,34,2091.81,0.127011
40,39,35,2120.63,0.133984
40,39,36,2156.92,0.141198
40,39,37,2200.33,0.145679
40,39,38,2248.94,0.144936
40,39,39,2301.04,0.137813
40,39,40,2354.82,0.124974
40,39,41,2412.15,0.108641
40,39,42,2475.15,0.0917711
40,39,43,2543.78,0.0770006
40,39,44,2612.98,0.06566
40,39,45,2671.82,0.0575057
40,39,46,2705.47,0.0512008
40,39,47,2698.44,0.0451061
40,39,48,2636.72,0.0383515
40,39,49,2510.19,0.0307
40,40,0,2485.99,0.552457
40,40,1,2688.77,0.650817
40,40,2,2829.41,0.717527
40,40,3,2910.67,0.746479
40,40,4,2941.45,0.738404
40,40,5,2932.84,0.698649
40,40,6,2895.41,0.634838
40,40,7,2838.68,0.555819
40,40,8,2770.79,0.471473
40,40,9,2698.8,0.392323
40,40,10,2628.78,0.327912
40,40,11,2565.29,0.28434
40,40,12,2511.89,0.263761
40,40,13,2469.17,0.263255
40,40,14,2435.35,0.276397
40,40,15,2407.28,0.295215
40,40,16,2381.59,0.311874
40,40,17,2356.03,0.320289
40,40,18,2328.98,0.317086
40,40,19,2299.27,0.301899
40,40,20,2266.1,0.277238
40,40,21,2229.22,0.24773
40,40,22,2189.21,0.218582
40,40,23,2147.82,0.194237
40,40,24,2108.05,0.177132
40,40,25,2073.58,0.167286
40,40,26,2047.62,0.162984
40,40,27,2032.45,0.161481
40,40,28,2028.01,0.160445
40,40,29,2032.67,0.158315
40,40,30,2043.42,0.154729
40,40,31,2057.2,0.150336
40,40,32,2072.26,0.146873
40,40,33,2088.48,0.146059
40,40,34,2107.24,0.14904
40,40,35,2130.75,0.155503
40,40,36,2160.27,0.16346
40,40,37,2196.13,0.169783
40,40,38,2237.5,0.171267
40,40,39,2283.97,0.165722
40,40,40,2334.84,0.15291
40,40,41,2392.8,0.134697
40,40,42,2460.11,0.114361
40,40,43,2536.12,0.0953646
40,40,44,2614.43,0.0799161
40,40,45,2682.53,0.0683643
40,40,46,2724.17,0.0595459
40,40,47,2722.93,0.0516708
40,40,48,2664.3,0.0435679
40,40,49,2537.97,0.0347837
40,41,0,2477.19,0.544629
40,41,1,2680.49,0.640954
40,41,2,2821.93,0.706381
40,41,3,2904.06,0.735206
40,41,4,2935.66,0.728235
40,41,5,2927.79,0.690655
40,41,6,2891.1,0.629869
40,41,7,2835.36,0.554697
40,41,8,2769.25,0.47523
40,41,9,2700.64,0.402245
40,41,10,2636.28,0.345237
40,41,11,2580.91,0.309801
40,41,12,2537.36,0.297103
40,41,13,2504.53,0.302963
40,41,14,2478.56,0.319845
40,41,15,2454.54,0.339241
40,41,16,2428.13,0.353536
40,41,17,2397.21,0.357505
40,41,18,2361.32,0.348988
40,41,19,2321.15,0.328631
40,41,20,2277.99,0.299674
40,41,21,2233.49,0.267094
40,41,22,2189.34,0.236194
40,41,23,2147.53,0.211414
40,41,24,2110.28,0.195083
40,41,25,2079.96,0.187034
40,41,26,2058.4,0.185181
40,41,27,2047,0.186379
40,41,28,2045.42,0.187836
40,41,29,2052.21,0.187605
40,41,30,2064.7,0.185078
40,41,31,2079.94,0.18071
40,41,32,2095.96,0.176236
40,41,33,2112.14,0.173635
40,41,34,2129.2,0.174612
40,41,35,2148.91,0.17955
40,41,36,2172.53,0.18704
40,41,37,2201.14,0.194111
40,41,38,2235.25,0.197131
40,41,39,2276.17,0.193042
40,41,40,2324.7,0.180706
40,41,41,2384.47,0.16152
40,41,42,2457.7,0.1389
40,41,43,2542.69,0.116956
40,41,44,2631.36,0.0986042
40,41,45,2709.38,0.0846249
40,41,46,2759.19,0.0738819
40,41,47,2763.64,0.0643317
40,41,48,2707.91,0.0544795
40,41,49,2581.49,0.043751
40,42,0,2470.62,0.538888
40,42,1,2673.31,0.632215
40,42,2,2814.25,0.695052
40,42,3,2896.08,0.722494
40,42,4,2927.84,0.715877
40,42,5,2920.8,0.680578
40,42,6,2885.77,0.623885
40,42,7,2832.59,0.554439
40,42,8,2770.07,0.48219
40,42,9,2706.26,0.417717
40,42,10,2648.14,0.370058
40,42,11,2600.35,0.344015
40,42,12,2565.06,0.339639
40,42,13,2539.88,0.351501
40,42,14,2519.38,0.371135
40,42,15,2497.44,0.389796
40,42,16,2469.15,0.400498
40,42,17,2432.64,0.399253
40,42,18,2388.53,0.385389
40,42,19,2339.13,0.360645
40,42,20,2287.53,0.328841
40,42,21,2236.85,0.294958
40,42,22,2189.6,0.263952
40,42,23,2147.72,0.239869
40,42,24,2112.63,0.224706
40,42,25,2085.57,0.218102
40,42,26,2067.34,0.217799
40,42,27,2058.82,0.220572
40,42,28,2059.65,0.223481
40,42,29,2068.67,0.224408
40,42,30,2083.52,0.222562
40,42,31,2101.25,0.218086
40,42,32,2119.54,0.212445
40,42,33,2137.16,0.207602
40,42,34,2154.03,0.205598
40,42,35,2171.34,0.207455
40,42,36,2190.28,0.212491
40,42,37,2212.66,0.218245
40,42,38,2240.49,0.221123
40,42,39,2277.03,0.217592
40,42,40,2324.69,0.205827
40,42,41,2388.02,0.186734
40,42,42,2468.95,0.163625
40,42,43,2564.37,0.140908
40,42,44,2664.21,0.121837
40,42,45,2752.31,0.107291
40,42,46,2809.99,0.0959027
40,42,47,2819.62,0.0852101
40,42,48,2766.2,0.0733613
40,42,49,2638.99,0.0597707
40,43,0,2465.16,0.536514
40,43,1,2665.75,0.6268
40,43,2,2804.41,0.686592
40,43,3,2884.18,0.711878
40,43,4,2914.62,0.704749
40,43,5,2907.55,0.671051
40,43,6,2874.15,0.618174
40,43,7,2824.24,0.554621
40,43,8,2766.37,0.490048
40,43,9,2708.26,0.434531
40,43,10,2656.58,0.39637
40,43,11,2615.6,0.379431
40,43,12,2586.94,0.382691
40,43,13,2567.3,0.399626
40,43,14,2550.33,0.42108
40,43,15,2529.24,0.438306
40,43,16,2498.92,0.445141
40,43,17,2457.82,0.438947
40,43,18,2407.46,0.420576
40,43,19,2351.39,0.392829
40,43,20,2293.94,0.359975
40,43,21,2239.22,0.326796
40,43,22,2190.12,0.29765
40,43,23,2148.42,0.275965
40,43,24,2114.9,0.263264
40,43,25,2090.09,0.25895
40,43,26,2074.21,0.260651
40,43,27,2067.84,0.265141
40,43,28,2070.69,0.269423
40,43,29,2081.77,0.271267
40,43,30,2098.92,0.269724
40,43,31,2119.13,0.264621
40,43,32,2139.81,0.257093
40,43,33,2159.21,0.248978
40,43,34,2176.59,0.242526
40,43,35,2192.56,0.239307
40,43,36,2208.24,0.239436
40,43,37,2226.11,0.241248
40,43,38,2249.68,0.241674
40,43,39,2284.03,0.237241
40,43,40,2333.06,0.225804
40,43,41,2402.02,0.207866
40,43,42,2492.21,0.186395
40,43,43,2598.87,0.165641
40,43,44,2709.89,0.148697
40,43,45,2807.54,0.136107
40,43,46,2872.26,0.125953
40,43,47,2886.22,0.115147
40,43,48,2834.34,0.101413
40,43,49,2705.57,0.0842184
40,44,0,2458.74,0.536805
40,44,1,2655.39,0.624403
40,44,2,2789.58,0.681133
40,44,3,2864.99,0.703742
40,44,4,2891.99,0.69509
40,44,5,2883.25,0.661666
40,44,6,2850.51,0.611197
40,44,7,2803.63,0.552197
40,44,8,2750.68,0.494023
40,44,9,2698.59,0.446101
40,44,10,2653.29,0.415889
40,44,11,2618.44,0.406343
40,44,12,2595.12,0.415594
40,44,13,2579.51,0.436308
40,44,14,2564.84,0.45891
40,44,15,2544.12,0.474771
40,44,16,2512.36,0.478492
40,44,17,2468.39,0.468623
40,44,18,2414.34,0.447311
40,44,19,2354.58,0.418287
40,44,20,2294.11,0.386175
40,44,21,2237.47,0.355523
40,44,22,2187.59,0.330097
40,44,23,2146.12,0.312723
40,44,24,2113.57,0.304465
40,44,25,2090.28,0.30445
40,44,26,2076.28,0.310085
40,44,27,2071.91,0.317938
40,44,28,2076.75,0.324723
40,44,29,2089.67,0.327912
40,44,30,2108.53,0.326336
40,44,31,2130.33,0.319635
40,44,32,2152.45,0.308824
40,44,33,2172.95,0.295801
40,44,34,2190.7,0.283091
40,44,35,2205.93,0.272759
40,44,36,2219.73,0.265673
40,44,37,2235.2,0.26108
40,44,38,2257.06,0.256807
40,44,39,2291.88,0.249945
40,44,40,2344.66,0.238459
40,44,41,2420.92,0.222629
40,44,42,2521.06,0.204887
40,44,43,2638.65,0.188879
40,44,44,2759.84,0.177025
40,44,45,2865.69,0.169108
40,44,46,2936.19,0.162365
40,44,47,2953.46,0.152888
40,44,48,2902.4,0.137868
40,44,49,2771.62,0.116798
40,45,0,2445.38,0.535167
40,45,1,2635.9,0.619945
40,45,2,2763.36,0.673412
40,45,3,2832.11,0.692875
40,45,4,2853.48,0.681829
40,45,5,2841.19,0.647408
40,45,6,2807.76,0.597781
40,45,7,2763.17,0.541558
40,45,8,2714.89,0.487799
40,45,9,2668.86,0.445223
40,45,10,2629.93,0.420475
40,45,11,2600.88,0.415791
40,45,12,2582.23,0.428818
40,45,13,2569.81,0.45181
40,45,14,2556.8,0.475066
40,45,15,2536.42,0.490112
40,45,16,2504.01,0.49209
40,45,17,2458.8,0.480373
40,45,18,2403.36,0.458007
40,45,19,2342.47,0.429431
40,45,20,2281.29,0.399567
40,45,21,2224.35,0.372823
40,45,22,2174.43,0.352567
40,45,23,2133.21,0.341228
40,45,24,2101.34,0.33955
40,45,25,2079.41,0.346373
40,45,26,2067.49,0.358689
40,45,27,2065.58,0.372453
40,45,28,2072.8,0.383636
40,45,29,2087.48,0.38904
40,45,30,2107.31,0.387148
40,45,31,2129.39,0.377634
40,45,32,2151.44,0.361828
40,45,33,2171.76,0.342122
40,45,34,2189.24,0.321561
40,45,35,2203.96,0.302697
40,45,36,2217.06,0.286999
40,45,37,2232.05,0.274533
40,45,38,2254.56,0.264146
40,45,39,2292.1,0.253843
40,45,40,2350.21,0.242067
40,45,41,2434.26,0.229093
40,45,42,2543.67,0.216736
40,45,43,2670.58,0.207702
40,45,44,2799.91,0.203347
40,45,45,2912.05,0.202399
40,45,46,2986.84,0.201075
40,45,47,3006.44,0.194519
40,45,48,2955.66,0.179277
40,45,49,2822.84,0.154747
40,46,0,2414.28,0.524092
40,46,1,2596.25,0.604844
40,46,2,2714.98,0.654302
40,46,3,2775.38,0.670182
40,46,4,2789.64,0.656395
40,46,5,2772.52,0.620517
40,46,6,2737.43,0.571033
40,46,7,2694.51,0.516548
40,46,8,2650.66,0.465732
40,46,9,2610.74,0.426546
40,46,10,2578.34,0.404907
40,46,11,2555.17,0.402588
40,46,12,2541.06,0.417157
40,46,13,2531.54,0.440894
40,46,14,2519.98,0.464292
40,46,15,2500.03,0.479067
40,46,16,2467.57,0.480648
40,46,17,2422.3,0.468831
40,46,18,2367.09,0.447112
40,46,19,2306.83,0.42039
40,46,20,2246.5,0.393807
40,46,21,2190.32,0.371756
40,46,22,2140.95,0.357446
40,46,23,2100.18,0.353161
40,46,24,2069.12,0.359514
40,46,25,2048.89,0.37509
40,46,26,2039.65,0.396302
40,46,27,2040.89,0.418126
40,46,28,2050.92,0.435351
40,46,29,2067.27,0.443748
40,46,30,2087.31,0.441332
40,46,31,2108.41,0.428048
40,46,32,2128.91,0.406008
40,46,33,2147.77,0.378583
40,46,34,2164.23,0.349621
40,46,35,2178.45,0.322151
40,46,36,2191.63,0.298014
40,46,37,2207.52,0.277814
40,46,38,2232.19,0.261287
40,46,39,2273.55,0.247467
40,46,40,2337.15,0.235492
40,46,41,2427.95,0.225834
40,46,42,2544.48,0.219715
40,46,43,2678,0.218767
40,46,44,2812.8,0.223121
40,46,45,2929.11,0.230373
40,46,46,3006.72,0.235736
40,46,47,3027.76,0.233431
40,46,48,2976.93,0.219294
40,46,49,2842.44,0.192465
40,47,0,2351.6,0.495616
40,47,1,2522.3,0.570012
40,47,2,2630.73,0.614203
40,47,3,2682,0.626265
40,47,4,2688.83,0.610248
40,47,5,2666.83,0.573778
40,47,6,2630.1,0.525274
40,47,7,2588.95,0.473014
40,47,8,2549.71,0.425045
40,47,9,2516.19,0.388475
40,47,10,2490.66,0.36855
40,47,11,2473.63,0.366809
40,47,12,2464.17,0.381081
40,47,13,2457.49,0.404109
40,47,14,2447.29,0.426914
40,47,15,2427.82,0.441533
40,47,16,2395.7,0.443537
40,47,17,2351.11,0.432842
40,47,18,2297.18,0.413007
40,47,19,2238.72,0.389114
40,47,20,2180.32,0.366395
40,47,21,2125.83,0.349246
40,47,22,2077.7,0.340853
40,47,23,2037.97,0.343511
40,47,24,2008.28,0.357849
40,47,25,1990.29,0.382279
40,47,26,1984.24,0.412649
40,47,27,1988.97,0.442868
40,47,28,2001.88,0.466413
40,47,29,2019.56,0.477911
40,47,30,2039.12,0.474889
40,47,31,2058.27,0.457709
40,47,32,2076.2,0.429535
40,47,33,2092.71,0.394975
40,47,34,2107.61,0.358795
40,47,35,2121.25,0.324425
40,47,36,2134.85,0.293808
40,47,37,2152.21,0.267737
40,47,38,2179.37,0.246533
40,47,39,2224.18,0.230143
40,47,40,2291.85,0.218433
40,47,41,2386.83,0.21218
40,47,42,2507.11,0.212139
40,47,43,2643.67,0.218942
40,47,44,2780.86,0.231599
40,47,45,2899.08,0.246754
40,47,46,2978.09,0.25886
40,47,47,2999.8,0.261421
40,47,48,2948.78,0.249639
40,47,49,2813.49,0.22226
40,48,0,2245.65,0.445477
40,48,1,2401.8,0.510695
40,48,2,2498.54,0.548265
40,48,3,2540.69,0.556638
40,48,4,2541,0.539716
40,48,5,2515.39,0.504668
40,48,6,2478.27,0.459319
40,48,7,2439.84,0.411162
40,48,8,2405.87,0.367303
40,48,9,2379.13,0.333865
40,48,10,2360.7,0.315416
40,48,11,2349.89,0.313403
40,48,12,2345,0.326122
40,48,13,2341.04,0.347153
40,48,14,2332.13,0.368394
40,48,15,2313.28,0.382434
40,48,16,2281.92,0.385018
40,48,17,2238.77,0.376025
40,48,18,2187.14,0.358793
40,48,19,2131.62,0.338295
40,48,20,2076.34,0.319627
40,48,21,2024.68,0.307075
40,48,22,1978.91,0.303763
40,48,23,1941.22,0.311997
40,48,24,1913.7,0.33247
40,48,25,1898.41,0.363548
40,48,26,1895.56,0.400746
40,48,27,1903.41,0.437224
40,48,28,1918.53,0.465479
40,48,29,1936.83,0.479261
40,48,30,1955.24,0.475739
40,48,31,1971.91,0.455698
40,48,32,1986.86,0.423261
40,48,33,2000.71,0.384118
40,48,34,2013.83,0.343756
40,48,35,2026.76,0.30581
40,48,36,2040.69,0.272087
40,48,37,2059.16,0.243271
40,48,38,2087.94,0.219925
40,48,39,2134.41,0.202644
40,48,40,2203.27,0.191885
40,48,41,2298.55,0.188729
40,48,42,2418.13,0.193618
40,48,43,2553.36,0.206428
40,48,44,2689.23,0.22537
40,48,45,2806.62,0.24653
40,48,46,2885.31,0.264024
40,48,47,2906.88,0.271051
40,48,48,2855.85,0.26242
40,48,49,2721.54,0.236477
40,49,0,2092.01,0.375572
40,49,1,2229.69,0.429235
40,49,2,2313.23,0.459229
40,49,3,2346.75,0.464415
40,49,4,2342.37,0.448278
40,49,5,2315.55,0.417064
40,49,6,2280.27,0.377497
40,49,7,2246.19,0.335875
40,49,8,2218.36,0.298065
40,49,9,2198.64,0.269071
40,49,10,2187.08,0.252724
40,49,11,2182.04,0.250392
40,49,12,2181.19,0.260897
40,49,13,2179.54,0.278915
40,49,14,2171.81,0.297533
40,49,15,2153.88,0.310209
40,49,16,2124.02,0.313046
40,49,17,2083.47,0.305859
40,49,18,2035.57,0.291575
40,49,19,1984.6,0.27476
40,49,20,1934.1,0.260083
40,49,21,1886.96,0.25148
40,49,22,1845.15,0.251844
40,49,23,1810.92,0.263355
40,49,24,1786.51,0.286737
40,49,25,1774.16,0.320454
40,49,26,1773.96,0.360094
40,49,27,1783.8,0.398705
40,49,28,1799.82,0.428529
40,49,29,1817.6,0.44304
40,49,30,1834.15,0.439309
40,49,31,1848.09,0.418412
40,49,32,1860.08,0.384982
40,49,33,1871.33,0.345233
40,49,34,1882.63,0.304888
40,49,35,1894.6,0.267496
40,49,36,1908.3,0.234562
40,49,37,1926.88,0.206502
40,49,38,1955.48,0.183861
40,49,39,2000.79,0.16756
40,49,40,2066.95,0.158416
40,49,41,2157.65,0.157696
40,49,42,2271.06,0.165671
40,49,43,2399.45,0.181781
40,49,44,2529.05,0.20387
40,49,45,2641.75,0.227958
40,49,46,2717.59,0.248348
40,49,47,2738.07,0.258465
40,49,48,2688,0.253122
40,49,49,2558.21,0.230394
41,0,0,2936.36,0.395498
41,0,1,3081.04,0.459545
41,0,2,3165.27,0.508452
41,0,3,3208.53,0.546472
41,0,4,3232.29,0.581557
41,0,5,3254.77,0.620651
41,0,6,3286.03,0.665428
41,0,7,3325.05,0.710968
41,0,8,3362.63,0.747935
41,0,9,3387.62,0.767634
41,0,10,3392.03,0.766784
41,0,11,3372.84,0.749376
41,0,12,3332.82,0.725435
41,0,13,3276.66,0.704361
41,0,14,3210.27,0.690957
41,0,15,3138.68,0.684019
41,0,16,3064.6,0.678242
41,0,17,2988.79,0.668131
41,0,18,2910.71,0.650407
41,0,19,2830.24,0.624559
41,0,20,2748.86,0.591365
41,0,21,2670.51,0.551858
41,0,22,2600.14,0.506342
41,0,23,2541.94,0.455225
41,0,24,2498.24,0.399797
41,0,25,2468.85,0.343244
41,0,26,2452.64,0.290054
41,0,27,2447.87,0.24459
41,0,28,2452.67,0.210181
41,0,29,2464.61,0.188239
41,0,30,2480.64,0.177944
41,0,31,2497.39,0.176712
41,0,32,2511.67,0.18039
41,0,33,2521.28,0.184178
41,0,34,2525.39,0.18403
41,0,35,2524.75,0.177482
41,0,36,2521.27,0.164375
41,0,37,2518,0.146589
41,0,38,2518.29,0.126852
41,0,39,2526.13,0.10751
41,0,40,2543.46,0.0897324
41,0,41,2573.17,0.0738908
41,0,42,2616.3,0.0600393
41,0,43,2670.76,0.0485117
41,0,44,2729.84,0.0397869
41,0,45,2781.61,0.0340099
41,0,46,2810.45,0.0306671
41,0,47,2799.58,0.0286167
41,0,48,2733.63,0.026703
41,0,49,2600.78,0.0239376
41,1,0,3124.82,0.463458
41,1,1,3270.63,0.539271
41,1,2,3355.87,0.597619
41,1,3,3400.8,0.64349
41,1,4,3426.15,0.686094
41,1,5,3449.12,0.733286
41,1,6,3479.21,0.786608
41,1,7,3515.54,0.839947
41,1,8,3549.64,0.882412
41,1,9,3571.3,0.904317
41,1,10,3573.35,0.902522
41,1,11,3553.15,0.882096
41,1,12,3513.3,0.854448
41,1,13,3457.91,0.829753
41,1,14,3391.96,0.812657
41,1,15,3319.5,0.801358
41,1,16,3242.68,0.790158
41,1,17,3162.29,0.773883
41,1,18,3078.4,0.750112
41,1,19,2991.76,0.719178
41,1,20,2904.62,0.682049
41,1,21,2821.5,0.63924
41,1,22,2747.62,0.589941
41,1,23,2687.26,0.533629
41,1,24,2642.77,0.471239
41,1,25,2614,0.406483
41,1,26,2599.95,0.344974
41,1,27,2598.99,0.292358
41,1,28,2609.14,0.252914
41,1,29,2627.44,0.228345
41,1,30,2649.88,0.21747
41,1,31,2672.07,0.216868
41,1,32,2690.04,0.221322
41,1,33,2701.26,0.224963
41,1,34,2705.2,0.222966
41,1,35,2703.22,0.212585
41,1,36,2697.9,0.193944
41,1,37,2692.75,0.169686
41,1,38,2691.27,0.143467
41,1,39,2697.37,0.118481
41,1,40,2712.95,0.0964288
41,1,41,2740.94,0.0778508
41,1,42,2782.4,0.0626466
41,1,43,2835.11,0.0508334
41,1,44,2892.07,0.0424789
41,1,45,2941.28,0.0373414
41,1,46,2967.41,0.0345592
41,1,47,2954.17,0.0327557
41,1,48,2886.13,0.0306803
41,1,49,2750.05,0.0273841
41,2,0,3250.79,0.510478
41,2,1,3396.95,0.595611
41,2,2,3483.26,0.662156
41,2,3,3530.01,0.715442
41,2,4,3556.93,0.765227
41,2,5,3580.08,0.819582
41,2,6,3608.44,0.87957
41,2,7,3641.49,0.938081
41,2,8,3671.67,0.983322
41,2,9,3689.72,1.0054
41,2,10,3689.17,1.00183
41,2,11,3667.65,0.978681
41,2,12,3627.53,0.948138
41,2,13,3572.46,0.920456
41,2,14,3506.56,0.899676
41,2,15,3432.98,0.883428
41,2,16,3353.32,0.866051
41,2,17,3268.39,0.843185
41,2,18,3178.89,0.8136
41,2,19,3086.6,0.77854
41,2,20,2994.65,0.739042
41,2,21,2908.14,0.694908
41,2,22,2832.45,0.644085
41,2,23,2771.65,0.585052
41,2,24,2727.82,0.51836
41,2,25,2700.68,0.448153
41,2,26,2689.3,0.381005
41,2,27,2692.16,0.323692
41,2,28,2707.29,0.281295
41,2,29,2731.27,0.255701
41,2,30,2759.29,0.245306
41,2,31,2786.07,0.245845
41,2,32,2806.97,0.251148
41,2,33,2819.28,0.254489
41,2,34,2822.79,0.250521
41,2,35,2819.46,0.236439
41,2,36,2812.47,0.212754
41,2,37,2805.67,0.182824
41,2,38,2802.6,0.151108
41,2,39,2806.91,0.121517
41,2,40,2820.45,0.0962319
41,2,41,2846.11,0.0759569
41,2,42,2884.93,0.0604446
41,2,43,2934.61,0.0493647
41,2,44,2988.06,0.0423085
41,2,45,3033.4,0.0385907
41,2,46,3055.82,0.0369724
41,2,47,3039.65,0.0358576
41,2,48,2969.72,0.033922
41,2,49,2832.06,0.0303034
41,3,0,3327.37,0.534377
41,3,1,3474.67,0.626219
41,3,2,3562.79,0.699723
41,3,3,3611.73,0.760086
41,3,4,3640.12,0.816777
41,3,5,3662.99,0.877309
41,3,6,3689.01,0.94189
41,3,7,3718.21,1.00265
41,3,8,3744.02,1.04759
41,3,9,3758.14,1.06741
41,3,10,3754.59,1.06071
41,3,11,3731.17,1.03452
41,3,12,3690.06,1.00128
41,3,13,3634.49,0.970828
41,3,14,3567.91,0.946381
41,3,15,3492.67,0.925151
41,3,16,3409.89,0.901851
41,3,17,3320.39,0.873133
41,3,18,3225.51,0.838918
41,3,19,3128.03,0.801112
41,3,20,3032.05,0.760625
41,3,21,2943.19,0.716464
41,3,22,2866.8,0.665497
41,3,23,2806.56,0.60543
41,3,24,2763.98,0.53659
41,3,25,2738.52,0.463492
41,3,26,2729.24,0.393388
41,3,27,2734.78,0.333866
41,3,28,2753.29,0.290519
41,3,29,2781.12,0.265274
41,3,30,2812.95,0.256108
41,3,31,2842.88,0.258045
41,3,32,2865.82,0.264212
41,3,33,2878.97,0.267359
41,3,34,2882.4,0.261927
41,3,35,2878.5,0.245246
41,3,36,2870.83,0.2182
41,3,37,2863.38,0.184649
41,3,38,2859.55,0.149551
41,3,39,2862.76,0.117266
41,3,40,2874.75,0.0903204
41,3,41,2898.35,0.0695673
41,3,42,2934.56,0.0546845
41,3,43,2980.96,0.0450687
41,3,44,3030.43,0.0398966
41,3,45,3071.3,0.0380829
41,3,46,3089.31,0.0380479
41,3,47,3069.42,0.0380017
41,3,48,2996.83,0.0365379
41,3,49,2857.47,0.0328724
41,4,0,3368.29,0.538242
41,4,1,3517.95,0.634503
41,4,2,3608.63,0.713858
41,4,3,3659.83,0.780933
41,4,4,3689.17,0.844179
41,4,5,3710.83,0.90988
41,4,6,3733.4,0.977083
41,4,7,3757.71,1.03738
41,4,8,3778.36,1.07914
41,4,9,3787.92,1.09421
41,4,10,3780.84,1.08264
41,4,11,3754.99,1.05239
41,4,12,3712.37,1.01587
41,4,13,3655.86,0.982302
41,4,14,3588.34,0.954142
41,4,15,3511.47,0.928396
41,4,16,3425.95,0.900325
41,4,17,3332.57,0.867477
41,4,18,3233.25,0.830529
41,4,19,3131.69,0.791596
41,4,20,3032.85,0.751216
41,4,21,2942.73,0.707656
41,4,22,2866.5,0.657097
41,4,23,2807.19,0.596904
41,4,24,2765.64,0.527475
41,4,25,2740.95,0.45363
41,4,26,2732.12,0.382939
41,4,27,2738.03,0.323351
41,4,28,2757.09,0.280585
41,4,29,2785.8,0.256481
41,4,30,2818.75,0.248697
41,4,31,2849.88,0.251836
41,4,32,2873.91,0.258719
41,4,33,2888.03,0.261979
41,4,34,2892.42,0.256137
41,4,35,2889.58,0.238746
41,4,36,2883.12,0.210902
41,4,37,2876.83,0.176604
41,4,38,2873.82,0.1409
41,4,39,2877.23,0.108255
41,4,40,2888.74,0.0813624
41,4,41,2911.15,0.0612166
41,4,42,2945.32,0.047536
41,4,43,2988.71,0.0396029
41,4,44,3034.12,0.0363506
41,4,45,3070.17,0.0364321
41,4,46,3083.14,0.0380295
41,4,47,3058.67,0.0392068
41,4,48,2982.46,0.0384546
41,4,49,2840.78,0.0350151
41,5,0,3384.98,0.527898
41,5,1,3537.99,0.626708
41,5,2,3631.5,0.710795
41,5,3,3684.48,0.783927
41,5,4,3713.65,0.853051
41,5,5,3732.53,0.922778
41,5,6,3749.92,0.990788
41,5,7,3767.73,1.04829
41,5,8,3781.9,1.08434
41,5,9,3785.98,1.09234
41,5,10,3774.83,1.07393
41,5,11,3746.33,1.03804
41,5,12,3702.29,0.997018
41,5,13,3645.27,0.95959
41,5,14,3577.57,0.927646
41,5,15,3500.17,0.898187
41,5,16,3413.34,0.867019
41,5,17,3317.82,0.832251
41,5,18,3215.96,0.794776
41,5,19,3112.23,0.756406
41,5,20,3012.28,0.717118
41,5,21,2922.24,0.674587
41,5,22,2846.87,0.624782
41,5,23,2788.43,0.565186
41,5,24,2747.03,0.496548
41,5,25,2721.43,0.423886
41,5,26,2710.56,0.354685
41,5,27,2713.63,0.29677
41,5,28,2729.51,0.2556
41,5,29,2755.26,0.23285
41,5,30,2786,0.226072
41,5,31,2815.99,0.229854
41,5,32,2840.16,0.237184
41,5,33,2855.71,0.240975
41,5,34,2862.69,0.236041
41,5,35,2863.3,0.220109
41,5,36,2860.68,0.194221
41,5,37,2858.05,0.162106
41,5,38,2858.06,0.128505
41,5,39,2863.51,0.0976717
41,5,40,2876.12,0.0723023
41,5,41,2898.6,0.0535156
41,5,42,2931.68,0.0411821
41,5,43,2972.61,0.0346455
41,5,44,3014.11,0.0328093
41,5,45,3045.15,0.0342554
41,5,46,3052.63,0.0370824
41,5,47,3022.96,0.0392945
41,5,48,2942.49,0.0392827
41,5,49,2798.15,0.0362586
41,6,0,3384.99,0.508955
41,6,1,3541.87,0.608682
41,6,2,3637.95,0.696162
41,6,3,3691.7,0.774197
41,6,4,3719.09,0.848019
41,6,5,3733.23,0.920373
41,6,6,3743.32,0.987492
41,6,7,3752.63,1.0403
41,6,8,3758.72,1.06876
41,6,9,3756.32,1.06791
41,6,10,3740.79,1.04107
41,6,11,3710.05,0.998165
41,6,12,3665.66,0.951534
41,6,13,3609.69,0.909604
41,6,14,3543.74,0.873944
41,6,15,3467.99,0.841679
41,6,16,3382.19,0.809039
41,6,17,3286.96,0.774336
41,6,18,3185.02,0.738217
41,6,19,3081.45,0.701841
41,6,20,2982.33,0.664553
41,6,21,2893.7,0.623646
41,6,22,2819.73,0.575285
41,6,23,2761.85,0.517403
41,6,24,2719.46,0.451227
41,6,25,2691.01,0.381789
41,6,26,2675.4,0.316081
41,6,27,2672.2,0.261359
41,6,28,2680.93,0.222505
41,6,29,2699.67,0.201018
41,6,30,2724.63,0.19461
41,6,31,2751.04,0.198315
41,6,32,2774.42,0.205756
41,6,33,2792.04,0.210464
41,6,34,2803.54,0.207639
41,6,35,2810.33,0.195042
41,6,36,2814.61,0.173362
41,6,37,2818.58,0.145706
41,6,38,2824.25,0.116209
41,6,39,2834.08,0.0887026
41,6,40,2849.77,0.0657694
41,6,41,2873.96,0.0486287
41,6,42,2907.17,0.0373722
41,6,43,2946.39,0.0315417
41,6,44,2984.36,0.0302039
41,6,45,3010.45,0.0320615
41,6,46,3012.37,0.0353062
41,6,47,2977.36,0.0380041
41,6,48,2892.57,0.0384969
41,6,49,2745.78,0.0359367
41,7,0,3371.29,0.4851
41,7,1,3532.1,0.5842
41,7,2,3630.14,0.673519
41,7,3,3683.41,0.754925
41,7,4,3707.33,0.831926
41,7,5,3714.76,0.905375
41,7,6,3715.52,0.970097
41,7,7,3714.45,1.01683
41,7,8,3711.06,1.03653
41,7,9,3701.57,1.02594
41,7,10,3682.04,0.989965
41,7,11,3650.41,0.939463
41,7,12,3607.82,0.886829
41,7,13,3555.5,0.840277
41,7,14,3494.05,0.801228
41,7,15,3422.59,0.766969
41,7,16,3340.3,0.734017
41,7,17,3247.66,0.700648
41,7,18,3147.78,0.667034
41,7,19,3046.25,0.633576
41,7,20,2949.53,0.599072
41,7,21,2863.36,0.560666
41,7,22,2791.24,0.514971
41,7,23,2733.69,0.46049
41,7,24,2689.47,0.398861
41,7,25,2656.71,0.33486
41,7,26,2634.31,0.27464
41,7,27,2622.15,0.22453
41,7,28,2620.6,0.188632
41,7,29,2629,0.168298
41,7,30,2645.21,0.161675
41,7,31,2665.95,0.164646
41,7,32,2687.72,0.171852
41,7,33,2708,0.177677
41,7,34,2725.82,0.177723
41,7,35,2741.35,0.169614
41,7,36,2755.44,0.153451
41,7,37,2768.95,0.131497
41,7,38,2783.05,0.107126
41,7,39,2799.76,0.0836515
41,7,40,2820.66,0.0634715
41,7,41,2848.25,0.0478624
41,7,42,2882.79,0.0371465
41,7,43,2921.12,0.0311353
41,7,44,2956.09,0.0291926
41,7,45,2977.69,0.0303017
41,7,46,2974.48,0.0329139
41,7,47,2934.64,0.0352967
41,7,48,2846.16,0.0358335
41,7,49,2697.63,0.0336288
41,8,0,3343.51,0.45837
41,8,1,3508.04,0.555411
41,8,2,3607.4,0.644986
41,8,3,3659.09,0.728125
41,8,4,3678.13,0.806718
41,8,5,3677.35,0.879808
41,8,6,3667.34,0.940957
41,8,7,3654.73,0.980866
41,8,8,3641.28,0.991575
41,8,9,3625.05,0.971484
41,8,10,3602.97,0.926939
41,8,11,3572.87,0.869508
41,8,12,3535.07,0.811529
41,8,13,3489.45,0.760949
41,8,14,3435.12,0.719088
41,8,15,3370.05,0.683399
41,8,16,3292.81,0.650605
41,8,17,3203.99,0.618895
41,8,18,3107.21,0.588003
41,8,19,3008.72,0.557703
41,8,20,2915.31,0.52646
41,8,21,2832.4,0.49148
41,8,22,2762.69,0.449919
41,8,23,2705.78,0.400769
41,8,24,2659.72,0.345852
41,8,25,2622.31,0.2894
41,8,26,2592.4,0.236469
41,8,27,2570.19,0.192223
41,8,28,2556.84,0.15989
41,8,29,2553.13,0.140713
41,8,30,2558.82,0.133478
41,8,31,2572.53,0.1352
41,8,32,2592.07,0.141786
41,8,33,2615.34,0.14861
41,8,34,2640.64,0.151668
41,8,35,2666.73,0.148331
41,8,36,2692.8,0.137993
41,8,37,2718.17,0.121994
41,8,38,2742.99,0.102913
41,8,39,2768.65,0.0835153
41,8,40,2796.5,0.0659736
41,8,41,2828.75,0.0515549
41,8,42,2865.49,0.0407754
41,8,43,2903.53,0.0337316
41,8,44,2936.12,0.0301587
41,8,45,2953.98,0.0294308
41,8,46,2946.61,0.0303873
41,8,47,2903.07,0.0316165
41,8,48,2812.1,0.0316442
41,8,49,2662.88,0.0295654
41,9,0,3300.33,0.430359
41,9,1,3468.3,0.524185
41,9,2,3568.52,0.612608
41,9,3,3617.94,0.695942
41,9,4,3631.3,0.774643
41,9,5,3621.58,0.846143
41,9,6,3600.38,0.903027
41,9,7,3576.32,0.936164
41,9,8,3553.67,0.938783
41,9,9,3532.48,0.910794
41,9,10,3510.52,0.859642
41,9,11,3485.1,0.797215
41,9,12,3455.08,0.735521
41,9,13,3418.45,0.682049
41,9,14,3372.59,0.638024
41,9,15,3314.36,0.601097
41,9,16,3242.07,0.568233
41,9,17,3156.74,0.53765
41,9,18,3062.86,0.508861
41,9,19,2967.46,0.481281
41,9,20,2877.74,0.453301
41,9,21,2798.75,0.422351
41,9,22,2732.34,0.38611
41,9,23,2677.08,0.343874
41,9,24,2630.27,0.297376
41,9,25,2589.3,0.250048
41,9,26,2552.94,0.205707
41,9,27,2521.59,0.168218
41,9,28,2497.13,0.139912
41,9,29,2481.62,0.121928
41,9,30,2476.69,0.113789
41,9,31,2482.98,0.113787
41,9,32,2499.89,0.119216
41,9,33,2525.91,0.126511
41,9,34,2558.83,0.132076
41,9,35,2596,0.133019
41,9,36,2634.91,0.128025
41,9,37,2673.2,0.117538
41,9,38,2709.85,0.103357
41,9,39,2745.47,0.0876978
41,9,40,2780.97,0.0724717
41,9,41,2818.27,0.058868
41,9,42,2857.4,0.0475448
41,9,43,2895.42,0.0388696
41,9,44,2926.19,0.0329714
41,9,45,2941.28,0.0296682
41,9,46,2931.1,0.0282546
41,9,47,2885.41,0.0277047
41,9,48,2793.5,0.0267608
41,9,49,2644.87,0.0245481
41,10,0,3241.57,0.403377
41,10,1,3412.83,0.49325
41,10,2,3513.89,0.579307
41,10,3,3560.97,0.661261
41,10,4,3568.66,0.738436
41,10,5,3550.34,0.807068
41,10,6,3518.86,0.85926
41,10,7,3485.03,0.886372
41,10,8,3455.64,0.882871
41,10,9,3432.6,0.849886
41,10,10,3414.04,0.795426
41,10,11,3396.16,0.731122
41,10,12,3375.74,0.66823
41,10,13,3348.53,0.613521
41,10,14,3310.37,0.568098
41,10,15,3257.44,0.529888
41,10,16,3188.32,0.496238
41,10,17,3104.93,0.465636
41,10,18,3012.9,0.43769
41,10,19,2920.19,0.411772
41,10,20,2834.34,0.386446
41,10,21,2759.99,0.35947
41,10,22,2698.01,0.328965
41,10,23,2645.92,0.294349
41,10,24,2600.27,0.257031
41,10,25,2558.02,0.219499
41,10,26,2517.81,0.184291
41,10,27,2480.12,0.153913
41,10,28,2447.28,0.129797
41,10,29,2422.31,0.11294
41,10,30,2408.38,0.103598
41,10,31,2407.95,0.10135
41,10,32,2422.06,0.104895
41,10,33,2450.09,0.111767
41,10,34,2489.62,0.118838
41,10,35,2536.86,0.12303
41,10,36,2587.76,0.122409
41,10,37,2638.31,0.116601
41,10,38,2686.22,0.106657
41,10,39,2731.23,0.0942411
41,10,40,2773.75,0.0809772
41,10,41,2815.47,0.067928
41,10,42,2856.53,0.0558538
41,10,43,2894.47,0.0453658
41,10,44,2923.93,0.0369654
41,10,45,2937.35,0.0309034
41,10,46,2925.85,0.0269224
41,10,47,2879.72,0.0243741
41,10,48,2788.55,0.0222382
41,10,49,2641.84,0.0196944
41,11,0,3168.94,0.380017
41,11,1,3343.66,0.465593
41,11,2,3446.08,0.548101
41,11,3,3491.53,0.626779
41,11,4,3494.53,0.700275
41,11,5,3469.15,0.764331
41,11,6,3429.7,0.811311
41,11,7,3389.22,0.833506
41,11,8,3356.72,0.826606
41,11,9,3335.41,0.792488
41,11,10,3323.07,0.739
41,11,11,3314.12,0.676801
41,11,12,3302.96,0.6159
41,11,13,3283.35,0.56208
41,11,14,3250.07,0.516276
41,11,15,3199.37,0.476785
41,11,16,3130.66,0.441529
41,11,17,3047.16,0.409558
41,11,18,2955.78,0.380906
41,11,19,2865.33,0.355211
41,11,20,2783.5,0.331402
41,11,21,2714.35,0.307611
41,11,22,2657.75,0.282303
41,11,23,2610.27,0.254891
41,11,24,2567.83,0.226357
41,11,25,2527.04,0.198224
41,11,26,2486.44,0.171806
41,11,27,2446.41,0.148271
41,11,28,2409.4,0.128151
41,11,29,2378.91,0.112224
41,11,30,2359.05,0.101381
41,11,31,2353.7,0.0963964
41,11,32,2365.34,0.0973014
41,11,33,2394.39,0.102722
41,11,34,2438.63,0.110069
41,11,35,2493.57,0.116213
41,11,36,2553.91,0.118735
41,11,37,2614.27,0.116559
41,11,38,2671.18,0.110038
41,11,39,2723.56,0.100299
41,11,40,2771.38,0.088683
41,11,41,2816.22,0.0761126
41,11,42,2858.46,0.0634283
41,11,43,2896.23,0.0514443
41,11,44,2924.94,0.0409664
41,11,45,2937.78,0.0325987
41,11,46,2926.41,0.0264483
41,11,47,2881.4,0.0221642
41,11,48,2792.45,0.0189312
41,11,49,2648.87,0.0159872
41,12,0,3086.83,0.362522
41,12,1,3265.49,0.443686
41,12,2,3370.33,0.521314
41,12,3,3415.59,0.594308
41,12,4,3415.89,0.661256
41,12,5,3386.17,0.718359
41,12,6,3342.32,0.759177
41,12,7,3299.31,0.777453
41,12,8,3267.74,0.770014
41,12,9,3251.19,0.738893
41,12,10,3246.35,0.690954
41,12,11,3245.6,0.635154
41,12,12,3241.18,0.579778
41,12,13,3225.51,0.529404
41,12,14,3193.15,0.48473
41,12,15,3141.09,0.444478
41,12,16,3070.04,0.407287
41,12,17,2984.69,0.373004
41,12,18,2893.12,0.342348
41,12,19,2804.66,0.315453
41,12,20,2726.79,0.291732
41,12,21,2662.8,0.2697
41,12,22,2611.66,0.248105
41,12,23,2569.33,0.226339
41,12,24,2531.38,0.204997
41,12,25,2494.31,0.18477
41,12,26,2456.59,0.165901
41,12,27,2418.42,0.148321
41,12,28,2382.03,0.131686
41,12,29,2350.82,0.116469
41,12,30,2329.21,0.104035
41,12,31,2321.83,0.0961502
41,12,32,2332.19,0.0939953
41,12,33,2361.68,0.0971887
41,12,34,2408.49,0.103704
41,12,35,2467.92,0.1105
41,12,36,2533.95,0.114841
41,12,37,2600.3,0.115115
41,12,38,2662.7,0.111088
41,12,39,2719.5,0.103412
41,12,40,2770.4,0.0931794
41,12,41,2816.92,0.081187
41,12,42,2859.71,0.0683358
41,12,43,2897.42,0.055585
41,12,44,2926.1,0.0439398
41,12,45,2939.47,0.0342268
41,12,46,2929.49,0.0267784
41,12,47,2886.89,0.0214105
41,12,48,2801.34,0.0174371
41,12,49,2661.87,0.0141419
41,13,0,2999.13,0.350876
41,13,1,3182.44,0.427481
41,13,2,3291.07,0.498735
41,13,3,3338.05,0.563342
41,13,4,3338.15,0.620495
41,13,5,3307.36,0.667873
41,13,6,3263.06,0.70118
41,13,7,3221.65,0.716118
41,13,8,3194.39,0.710539
41,13,9,3184.34,0.686049
41,13,10,3186.69,0.647782
41,13,11,3191.91,0.60238
41,13,12,3190.71,0.556009
41,13,13,3175.02,0.511881
41,13,14,3139.85,0.470334
41,13,15,3083.41,0.430475
41,13,16,3007.97,0.391711
41,13,17,2919.64,0.354828
41,13,18,2827.35,0.321402
41,13,19,2740.48,0.292232
41,13,20,2665.86,0.267261
41,13,21,2605.92,0.245367
41,13,22,2559,0.225534
41,13,23,2520.9,0.207185
41,13,24,2487.33,0.190672
41,13,25,2455.02,0.176088
41,13,26,2422.52,0.162848
41,13,27,2389.76,0.149852
41,13,28,2358.45,0.135964
41,13,29,2331.41,0.121299
41,13,30,2312.7,0.107497
41,13,31,2306.99,0.0970266
41,13,32,2318.22,0.0919253
41,13,33,2348.4,0.0925984
41,13,34,2396.18,0.0975332
41,13,35,2457.04,0.103887
41,13,36,2524.84,0.108808
41,13,37,2593.07,0.11036
41,13,38,2657.26,0.107903
41,13,39,2715.55,0.101728
41,13,40,2767.53,0.0927261
41,13,41,2814.7,0.0815935
41,13,42,2857.88,0.06926
41,13,43,2896,0.0567542
41,13,44,2925.49,0.0451584
41,13,45,2940.38,0.0353659
41,13,46,2932.78,0.0277674
41,13,47,2893.44,0.0221919
41,13,48,2812,0.0179845
41,13,49,2677.22,0.014457
41,14,0,2909.93,0.343861
41,14,1,3098.28,0.415695
41,14,2,3211.67,0.479184
41,14,3,3261.91,0.532966
41,14,4,3264,0.577404
41,14,5,3235.02,0.612514
41,14,6,3193.64,0.63689
41,14,7,3157.03,0.648574
41,14,8,3136.28,0.646329
41,14,9,3133.29,0.630877
41,14,10,3141.6,0.605101
41,14,11,3150.31,0.572934
41,14,12,3149.34,0.538196
41,14,13,3130.74,0.502678
41,14,14,3090.41,0.466246
41,14,15,3027.97,0.428299
41,14,16,2947.19,0.388966
41,14,17,2855.44,0.349985
41,14,18,2762.1,0.313812
41,14,19,2676.11,0.281972
41,14,20,2603.36,0.254892
41,14,21,2545.44,0.23177
41,14,22,2500.32,0.211803
41,14,23,2464.2,0.194546
41,14,24,2433.47,0.180297
41,14,25,2405.52,0.168843
41,14,26,2379.18,0.15906
41,14,27,2354.14,0.149109
41,14,28,2331.39,0.137214
41,14,29,2312.78,0.123134
41,14,30,2301.45,0.108581
41,14,31,2301.4,0.096376
41,14,32,2316.34,0.0890373
41,14,33,2348.33,0.087457
41,14,34,2396.37,0.0905162
41,14,35,2456.38,0.0956526
41,14,36,2522.72,0.100113
41,14,37,2589.43,0.101905
41,14,38,2652.38,0.100211
41,14,39,2709.95,0.0951077
41,14,40,2761.74,0.0873234
41,14,41,2809.19,0.0774581
41,14,42,2853.09,0.0664124
41,14,43,2892.37,0.0551994
41,14,44,2923.57,0.0448669
41,14,45,2940.79,0.0362364
41,14,46,2936.19,0.0296033
41,14,47,2900.56,0.0246668
41,14,48,2823.56,0.020704
41,14,49,2693.69,0.0170346
41,15,0,2823.48,0.339743
41,15,1,3016.34,0.406722
41,15,2,3134.47,0.461651
41,15,3,3188.48,0.503202
41,15,4,3193.66,0.533233
41,15,5,3168.18,0.55459
41,15,6,3131.71,0.569144
41,15,7,3101.68,0.577462
41,15,8,3088.36,0.579135
41,15,9,3092.21,0.573774
41,15,10,3105.31,0.561776
41,15,11,3115.89,0.544204
41,15,12,3113.63,0.522456
41,15,13,3091.06,0.496889
41,15,14,3045,0.466836
41,15,15,2976.36,0.431914
41,15,16,2890.21,0.392924
41,15,17,2794.89,0.352507
41,15,18,2700,0.313946
41,15,19,2613.87,0.279455
41,15,20,2541.3,0.249854
41,15,21,2483.11,0.224606
41,15,22,2437.15,0.20312
41,15,23,2400.34,0.185163
41,15,24,2370.21,0.171123
41,15,25,2345.23,0.160715
41,15,26,2324.81,0.152527
41,15,27,2308.54,0.144282
41,15,28,2296.61,0.133772
41,15,29,2289.61,0.120466
41,15,30,2289.31,0.105992
41,15,31,2298.44,0.0931926
41,15,32,2319.78,0.0846772
41,15,33,2355.01,0.0814922
41,15,34,2403.29,0.0827542
41,15,35,2461.25,0.0862298
41,15,36,2524.24,0.0894694
41,15,37,2587.4,0.0906941
41,15,38,2647.48,0.0891552
41,15,39,2703.28,0.0848572
41,15,40,2754.53,0.0783844
41,15,41,2802.51,0.0702159
41,15,42,2847.75,0.0611437
41,15,43,2888.97,0.0520831
41,15,44,2922.55,0.0439659
41,15,45,2942.56,0.0374482
41,15,46,2941.2,0.0326202
41,15,47,2909.37,0.0289456
41,15,48,2836.79,0.0255504
41,15,49,2711.83,0.0217435
41,16,0,2743.98,0.336909
41,16,1,2939.7,0.399297
41,16,2,3061.3,0.445859
41,16,3,3118.32,0.475324
41,16,4,3126.37,0.491074
41,16,5,3104.59,0.49883
41,16,6,3073.43,0.503727
41,16,7,3050.22,0.508846
41,16,8,3044.19,0.514583
41,16,9,3054.37,0.519439
41,16,10,3071.71,0.521341
41,16,11,3083.91,0.51849
41,16,12,3080.66,0.509826
41,16,13,3054.96,0.494262
41,16,14,3004.3,0.470573
41,16,15,2930.48,0.43861
41,16,16,2839.51,0.399908
41,16,17,2740.53,0.358038
41,16,18,2643.31,0.317085
41,16,19,2555.73,0.279906
41,16,20,2481.73,0.247606
41,16,21,2421.43,0.219841
41,16,22,2372.61,0.196199
41,16,23,2332.99,0.17666
41,16,24,2301.39,0.161738
41,16,25,2277.68,0.151176
41,16,26,2262.19,0.143423
41,16,27,2254.65,0.136016
41,16,28,2254.46,0.126529
41,16,29,2260.82,0.114266
41,16,30,2273.74,0.10069
41,16,31,2294.2,0.0884187
41,16,32,2323.67,0.0798282
41,16,33,2363.1,0.0758214
41,16,34,2411.82,0.0755845
41,16,35,2467.43,0.0772194
41,16,36,2526.58,0.0787348
41,16,37,2585.86,0.0787928
41,16,38,2642.98,0.076928
41,16,39,2697.31,0.0732089
41,16,40,2748.57,0.0680908
41,16,41,2797.78,0.0618978
41,16,42,2845.05,0.0552268
41,16,43,2888.72,0.0488174
41,16,44,2924.95,0.0434306
41,16,45,2947.75,0.0395129
41,16,46,2949.46,0.0369008
41,16,47,2921.2,0.0347735
41,16,48,2852.84,0.0320609
41,16,49,2732.66,0.0280447
41,17,0,2674.79,0.333671
41,17,1,2871.14,0.39215
41,17,2,2994.18,0.431617
41,17,3,3052.66,0.450787
41,17,4,3062.43,0.454288
41,17,5,3043.41,0.450323
41,17,6,3016.58,0.446921
41,17,7,2999.09,0.449505
41,17,8,2999.27,0.459332
41,17,9,3015.03,0.474023
41,17,10,3036.57,0.489285
41,17,11,3051.3,0.500559
41,17,12,3048.86,0.504288
41,17,13,3022.38,0.497821
41,17,14,2969.52,0.479338
41,17,15,2892.44,0.44901
41,17,16,2797.65,0.409312
41,17,17,2694.93,0.364923
41,17,18,2594.51,0.320838
41,17,19,2504.25,0.280565
41,17,20,2427.63,0.245433
41,17,21,2364.27,0.215212
41,17,22,2311.78,0.189569
41,17,23,2268.43,0.168583
41,17,24,2234.24,0.152774
41,17,25,2210.54,0.141857
41,17,26,2198.77,0.134173
41,17,27,2199.09,0.127233
41,17,28,2210.24,0.118603
41,17,29,2230,0.107594
41,17,30,2256.44,0.095522
41,17,31,2288.55,0.084648
41,17,32,2326.32,0.0768877
41,17,33,2369.99,0.0727634
41,17,34,2419.2,0.0713645
41,17,35,2472.71,0.0710843
41,17,36,2528.65,0.0704722
41,17,37,2585.02,0.0687956
41,17,38,2640.42,0.0660532
41,17,39,2694.56,0.0625148
41,17,40,2746.98,0.0585506
41,17,41,2798.27,0.0543065
41,17,42,2848.01,0.0501021
41,17,43,2894.17,0.0464187
41,17,44,2932.73,0.0437982
41,17,45,2957.8,0.0424668
41,17,46,2962.02,0.0420174
41,17,47,2936.86,0.041366
41,17,48,2872.4,0.0392541
41,17,49,2756.89,0.0349338
41,18,0,2617.42,0.328064
41,18,1,2812.36,0.383495
41,18,2,2934.97,0.417825
41,18,3,2993.38,0.429618
41,18,4,3003.55,0.42424
41,18,5,2985.88,0.411675
41,18,6,2961.63,0.402231
41,18,7,2947.85,0.4034
41,18,8,2952.39,0.417436
41,18,9,2972.69,0.441479
41,18,10,2998.62,0.469408
41,18,11,3017.36,0.494054
41,18,12,3018.25,0.509252
41,18,13,2994.04,0.510528
41,18,14,2941.95,0.495354
41,18,15,2863.9,0.464352
41,18,16,2766.52,0.421275
41,18,17,2660.17,0.37229
41,18,18,2555.84,0.323598
41,18,19,2461.96,0.279491
41,18,20,2382.09,0.241521
41,18,21,2315.59,0.209442
41,18,22,2259.8,0.182788
41,18,23,2213.22,0.161459
41,18,24,2176.65,0.145709
41,18,25,2152.61,0.135031
41,18,26,2143.64,0.127626
41,18,27,2150.45,0.121101
41,18,28,2171.35,0.113243
41,18,29,2202.82,0.103579
41,18,30,2241.11,0.0933694
41,18,31,2283.3,0.0844775
41,18,32,2328.05,0.0782162
41,18,33,2375.09,0.0745455
41,18,34,2424.58,0.0722945
41,18,35,2476.54,0.0700582
41,18,36,2530.54,0.066937
41,18,37,2585.79,0.0629042
41,18,38,2641.47,0.0585662
41,18,39,2697.25,0.0545403
41,18,40,2752.2,0.0511966
41,18,41,2806.3,0.0485078
41,18,42,2858.55,0.0464498
41,18,43,2906.67,0.0451607
41,18,44,2946.67,0.0449111
41,18,45,2973.02,0.0457131
41,18,46,2978.85,0.0469757
41,18,47,2956.08,0.0474392
41,18,48,2895.1,0.045721
41,18,49,2784.11,0.0410567
41,19,0,2570.82,0.317537
41,19,1,2763.3,0.370562
41,19,2,2884.57,0.401802
41,19,3,2942.29,0.409517
41,19,4,2952.28,0.399205
41,19,5,2934.96,0.381759
41,19,6,2911.61,0.369015
41,19,7,2899.32,0.370179
41,19,8,2906.12,0.388637
41,19,9,2929.73,0.421525
41,19,10,2960.19,0.461381
41,19,11,2984.47,0.498658
41,19,12,2991.3,0.524492
41,19,13,2972.44,0.532291
41,19,14,2924.13,0.518661
41,19,15,2847.55,0.484751
41,19,16,2749.09,0.435909
41,19,17,2639.56,0.380193
41,19,18,2530.95,0.325374
41,19,19,2432.72,0.276735
41,19,20,2349.1,0.236103
41,19,21,2279.54,0.203103
41,19,22,2221.24,0.176855
41,19,23,2172.62,0.156713
41,19,24,2134.75,0.142307
41,19,25,2110.84,0.132667
41,19,26,2104.13,0.125819
41,19,27,2115.83,0.119612
41,19,28,2143.97,0.112307
41,19,29,2184.1,0.103887
41,19,30,2231.05,0.0956727
41,19,31,2280.44,0.0891279
41,19,32,2329.93,0.0848548
41,19,33,2379.03,0.0821033
41,19,34,2428.51,0.0792881
41,19,35,2479.6,0.0750932
41,19,36,2533.14,0.0691291
41,19,37,2589.26,0.0621213
41,19,38,2647.3,0.055386
41,19,39,2706.53,0.050024
41,19,40,2765.16,0.0465163
41,19,41,2822.43,0.0446945
41,19,42,2876.83,0.0441544
41,19,43,2925.97,0.04462
41,19,44,2966.22,0.046041
41,19,45,2992.63,0.0482335
41,19,46,2998.98,0.0505121
41,19,47,2977.79,0.0515724
41,19,48,2919.75,0.0500136
41,19,49,2813.05,0.0450804
41,20,0,2532.73,0.300717
41,20,1,2722.75,0.351474
41,20,2,2842.93,0.381131
41,20,3,2900.49,0.387559
41,20,4,2910.8,0.375856
41,20,5,2893.83,0.356997
41,20,6,2870.52,0.343566
41,20,7,2858.13,0.346039
41,20,8,2865.43,0.368966
41,20,9,2891.09,0.409878
41,20,10,2925.85,0.460495
41,20,11,2956.58,0.509258
41,20,12,2971.11,0.544716
41,20,13,2959.85,0.55804
41,20,14,2917.69,0.544855
41,20,15,2844.74,0.506826
41,20,16,2746.89,0.451008
41,20,17,2635.18,0.387539
41,20,18,2522.5,0.325985
41,20,19,2419.55,0.272765
41,20,20,2331.7,0.230065
41,20,21,2259.03,0.197299
41,20,22,2198.81,0.172926
41,20,23,2149.35,0.155401
41,20,24,2111.52,0.143396
41,20,25,2088.53,0.135279
41,20,26,2083.76,0.128922
41,20,27,2098.6,0.122614
41,20,28,2130.93,0.115369
41,20,29,2175.86,0.107846
41,20,30,2227.49,0.101531
41,20,31,2280.6,0.0974777
41,20,32,2332.35,0.095492
41,20,33,2382.23,0.0940081
41,20,34,2431.58,0.0909154
41,20,35,2482.6,0.0848844
41,20,36,2537.18,0.0759651
41,20,37,2595.95,0.0656184
41,20,38,2658.07,0.0558992
41,20,39,2722.01,0.0484707
41,20,40,2784.93,0.0440209
41,20,41,2845.23,0.042289
41,20,42,2901.06,0.0425002
41,20,43,2950.17,0.0439388
41,20,44,2989.46,0.0462125
41,20,45,3014.77,0.0489695
41,20,46,3020.66,0.0515244
41,20,47,3000.21,0.0526653
41,20,48,2944.46,0.0510894
41,20,49,2841.66,0.0460818
41,21,0,2501.32,0.278526
41,21,1,2689.44,0.326729
41,21,2,2809.42,0.355555
41,21,3,2868.04,0.36252
41,21,4,2880.04,0.351982
41,21,5,2864.53,0.334353
41,21,6,2841.75,0.322255
41,21,7,2828.99,0.326901
41,21,8,2835.91,0.353842
41,21,9,2862.58,0.401235
41,21,10,2900.81,0.460477
41,21,11,2937.59,0.518564
41,21,12,2959.96,0.561937
41,21,13,2956.94,0.579786
41,21,14,2922.01,0.566825
41,21,15,2854.19,0.525112
41,21,16,2758.64,0.463172
41,21,17,2646.2,0.392964
41,21,18,2530.3,0.325698
41,21,19,2422.72,0.268876
41,21,20,2330.21,0.225095
41,21,21,2253.99,0.193576
41,21,22,2191.94,0.172031
41,21,23,2142.34,0.157843
41,21,24,2105.58,0.148554
41,21,25,2084.22,0.141791
41,21,26,2081.1,0.135363
41,21,27,2097.37,0.128188
41,21,28,2130.82,0.120255
41,21,29,2176.63,0.113038
41,21,30,2228.93,0.108239
41,21,31,2282.42,0.106488
41,21,32,2334.25,0.10677
41,21,33,2383.99,0.106692
41,21,34,2433.41,0.103601
41,21,35,2485.39,0.0960933
41,21,36,2542.42,0.0845557
41,21,37,2605.31,0.0710714
41,21,38,2672.64,0.0583411
41,21,39,2741.83,0.0485574
41,21,40,2808.95,0.0426583
41,21,41,2871.71,0.0403535
41,21,42,2928.11,0.0405754
41,21,43,2976.24,0.0422244
41,21,44,3013.72,0.0445997
41,21,45,3037.17,0.0472221
41,21,46,3041.89,0.0494765
41,21,47,3021.51,0.0503416
41,21,48,2967.41,0.0486995
41,21,49,2867.9,0.0438989
41,22,0,2476.83,0.254914
41,22,1,2663.55,0.300219
41,22,2,2784.03,0.328319
41,22,3,2844.83,0.336529
41,22,4,2860,0.328403
41,22,5,2847.64,0.313432
41,22,6,2826.95,0.303725
41,22,7,2814.82,0.310659
41,22,8,2821.51,0.340429
41,22,9,2848.37,0.391825
41,22,10,2888.43,0.456333
41,22,11,2929.22,0.520269
41,22,12,2957.47,0.568843
41,22,13,2961.31,0.589976
41,22,14,2933.17,0.577791
41,22,15,2871.11,0.534542
41,22,16,2779.38,0.46959
41,22,17,2668.16,0.395913
41,22,18,2550.69,0.325712
41,22,19,2439.29,0.267204
41,22,20,2342.09,0.223382
41,22,21,2261.81,0.19344
41,22,22,2197.54,0.174554
41,22,23,2147.81,0.163193
41,22,24,2112.47,0.155889
41,22,25,2092.95,0.149619
41,22,26,2091.04,0.142229
41,22,27,2107.2,0.133353
41,22,28,2139.14,0.123993
41,22,29,2182.51,0.116412
41,22,30,2232.13,0.112507
41,22,31,2283.29,0.112503
41,22,32,2333.51,0.11465
41,22,33,2382.58,0.115862
41,22,34,2432.53,0.113049
41,22,35,2486.55,0.104717
41,22,36,2547.33,0.0914492
41,22,37,2615.35,0.0757202
41,22,38,2688.34,0.0606466
41,22,39,2762.57,0.0487956
41,22,40,2833.2,0.0413372
41,22,41,2897.54,0.0380305
41,22,42,2953.72,0.0376646
41,22,43,3000.35,0.0389001
41,22,44,3035.69,0.0408199
41,22,45,3057.09,0.0428653
41,22,46,3060.42,0.0445182
41,22,47,3039.74,0.044981
41,22,48,2986.71,0.0433545
41,22,49,2889.78,0.0390603
41,23,0,2461.97,0.236084
41,23,1,2647.29,0.278605
41,23,2,2768.22,0.305873
41,23,3,2831.38,0.315221
41,23,4,2850.43,0.309558
41,23,5,2842.48,0.297388
41,23,6,2825.53,0.289972
41,23,7,2815.54,0.298343
41,23,8,2822.6,0.328899
41,23,9,2848.74,0.380924
41,23,10,2888.15,0.44635
41,23,11,2929.38,0.511647
41,23,12,2959.71,0.561922
41,23,13,2967.26,0.584823
41,23,14,2944.07,0.574376
41,23,15,2887.47,0.532797
41,23,16,2800.72,0.46939
41,23,17,2692.77,0.39698
41,23,18,2575.93,0.327702
41,23,19,2462.33,0.269852
41,23,20,2361.08,0.226702
41,23,21,2276.63,0.197692
41,23,22,2209.65,0.179953
41,23,23,2159.37,0.169571
41,23,24,2125.18,0.162507
41,23,25,2107.25,0.155369
41,23,26,2105.95,0.146123
41,23,27,2120.82,0.135009
41,23,28,2149.45,0.123826
41,23,29,2188.16,0.115392
41,23,30,2232.84,0.111688
41,23,31,2279.79,0.112606
41,23,32,2327.27,0.115892
41,23,33,2375.43,0.118061
41,23,34,2426.46,0.115806
41,23,35,2483.53,0.10757
41,23,36,2549.06,0.0939503
41,23,37,2622.75,0.0774753
41,23,38,2701.26,0.061332
41,23,39,2779.82,0.048211
41,23,40,2852.99,0.0394517
41,23,41,2918.09,0.0349593
41,23,42,2973.61,0.033588
41,23,43,3018.71,0.0339686
41,23,44,3052.21,0.0351028
41,23,45,3071.92,0.0363976
41,23,46,3074.1,0.0374141
41,23,47,3053.08,0.0375452
41,23,48,3000.71,0.0360916
41,23,49,2905.61,0.0325422
41,24,0,2459.78,0.228438
41,24,1,2643.31,0.269118
41,24,2,2763.88,0.295726
41,24,3,2828.61,0.30581
41,24,4,2851.09,0.301907
41,24,5,2847.75,0.291668
41,24,6,2835.35,0.285383
41,24,7,2828.41,0.293391
41,24,8,2836,0.321944
41,24,9,2860.07,0.370709
41,24,10,2895.69,0.43238
41,24,11,2932.9,0.494382
41,24,12,2960.56,0.542795
41,24,13,2967.78,0.565975
41,24,14,2946.96,0.558319
41,24,15,2895.02,0.52175
41,24,16,2814.08,0.464615
41,24,17,2711.47,0.398359
41,24,18,2597.79,0.333895
41,24,19,2484.27,0.278829
41,24,20,2380.45,0.236491
41,24,21,2292.29,0.206833
41,24,22,2222.34,0.18758
41,24,23,2170.83,0.175221
41,24,24,2136.99,0.165864
41,24,25,2119.85,0.156186
41,24,26,2118.38,0.144349
41,24,27,2131.12,0.130926
41,24,28,2155.51,0.11806
41,24,29,2188.5,0.10869
41,24,30,2227.13,0.104698
41,24,31,2268.93,0.105745
41,24,32,2313.08,0.109395
41,24,33,2360.26,0.112153
41,24,34,2412.83,0.110776
41,24,35,2473.65,0.103692
41,24,36,2544.46,0.0913123
41,24,37,2623.84,0.075849
41,24,38,2707.31,0.0601761
41,24,39,2789.32,0.0468292
41,24,40,2864.23,0.0372373
41,24,41,2929.62,0.0315521
41,24,42,2984.52,0.0289131
41,24,43,3028.55,0.0281475
41,24,44,3060.94,0.0283215
41,24,45,3079.7,0.028849
41,24,46,3081.27,0.0293277
41,24,47,3060.1,0.0292696
41,24,48,3008.17,0.0281227
41,24,49,2914.19,0.0254291
41,25,0,2471.26,0.235752
41,25,1,2652.62,0.276293
41,25,2,2771.79,0.302942
41,25,3,2836.69,0.313588
41,25,4,2861.23,0.310646
41,25,5,2861.51,0.301084
41,25,6,2853.14,0.294214
41,25,7,2848.91,0.299509
41,25,8,2856.21,0.322923
41,25,9,2876.25,0.364552
41,25,10,2904.69,0.418205
41,25,11,2933.46,0.472912
41,25,12,2953.78,0.516523
41,25,13,2956.69,0.538758
41,25,14,2935.63,0.534662
41,25,15,2887.38,0.505631
41,25,16,2812.86,0.458366
41,25,17,2717.4,0.402034
41,25,18,2609.43,0.345392
41,25,19,2498.63,0.294653
41,25,20,2394.36,0.252883
41,25,21,2303.72,0.22067
41,25,22,2230.99,0.196885
41,25,23,2177.58,0.179236
41,25,24,2142.94,0.164792
41,25,25,2125.34,0.150846
41,25,26,2122.66,0.135858
41,25,27,2132.59,0.120406
41,25,28,2152.43,0.10643
41,25,29,2179.63,0.0964778
41,25,30,2212.18,0.0920954
41,25,31,2248.79,0.0928025
41,25,32,2289.58,0.0962942
41,25,33,2335.92,0.099438
41,25,34,2390.29,0.0993138
41,25,35,2455.13,0.0943741
41,25,36,2531.18,0.0846784
41,25,37,2615.76,0.0717955
41,25,38,2703.39,0.057963
41,25,39,2788.05,0.0453352
41,25,40,2864.21,0.0353691
41,25,41,2929.91,0.0285562
41,25,42,2984.64,0.0245091
41,25,43,3028.41,0.0224365
41,25,44,3060.62,0.021586
41,25,45,3079.34,0.0214028
41,25,46,3080.99,0.0214712
41,25,47,3059.99,0.0213431
41,25,48,3008.37,0.020553
41,25,49,2914.89,0.0186801
41,26,0,2493.98,0.258829
41,26,1,2673.22,0.301384
41,26,2,2790.28,0.329253
41,26,3,2854.08,0.3407
41,26,4,2879.09,0.338178
41,26,5,2881.3,0.328099
41,26,6,2875.39,0.318829
41,26,7,2872.32,0.318964
41,26,8,2877.55,0.334243
41,26,9,2891.16,0.365427
41,26,10,2909.32,0.407833
41,26,11,2925.94,0.452536
41,26,12,2935.14,0.489512
41,26,13,2930.53,0.510038
41,26,14,2907.06,0.509768
41,26,15,2861.59,0.489367
41,26,16,2793.83,0.453583
41,26,17,2706.94,0.408951
41,26,18,2606.89,0.361623
41,26,19,2501.45,0.315979
41,26,20,2399.28,0.274465
41,26,21,2308,0.238217
41,26,22,2233.2,0.207521
41,26,23,2177.47,0.181898
41,26,24,2140.75,0.160062
41,26,25,2121.11,0.140443
41,26,26,2115.92,0.121939
41,26,27,2122.38,0.104869
41,26,28,2137.73,0.0905036
41,26,29,2159.72,0.0805444
41,26,30,2186.99,0.0759888
41,26,31,2219.18,0.0762654
41,26,32,2257.24,0.0794281
41,26,33,2303.17,0.0829703
41,26,34,2359.56,0.0844621
41,26,35,2428.29,0.0824076
41,26,36,2509.03,0.0763993
41,26,37,2597.9,0.0671535
41,26,38,2688.7,0.0560657
41,26,39,2775.3,0.0447736
41,26,40,2852.47,0.0347323
41,26,41,2918.71,0.0268428
41,26,42,2973.91,0.0213133
41,26,43,3018.29,0.017851
41,26,44,3051.25,0.0159554
41,26,45,3070.76,0.0151115
41,26,46,3073.09,0.0148485
41,26,47,3052.56,0.0146916
41,26,48,3001.15,0.0142071
41,26,49,2907.62,0.0129981
41,27,0,2522.76,0.295941
41,27,1,2700.38,0.342647
41,27,2,2815.28,0.373069
41,27,3,2877.3,0.385827
41,27,4,2901.53,0.383492
41,27,5,2904.06,0.371978
41,27,6,2898.74,0.358734
41,27,7,2894.83,0.351546
41,27,8,2895.86,0.356145
41,27,9,2900.81,0.374329
41,27,10,2906.28,0.403321
41,27,11,2908.21,0.436487
41,27,12,2903.73,0.465931
41,27,13,2889.3,0.484256
41,27,14,2861.69,0.487426
41,27,15,2818.01,0.475214
41,27,16,2756.85,0.450462
41,27,17,2679.24,0.41728
41,27,18,2588.73,0.379318
41,27,19,2491.03,0.339017
41,27,20,2393.66,0.297908
41,27,21,2304.1,0.257357
41,27,22,2228.56,0.218953
41,27,23,2170.53,0.1842
41,27,24,2130.63,0.153829
41,27,25,2107.37,0.127763
41,27,26,2098.26,0.105513
41,27,27,2100.53,0.0870663
41,27,28,2111.57,0.0727864
41,27,29,2129.3,0.0632843
41,27,30,2152.67,0.0588777
41,27,31,2181.85,0.0589016
41,27,32,2218.38,0.0618513
41,27,33,2264.66,0.0659329
41,27,34,2323.31,0.0692569
41,27,35,2395.59,0.0703901
41,27,36,2480.14,0.068433
41,27,37,2572.13,0.0631997
41,27,38,2664.98,0.0551899
41,27,39,2752.75,0.0454918
41,27,40,2830.61,0.0355448
41,27,41,2897.52,0.0266763
41,27,42,2953.66,0.0197204
41,27,43,2999.31,0.0149126
41,27,44,3033.73,0.0120251
41,27,45,3054.65,0.0105814
41,27,46,3058.09,0.0100315
41,27,47,3038.21,0.00983256
41,27,48,2986.88,0.00954304
41,27,49,2892.86,0.00877928
41,28,0,2551.98,0.344383
41,28,1,2728.73,0.396967
41,28,2,2841.94,0.430976
41,28,3,2902.18,0.445377
41,28,4,2925.11,0.442953
41,28,5,2926.9,0.429206
41,28,6,2920.7,0.410721
41,28,7,2914.24,0.39457
41,28,8,2909.36,0.386685
41,28,9,2904.12,0.390224
41,28,10,2895.57,0.404629
41,28,11,2881.55,0.425638
41,28,12,2862.08,0.447259
41,28,13,2836.38,0.462975
41,28,14,2803.14,0.468639
41,28,15,2759.93,0.46301
41,28,16,2704.47,0.447307
41,28,17,2635.99,0.423792
41,28,18,2555.91,0.394143
41,28,19,2467.92,0.359098
41,28,20,2378.04,0.31911
41,28,21,2292.87,0.275362
41,28,22,2218.48,0.230307
41,28,23,2158.76,0.187156
41,28,24,2115.08,0.148605
41,28,25,2086.9,0.116188
41,28,26,2072.55,0.0901816
41,28,27,2069.91,0.0703527
41,28,28,2076.8,0.0562044
41,28,29,2091.29,0.0472741
41,28,30,2112.34,0.0431919
41,28,31,2140.29,0.0431702
41,28,32,2176.8,0.046099
41,28,33,2224.45,0.0508233
41,28,34,2285.67,0.0559344
41,28,35,2361.07,0.0600589
41,28,36,2448.43,0.0618624
41,28,37,2542.29,0.060354
41,28,38,2635.97,0.0552277
41,28,39,2723.93,0.0470762
41,28,40,2801.82,0.0373198
41,28,41,2869.13,0.0276689
41,28,42,2926.25,0.0195206
41,28,43,2973.46,0.013586
41,28,44,3009.72,0.00988265
41,28,45,3032.4,0.00796111
41,28,46,3037.16,0.00718469
41,28,47,3017.93,0.00692459
41,28,48,2966.48,0.00670908
41,28,49,2871.53,0.00616381
41,29,0,2577.26,0.400738
41,29,1,2753.86,0.460185
41,29,2,2866.07,0.498101
41,29,3,2925,0.513841
41,29,4,2946.76,0.510598
41,29,5,2947.54,0.493702
41,29,6,2939.76,0.469025
41,29,7,2929.83,0.443021
41,29,8,2918.17,0.421888
41,29,9,2902.2,0.410237
41,29,10,2879.47,0.409815
41,29,11,2849.52,0.418654
41,29,12,2814.82,0.432401
41,29,13,2777.07,0.44501
41,29,14,2736.76,0.451877
41,29,15,2692.18,0.450687
41,29,16,2640.67,0.441394
41,29,17,2580.26,0.425075
41,29,18,2510.69,0.402141
41,29,19,2433.81,0.37209
41,29,20,2353.8,0.334326
41,29,21,2275.76,0.289493
41,29,22,2204.82,0.240314
41,29,23,2144.71,0.191101
41,29,24,2097.48,0.14611
41,29,25,2063.84,0.108323
41,29,26,2043.51,0.0788586
41,29,27,2035.56,0.0575015
41,29,28,2038.56,0.0431587
41,29,29,2050.77,0.0345399
41,29,30,2070.99,0.0306974
41,29,31,2099.36,0.0306931
41,29,32,2137.32,0.033687
41,29,33,2187.23,0.0389806
41,29,34,2251.16,0.0455179
41,29,35,2329.11,0.0519732
41,29,36,2418.19,0.0566967
41,29,37,2512.62,0.0581004
41,29,38,2605.86,0.0552744
41,29,39,2692.87,0.0484357
41,29,40,2769.85,0.0389831
41,29,41,2836.84,0.0289091
41,29,42,2894.54,0.0200282
41,29,43,2943.16,0.0134025
41,29,44,2981.3,0.00922525
41,29,45,3005.78,0.00705308
41,29,46,3011.81,0.00616639
41,29,47,2993.05,0.00585402
41,29,48,2941.13,0.00561156
41,29,49,2844.81,0.00508097
41,30,0,2596.45,0.461019
41,30,1,2773.35,0.52742
41,30,2,2885.2,0.568642
41,30,3,2943.48,0.584527
41,30,4,2964.56,0.57904
41,30,5,2964.53,0.557783
41,30,6,2955.09,0.526238
41,30,7,2941.45,0.490343
41,30,8,2922.99,0.456416
41,30,9,2896.72,0.430278
41,30,10,2860.74,0.415737
41,30,11,2815.92,0.412896
41,30,12,2766.67,0.41882
41,30,13,2716.62,0.427749
41,30,14,2667.9,0.434489
41,30,15,2619.82,0.435702
41,30,16,2570,0.430377
41,30,17,2516,0.418921
41,30,18,2456.43,0.401109
41,30,19,2391.46,0.375722
41,30,20,2323.24,0.341331
41,30,21,2254.8,0.297852
41,30,22,2189.71,0.247738
41,30,23,2131.05,0.195684
41,30,24,2081.33,0.146873
41,30,25,2042.62,0.105356
41,30,26,2016.34,0.073071
41,30,27,2003.15,0.0500767
41,30,28,2002.62,0.0350587
41,30,29,2013.31,0.0262716
41,30,30,2033.81,0.022379
41,30,31,2063.76,0.0222852
41,30,32,2104.06,0.025275
41,30,33,2156.62,0.0308887
41,30,34,2222.99,0.0382657
41,30,35,2302.64,0.0461093
41,30,36,2392.24,0.0525951
41,30,37,2485.98,0.0557985
41,30,38,2577.61,0.0544704
41,30,39,2662.62,0.0486138
41,30,40,2737.77,0.0396084
41,30,41,2803.64,0.0295956
41,30,42,2861.25,0.0206097
41,30,43,2910.81,0.0138929
41,30,44,2950.5,0.00971433
41,30,45,2976.52,0.00760496
41,30,46,2983.52,0.00677052
41,30,47,2964.82,0.00643453
41,30,48,2911.92,0.00607685
41,30,49,2813.62,0.00537512
41,31,0,2609.1,0.519388
41,31,1,2786.55,0.591989
41,31,2,2898.51,0.635256
41,31,3,2956.67,0.649619
41,31,4,2977.52,0.640207
41,31,5,2976.92,0.613457
41,31,6,2965.86,0.574905
41,31,7,2948.64,0.530076
41,31,8,2923.89,0.485098
41,31,9,2888.5,0.446439
41,31,10,2841.03,0.419404
41,31,11,2783.3,0.405789
41,31,12,2720.97,0.403956
41,31,13,2659.07,0.40854
41,31,14,2601.11,0.41394
41,31,15,2547.73,0.415998
41,31,16,2497.48,0.412956
41,31,17,2448.14,0.404778
41,31,18,2397.71,0.390973
41,31,19,2344.84,0.370004
41,31,20,2289.5,0.339913
41,31,21,2232.4,0.299925
41,31,22,2175.14,0.251885
41,31,23,2119.87,0.200239
41,31,24,2069.3,0.150434
41,31,25,2026.77,0.107108
41,31,26,1995.42,0.0728787
41,31,27,1977.6,0.0482793
41,31,28,1974.07,0.0321456
41,31,29,1983.78,0.0226772
41,31,30,2005.09,0.0183724
41,31,31,2037.02,0.0180037
41,31,32,2079.78,0.0208553
41,31,33,2134.6,0.026499
41,31,34,2202.51,0.0341074
41,31,35,2282.6,0.042374
41,31,36,2371.35,0.0494207
41,31,37,2463.17,0.0532384
41,31,38,2552.21,0.0525182
41,31,39,2634.5,0.047235
41,31,40,2707.22,0.0387743
41,31,41,2771.39,0.0292992
41,31,42,2828.33,0.0208611
41,31,43,2878.24,0.0146947
41,31,44,2918.97,0.0110275
41,31,45,2946.08,0.00931881
41,31,46,2953.57,0.00870355
41,31,47,2934.38,0.00836385
41,31,48,2879.81,0.00779938
41,31,49,2778.78,0.00675527
41,32,0,2615,0.568577
41,32,1,2793.18,0.646027
41,32,2,2905.64,0.689988
41,32,3,2964.05,0.701454
41,32,4,2984.84,0.686951
41,32,5,2983.54,0.654191
41,32,6,2970.63,0.609201
41,32,7,2949.8,0.557213
41,32,8,2919.41,0.503828
41,32,9,2876.39,0.455477
41,32,10,2819.68,0.41824
41,32,11,2751.58,0.395152
41,32,12,2678.41,0.385804
41,32,13,2606.02,0.385549
41,32,14,2539.14,0.388801
41,32,15,2479.88,0.390899
41,32,16,2428.11,0.389468
41,32,17,2382.31,0.383977
41,32,18,2340.17,0.373704
41,32,19,2299,0.356998
41,32,20,2256.66,0.331683
41,32,21,2211.54,0.296527
41,32,22,2163.27,0.252716
41,32,23,2112.92,0.204067
41,32,24,2063.2,0.155743
41,32,25,2018.48,0.112481
41,32,26,1983.37,0.077363
41,32,27,1961.85,0.0514627
41,32,28,1955.82,0.0340444
41,32,29,1964.72,0.0235796
41,32,30,1986.76,0.0186095
41,32,31,2020.28,0.0178319
41,32,32,2064.75,0.0204546
41,32,33,2120.69,0.0259307
41,32,34,2188.67,0.0333276
41,32,35,2267.57,0.0412702
41,32,36,2353.97,0.0478894
41,32,37,2442.69,0.0512765
41,32,38,2528.42,0.0502981
41,32,39,2607.6,0.0450837
41,32,40,2677.73,0.0370835
41,32,41,2740.04,0.0284066
41,32,42,2796.02,0.0209647
41,32,43,2845.87,0.0158244
41,32,44,2887.18,0.0130564
41,32,45,2914.92,0.011993
41,32,46,2922.47,0.0116922
41,32,47,2902.27,0.011316
41,32,48,2845.34,0.010429
41,32,49,2740.71,0.00887935
41,33,0,2613.81,0.6021
41,33,1,2793.04,0.683014
41,33,2,2906.44,0.727013
41,33,3,2965.39,0.735407
41,33,4,2985.96,0.715958
41,33,5,2983.39,0.677741
41,33,6,2967.86,0.627541
41,33,7,2943.02,0.570452
41,33,8,2907.39,0.511382
41,33,9,2858.18,0.456216
41,33,10,2794.58,0.411171
41,33,11,2719.03,0.380091
41,33,12,2637.93,0.363724
41,33,13,2557.63,0.358501
41,33,14,2483.75,0.359318
41,33,15,2419.79,0.361354
41,33,16,2366.97,0.361665
41,33,17,2324.54,0.359005
41,33,18,2290.01,0.352218
41,33,19,2259.57,0.339557
41,33,20,2229.23,0.318908
41,33,21,2195.44,0.288941
41,33,22,2156.11,0.250391
41,33,23,2111.32,0.206359
41,33,24,2063.7,0.161383
41,33,25,2018.28,0.119883
41,33,26,1980.81,0.0851168
41,33,27,1956.57,0.0586017
41,33,28,1948.47,0.0401492
41,33,29,1956.43,0.0286972
41,33,30,1978.57,0.0229987
41,33,31,2012.63,0.0217709
41,33,32,2057.38,0.0241486
41,33,33,2112.71,0.0294055
41,33,34,2178.86,0.0364187
41,33,35,2254.75,0.0436743
41,33,36,2337.29,0.0493013
41,33,37,2421.89,0.0515644
41,33,38,2503.77,0.0496382
41,33,39,2579.74,0.0439412
41,33,40,2647.39,0.0360633
41,33,41,2708,0.0280562
41,33,42,2763.05,0.0216287
41,33,43,2812.73,0.0175963
41,33,44,2854.45,0.0158031
41,33,45,2882.7,0.0154101
41,33,46,2890.18,0.0153841
41,33,47,2868.71,0.014873
41,33,48,2808.9,0.013539
41,33,49,2699.92,0.0113551
41,34,0,2605.01,0.617128
41,34,1,2785.74,0.700618
41,34,2,2900.65,0.745131
41,34,3,2960.41,0.751806
41,34,4,2980.51,0.729039
41,34,5,2975.82,0.686902
41,34,6,2956.57,0.632952
41,34,7,2926.9,0.572346
41,34,8,2886.04,0.509437
41,34,9,2831.75,0.449451
41,34,10,2763.42,0.398421
41,34,11,2683.4,0.360704
41,34,12,2597.88,0.338097
41,34,13,2513.34,0.328306
41,34,14,2436,0.327007
41,34,15,2370.31,0.329444
41,34,16,2318.42,0.332066
41,34,17,2280.08,0.332645
41,34,18,2252.59,0.329325
41,34,19,2231.27,0.320204
41,34,20,2210.83,0.303454
41,34,21,2186.38,0.278072
41,34,22,2154.64,0.244724
41,34,23,2115,0.205959
41,34,24,2069.96,0.165567
41,34,25,2024.91,0.127347
41,34,26,1986.3,0.0944005
41,34,27,1960.31,0.0684363
41,34,28,1950.54,0.0497469
41,34,29,1957.3,0.0377698
41,34,30,1978.65,0.0315697
41,34,31,2011.85,0.0299993
41,34,32,2055.09,0.0321994
41,34,33,2107.8,0.0372986
41,34,34,2170.06,0.0439696
41,34,35,2241.11,0.0505014
41,34,36,2318.38,0.0549551
41,34,37,2397.98,0.0557388
41,34,38,2475.63,0.0523585
41,34,39,2548.36,0.0455909
41,34,40,2613.76,0.0372473
41,34,41,2672.97,0.0293853
41,34,42,2727.4,0.0235411
41,34,43,2777.2,0.0202795
41,34,44,2819.64,0.0192003
41,34,45,2848.8,0.0192704
41,34,46,2856.63,0.0193488
41,34,47,2834.15,0.0185614
41,34,48,2771.45,0.0166793
41,34,49,2657.76,0.0137968
41,35,0,2589.15,0.616102
41,35,1,2771.95,0.70206
41,35,2,2889.05,0.748556
41,35,3,2950.03,0.75593
41,35,4,2969.5,0.73233
41,35,5,2961.95,0.688136
41,35,6,2937.89,0.631503
41,35,7,2902.46,0.567915
41,35,8,2856.08,0.501635
41,35,9,2797.41,0.437572
41,35,10,2726.18,0.381624
41,35,11,2644.6,0.338521
41,35,12,2558.47,0.310906
41,35,13,2474.11,0.297641
41,35,14,2397.8,0.295146
41,35,15,2334.24,0.29872
41,35,16,2285.84,0.304115
41,35,17,2252.39,0.307964
41,35,18,2230.93,0.307568
41,35,19,2216.32,0.300882
41,35,20,2202.63,0.28659
41,35,21,2184.42,0.264411
41,35,22,2157.86,0.235376
41,35,23,2122.05,0.201785
41,35,24,2079.41,0.166723
41,35,25,2035.45,0.133175
41,35,26,1996.9,0.103741
41,35,27,1970.26,0.079946
41,35,28,1959.4,0.0623172
41,35,29,1964.82,0.0506611
41,35,30,1984.5,0.0443739
41,35,31,2015.36,0.0425691
41,35,32,2055.25,0.0445526
41,35,33,2103.34,0.0494573
41,35,34,2159.84,0.0558492
41,35,35,2224.45,0.0618268
41,35,36,2295.32,0.0653058
41,35,37,2369.29,0.064717
41,35,38,2442.47,0.0597792
41,35,39,2512.01,0.0515659
41,35,40,2575.38,0.0421239
41,35,41,2633.54,0.0335988
41,35,42,2687.82,0.0274733
41,35,43,2738.36,0.0241783
41,35,44,2782.33,0.0231521
41,35,45,2813.33,0.0232063
41,35,46,2822.48,0.0230918
41,35,47,2799.83,0.0218834
41,35,48,2734.76,0.0194257
41,35,49,2616.58,0.0158873
41,36,0,2568.15,0.605163
41,36,1,2753.6,0.6941
41,36,2,2873.59,0.744404
41,36,3,2936.35,0.755052
41,36,4,2955.38,0.733059
41,36,5,2944.68,0.688368
41,36,6,2915.18,0.62947
41,36,7,2873.29,0.562458
41,36,8,2821.04,0.492133
41,36,9,2758.39,0.423714
41,36,10,2685.72,0.3633
41,36,11,2605.2,0.31598
41,36,12,2522.18,0.284972
41,36,13,2442.44,0.269898
41,36,14,2371.65,0.26756
41,36,15,2313.94,0.273089
41,36,16,2271.16,0.281406
41,36,17,2242.75,0.288003
41,36,18,2225.55,0.289399
41,36,19,2214.41,0.283538
41,36,20,2203.55,0.26983
41,36,21,2187.75,0.249027
41,36,22,2163.35,0.222892
41,36,23,2129.54,0.193813
41,36,24,2088.79,0.164331
41,36,25,2046.51,0.136551
41,36,26,2009.23,0.112274
41,36,27,1983.23,0.0924331
41,36,28,1972.13,0.0774244
41,36,29,1976.33,0.0671627
41,36,30,1993.68,0.0613013
41,36,31,2020.98,0.0593076
41,36,32,2055.96,0.0608446
41,36,33,2097.84,0.0652793
41,36,34,2147.1,0.0712781
41,36,35,2204.12,0.0768546
41,36,36,2267.8,0.0797516
41,36,37,2335.7,0.0782703
41,36,38,2404.27,0.0721146
41,36,39,2470.68,0.0624537
41,36,40,2532.22,0.0514731
41,36,41,2589.74,0.0414497
41,36,42,2644.51,0.0339706
41,36,43,2696.72,0.0295391
41,36,44,2743.37,0.0276114
41,36,45,2777.55,0.026956
41,36,46,2789.37,0.0262473
41,36,47,2767.81,0.0244741
41,36,48,2701.41,0.0214788
41,36,49,2579.56,0.0174193
41,37,0,2545.17,0.591246
41,37,1,2733.7,0.683678
41,37,2,2857.17,0.739033
41,37,3,2922.32,0.754615
41,37,4,2941.43,0.735735
41,37,5,2927.94,0.691364
41,37,6,2893.11,0.630108
41,37,7,2844.66,0.558902
41,37,8,2786.48,0.483663
41,37,9,2720.19,0.410566
41,37,10,2647.2,0.346302
41,37,11,2569.88,0.296319
41,37,12,2493.06,0.264053
41,37,13,2421.57,0.249285
41,37,14,2359.72,0.248637
41,37,15,2310.28,0.25672
41,37,16,2273.9,0.267551
41,37,17,2249.46,0.275683
41,37,18,2233.77,0.277155
41,37,19,2222.28,0.270169
41,37,20,2210.04,0.255055
41,37,21,2192.76,0.233767
41,37,22,2167.55,0.20901
41,37,23,2134.05,0.183502
41,37,24,2094.83,0.159419
41,37,25,2054.96,0.138021
41,37,26,2020.36,0.120112
41,37,27,1996.52,0.105707
41,37,28,1986.33,0.0946926
41,37,29,1989.82,0.0867897
41,37,30,2004.69,0.0817756
41,37,31,2027.79,0.0795055
41,37,32,2057.02,0.0801681
41,37,33,2091.86,0.0836148
41,37,34,2133.18,0.0888824
41,37,35,2182.06,0.0940995
41,37,36,2238.16,0.0968885
41,37,37,2299.7,0.0952891
41,37,38,2363.49,0.088704
41,37,39,2426.7,0.0780768
41,37,40,2486.57,0.0655087
41,37,41,2543.84,0.0533721
41,37,42,2599.86,0.0435069
41,37,43,2654.86,0.0367462
41,37,44,2705.59,0.0328185
41,37,45,2744.43,0.0306278
41,37,46,2760.43,0.0288399
41,37,47,2741.37,0.0263309
41,37,48,2674.98,0.0228403
41,37,49,2550.67,0.0184138
41,38,0,2522.55,0.578428
41,38,1,2714.36,0.674194
41,38,2,2841.72,0.73462
41,38,3,2909.92,0.755414
41,38,4,2930.06,0.740088
41,38,5,2914.91,0.696438
41,38,6,2875.87,0.633033
41,38,7,2821.76,0.557711
41,38,8,2758.31,0.477795
41,38,9,2689.08,0.400784
41,38,10,2616.81,0.334186
41,38,11,2544.33,0.283722
41,38,12,2475.88,0.252661
41,38,13,2414.87,0.240327
41,38,14,2363.69,0.24263
41,38,15,2323.12,0.253382
41,38,16,2292.32,0.265775
41,38,17,2269.56,0.273803
41,38,18,2251.98,0.273487
41,38,19,2236.14,0.263589
41,38,20,2218.54,0.245469
41,38,21,2196.35,0.222253
41,38,22,2167.9,0.197569
41,38,23,2133.49,0.174557
41,38,24,2095.76,0.15518
41,38,25,2059.18,0.13998
41,38,26,2028.62,0.128743
41,38,27,2008.37,0.120424
41,38,28,2000.26,0.114142
41,38,29,2003.78,0.109165
41,38,30,2016.54,0.105222
41,38,31,2035.58,0.102486
41,38,32,2059.15,0.101736
41,38,33,2087.08,0.103493
41,38,34,2120.64,0.10744
41,38,35,2161.48,0.112095
41,38,36,2209.94,0.115118
41,38,37,2264.88,0.11424
41,38,38,2323.54,0.108291
41,38,39,2383.31,0.0976054
41,38,40,2441.51,0.0838736
41,38,41,2498.97,0.0694268
41,38,42,2557.15,0.0564486
41,38,43,2616.22,0.0463527
41,38,44,2672.5,0.0394161
41,38,45,2717.51,0.0348872
41,38,46,2739.08,0.0315122
41,38,47,2723.82,0.0280393
41,38,48,2658.72,0.0240078
41,38,49,2533.19,0.0192644
41,39,0,2501.17,0.567049
41,39,1,2696.08,0.664896
41,39,2,2827.39,0.729028
41,39,3,2899.19,0.754021
41,39,4,2921.47,0.741936
41,39,5,2906.32,0.699502
41,39,6,2865,0.635111
41,39,7,2807.09,0.557327
41,39,8,2739.93,0.474758
41,39,9,2668.96,0.396199
41,39,10,2598.51,0.329924
41,39,11,2531.98,0.281742
41,39,12,2472.95,0.254404
41,39,13,2423.16,0.24631
41,39,14,2382.66,0.252312
41,39,15,2350.01,0.265342
41,39,16,2322.83,0.278028
41,39,17,2298.98,0.284299
41,39,18,2276.27,0.280661
41,39,19,2252.75,0.266691
41,39,20,2226.78,0.244757
41,39,21,2197.35,0.218941
41,39,22,2164.19,0.193554
41,39,23,2128.34,0.172057
41,39,24,2092.3,0.156268
41,39,25,2059.7,0.146192
41,39,26,2034.05,0.140749
41,39,27,2018.26,0.137955
41,39,28,2013.01,0.136129
41,39,29,2017.32,0.13399
41,39,30,2028.77,0.131082
41,39,31,2044.73,0.127732
41,39,32,2063.8,0.125194
41,39,33,2086.09,0.124684
41,39,34,2113.06,0.126685
41,39,35,2146.72,0.130366
41,39,36,2187.85,0.133665
41,39,37,2235.95,0.13408
41,39,38,2288.91,0.129723
41,39,39,2344.73,0.119999
41,39,40,2401.11,0.105848
41,39,41,2459.23,0.0893615
41,39,42,2520.64,0.0730702
41,39,43,2585.25,0.0591457
41,39,44,2648.66,0.0486317
41,39,45,2701.26,0.0412873
41,39,46,2729.58,0.0359978
41,39,47,2719.17,0.031356
41,39,48,2656.38,0.0266101
41,39,49,2530.61,0.02136
41,40,0,2479.23,0.555377
41,40,1,2676.64,0.653293
41,40,2,2811.58,0.718966
41,40,3,2887.19,0.746519
41,40,4,2912.61,0.737157
41,40,5,2899.21,0.696822
41,40,6,2857.95,0.633611
41,40,7,2798.79,0.556452
41,40,8,2730.22,0.474811
41,40,9,2659.32,0.398396
41,40,10,2591.9,0.335929
41,40,11,2531.98,0.293017
41,40,12,2482.47,0.271588
41,40,13,2443.32,0.268846
41,40,14,2412.19,0.278502
41,40,15,2385.5,0.292771
41,40,16,2359.59,0.304176
41,40,17,2332.17,0.307148
41,40,18,2302.02,0.29916
41,40,19,2268.87,0.28076
41,40,20,2233.12,0.255166
41,40,21,2195.63,0.227029
41,40,22,2157.51,0.200917
41,40,23,2120.36,0.18034
41,40,24,2086.3,0.166927
41,40,25,2057.89,0.160325
41,40,26,2037.21,0.158882
41,40,27,2025.85,0.160018
41,40,28,2023.6,0.161479
41,40,29,2029.2,0.16153
41,40,30,2040.37,0.159466
41,40,31,2054.77,0.155526
41,40,32,2071.23,0.151159
41,40,33,2089.93,0.148078
41,40,34,2112.19,0.147551
41,40,35,2140,0.149579
41,40,36,2174.39,0.152658
41,40,37,2215.51,0.154284
41,40,38,2262.2,0.151902
41,40,39,2313.51,0.143847
41,40,40,2368,0.130054
41,40,41,2427.38,0.112159
41,40,42,2493.26,0.0929376
41,40,43,2564.99,0.075349
41,40,44,2637.07,0.0612828
41,40,45,2698.46,0.0510716
41,40,46,2734.38,0.0437464
41,40,47,2729.42,0.037717
41,40,48,2669.47,0.0319006
41,40,49,2543.91,0.0256764
41,41,0,2455.08,0.542427
41,41,1,2653.82,0.638336
41,41,2,2791.45,0.703349
41,41,3,2870.44,0.731812
41,41,4,2899.33,0.724712
41,41,5,2888.96,0.687552
41,41,6,2849.91,0.628056
41,41,7,2792.19,0.555115
41,41,8,2724.92,0.478495
41,41,9,2656.37,0.408244
41,41,10,2593.43,0.353071
41,41,11,2540.6,0.318037
41,41,12,2500.16,0.304024
41,41,13,2470.35,0.306956
41,41,14,2446.71,0.319531
41,41,15,2423.9,0.333605
41,41,16,2397.34,0.342132
41,41,17,2364.91,0.340602
41,41,18,2326.48,0.327829
41,41,19,2283.52,0.305395
41,41,20,2238.32,0.277114
41,41,21,2193.45,0.247749
41,41,22,2151.08,0.221624
41,41,23,2113.1,0.201946
41,41,24,2081.06,0.190044
41,41,25,2056.37,0.185349
41,41,26,2039.83,0.185975
41,41,27,2032.06,0.189182
41,41,28,2032.36,0.192498
41,41,29,2039.44,0.193938
41,41,30,2051.28,0.192535
41,41,31,2065.77,0.188182
41,41,32,2081.72,0.182143
41,41,33,2099.08,0.176297
41,41,34,2118.68,0.17254
41,41,35,2142.22,0.17178
41,41,36,2170.74,0.173352
41,41,37,2205.09,0.175094
41,41,38,2245.3,0.174075
41,41,39,2291.96,0.167664
41,41,40,2344.87,0.154731
41,41,41,2406.52,0.13629
41,41,42,2478.41,0.115165
41,41,43,2559,0.0949493
41,41,44,2641.24,0.0782566
41,41,45,2712.42,0.0658883
41,41,46,2756.47,0.0569233
41,41,47,2757.2,0.0495164
41,41,48,2700.17,0.0422325
41,41,49,2574.67,0.0343063
41,42,0,2428.44,0.529155
41,42,1,2626.73,0.6216
41,42,2,2765.3,0.684312
41,42,3,2846.27,0.712352
41,42,4,2877.92,0.707005
41,42,5,2870.84,0.673673
41,42,6,2835.34,0.619739
41,42,7,2781.26,0.553775
41,42,8,2717.9,0.485363
41,42,9,2653.98,0.424335
41,42,10,2596.99,0.378917
41,42,11,2551.59,0.353319
41,42,12,2519.44,0.34726
41,42,13,2497.4,0.355448
41,42,14,2479.36,0.369826
41,42,15,2458.74,0.382293
41,42,16,2430.52,0.386728
41,42,17,2392.96,0.380082
41,42,18,2347.07,0.362742
41,42,19,2295.85,0.337278
41,42,20,2243.16,0.307827
41,42,21,2192.79,0.278844
41,42,22,2147.55,0.253979
41,42,23,2109.28,0.235832
41,42,24,2078.88,0.225324
41,42,25,2056.85,0.221774
41,42,26,2043.09,0.223332
41,42,27,2037.66,0.227444
41,42,28,2039.76,0.231719
41,42,29,2048.27,0.234086
41,42,30,2061.44,0.233305
41,42,31,2077.27,0.228718
41,42,32,2094.34,0.221068
41,42,33,2112.13,0.212087
41,42,34,2130.78,0.204089
41,42,35,2151.46,0.198887
41,42,36,2175.16,0.196869
41,42,37,2203.4,0.196615
41,42,38,2237.66,0.195275
41,42,39,2280.34,0.189614
41,42,40,2332.72,0.177595
41,42,41,2398.13,0.159548
41,42,42,2477.79,0.138093
41,42,43,2568.84,0.117123
41,42,44,2662.38,0.0996446
41,42,45,2743.93,0.08665
41,42,46,2796.2,0.077064
41,42,47,2802.43,0.0686648
41,42,48,2747.98,0.0596459
41,42,49,2622,0.0491924
41,43,0,2400.74,0.517647
41,43,1,2596.25,0.605983
41,43,2,2733.14,0.66542
41,43,3,2813.61,0.69198
41,43,4,2846.08,0.687578
41,43,5,2841.28,0.657818
41,43,6,2809.52,0.609877
41,43,7,2760.39,0.551913
41,43,8,2702.89,0.493027
41,43,9,2645.56,0.442419
41,43,10,2595.8,0.407488
41,43,11,2558.08,0.391412
41,43,12,2533.45,0.392781
41,43,13,2517.71,0.405257
41,43,14,2503.73,0.420324
41,43,15,2484.26,0.430239
41,43,16,2454.24,0.430097
41,43,17,2412.52,0.418486
41,43,18,2361.14,0.397377
41,43,19,2304.31,0.370231
41,43,20,2246.93,0.341282
41,43,21,2193.45,0.314405
41,43,22,2146.84,0.292342
41,43,23,2108.68,0.276946
41,43,24,2079.35,0.268701
41,43,25,2058.8,0.266877
41,43,26,2046.53,0.269775
41,43,27,2042.4,0.27512
41,43,28,2045.71,0.280647
41,43,29,2055.51,0.28418
41,43,30,2070.29,0.284139
41,43,31,2087.97,0.279226
41,43,32,2106.88,0.269553
41,43,33,2125.95,0.256575
41,43,34,2144.62,0.242915
41,43,35,2163.49,0.231244
41,43,36,2183.51,0.223115
41,43,37,2206.93,0.218167
41,43,38,2236.69,0.214127
41,43,39,2277.03,0.207677
41,43,40,2330.66,0.196217
41,43,41,2401.61,0.179466
41,43,42,2490.54,0.15959
41,43,43,2593.03,0.14033
41,43,44,2698.22,0.124609
41,43,45,2789.92,0.11321
41,43,46,2849.88,0.104627
41,43,47,2861.01,0.0961003
41,43,48,2808.54,0.0854073
41,43,49,2681.41,0.071745
41,44,0,2373.07,0.508396
41,44,1,2563.07,0.592416
41,44,2,2695.08,0.647985
41,44,3,2771.75,0.672122
41,44,4,2802.13,0.667508
41,44,5,2797.53,0.640158
41,44,6,2768.58,0.597218
41,44,7,2724.61,0.546464
41,44,8,2674.02,0.496393
41,44,9,2624.58,0.455355
41,44,10,2583,0.429782
41,44,11,2553.13,0.421833
41,44,12,2535.39,0.429182
41,44,13,2524.89,0.444724
41,44,14,2513.97,0.459754
41,44,15,2495.27,0.467038
41,44,16,2464.03,0.462873
41,44,17,2419.76,0.447354
41,44,18,2365.35,0.423822
41,44,19,2305.84,0.39646
41,44,20,2246.59,0.369471
41,44,21,2192.19,0.346107
41,44,22,2145.35,0.328244
41,44,23,2107.4,0.317076
41,44,24,2078.48,0.312756
41,44,25,2058.51,0.314543
41,44,26,2046.98,0.320814
41,44,27,2043.73,0.329344
41,44,28,2048.14,0.3377
41,44,29,2059.23,0.343332
41,44,30,2075.52,0.344183
41,44,31,2094.85,0.338397
41,44,32,2115.31,0.325643
41,44,33,2135.47,0.307287
41,44,34,2154.27,0.286337
41,44,35,2171.92,0.266277
41,44,36,2189.42,0.24979
41,44,37,2209.71,0.237687
41,44,38,2237.06,0.228644
41,44,39,2277.26,0.219776
41,44,40,2334.15,0.208363
41,44,41,2412.11,0.1937
41,44,42,2511,0.177326
41,44,43,2624.78,0.162385
41,44,44,2740.79,0.151202
41,44,45,2841.52,0.143929
41,44,46,2908.08,0.138358
41,44,47,2923.21,0.13101
41,44,48,2872.08,0.119169
41,44,49,2743.35,0.102023
41,45,0,2342.64,0.498212
41,45,1,2524.28,0.577464
41,45,2,2648.15,0.628524
41,45,3,2717.65,0.649326
41,45,4,2742.81,0.643284
41,45,5,2735.89,0.616869
41,45,6,2708.14,0.577278
41,45,7,2668.75,0.531941
41,45,8,2625.31,0.488714
41,45,9,2584.42,0.455035
41,45,10,2551.62,0.436415
41,45,11,2529.73,0.434197
41,45,12,2518.51,0.445513
41,45,13,2512.58,0.462861
41,45,14,2504.19,0.477598
41,45,15,2486.27,0.482977
41,45,16,2454.62,0.476226
41,45,17,2409.41,0.458556
41,45,18,2354.19,0.434263
41,45,19,2294.4,0.408042
41,45,20,2235.43,0.384042
41,45,21,2181.56,0.365036
41,45,22,2135.14,0.352312
41,45,23,2097.34,0.346684
41,45,24,2068.45,0.348179
41,45,25,2048.74,0.356065
41,45,26,2037.97,0.368586
41,45,27,2035.95,0.383116
41,45,28,2041.86,0.396527
41,45,29,2054.38,0.405462
41,45,30,2071.87,0.407225
41,45,31,2092.07,0.399637
41,45,32,2113.09,0.382388
41,45,33,2133.42,0.357213
41,45,34,2151.86,0.327745
41,45,35,2168.48,0.298232
41,45,36,2184.46,0.272282
41,45,37,2203.35,0.251737
41,45,38,2230.41,0.23633
41,45,39,2272.51,0.223982
41,45,40,2334.08,0.212267
41,45,41,2419.49,0.200326
41,45,42,2527.69,0.189018
41,45,43,2651.26,0.18056
41,45,44,2776.18,0.17629
41,45,45,2884.11,0.175409
41,45,46,2955.81,0.174808
41,45,47,2973.97,0.170165
41,45,48,2923.67,0.158157
41,45,49,2793.27,0.137863
41,46,0,2301.05,0.481009
41,46,1,2471.62,0.554391
41,46,2,2584.65,0.60008
41,46,3,2644.39,0.616787
41,46,4,2661.93,0.608484
41,46,5,2650.69,0.58194
41,46,6,2622.67,0.544329
41,46,7,2587.05,0.502681
41,46,8,2550.53,0.464178
41,46,9,2518.34,0.435372
41,46,10,2494.53,0.421001
41,46,11,2480.67,0.42191
41,46,12,2475.72,0.435117
41,46,13,2473.95,0.453141
41,46,14,2467.82,0.467625
41,46,15,2450.84,0.472221
41,46,16,2419.51,0.464688
41,46,17,2374.66,0.446829
41,46,18,2320.24,0.423403
41,46,19,2261.81,0.399383
41,46,20,2204.45,0.378884
41,46,21,2151.94,0.364436
41,46,22,2106.26,0.357102
41,46,23,2068.65,0.35765
41,46,24,2039.78,0.366206
41,46,25,2020.56,0.38206
41,46,26,2011.1,0.403109
41,46,27,2010.99,0.425881
41,46,28,2018.93,0.446056
41,46,29,2032.98,0.459088
41,46,30,2051.17,0.461555
41,46,31,2071.23,0.451267
41,46,32,2091.53,0.428484
41,46,33,2110.84,0.395834
41,46,34,2128.16,0.35783
41,46,35,2143.7,0.31939
41,46,36,2158.9,0.284691
41,46,37,2177.74,0.256238
41,46,38,2206.05,0.234655
41,46,39,2251.19,0.218808
41,46,40,2317.67,0.206848
41,46,41,2409.56,0.198031
41,46,42,2525.01,0.192624
41,46,43,2655.69,0.191803
41,46,44,2786.87,0.195747
41,46,45,2899.83,0.202595
41,46,46,2975.18,0.208307
41,46,47,2995.47,0.207699
41,46,48,2945.63,0.196767
41,46,49,2813.91,0.174326
41,47,0,2235.67,0.449873
41,47,1,2392.55,0.515621
41,47,2,2492.92,0.554955
41,47,3,2541.61,0.567219
41,47,4,2550.59,0.556642
41,47,5,2534.28,0.529957
41,47,6,2505.41,0.494043
41,47,7,2473.1,0.455364
41,47,8,2443.21,0.420335
41,47,9,2419.55,0.394656
41,47,10,2404.6,0.382448
41,47,11,2398.52,0.384363
41,47,12,2399.45,0.39769
41,47,13,2401.4,0.415386
41,47,14,2397.29,0.429621
41,47,15,2381.34,0.434395
41,47,16,2350.9,0.427648
41,47,17,2307.34,0.411298
41,47,18,2254.88,0.390082
41,47,19,2198.92,0.369008
41,47,20,2144.04,0.35214
41,47,21,2093.49,0.34194
41,47,22,2048.97,0.339524
41,47,23,2011.9,0.345845
41,47,24,1983.51,0.361282
41,47,25,1965.34,0.38517
41,47,26,1957.77,0.41498
41,47,27,1960.05,0.446223
41,47,28,1970.21,0.47321
41,47,29,1985.58,0.49012
41,47,30,2003.8,0.492878
41,47,31,2022.72,0.479568
41,47,32,2041.14,0.451408
41,47,33,2058.39,0.412229
41,47,34,2073.93,0.367491
41,47,35,2088.28,0.322571
41,47,36,2103.11,0.281791
41,47,37,2122.6,0.24784
41,47,38,2152.7,0.221877
41,47,39,2200.73,0.203621
41,47,40,2270.89,0.19191
41,47,41,2366.81,0.186311
41,47,42,2486.21,0.186683
41,47,43,2620.46,0.193268
41,47,44,2754.76,0.205185
41,47,45,2870.44,0.21965
41,47,46,2947.93,0.23187
41,47,47,2969.53,0.235951
41,47,48,2919.97,0.227252
41,47,49,2787.74,0.204197
41,48,0,2134.85,0.400998
41,48,1,2275.37,0.457186
41,48,2,2361.92,0.489384
41,48,3,2399.54,0.497422
41,48,4,2400.57,0.48543
41,48,5,2379.98,0.459664
41,48,6,2350.82,0.426348
41,48,7,2321.99,0.391131
41,48,8,2298.51,0.35953
41,48,9,2282.9,0.336393
41,48,10,2276.12,0.325311
41,48,11,2277.02,0.326949
41,48,12,2283.02,0.339122
41,48,13,2288.06,0.355586
41,48,14,2285.64,0.369295
41,48,15,2270.83,0.37466
41,48,16,2241.84,0.369623
41,48,17,2200.5,0.355875
41,48,18,2151.11,0.337758
41,48,19,2098.7,0.32005
41,48,20,2047.28,0.306663
41,48,21,1999.54,0.300035
41,48,22,1957.01,0.301432
41,48,23,1921.32,0.312044
41,48,24,1894.18,0.332525
41,48,25,1877.64,0.362288
41,48,26,1872.22,0.398494
41,48,27,1876.78,0.435858
41,48,28,1888.74,0.467626
41,48,29,1904.76,0.487037
41,48,30,1922.24,0.489625
41,48,31,1939.2,0.47393
41,48,32,1955.02,0.442171
41,48,33,1969.62,0.399283
41,48,34,1983.02,0.351416
41,48,35,1996.05,0.304064
41,48,36,2010.53,0.261278
41,48,37,2030.56,0.225501
41,48,38,2061.81,0.198034
41,48,39,2111.17,0.179208
41,48,40,2182.31,0.168489
41,48,41,2278.52,0.165831
41,48,42,2397.45,0.170902
41,48,43,2530.84,0.183278
41,48,44,2664.46,0.201332
41,48,45,2780.01,0.221705
41,48,46,2857.84,0.239221
41,48,47,2879.86,0.247625
41,48,48,2830.71,0.241847
41,48,49,2699.68,0.219924
41,49,0,1993.33,0.335965
41,49,1,2114.61,0.381179
41,49,2,2186.59,0.405965
41,49,3,2214.08,0.410484
41,49,4,2209.1,0.398441
41,49,5,2186.32,0.375221
41,49,6,2158.47,0.346059
41,49,7,2133.84,0.315574
41,49,8,2116.58,0.288258
41,49,9,2108.1,0.268068
41,49,10,2108.14,0.258061
41,49,11,2114.53,0.258976
41,49,12,2124.2,0.269238
41,49,13,2131.27,0.283664
41,49,14,2130.04,0.296237
41,49,15,2116.53,0.301973
41,49,16,2089.72,0.298831
41,49,17,2051.79,0.288118
41,49,18,2006.87,0.273535
41,49,19,1959.46,0.259368
41,49,20,1912.89,0.24919
41,49,21,1869.37,0.245312
41,49,22,1830.25,0.249069
41,49,23,1797.27,0.261782
41,49,24,1772.43,0.284284
41,49,25,1758.03,0.316102
41,49,26,1754.61,0.354363
41,49,27,1760.74,0.393536
41,49,28,1773.44,0.426507
41,49,29,1789.06,0.44625
41,49,30,1804.92,0.448322
41,49,31,1819.36,0.431754
41,49,32,1832.24,0.399457
41,49,33,1844,0.356955
41,49,34,1855.12,0.310549
41,49,35,1866.66,0.265424
41,49,36,1880.42,0.225043
41,49,37,1900.15,0.191333
41,49,38,1930.94,0.165438
41,49,39,1978.91,0.148012
41,49,40,2047.24,0.138984
41,49,41,2138.87,0.138645
41,49,42,2251.84,0.146648
41,49,43,2378.8,0.162231
41,49,44,2506.71,0.183436
41,49,45,2618.17,0.20679
41,49,46,2693.72,0.227205
41,49,47,2715.1,0.238555
41,49,48,2667.21,0.235721
41,49,49,2540.79,0.21649
42,0,0,2980.38,0.399366
42,0,1,3123.7,0.465799
42,0,2,3205.59,0.518007
42,0,3,3245.21,0.559726
42,0,4,3263.3,0.597813
42,0,5,3277.84,0.637942
42,0,6,3299.63,0.680977
42,0,7,3329.32,0.722108
42,0,8,3359.8,0.753303
42,0,9,3381.6,0.767836
42,0,10,3387.78,0.764307
42,0,11,3375.49,0.747859
42,0,12,3346.78,0.72862
42,0,13,3304.55,0.715127
42,0,14,3252.2,0.710896
42,0,15,3192.25,0.713503
42,0,16,3126,0.716899
42,0,17,3054.25,0.715325
42,0,18,2977.81,0.70549
42,0,19,2898.4,0.686675
42,0,20,2818.9,0.659148
42,0,21,2743.68,0.623273
42,0,22,2677.17,0.578774
42,0,23,2622.41,0.525968
42,0,24,2580.5,0.466442
42,0,25,2550.38,0.403906
42,0,26,2530.65,0.343323
42,0,27,2519.97,0.28941
42,0,28,2517.63,0.245793
42,0,29,2522.81,0.214124
42,0,30,2534.21,0.194019
42,0,31,2549.84,0.183576
42,0,32,2567.11,0.17947
42,0,33,2583.57,0.177802
42,0,34,2597.39,0.175215
42,0,35,2607.9,0.169351
42,0,36,2615.48,0.159554
42,0,37,2621.84,0.14669
42,0,38,2629.32,0.132146
42,0,39,2641.41,0.11703
42,0,40,2659.97,0.101631
42,0,41,2688.3,0.0860822
42,0,42,2728.16,0.0707859
42,0,43,2778.48,0.0569094
42,0,44,2833.54,0.0459156
42,0,45,2882.26,0.038761
42,0,46,2909.51,0.0352639
42,0,47,2898.49,0.0340536
42,0,48,2833.26,0.0333416
42,0,49,2700.47,0.0314188
42,1,0,3169.5,0.468676
42,1,1,3313.26,0.546692
42,1,2,3395.67,0.607944
42,1,3,3436.57,0.656956
42,1,4,3455.95,0.701918
42,1,5,3470.76,0.749506
42,1,6,3491.3,0.800546
42,1,7,3518.46,0.849143
42,1,8,3545.82,0.885832
42,1,9,3564.73,0.902987
42,1,10,3568.9,0.899383
42,1,11,3555.73,0.881163
42,1,12,3527.04,0.859653
42,1,13,3485.22,0.843924
42,1,14,3432.8,0.837107
42,1,15,3371.48,0.836044
42,1,16,3302.07,0.834281
42,1,17,3225.49,0.826451
42,1,18,3143.23,0.810262
42,1,19,3057.98,0.785956
42,1,20,2973.43,0.754097
42,1,21,2894.54,0.714606
42,1,22,2825.82,0.666134
42,1,23,2770.22,0.608077
42,1,24,2728.59,0.541642
42,1,25,2699.79,0.471009
42,1,26,2682.53,0.402183
42,1,27,2675.61,0.34109
42,1,28,2678.32,0.292238
42,1,29,2689.36,0.25752
42,1,30,2706.56,0.236176
42,1,31,2726.92,0.225496
42,1,32,2747.16,0.221177
42,1,33,2764.6,0.218398
42,1,34,2777.84,0.213182
42,1,35,2786.87,0.20302
42,1,36,2792.71,0.187583
42,1,37,2797.38,0.168447
42,1,38,2803.22,0.147795
42,1,39,2813.45,0.12743
42,1,40,2829.88,0.108063
42,1,41,2855.85,0.0899503
42,1,42,2893.23,0.0733577
42,1,43,2940.93,0.0591979
42,1,44,2993.12,0.0485806
42,1,45,3038.78,0.0421129
42,1,46,3063.22,0.0392663
42,1,47,3050.3,0.0384067
42,1,48,2984.14,0.0376104
42,1,49,2850.04,0.0351827
42,2,0,3296.03,0.517905
42,2,1,3439.9,0.60514
42,2,2,3523.11,0.674045
42,2,3,3565.52,0.729514
42,2,4,3586.08,0.780433
42,2,5,3600.69,0.833964
42,2,6,3619.23,0.890729
42,2,7,3643.03,0.944056
42,2,8,3666.57,0.983682
42,2,9,3682.09,1.00175
42,2,10,3683.8,0.997528
42,2,11,3669.25,0.977944
42,2,12,3640.01,0.954813
42,2,13,3597.96,0.937045
42,2,14,3544.9,0.926992
42,2,15,3481.76,0.920886
42,2,16,3408.95,0.912372
42,2,17,3327.47,0.897029
42,2,18,3239.51,0.873926
42,2,19,3148.76,0.844373
42,2,20,3059.91,0.809167
42,2,21,2978.45,0.767661
42,2,22,2908.96,0.71736
42,2,23,2854.01,0.65669
42,2,24,2814,0.586417
42,2,25,2787.56,0.511049
42,2,26,2773.44,0.437419
42,2,27,2770.6,0.372478
42,2,28,2778.34,0.321444
42,2,29,2794.94,0.28631
42,2,30,2817.41,0.26582
42,2,31,2841.85,0.256355
42,2,32,2864.34,0.252638
42,2,33,2882.14,0.249035
42,2,34,2894.29,0.241155
42,2,35,2901.51,0.226588
42,2,36,2905.46,0.20552
42,2,37,2908.44,0.180326
42,2,38,2912.7,0.153993
42,2,39,2921.12,0.129004
42,2,40,2935.34,0.106506
42,2,41,2958.67,0.086887
42,2,42,2993.02,0.0702437
42,2,43,3037.32,0.0571293
42,2,44,3085.72,0.0481437
42,2,45,3127.45,0.0434025
42,2,46,3148.36,0.0419499
42,2,47,3133.02,0.041895
42,2,48,3065.88,0.0412346
42,2,49,2931.6,0.0383927
42,3,0,3373.12,0.544992
42,3,1,3518.33,0.639167
42,3,2,3603.38,0.714648
42,3,3,3647.81,0.776138
42,3,4,3669.52,0.832396
42,3,5,3683.42,0.890404
42,3,6,3699.16,0.950367
42,3,7,3718.75,1.0052
42,3,8,3737.74,1.04456
42,3,9,3749.24,1.06105
42,3,10,3747.9,1.05476
42,3,11,3731.29,1.03324
42,3,12,3700.7,1.00822
42,3,13,3657.61,0.988007
42,3,14,3603.21,0.974035
42,3,15,3537.8,0.962173
42,3,16,3461.42,0.946566
42,3,17,3375.13,0.923959
42,3,18,3281.75,0.894714
42,3,19,3185.94,0.860946
42,3,20,3093.36,0.823498
42,3,21,3010.07,0.7811
42,3,22,2940.54,0.730318
42,3,23,2886.84,0.668852
42,3,24,2848.77,0.597178
42,3,25,2824.65,0.520051
42,3,26,2813.16,0.444836
42,3,27,2813.46,0.379189
42,3,28,2824.95,0.328742
42,3,29,2845.63,0.29544
42,3,30,2871.92,0.27748
42,3,31,2899.24,0.270377
42,3,32,2923.23,0.26802
42,3,33,2941.13,0.26419
42,3,34,2952.41,0.254323
42,3,35,2958.39,0.236309
42,3,36,2961.21,0.210912
42,3,37,2963.34,0.181208
42,3,38,2966.85,0.150822
42,3,39,2974.24,0.122752
42,3,40,2986.98,0.0985121
42,3,41,3008.28,0.0786188
42,3,42,3040.01,0.0630376
42,3,43,3081.07,0.0519713
42,3,44,3125.62,0.0454938
42,3,45,3163.13,0.0432013
42,3,46,3180.01,0.0437004
42,3,47,3161.47,0.0448577
42,3,48,3092.37,0.0446037
42,3,49,2957.3,0.0415136
42,4,0,3414.09,0.552855
42,4,1,3562.2,0.652145
42,4,2,3650.15,0.733499
42,4,3,3696.98,0.800876
42,4,4,3719.59,0.862129
42,4,5,3732.01,0.923416
42,4,6,3743.89,0.984302
42,4,7,3758.1,1.03759
42,4,8,3771.47,1.07345
42,4,9,3778.07,1.0855
42,4,10,3772.91,1.07491
42,4,11,3753.57,1.0498
42,4,12,3721.08,1.02158
42,4,13,3676.55,0.997847
42,4,14,3620.7,0.979294
42,4,15,3553.28,0.961723
42,4,16,3474,0.939979
42,4,17,3383.93,0.911807
42,4,18,3286.33,0.878388
42,4,19,3186.71,0.842111
42,4,20,3091.52,0.80359
42,4,21,3007.18,0.760979
42,4,22,2938,0.710327
42,4,23,2885.46,0.649049
42,4,24,2848.7,0.577642
42,4,25,2825.73,0.501047
42,4,26,2815.19,0.426818
42,4,27,2816.45,0.362883
42,4,28,2829.09,0.314926
42,4,29,2851.16,0.284713
42,4,30,2878.86,0.269972
42,4,31,2907.31,0.265588
42,4,32,2931.98,0.264937
42,4,33,2950.12,0.261547
42,4,34,2961.48,0.250929
42,4,35,2967.67,0.231352
42,4,36,2971.05,0.204037
42,4,37,2973.97,0.172462
42,4,38,2978.22,0.14056
42,4,39,2985.94,0.111568
42,4,40,2998.46,0.0872272
42,4,41,3018.85,0.0681746
42,4,42,3048.87,0.0543428
42,4,43,3087.28,0.0457024
42,4,44,3128.19,0.0419301
42,4,45,3161.34,0.0422043
42,4,46,3173.67,0.0447752
42,4,47,3151.06,0.0473094
42,4,48,3078.86,0.0476623
42,4,49,2941.97,0.0445279
42,5,0,3429.74,0.546899
42,5,1,3581.98,0.649816
42,5,2,3673.41,0.736366
42,5,3,3722.53,0.809394
42,5,4,3745.33,0.875279
42,5,5,3755.16,0.938863
42,5,6,3761.76,0.998857
42,5,7,3769.1,1.0481
42,5,8,3775.46,1.0776
42,5,9,3776.01,1.08236
42,5,10,3766.25,1.06482
42,5,11,3743.76,1.03372
42,5,12,3709.34,1.00027
42,5,13,3663.77,0.971572
42,5,14,3607.34,0.94793
42,5,15,3539.25,0.925336
42,5,16,3458.9,0.8993
42,5,17,3367.23,0.868138
42,5,18,3267.79,0.83318
42,5,19,3166.6,0.796489
42,5,20,3070.61,0.758199
42,5,21,2986.34,0.716022
42,5,22,2917.78,0.665965
42,5,23,2865.81,0.605633
42,5,24,2829.03,0.535831
42,5,25,2805.21,0.461603
42,5,26,2793,0.39032
42,5,27,2792.04,0.329726
42,5,28,2802.26,0.285193
42,5,29,2822.08,0.25825
42,5,30,2848.03,0.246362
42,5,31,2875.43,0.244188
42,5,32,2899.87,0.24506
42,5,33,2918.68,0.242642
42,5,34,2931.62,0.232722
42,5,35,2940.2,0.213892
42,5,36,2946.54,0.18755
42,5,37,2952.58,0.157157
42,5,38,2959.67,0.126557
42,5,39,2969.6,0.0989097
42,5,40,2983.57,0.0760162
42,5,41,3004.53,0.0586175
42,5,42,3034.02,0.0467201
42,5,43,3070.55,0.0402298
42,5,44,3108.15,0.0386405
42,5,45,3136.83,0.0409096
42,5,46,3144.18,0.0450975
42,5,47,3116.8,0.0487705
42,5,48,3040.68,0.0497247
42,5,49,2901.33,0.0467171
42,6,0,3427.16,0.532182
42,6,1,3584.08,0.637196
42,6,2,3678.92,0.727843
42,6,3,3729.68,0.805742
42,6,4,3751.59,0.875548
42,6,5,3757.44,0.940502
42,6,6,3757.21,0.998284
42,6,7,3756.06,1.04179
42,6,8,3753.95,1.06296
42,6,9,3747.38,1.0583
42,6,10,3732.48,1.0316
42,6,11,3706.93,0.9924
42,6,12,3671.31,0.95189
42,6,13,3626.04,0.917051
42,6,14,3570.86,0.888162
42,6,15,3504.41,0.861553
42,6,16,3425.67,0.833214
42,6,17,3335.36,0.801561
42,6,18,3237.1,0.767484
42,6,19,3137.11,0.732292
42,6,20,3042.52,0.695528
42,6,21,2959.63,0.65465
42,6,22,2891.96,0.606021
42,6,23,2839.86,0.547751
42,6,24,2801.52,0.481092
42,6,25,2774.62,0.41102
42,6,26,2757.89,0.34436
42,6,27,2751.24,0.288247
42,6,28,2755.13,0.247449
42,6,29,2768.74,0.223252
42,6,30,2789.48,0.213151
42,6,31,2813.41,0.212079
42,6,32,2836.63,0.213846
42,6,33,2856.61,0.212645
42,6,34,2872.86,0.204675
42,6,35,2886.36,0.188691
42,6,36,2898.51,0.165931
42,6,37,2910.45,0.139412
42,6,38,2922.96,0.112518
42,6,39,2937.42,0.0880626
42,6,40,2954.94,0.0677528
42,6,41,2978.25,0.0523946
42,6,42,3008.6,0.0421452
42,6,43,3044.15,0.0369997
42,6,44,3078.87,0.0364955
42,6,45,3103.15,0.0396033
42,6,46,3105.34,0.0444147
42,6,47,3072.91,0.0485524
42,6,48,2992.63,0.0498231
42,6,49,2850.77,0.0470124
42,7,0,3409.14,0.511855
42,7,1,3570.66,0.617174
42,7,2,3668.36,0.710281
42,7,3,3719.75,0.791699
42,7,4,3739.49,0.864368
42,7,5,3740.01,0.929815
42,7,6,3731.58,0.984575
42,7,7,3720.67,1.02152
42,7,8,3709.03,1.03352
42,7,9,3694.76,1.01853
42,7,10,3674.82,0.981686
42,7,11,3647.07,0.933337
42,7,12,3611.83,0.884902
42,7,13,3568.94,0.843493
42,7,14,3517.44,0.809616
42,7,15,3455.23,0.779981
42,7,16,3380.78,0.750845
42,7,17,3294.57,0.720383
42,7,18,3200.17,0.688742
42,7,19,3103.83,0.656334
42,7,20,3012.62,0.622181
42,7,21,2932.37,0.5837
42,7,22,2866.06,0.537827
42,7,23,2813.46,0.483271
42,7,24,2772.52,0.421656
42,7,25,2740.89,0.357645
42,7,26,2717.39,0.297208
42,7,27,2702.28,0.246532
42,7,28,2696.66,0.209588
42,7,29,2700.76,0.187451
42,7,30,2713.29,0.177941
42,7,31,2731.6,0.176728
42,7,32,2752.67,0.178565
42,7,33,2774.23,0.178501
42,7,34,2795.38,0.173215
42,7,35,2816.16,0.161459
42,7,36,2836.9,0.144015
42,7,37,2857.6,0.12314
42,7,38,2878.28,0.101497
42,7,39,2899.84,0.0813729
42,7,40,2923.17,0.0642512
42,7,41,2950.7,0.0509357
42,7,42,2983.29,0.0417511
42,7,43,3018.76,0.03688
42,7,44,3051.11,0.0360866
42,7,45,3071.29,0.0385748
42,7,46,3068.58,0.0426953
42,7,47,3031.4,0.046316
42,7,48,2947.38,0.0473722
42,7,49,2803.59,0.0446847
42,8,0,3375.54,0.48756
42,8,1,3541.21,0.591248
42,8,2,3640.99,0.684887
42,8,3,3691.95,0.768153
42,8,4,3708.36,0.842452
42,8,5,3702.47,0.907619
42,8,6,3685,0.959034
42,8,7,3663.77,0.989481
42,8,8,3642.45,0.992713
42,8,9,3620.87,0.96798
42,8,10,3597.01,0.921615
42,8,11,3568.84,0.864664
42,8,12,3536.19,0.808784
42,8,13,3498.01,0.761277
42,8,14,3452.37,0.72299
42,8,15,3396.31,0.691004
42,8,16,3327.84,0.661709
42,8,17,3247.3,0.632939
42,8,18,3158.32,0.604118
42,8,19,3067.2,0.5749
42,8,20,2980.81,0.543991
42,8,21,2904.42,0.508948
42,8,22,2840.31,0.467333
42,8,23,2787.63,0.41833
42,8,24,2744.05,0.363717
42,8,25,2707.19,0.307583
42,8,26,2676.04,0.254823
42,8,27,2651.19,0.21046
42,8,28,2634.43,0.177571
42,8,29,2627.15,0.157045
42,8,30,2629.65,0.147237
42,8,31,2640.9,0.144881
42,8,32,2659.08,0.145997
42,8,33,2682.38,0.146697
42,8,34,2709.47,0.144189
42,8,35,2739.26,0.137104
42,8,36,2770.74,0.125609
42,8,37,2802.56,0.111049
42,8,38,2833.79,0.0952481
42,8,39,2864.69,0.079865
42,8,40,2895.75,0.0660618
42,8,41,2928.98,0.0545469
42,8,42,2964.8,0.045773
42,8,43,3000.85,0.0401463
42,8,44,3031.37,0.0377743
42,8,45,3048.06,0.0382622
42,8,46,3041.19,0.0404079
42,8,47,3000.16,0.0424917
42,8,48,2913.43,0.0427038
42,8,49,2768.71,0.0399363
42,9,0,3325.47,0.460622
42,9,1,3494.71,0.560966
42,9,2,3595.88,0.653323
42,9,3,3645.58,0.736797
42,9,4,3657.86,0.811524
42,9,5,3645.02,0.875815
42,9,6,3618.45,0.924032
42,9,7,3587.43,0.948906
42,9,8,3557.58,0.945
42,9,9,3530.49,0.912654
42,9,10,3504.98,0.859034
42,9,11,3478.86,0.795543
42,9,12,3451.08,0.733875
42,9,13,3419.29,0.681404
42,9,14,3380.47,0.639347
42,9,15,3330.92,0.605189
42,9,16,3268.44,0.575469
42,9,17,3193.55,0.547805
42,9,18,3110.19,0.521139
42,9,19,3024.84,0.494662
42,9,20,2944.18,0.467004
42,9,21,2872.79,0.435988
42,9,22,2812.1,0.399729
42,9,23,2760.53,0.357687
42,9,24,2715.39,0.311539
42,9,25,2674.25,0.264595
42,9,26,2636.26,0.220576
42,9,27,2602.32,0.183224
42,9,28,2574.87,0.154682
42,9,29,2556.36,0.135637
42,9,30,2548.65,0.125069
42,9,31,2552.44,0.12092
42,9,32,2567.34,0.120627
42,9,33,2592.23,0.121471
42,9,34,2625.47,0.121221
42,9,35,2664.92,0.118376
42,9,36,2708.16,0.112469
42,9,37,2752.34,0.103938
42,9,38,2795.41,0.0937571
42,9,39,2836.8,0.0829274
42,9,40,2876.47,0.0722271
42,9,41,2915.92,0.0621769
42,9,42,2955.25,0.0532921
42,9,43,2992.12,0.0461923
42,9,44,3021.27,0.0413744
42,9,45,3035.27,0.0389346
42,9,46,3025.38,0.0382244
42,9,47,2981.88,0.0380344
42,9,48,2893.91,0.0368955
42,9,49,2749.58,0.0338075
42,10,0,3259.35,0.433392
42,10,1,3431.73,0.529287
42,10,2,3534.02,0.618914
42,10,3,3582.15,0.701027
42,10,4,3590.11,0.774828
42,10,5,3570.58,0.837477
42,10,6,3535.87,0.882705
42,10,7,3496.87,0.903389
42,10,8,3461.04,0.894859
42,10,9,3431.43,0.858217
42,10,10,3407.26,0.80093
42,10,11,3385.65,0.734205
42,10,12,3364.17,0.669379
42,10,13,3338.99,0.613654
42,10,14,3306.15,0.568585
42,10,15,3261.62,0.532136
42,10,16,3203.47,0.501153
42,10,17,3132.86,0.473308
42,10,18,3054.33,0.447419
42,10,19,2974.65,0.422536
42,10,20,2900.2,0.397426
42,10,21,2834.78,0.370244
42,10,22,2778.84,0.339546
42,10,23,2729.97,0.304897
42,10,24,2685.08,0.267699
42,10,25,2641.71,0.230395
42,10,26,2599.17,0.195525
42,10,27,2558.61,0.165509
42,10,28,2522.91,0.141538
42,10,29,2495.33,0.124029
42,10,30,2479,0.112552
42,10,31,2476.17,0.106247
42,10,32,2487.91,0.103961
42,10,33,2513.98,0.104163
42,10,34,2552.76,0.105218
42,10,35,2601.23,0.105563
42,10,36,2655.66,0.104186
42,10,37,2711.76,0.100726
42,10,38,2766.27,0.0953741
42,10,39,2817.7,0.088499
42,10,40,2865.41,0.080482
42,10,41,2910.43,0.0715988
42,10,42,2952.76,0.0623676
42,10,43,2990.31,0.0535815
42,10,44,3018.48,0.0461014
42,10,45,3030.72,0.0405134
42,10,46,3019.16,0.0367256
42,10,47,2974.77,0.0340396
42,10,48,2887.19,0.0313444
42,10,49,2744.74,0.0277625
42,11,0,3179.72,0.408884
42,11,1,3355.25,0.499957
42,11,2,3458.97,0.585767
42,11,3,3505.99,0.664841
42,11,4,3510.36,0.735881
42,11,5,3485.38,0.795535
42,11,6,3444.6,0.837571
42,11,7,3400.53,0.855405
42,11,8,3362.22,0.845109
42,11,9,3333.55,0.808114
42,11,10,3313.49,0.751509
42,11,11,3297.87,0.685622
42,11,12,3282.55,0.620928
42,11,13,3262.39,0.564158
42,11,14,3232.92,0.517127
42,11,15,3190.47,0.478362
42,11,16,3133.96,0.445222
42,11,17,3065.57,0.415754
42,11,18,2990.62,0.389009
42,11,19,2916.06,0.364186
42,11,20,2847.86,0.34034
42,11,21,2788.9,0.315976
42,11,22,2738.58,0.290001
42,11,23,2693.74,0.262008
42,11,24,2651,0.233082
42,11,25,2607.91,0.204838
42,11,26,2563.97,0.178712
42,11,27,2520.46,0.155823
42,11,28,2480.46,0.136395
42,11,29,2447.61,0.120483
42,11,30,2425.8,0.108124
42,11,31,2418.45,0.0995255
42,11,32,2427.86,0.0948251
42,11,33,2454.77,0.0936108
42,11,34,2497.8,0.0948624
42,11,35,2553.41,0.0970541
42,11,36,2616.87,0.098774
42,11,37,2682.62,0.0990256
42,11,38,2746.34,0.0973421
42,11,39,2805.73,0.0935477
42,11,40,2859.6,0.087679
42,11,41,2908.71,0.0797708
42,11,42,2953.06,0.0703088
42,11,43,2990.98,0.0601964
42,11,44,3018.56,0.0505645
42,11,45,3030.01,0.0423895
42,11,46,3018.11,0.0360363
42,11,47,2974.34,0.0312239
42,11,48,2888.67,0.0271479
42,11,49,2749.45,0.0230463
42,12,0,3091.99,0.39019
42,12,1,3271.19,0.476695
42,12,2,3377.35,0.557802
42,12,3,3424.58,0.631861
42,12,4,3427.06,0.69759
42,12,5,3399,0.752007
42,12,6,3355.28,0.78981
42,12,7,3309.86,0.805497
42,12,8,3272.81,0.795891
42,12,9,3248.12,0.762279
42,12,10,3233.76,0.710666
42,12,11,3223.95,0.649824
42,12,12,3212.92,0.588865
42,12,13,3194.69,0.533768
42,12,14,3164.98,0.486465
42,12,15,3121.12,0.446053
42,12,16,3063.36,0.410538
42,12,17,2995.13,0.378581
42,12,18,2922.41,0.349716
42,12,19,2852.12,0.323494
42,12,20,2789.54,0.299347
42,12,21,2736.54,0.27614
42,12,22,2691.61,0.253106
42,12,23,2651.16,0.229915
42,12,24,2611.72,0.207437
42,12,25,2571.06,0.186616
42,12,26,2528.88,0.167932
42,12,27,2486.48,0.151303
42,12,28,2446.81,0.136005
42,12,29,2413.46,0.12165
42,12,30,2390.49,0.108584
42,12,31,2381.91,0.0978603
42,12,32,2390.8,0.0906755
42,12,33,2418.67,0.0875705
42,12,34,2464.48,0.0880906
42,12,35,2524.53,0.090832
42,12,36,2593.5,0.0941432
42,12,37,2665.1,0.0965906
42,12,38,2734.36,0.0972338
42,12,39,2798.47,0.0955029
42,12,40,2855.93,0.0911998
42,12,41,2907.3,0.0841798
42,12,42,2952.71,0.0748827
42,12,43,2990.84,0.0642459
42,12,44,3018.33,0.0535301
42,12,45,3029.97,0.0439321
42,12,46,3018.97,0.0360959
42,12,47,2977.11,0.0299951
42,12,48,2894.57,0.0250277
42,12,49,2759.66,0.0205199
42,13,0,3001.07,0.378098
42,13,1,3184.88,0.460471
42,13,2,3294.96,0.535974
42,13,3,3344.27,0.602787
42,13,4,3347.19,0.660182
42,13,5,3318.95,0.706496
42,13,6,3275.74,0.738307
42,13,7,3232.62,0.751782
42,13,8,3200.01,0.744519
42,13,9,3181.23,0.717249
42,13,10,3172.84,0.674291
42,13,11,3167.41,0.622311
42,13,12,3157.98,0.568635
42,13,13,3138.34,0.518243
42,13,14,3104.97,0.472963
42,13,15,3056.65,0.432351
42,13,16,2995.2,0.395083
42,13,17,2925.27,0.360547
42,13,18,2853.29,0.328916
42,13,19,2785.82,0.300237
42,13,20,2727.2,0.274353
42,13,21,2678.37,0.250507
42,13,22,2637.25,0.22826
42,13,23,2600.18,0.207472
42,13,24,2564.06,0.188956
42,13,25,2527.06,0.173214
42,13,26,2489.15,0.159981
42,13,27,2451.54,0.148167
42,13,28,2416.76,0.136197
42,13,29,2387.89,0.123228
42,13,30,2368.61,0.109752
42,13,31,2362.84,0.0973958
42,13,32,2373.85,0.0880999
42,13,33,2403.48,0.0830931
42,13,34,2450.96,0.0823601
42,13,35,2512.67,0.0846596
42,13,36,2583.27,0.0882542
42,13,37,2656.45,0.0914937
42,13,38,2727.21,0.0931908
42,13,39,2792.65,0.0925745
42,13,40,2851.2,0.0893491
42,13,41,2903.32,0.0832793
42,13,42,2949.18,0.0747558
42,13,43,2987.65,0.064668
42,13,44,3015.72,0.0542486
42,13,45,3028.47,0.0447119
42,13,46,3019.34,0.0367655
42,13,47,2980.31,0.0304456
42,13,48,2901.67,0.0252256
42,13,49,2771.67,0.0204902
42,14,0,2911.6,0.371748
42,14,1,3100.72,0.450324
42,14,2,3215.9,0.519321
42,14,3,3268.86,0.576757
42,14,4,3274.24,0.622923
42,14,5,3248.34,0.658303
42,14,6,3208.54,0.682139
42,14,7,3170.55,0.692753
42,14,8,3144.49,0.688548
42,14,9,3132.48,0.669403
42,14,10,3129.49,0.637541
42,14,11,3126.77,0.59718
42,14,12,3116.67,0.553585
42,14,13,3093.27,0.510581
42,14,14,3054.09,0.469677
42,14,15,2999.45,0.43072
42,14,16,2932.72,0.392972
42,14,17,2859.59,0.356543
42,14,18,2786.71,0.322263
42,14,19,2720.03,0.290732
42,14,20,2662.92,0.262198
42,14,21,2615.55,0.236282
42,14,22,2575.62,0.212901
42,14,23,2539.93,0.192215
42,14,24,2506.06,0.175145
42,14,25,2472.91,0.161983
42,14,26,2440.79,0.151958
42,14,27,2410.76,0.14325
42,14,28,2384.74,0.133622
42,14,29,2364.89,0.121845
42,14,30,2354,0.108427
42,14,31,2355.22,0.0952718
42,14,32,2371.36,0.0846947
42,14,33,2404.07,0.0782746
42,14,34,2452.61,0.0762457
42,14,35,2513.71,0.0775295
42,14,36,2582.55,0.0804503
42,14,37,2653.57,0.0833736
42,14,38,2722.35,0.0851117
42,14,39,2786.37,0.0848898
42,14,40,2844.17,0.082432
42,14,41,2896.13,0.0774889
42,14,42,2942.32,0.0703917
42,14,43,2981.59,0.0619092
42,14,44,3010.97,0.053115
42,14,45,3025.62,0.0450603
42,14,46,3019.08,0.0383143
42,14,47,2983.41,0.0327881
42,14,48,2909.01,0.0279023
42,14,49,2784.11,0.0230697
42,15,0,2827.65,0.36901
42,15,1,3021.85,0.443976
42,15,2,3142.24,0.505864
42,15,3,3199.36,0.552549
42,15,4,3208.12,0.585632
42,15,5,3185.91,0.608246
42,15,6,3151.12,0.622749
42,15,7,3119.78,0.6299
42,15,8,3101.22,0.628933
42,15,9,3096.11,0.618725
42,15,10,3097.92,0.599215
42,15,11,3096.95,0.571995
42,15,12,3085.23,0.540123
42,15,13,3057.36,0.50617
42,15,14,3011.83,0.471181
42,15,15,2950.31,0.435174
42,15,16,2877.42,0.397945
42,15,17,2799.74,0.360291
42,15,18,2724.07,0.323679
42,15,19,2655.82,0.289268
42,15,20,2597.55,0.25767
42,15,21,2548.9,0.22887
42,15,22,2507.61,0.203143
42,15,23,2471.16,0.180997
42,15,24,2438.15,0.163527
42,15,25,2408.41,0.15097
42,15,26,2382.78,0.142245
42,15,27,2362.22,0.135099
42,15,28,2347.82,0.126889
42,15,29,2340.57,0.116151
42,15,30,2341.86,0.103346
42,15,31,2353.53,0.090394
42,15,32,2377.36,0.07962
42,15,33,2414.36,0.0725996
42,15,34,2463.74,0.0696017
42,15,35,2522.81,0.069683
42,15,36,2587.72,0.071362
42,15,37,2654.19,0.0732397
42,15,38,2718.86,0.0743576
42,15,39,2779.87,0.0741008
42,15,40,2835.97,0.0722841
42,15,41,2887.49,0.0686823
42,15,42,2934.24,0.0635442
42,15,43,2974.83,0.057468
42,15,44,3006.11,0.0512916
42,15,45,3023.18,0.0457843
42,15,46,3019.56,0.0412239
42,15,47,2987.42,0.0372435
42,15,48,2917.29,0.0330939
42,15,49,2797.38,0.0281825
42,16,0,2752.68,0.367246
42,16,1,2950.47,0.438732
42,16,2,3074.81,0.493516
42,16,3,3135.2,0.529346
42,16,4,3146.87,0.549177
42,16,5,3128.24,0.558888
42,16,6,3098.58,0.564019
42,16,7,3073.98,0.567819
42,16,8,3062.85,0.570367
42,16,9,3064.4,0.56953
42,16,10,3070.82,0.562923
42,16,11,3071.76,0.549435
42,16,12,3059.09,0.529795
42,16,13,3027.79,0.505225
42,16,14,2976.98,0.476244
42,16,15,2909.16,0.443059
42,16,16,2829.85,0.406105
42,16,17,2746.41,0.366964
42,16,18,2665.99,0.327799
42,16,19,2593.88,0.290353
42,16,20,2532.2,0.255565
42,16,21,2480.26,0.22372
42,16,22,2435.9,0.195369
42,16,23,2397.32,0.171285
42,16,24,2364.17,0.152658
42,16,25,2337.36,0.139684
42,16,26,2318.41,0.131089
42,16,27,2308.25,0.124448
42,16,28,2307.13,0.116987
42,16,29,2314.6,0.107213
42,16,30,2330.29,0.0955485
42,16,31,2354.31,0.0837455
42,16,32,2387.08,0.0738417
42,16,33,2428.85,0.0671011
42,16,34,2478.87,0.0636236
42,16,35,2535.27,0.0625553
42,16,36,2595.48,0.0627085
42,16,37,2656.7,0.0630982
42,16,38,2716.74,0.0631801
42,16,39,2774.48,0.062621
42,16,40,2828.9,0.0613589
42,16,41,2880.2,0.0591985
42,16,42,2927.87,0.0562757
42,16,43,2970.13,0.0529923
42,16,44,3003.56,0.0499272
42,16,45,3023.11,0.0475187
42,16,46,3022.37,0.0456702
42,16,47,2993.64,0.0436356
42,16,48,2927.59,0.0404074
42,16,49,2812.47,0.0353511
42,17,0,2689.1,0.363685
42,17,1,2888.25,0.431906
42,17,2,3014.44,0.480388
42,17,3,3076.38,0.506736
42,17,4,3089.6,0.51503
42,17,5,3073.37,0.513569
42,17,6,3047.66,0.510761
42,17,7,3028.57,0.512213
42,17,8,3023.73,0.518885
42,17,9,3031.24,0.527784
42,17,10,3042.36,0.534326
42,17,11,3046.23,0.534672
42,17,12,3034.51,0.527072
42,17,13,3002.18,0.51121
42,17,14,2948.36,0.487027
42,17,15,2875.78,0.455046
42,17,16,2790.44,0.416632
42,17,17,2700.42,0.374454
42,17,18,2613.66,0.331603
42,17,19,2535.93,0.290532
42,17,20,2469.42,0.252499
42,17,21,2413.36,0.217982
42,17,22,2365.57,0.187621
42,17,23,2324.73,0.162215
42,17,24,2291.34,0.142813
42,17,25,2267.34,0.129444
42,17,26,2254.98,0.120656
42,17,27,2255.3,0.114043
42,17,28,2267.7,0.106963
42,17,29,2290.17,0.0981306
42,17,30,2320.45,0.0879998
42,17,31,2356.74,0.0780637
42,17,32,2398.12,0.0698635
42,17,33,2444.2,0.0641151
42,17,34,2494.5,0.0605734
42,17,35,2548.22,0.0584129
42,17,36,2604.12,0.0567999
42,17,37,2660.81,0.0552967
42,17,38,2717.08,0.0539139
42,17,39,2772.41,0.052698
42,17,40,2825.86,0.0517354
42,17,41,2877.43,0.050852
42,17,42,2926.21,0.0500392
42,17,43,2970.07,0.049485
42,17,44,3005.35,0.0495132
42,17,45,3026.98,0.0502333
42,17,46,3028.67,0.0511567
42,17,47,3002.96,0.0511247
42,17,48,2940.71,0.0488272
42,17,49,2830.2,0.0435563
42,18,0,2637.68,0.355892
42,18,1,2836.07,0.421116
42,18,2,2962.11,0.464699
42,18,3,3023.95,0.484026
42,18,4,3037.28,0.483854
42,18,5,3021.91,0.474248
42,18,6,2998.26,0.465916
42,18,7,2982.51,0.466568
42,18,8,2981.94,0.478148
42,18,9,2994.15,0.497125
42,18,10,3009.94,0.516983
42,18,11,3018.06,0.531169
42,18,12,3009.73,0.535233
42,18,13,2979.34,0.526982
42,18,14,2925.41,0.505645
42,18,15,2850.21,0.47223
42,18,16,2759.8,0.429468
42,18,17,2663.03,0.381638
42,18,18,2569.05,0.333209
42,18,19,2484.73,0.287594
42,18,20,2412.92,0.246404
42,18,21,2352.96,0.210138
42,18,22,2302.59,0.179197
42,18,23,2260.57,0.154013
42,18,24,2227.87,0.135129
42,18,25,2207.15,0.122174
42,18,26,2201.22,0.11349
42,18,27,2211.26,0.106845
42,18,28,2235.91,0.0999829
42,18,29,2271.74,0.092061
42,18,30,2314.7,0.0836784
42,18,31,2361.3,0.0760445
42,18,32,2409.53,0.0700738
42,18,33,2458.7,0.0657709
42,18,34,2508.86,0.0624053
42,18,35,2560.32,0.0591126
42,18,36,2613.13,0.0554316
42,18,37,2666.96,0.0515555
42,18,38,2721.27,0.0481475
42,18,39,2775.74,0.0457194
42,18,40,2829.3,0.0445427
42,18,41,2881.61,0.0444623
42,18,42,2931.39,0.0453001
42,18,43,2976.26,0.0470134
42,18,44,3012.54,0.0496794
42,18,45,3035.33,0.0531108
42,18,46,3038.67,0.0564685
42,18,47,3015.39,0.0582184
42,18,48,2956.58,0.0567621
42,18,49,2850.53,0.0512989
42,19,0,2596.97,0.341743
42,19,1,2793.36,0.404118
42,19,2,2918.22,0.444377
42,19,3,2979.28,0.459583
42,19,4,2992.12,0.454591
42,19,5,2976.63,0.44039
42,19,6,2953.31,0.429258
42,19,7,2938.51,0.430671
42,19,8,2939.78,0.447708
42,19,9,2955.01,0.476749
42,19,10,2975.17,0.509785
42,19,11,2988.75,0.537696
42,19,12,2986.22,0.55314
42,19,13,2960.84,0.551654
42,19,14,2909.85,0.531528
42,19,15,2834.58,0.494324
42,19,16,2740.76,0.444526
42,19,17,2637.92,0.388552
42,19,18,2536.62,0.33276
42,19,19,2445.34,0.281821
42,19,20,2368.11,0.237782
42,19,21,2304.74,0.200987
42,19,22,2252.88,0.171221
42,19,23,2211.14,0.1481
42,19,24,2180.45,0.131261
42,19,25,2163.67,0.119691
42,19,26,2163.82,0.111509
42,19,27,2182.07,0.104812
42,19,28,2216.42,0.0979844
42,19,29,2262.38,0.0908441
42,19,30,2314.56,0.0842415
42,19,31,2368.3,0.0790962
42,19,32,2420.92,0.0756079
42,19,33,2471.74,0.0729614
42,19,34,2521.46,0.0698411
42,19,35,2571.43,0.0652826
42,19,36,2622.72,0.0591881
42,19,37,2675.75,0.0524212
42,19,38,2730.21,0.0463496
42,19,39,2785.59,0.0420179
42,19,40,2840.35,0.0399289
42,19,41,2893.69,0.0399537
42,19,42,2944.01,0.0417317
42,19,43,2988.92,0.0449727
42,19,44,3025,0.0495128
42,19,45,3047.8,0.0549157
42,19,46,3051.84,0.0600799
42,19,47,3030.29,0.0631996
42,19,48,2974.47,0.0624597
42,19,49,2872.71,0.0569665
42,20,0,2564.35,0.320867
42,20,1,2758.55,0.380254
42,20,2,2882.37,0.418383
42,20,3,2943.15,0.431927
42,20,4,2956.07,0.42532
42,20,5,2940.59,0.40965
42,20,6,2916.82,0.397998
42,20,7,2901.27,0.401196
42,20,8,2902.28,0.423537
42,20,9,2918.81,0.46179
42,20,10,2942.64,0.507014
42,20,11,2962.21,0.547879
42,20,12,2967.09,0.574198
42,20,13,2949.01,0.578996
42,20,14,2903.54,0.559393
42,20,15,2830.7,0.517432
42,20,16,2735.66,0.459469
42,20,17,2628.29,0.394333
42,20,18,2520.49,0.330584
42,20,19,2422.49,0.274367
42,20,20,2339.89,0.228242
42,20,21,2273.35,0.192264
42,20,22,2220.72,0.165303
42,20,23,2180.33,0.145788
42,20,24,2152.68,0.132135
42,20,25,2140.24,0.122526
42,20,26,2145.71,0.114904
42,20,27,2169.96,0.107879
42,20,28,2210.55,0.100708
42,20,29,2262.4,0.0940387
42,20,30,2319.53,0.0890337
42,20,31,2376.76,0.0863036
42,20,32,2431.26,0.0852763
42,20,33,2482.51,0.0842697
42,20,34,2531.82,0.0813474
42,20,35,2581.34,0.0754144
42,20,36,2632.87,0.066709
42,20,37,2687.21,0.0567497
42,20,38,2743.84,0.0475911
42,20,39,2801.67,0.040825
42,20,40,2858.41,0.0372103
42,20,41,2912.75,0.0366524
42,20,42,2962.93,0.0386115
42,20,43,3006.81,0.0425469
42,20,44,3041.5,0.0480657
42,20,45,3063.23,0.0545432
42,20,46,3067.04,0.0607326
42,20,47,3046.51,0.0647052
42,20,48,2993.13,0.0645463
42,20,49,2895.33,0.0592911
42,21,0,2537.5,0.295271
42,21,1,2729.86,0.35132
42,21,2,2853.39,0.387896
42,21,3,2915.1,0.401319
42,21,4,2929.56,0.395273
42,21,5,2915.33,0.380294
42,21,6,2891.75,0.369561
42,21,7,2875.23,0.374764
42,21,8,2875.04,0.401339
42,21,9,2891.65,0.44679
42,21,10,2918.1,0.501859
42,21,11,2943.17,0.553634
42,21,12,2955.62,0.589525
42,21,13,2945.62,0.600189
42,21,14,2907.07,0.581508
42,21,15,2838.63,0.535774
42,21,16,2744.63,0.470935
42,21,17,2634.93,0.397997
42,21,18,2522.24,0.327609
42,21,19,2418.29,0.267344
42,21,20,2330.37,0.220304
42,21,21,2260.45,0.186237
42,21,22,2206.97,0.163013
42,21,23,2168.15,0.147738
42,21,24,2143.79,0.137513
42,21,25,2135.46,0.129706
42,21,26,2144.99,0.122191
42,21,27,2172.66,0.114251
42,21,28,2215.7,0.106162
42,21,29,2269.04,0.0994562
42,21,30,2326.86,0.0956026
42,21,31,2384.18,0.0948754
42,21,32,2438.41,0.0959375
42,21,33,2489.33,0.0962968
42,21,34,2538.67,0.0934614
42,21,35,2589.08,0.086223
42,21,36,2642.75,0.0751045
42,21,37,2700.4,0.0621757
42,21,38,2760.91,0.0500528
42,21,39,2822.27,0.040792
42,21,40,2881.37,0.035384
42,21,41,2936.42,0.0337747
42,21,42,2985.76,0.0352806
42,21,43,3027.75,0.0391463
42,21,44,3060.22,0.0447888
42,21,45,3080.12,0.0514676
42,21,46,3083.04,0.0579128
42,21,47,3062.88,0.0622279
42,21,48,3011.34,0.0625277
42,21,49,2916.9,0.0578129
42,22,0,2515.97,0.26936
42,22,1,2706.76,0.321736
42,22,2,2830.56,0.356738
42,22,3,2894.24,0.370498
42,22,4,2911.72,0.365899
42,22,5,2900.51,0.352576
42,22,6,2878.83,0.343256
42,22,7,2862.61,0.349927
42,22,8,2861.66,0.378878
42,22,9,2877.82,0.42847
42,22,10,2905.58,0.489673
42,22,11,2934.39,0.548832
42,22,12,2952.73,0.591839
42,22,13,2949.71,0.607625
42,22,14,2917.97,0.591039
42,22,15,2855.02,0.544329
42,22,16,2764.22,0.476336
42,22,17,2654.86,0.399419
42,22,18,2539.74,0.325633
42,22,19,2431.36,0.263574
42,22,20,2338.51,0.216828
42,22,21,2264.76,0.18498
42,22,22,2209.65,0.165146
42,22,23,2171.61,0.153356
42,22,24,2149.78,0.145628
42,22,25,2144.49,0.138683
42,22,26,2156.33,0.130458
42,22,27,2184.74,0.120943
42,22,28,2226.76,0.111393
42,22,29,2277.75,0.104108
42,22,30,2332.68,0.100771
42,22,31,2387.33,0.101316
42,22,32,2439.7,0.103755
42,22,33,2489.92,0.104982
42,22,34,2540.02,0.102128
42,22,35,2592.83,0.0939343
42,22,36,2650.49,0.0811184
42,22,37,2713.18,0.0660947
42,22,38,2778.81,0.0517998
42,22,39,2844.27,0.0405689
42,22,40,2905.65,0.0335489
42,22,41,2961.01,0.0307359
42,22,42,3009.03,0.0313782
42,22,43,3048.73,0.0345918
42,22,44,3078.72,0.0396748
42,22,45,3096.56,0.0458484
42,22,46,3098.3,0.0519204
42,22,47,3078.09,0.0561531
42,22,48,3027.76,0.0568022
42,22,49,2935.9,0.0528777
42,23,0,2501.75,0.248962
42,23,1,2690.74,0.29771
42,23,2,2814.61,0.330863
42,23,3,2880.32,0.344622
42,23,4,2901.44,0.341274
42,23,5,2894.53,0.329496
42,23,6,2876.57,0.321226
42,23,7,2862.55,0.328219
42,23,8,2862.11,0.357186
42,23,9,2877.79,0.407258
42,23,10,2905.25,0.470052
42,23,11,2934.96,0.532063
42,23,12,2955.9,0.578811
42,23,13,2957.06,0.59848
42,23,14,2930.57,0.585345
42,23,15,2873.16,0.541331
42,23,16,2787.23,0.475248
42,23,17,2680.98,0.399587
42,23,18,2566.38,0.326696
42,23,19,2455.83,0.265487
42,23,20,2359.09,0.219854
42,23,21,2281.3,0.189482
42,23,22,2223.56,0.171279
42,23,23,2184.9,0.160824
42,23,24,2164.05,0.153597
42,23,25,2160.09,0.146029
42,23,26,2172.24,0.13622
42,23,27,2199.02,0.124725
42,23,28,2237.34,0.113497
42,23,29,2283.23,0.105288
42,23,30,2332.78,0.101826
42,23,31,2382.88,0.102747
42,23,32,2432.34,0.105648
42,23,33,2481.8,0.107137
42,23,34,2533.49,0.104245
42,23,35,2590.14,0.095745
42,23,36,2653.42,0.0824193
42,23,37,2722.47,0.0667268
42,23,38,2793.95,0.0515937
42,23,39,2863.6,0.0393773
42,23,40,2927.02,0.0312781
42,23,41,2982.41,0.027369
42,23,42,3029.03,0.0269484
42,23,43,3066.62,0.0291345
42,23,44,3094.44,0.033202
42,23,45,3110.52,0.0384019
42,23,46,3111.18,0.0436803
42,23,47,3090.73,0.0475323
42,23,48,3041.07,0.0484271
42,23,49,2950.87,0.0454269
42,24,0,2497.26,0.239562
42,24,1,2683.89,0.2854
42,24,2,2806.88,0.316636
42,24,3,2873.72,0.329809
42,24,4,2897.94,0.326943
42,24,5,2895.51,0.315916
42,24,6,2882.3,0.307725
42,24,7,2871.96,0.313495
42,24,8,2873.11,0.339945
42,24,9,2888.15,0.386822
42,24,10,2913.37,0.446683
42,24,11,2940.54,0.506968
42,24,12,2959.99,0.553912
42,24,13,2961.67,0.575972
42,24,14,2938.08,0.567366
42,24,15,2885.68,0.529492
42,24,16,2805.87,0.470242
42,24,17,2705.34,0.400981
42,24,18,2594.45,0.333126
42,24,19,2484.57,0.275054
42,24,20,2385.67,0.230685
42,24,21,2304.21,0.200075
42,24,22,2242.97,0.180608
42,24,23,2202.03,0.168272
42,24,24,2180.08,0.158796
42,24,25,2175.28,0.148805
42,24,26,2185.67,0.136649
42,24,27,2208.89,0.123157
42,24,28,2241.81,0.110492
42,24,29,2281.1,0.101393
42,24,30,2323.99,0.0974036
42,24,31,2368.55,0.0979352
42,24,32,2414.61,0.100476
42,24,33,2463.42,0.101744
42,24,34,2517.41,0.0989622
42,24,35,2579.02,0.0910134
42,24,36,2649.03,0.0785906
42,24,37,2725.18,0.063868
42,24,38,2802.69,0.0494176
42,24,39,2876.4,0.0373582
42,24,40,2941.69,0.0288465
42,24,41,2997.16,0.0240745
42,24,42,3042.77,0.0225268
42,24,43,3078.9,0.0234692
42,24,44,3105.28,0.0262551
42,24,45,3120.21,0.0302179
42,24,46,3120.14,0.0344632
42,24,47,3099.43,0.0377391
42,24,48,3050.01,0.0387591
42,24,49,2960.58,0.0366712
42,25,0,2503.24,0.243869
42,25,1,2687,0.288147
42,25,2,2807.99,0.317908
42,25,3,2874.51,0.33023
42,25,4,2900.48,0.327187
42,25,5,2901.64,0.316042
42,25,6,2892.98,0.306812
42,25,7,2886.59,0.309745
42,25,8,2889.49,0.331315
42,25,9,2903.1,0.371805
42,25,10,2923.94,0.424958
42,25,11,2945.17,0.479737
42,25,12,2959.17,0.523882
42,25,13,2957.79,0.546856
42,25,14,2934.72,0.543219
42,25,15,2886.55,0.513736
42,25,16,2813.74,0.46477
42,25,17,2721.14,0.405656
42,25,18,2616.92,0.345876
42,25,19,2510.68,0.292492
42,25,20,2411.88,0.249084
42,25,21,2327.77,0.216203
42,25,22,2262.69,0.192294
42,25,23,2217.98,0.174607
42,25,24,2192.76,0.159958
42,25,25,2184.81,0.145711
42,25,26,2191.41,0.130568
42,25,27,2209.61,0.115302
42,25,28,2236.25,0.101758
42,25,29,2268.53,0.092153
42,25,30,2304.56,0.0876097
42,25,31,2343.55,0.0873811
42,25,32,2386.27,0.0891289
42,25,33,2434.7,0.0900199
42,25,34,2491.53,0.0877039
42,25,35,2558.69,0.0812112
42,25,36,2635.84,0.0709942
42,25,37,2719.11,0.0586632
42,25,38,2802.4,0.0461658
42,25,39,2879.91,0.0351932
42,25,40,2947.07,0.026806
42,25,41,3003.03,0.0213758
42,25,42,3048.37,0.0186998
42,25,43,3083.96,0.0183138
42,25,44,3109.81,0.0197259
42,25,45,3124.32,0.0223745
42,25,46,3123.96,0.0255083
42,25,47,3103.06,0.0281063
42,25,48,3053.53,0.0291212
42,25,49,2964.07,0.0278092
42,26,0,2517.49,0.262093
42,26,1,2698.31,0.306624
42,26,2,2816.6,0.335916
42,26,3,2881.57,0.347689
42,26,4,2907.78,0.344257
42,26,5,2911.08,0.332389
42,26,6,2905.76,0.32112
42,26,7,2902.36,0.319731
42,26,8,2905.97,0.334408
42,26,9,2916.67,0.366069
42,26,10,2930.94,0.409878
42,26,11,2943.36,0.456668
42,26,12,2948.8,0.496032
42,26,13,2941.58,0.518721
42,26,14,2917.13,0.519766
42,26,15,2872.45,0.499255
42,26,16,2807.11,0.461813
42,26,17,2723.99,0.414396
42,26,18,2628.75,0.364049
42,26,19,2528.83,0.316005
42,26,20,2432.58,0.273125
42,26,21,2347.42,0.236382
42,26,22,2278.83,0.205577
42,26,23,2229.41,0.179815
42,26,24,2199.09,0.157658
42,26,25,2185.86,0.137693
42,26,26,2186.85,0.119092
42,26,27,2198.94,0.10233
42,26,28,2219.04,0.088503
42,26,29,2244.69,0.0789107
42,26,30,2274.59,0.0740682
42,26,31,2308.78,0.0731176
42,26,32,2348.88,0.0740828
42,26,33,2397.53,0.0747886
42,26,34,2457.59,0.0734211
42,26,35,2530.41,0.0691474
42,26,36,2614.37,0.0620625
42,26,37,2704.09,0.0530367
42,26,38,2792.48,0.0432454
42,26,39,2873.39,0.0338671
42,26,40,2942.52,0.0258664
42,26,41,2999.5,0.0198582
42,26,42,3045.37,0.0160449
42,26,43,3081.31,0.0143124
42,26,44,3107.45,0.0143651
42,26,45,3122.17,0.0157418
42,26,46,3121.87,0.0177958
42,26,47,3100.82,0.0196861
42,26,48,3050.87,0.0205725
42,26,49,2960.68,0.0198258
42,27,0,2535.33,0.292606
42,27,1,2713.73,0.339351
42,27,2,2829.31,0.369532
42,27,3,2892.19,0.381519
42,27,4,2917.63,0.377941
42,27,5,2921.73,0.365094
42,27,6,2918.24,0.351007
42,27,7,2916.18,0.343986
42,27,8,2918.75,0.35004
42,27,9,2924.7,0.370961
42,27,10,2930.45,0.403628
42,27,11,2932.05,0.440923
42,27,12,2926.92,0.474313
42,27,13,2912.04,0.49571
42,27,14,2884.79,0.500465
42,27,15,2842.75,0.487972
42,27,16,2784.7,0.461233
42,27,17,2711.6,0.425025
42,27,18,2626.68,0.383989
42,27,19,2535.12,0.341384
42,27,20,2443.77,0.299043
42,27,21,2359.62,0.258075
42,27,22,2288.67,0.219551
42,27,23,2234.49,0.184593
42,27,24,2197.98,0.153823
42,27,25,2177.92,0.127353
42,27,26,2171.93,0.104968
42,27,27,2177.17,0.0867805
42,27,28,2190.86,0.0729653
42,27,29,2210.78,0.0637315
42,27,30,2235.91,0.0589078
42,27,31,2266.8,0.0575366
42,27,32,2305.58,0.0580551
42,27,33,2355.36,0.0589726
42,27,34,2419,0.0589906
42,27,35,2497.15,0.0573644
42,27,36,2586.99,0.0537817
42,27,37,2681.98,0.048339
42,27,38,2774.4,0.0414332
42,27,39,2858.1,0.0337479
42,27,40,2929.08,0.0261814
42,27,41,2987.4,0.0196277
42,27,42,3034.36,0.0147252
42,27,43,3071.3,0.011729
42,27,44,3098.31,0.0105447
42,27,45,3113.67,0.0107917
42,27,46,3113.65,0.0118843
42,27,47,3092.42,0.0131043
42,27,48,3041.77,0.0137723
42,27,49,2950.26,0.0133658
42,28,0,2552.13,0.333356
42,28,1,2728.87,0.384108
42,28,2,2842.31,0.416463
42,28,3,2903.26,0.429422
42,28,4,2927.62,0.425971
42,28,5,2931.71,0.41196
42,28,6,2928.74,0.394394
42,28,7,2926.36,0.380633
42,28,8,2926.1,0.376642
42,28,9,2925.62,0.385347
42,28,10,2921.48,0.40562
42,28,11,2911.17,0.432496
42,28,12,2894.51,0.459163
42,28,13,2870.96,0.478361
42,28,14,2839.76,0.485447
42,28,15,2799.14,0.479056
42,28,16,2747.31,0.460858
42,28,17,2683.66,0.433971
42,28,18,2609.36,0.401091
42,28,19,2527.47,0.363702
42,28,20,2443.17,0.322465
42,28,21,2362.43,0.278268
42,28,22,2291.06,0.233047
42,28,23,2233.13,0.189658
42,28,24,2190.43,0.150691
42,28,25,2162.9,0.117827
42,28,26,2149.15,0.091584
42,28,27,2147.19,0.0718323
42,28,28,2154.81,0.0579178
42,28,29,2170.06,0.0490463
42,28,30,2192.03,0.0444065
42,28,31,2221.42,0.0429315
42,28,32,2260.51,0.0434094
42,28,33,2312.51,0.0449097
42,28,34,2380,0.0465274
42,28,35,2462.87,0.0475421
42,28,36,2557.32,0.0472538
42,28,37,2656.05,0.0450775
42,28,38,2751.12,0.0407475
42,28,39,2836.64,0.0345462
42,28,40,2908.95,0.0273461
42,28,41,2968.47,0.0203126
42,28,42,3016.68,0.0144811
42,28,43,3054.92,0.010435
42,28,44,3083.13,0.00825185
42,28,45,3099.34,0.00760297
42,28,46,3099.67,0.00792658
42,28,47,3078.15,0.00857558
42,28,48,3026.52,0.00898484
42,28,49,2933.23,0.00872207
42,29,0,2564.78,0.381932
42,29,1,2740.52,0.43796
42,29,2,2852.51,0.473221
42,29,3,2912.09,0.487342
42,29,4,2935.6,0.48381
42,29,5,2939.47,0.468186
42,29,6,2936.28,0.446531
42,29,7,2932.37,0.425286
42,29,8,2927.92,0.410388
42,29,9,2919.89,0.405981
42,29,10,2905.22,0.413075
42,29,11,2882.79,0.428892
42,29,12,2854.46,0.448215
42,29,13,2821.74,0.464311
42,29,14,2785.42,0.472244
42,29,15,2744.42,0.469808
42,29,16,2696.79,0.457613
42,29,17,2640.96,0.437675
42,29,18,2576.58,0.411373
42,29,19,2504.98,0.37885
42,29,20,2429.56,0.339668
42,29,21,2354.8,0.294193
42,29,22,2285.63,0.244699
42,29,23,2226.02,0.195182
42,29,24,2178.41,0.149767
42,29,25,2143.95,0.111501
42,29,26,2122.63,0.0816831
42,29,27,2113.69,0.0601668
42,29,28,2115.83,0.0457619
42,29,29,2127.52,0.0369539
42,29,30,2147.87,0.0324388
42,29,31,2177.47,0.0310288
42,29,32,2218.37,0.0317362
42,29,33,2273.46,0.0339818
42,29,34,2344.77,0.0370873
42,29,35,2431.43,0.0402984
42,29,36,2528.91,0.0426061
42,29,37,2629.61,0.0429263
42,29,38,2725.72,0.0405298
42,29,39,2811.76,0.035437
42,29,40,2884.48,0.0285297
42,29,41,2944.63,0.0211895
42,29,42,2993.87,0.0147458
42,29,43,3033.41,0.0100159
42,29,44,3062.92,0.00719
42,29,45,3080.09,0.00595871
42,29,46,3080.75,0.00575846
42,29,47,3058.82,0.005978
42,29,48,3005.92,0.00613123
42,29,49,2910.45,0.00586156
42,30,0,2572.75,0.435498
42,30,1,2747.83,0.49733
42,30,2,2858.87,0.535353
42,30,3,2917.58,0.549875
42,30,4,2940.6,0.545182
42,30,5,2944.28,0.526942
42,30,6,2940.45,0.500542
42,30,7,2934.27,0.471552
42,30,8,2924.85,0.445712
42,30,9,2908.84,0.428174
42,30,10,2883.73,0.421954
42,30,11,2849.64,0.426404
42,30,12,2810.05,0.437848
42,30,13,2767.9,0.449998
42,30,14,2725.19,0.457489
42,30,15,2681.63,0.457228
42,30,16,2635.61,0.448924
42,30,17,2585.33,0.433873
42,30,18,2529.64,0.41269
42,30,19,2468.46,0.384684
42,30,20,2403.41,0.348567
42,30,21,2337.14,0.304066
42,30,22,2273.13,0.253314
42,30,23,2214.68,0.200761
42,30,24,2164.48,0.151449
42,30,25,2124.79,0.109409
42,30,26,2097.04,0.0766744
42,30,27,2081.95,0.0533261
42,30,28,2079.42,0.0380038
42,30,29,2088.51,0.028843
42,30,30,2108.41,0.0242444
42,30,31,2139.41,0.0228989
42,30,32,2183.01,0.0239085
42,30,33,2241.44,0.0268276
42,30,34,2315.99,0.03104
42,30,35,2405.08,0.0357139
42,30,36,2503.78,0.0396344
42,30,37,2604.57,0.0414365
42,30,38,2700.03,0.0401636
42,30,39,2785.24,0.0357341
42,30,40,2857.33,0.0290699
42,30,41,2917.4,0.0216849
42,30,42,2967.23,0.0150591
42,30,43,3007.92,0.0101136
42,30,44,3038.73,0.0070718
42,30,45,3056.9,0.00560691
42,30,46,3057.85,0.00513802
42,30,47,3035.33,0.00507116
42,30,48,2980.85,0.00498243
42,30,49,2882.81,0.00458394
42,31,0,2577.28,0.489171
42,31,1,2751.75,0.556529
42,31,2,2862.01,0.596436
42,31,3,2920.01,0.609931
42,31,4,2942.56,0.602476
42,31,5,2945.81,0.580398
42,31,6,2940.86,0.548844
42,31,7,2931.86,0.512602
42,31,8,2917.2,0.476908
42,31,9,2893.44,0.447392
42,31,10,2858.7,0.42863
42,31,11,2814.03,0.421874
42,31,12,2763.97,0.425017
42,31,13,2712.42,0.432401
42,31,14,2662.24,0.438395
42,31,15,2614.09,0.439101
42,31,16,2567.23,0.433399
42,31,17,2520.31,0.421978
42,31,18,2471.94,0.404986
42,31,19,2420.99,0.381288
42,31,20,2367.3,0.349077
42,31,21,2311.53,0.307508
42,31,22,2255.35,0.258288
42,31,23,2200.99,0.205743
42,31,24,2151.02,0.155211
42,31,25,2108.51,0.111253
42,31,26,2076.23,0.0765097
42,31,27,2056.42,0.0514702
42,31,28,2050.25,0.0349442
42,31,29,2057.56,0.0250781
42,31,30,2077.72,0.0201804
42,31,31,2110.58,0.0188381
42,31,32,2156.93,0.0201333
42,31,33,2218.11,0.0235681
42,31,34,2294.6,0.0284417
42,31,35,2384.3,0.0338016
42,31,36,2482.17,0.0383158
42,31,37,2581.12,0.0405405
42,31,38,2674.35,0.0395251
42,31,39,2757.52,0.0352548
42,31,40,2828.13,0.028736
42,31,41,2887.55,0.0215377
42,31,42,2937.64,0.0151463
42,31,43,2979.33,0.010448
42,31,44,3011.46,0.00760788
42,31,45,3030.67,0.00623754
42,31,46,3031.91,0.00572481
42,31,47,3008.64,0.00548549
42,31,48,2952.24,0.00515988
42,31,49,2851.15,0.00453175
42,32,0,2579.58,0.536396
42,32,1,2753.47,0.608384
42,32,2,2862.95,0.649065
42,32,3,2920.07,0.660151
42,32,4,2941.69,0.648525
42,32,5,2943.71,0.621676
42,32,6,2936.71,0.584999
42,32,7,2924.19,0.542663
42,32,8,2904.19,0.49909
42,32,9,2873.33,0.459742
42,32,10,2830.23,0.430086
42,32,11,2776.5,0.412907
42,32,12,2717.25,0.407675
42,32,13,2656.86,0.409727
42,32,14,2598.92,0.413552
42,32,15,2545.18,0.414685
42,32,16,2496.07,0.411205
42,32,17,2451.13,0.403067
42,32,18,2409.09,0.389958
42,32,19,2367.95,0.370485
42,32,20,2325.95,0.342643
42,32,21,2281.75,0.305246
42,32,22,2235.15,0.25954
42,32,23,2187.14,0.209389
42,32,24,2139.93,0.159937
42,32,25,2097.04,0.115854
42,32,26,2062.3,0.0801961
42,32,27,2039.36,0.0539218
42,32,28,2030.64,0.0362439
42,32,29,2036.79,0.025585
42,32,30,2057.4,0.0203269
42,32,31,2091.88,0.0189902
42,32,32,2140.19,0.0205752
42,32,33,2202.73,0.0244129
42,32,34,2279.26,0.0296096
42,32,35,2367.39,0.0350419
42,32,36,2462.31,0.0393027
42,32,37,2557.62,0.0410084
42,32,38,2647.28,0.039405
42,32,39,2727.54,0.0347072
42,32,40,2796.19,0.0280773
42,32,41,2854.73,0.0211064
42,32,42,2904.98,0.0151829
42,32,43,2947.69,0.0110397
42,32,44,2981.24,0.0086944
42,32,45,3001.65,0.00764566
42,32,46,3003.28,0.00723099
42,32,47,2979.21,0.00687085
42,32,48,2920.58,0.00628365
42,32,49,2815.91,0.0053326
42,33,0,2580.03,0.570872
42,33,1,2753.63,0.646465
42,33,2,2862.46,0.687339
42,33,3,2918.42,0.695605
42,33,4,2938.25,0.679451
42,33,5,2937.7,0.647727
42,33,6,2927.15,0.606453
42,33,7,2910.05,0.559441
42,33,8,2884.5,0.510185
42,33,9,2847.34,0.463484
42,33,10,2797.43,0.42504
42,33,11,2736.57,0.398723
42,33,12,2669.95,0.385495
42,33,13,2602.24,0.382036
42,33,14,2537.64,0.383405
42,33,15,2478.93,0.38489
42,33,16,2427.8,0.383795
42,33,17,2384.64,0.379117
42,33,18,2348.38,0.369892
42,33,19,2316.33,0.354494
42,33,20,2285.35,0.330971
42,33,21,2252.43,0.29813
42,33,22,2215.73,0.256936
42,33,23,2175.05,0.210709
42,33,24,2132.13,0.164113
42,33,25,2090.7,0.121566
42,33,26,2055.31,0.0862979
42,33,27,2030.72,0.0596466
42,33,28,2020.42,0.0413055
42,33,29,2025.81,0.0301053
42,33,30,2046.69,0.0246195
42,33,31,2081.96,0.0233717
42,33,32,2130.81,0.0252921
42,33,33,2192.77,0.0295118
42,33,34,2267.06,0.0348907
42,33,35,2351.36,0.040082
42,33,36,2441.34,0.0435841
42,33,37,2531.52,0.04412
42,33,38,2616.64,0.041237
42,33,39,2693.5,0.0354994
42,33,40,2760.04,0.0283112
42,33,41,2817.75,0.0213086
42,33,42,2868.32,0.0157506
42,33,43,2912.24,0.0121597
42,33,44,2947.47,0.0103505
42,33,45,2969.44,0.00966646
42,33,46,2971.79,0.00937051
42,33,47,2947.05,0.00887374
42,33,48,2886.03,0.00798089
42,33,49,2777.28,0.00663361
42,34,0,2577.82,0.589491
42,34,1,2751.72,0.668065
42,34,2,2860.36,0.709585
42,34,3,2915.12,0.716055
42,34,4,2932.35,0.696414
42,34,5,2927.73,0.660621
42,34,6,2911.88,0.615485
42,34,7,2888.8,0.564783
42,34,8,2857.23,0.511311
42,34,9,2814.38,0.459095
42,34,10,2759.2,0.413687
42,34,11,2693.34,0.379643
42,34,12,2621.82,0.359211
42,34,13,2549.42,0.350563
42,34,14,2480.8,0.349614
42,34,15,2419.57,0.351659
42,34,16,2368.22,0.353253
42,34,17,2327.73,0.352224
42,34,18,2296.98,0.346752
42,34,19,2272.79,0.334943
42,34,20,2251.03,0.315111
42,34,21,2227.56,0.286416
42,34,22,2199.4,0.249858
42,34,23,2165.5,0.20834
42,34,24,2127.15,0.165923
42,34,25,2088.1,0.126513
42,34,26,2053.32,0.0932162
42,34,27,2028.32,0.0675228
42,34,28,2017.31,0.0495204
42,34,29,2022.25,0.0384357
42,34,30,2042.98,0.0330931
42,34,31,2077.92,0.0321133
42,34,32,2125.56,0.0344365
42,34,33,2184.77,0.0390534
42,34,34,2254.57,0.0445926
42,34,35,2332.95,0.0494475
42,34,36,2416.37,0.0519649
42,34,37,2500.32,0.0509418
42,34,38,2580.33,0.0462446
42,34,39,2653.6,0.0388542
42,34,40,2718.13,0.0305007
42,34,41,2775.25,0.0229358
42,34,42,2826.42,0.0173262
42,34,43,2871.91,0.0139889
42,34,44,2909.3,0.012518
42,34,45,2933.41,0.0120746
42,34,46,2937.1,0.0118214
42,34,47,2912.15,0.0111365
42,34,48,2848.86,0.00990489
42,34,49,2735.81,0.00813041
42,35,0,2572.05,0.593842
42,35,1,2747.16,0.675442
42,35,2,2856.46,0.719029
42,35,3,2910.45,0.72585
42,35,4,2924.81,0.704739
42,35,5,2915.05,0.666161
42,35,6,2892.39,0.617648
42,35,7,2861.96,0.563342
42,35,8,2823.67,0.505895
42,35,9,2775.44,0.44892
42,35,10,2716.35,0.397791
42,35,11,2647.77,0.357476
42,35,12,2574.36,0.331169
42,35,13,2500.85,0.318327
42,35,14,2432,0.315672
42,35,15,2371.75,0.318563
42,35,16,2322.76,0.32281
42,35,17,2285.99,0.32503
42,35,18,2260.14,0.322498
42,35,19,2241.7,0.313126
42,35,20,2226.13,0.295718
42,35,21,2208.91,0.270128
42,35,22,2186.55,0.237727
42,35,23,2157.6,0.201217
42,35,24,2123.08,0.16404
42,35,25,2086.65,0.129388
42,35,26,2053.4,0.0999204
42,35,27,2029.11,0.0769368
42,35,28,2018.26,0.0606836
42,35,29,2022.98,0.050645
42,35,30,2043.01,0.0458965
42,35,31,2076.34,0.0452698
42,35,32,2120.94,0.0478669
42,35,33,2175.38,0.0527011
42,35,34,2238.72,0.0582875
42,35,35,2309.59,0.0627911
42,35,36,2385.37,0.0643557
42,35,37,2462.55,0.0617576
42,35,38,2537.32,0.0550841
42,35,39,2607.13,0.0456823
42,35,40,2669.89,0.0356207
42,35,41,2726.71,0.0268333
42,35,42,2778.84,0.0204913
42,35,43,2826.34,0.0167987
42,35,44,2866.51,0.0151913
42,35,45,2893.55,0.0146717
42,35,46,2899.43,0.014291
42,35,47,2875.02,0.0133575
42,35,48,2809.92,0.0117964
42,35,49,2692.75,0.00962853
42,36,0,2562.37,0.588928
42,36,1,2739.72,0.674106
42,36,2,2850.87,0.721563
42,36,3,2905.11,0.731198
42,36,4,2917.12,0.710843
42,36,5,2902.12,0.670736
42,36,6,2871.95,0.618933
42,36,7,2833.2,0.560308
42,36,8,2787.47,0.498087
42,36,9,2733.88,0.436133
42,36,10,2671.89,0.379929
42,36,11,2602.74,0.334727
42,36,12,2530.61,0.304263
42,36,13,2459.89,0.288795
42,36,14,2394.94,0.285477
42,36,15,2339.25,0.289557
42,36,16,2294.92,0.296078
42,36,17,2262.4,0.300551
42,36,18,2240.06,0.299526
42,36,19,2224.41,0.29093
42,36,20,2211.14,0.274291
42,36,21,2196.1,0.250429
42,36,22,2176.02,0.22135
42,36,23,2149.54,0.189763
42,36,24,2117.63,0.158547
42,36,25,2083.78,0.130061
42,36,26,2052.83,0.106217
42,36,27,2030.34,0.087759
42,36,28,2020.5,0.0747676
42,36,29,2025.22,0.0667558
42,36,30,2043.95,0.0629879
42,36,31,2074.39,0.0626012
42,36,32,2114.32,0.0650426
42,36,33,2162.3,0.0695801
42,36,34,2217.77,0.0748333
42,36,35,2280.16,0.0788696
42,36,36,2347.83,0.0796374
42,36,37,2418.2,0.0757809
42,36,38,2487.96,0.0674156
42,36,39,2554.66,0.0560688
42,36,40,2616.01,0.0440426
42,36,41,2672.89,0.0334676
42,36,42,2726.37,0.0256358
42,36,43,2776.42,0.0208025
42,36,44,2820.06,0.0183869
42,36,45,2850.9,0.0173207
42,36,46,2859.95,0.0165611
42,36,47,2836.98,0.0153097
42,36,48,2770.83,0.0134629
42,36,49,2650.15,0.0109906
42,37,0,2549.2,0.580447
42,37,1,2729.74,0.669695
42,37,2,2844.03,0.722318
42,37,3,2899.93,0.736519
42,37,4,2910.92,0.718505
42,37,5,2891.66,0.677696
42,37,6,2854.4,0.622439
42,37,7,2807.22,0.558618
42,37,8,2753.71,0.490681
42,37,9,2694.68,0.423446
42,37,10,2630.55,0.362888
42,37,11,2562.62,0.314491
42,37,12,2494.6,0.28209
42,37,13,2430.09,0.266073
42,37,14,2372.41,0.263436
42,37,15,2323.83,0.269008
42,37,16,2285.26,0.27705
42,37,17,2256.33,0.282262
42,37,18,2235.16,0.28085
42,37,19,2218.73,0.27111
42,37,20,2203.59,0.253514
42,37,21,2186.62,0.229996
42,37,22,2165.4,0.203315
42,37,23,2139.08,0.176309
42,37,24,2108.75,0.151356
42,37,25,2077.61,0.129935
42,37,26,2049.9,0.113005
42,37,27,2030.39,0.100459
42,37,28,2022.48,0.0919031
42,37,29,2027.45,0.0866372
42,37,30,2044.44,0.0840131
42,37,31,2071.03,0.0835174
42,37,32,2105.16,0.0850963
42,37,33,2145.71,0.088512
42,37,34,2192.67,0.0927628
42,37,35,2246.34,0.0960437
42,37,36,2305.97,0.0962027
42,37,37,2369.79,0.0916712
42,37,38,2434.9,0.082345
42,37,39,2498.85,0.069625
42,37,40,2559.14,0.0558097
42,37,41,2616.42,0.0431531
42,37,42,2671.71,0.033167
42,37,43,2724.89,0.026367
42,37,44,2772.76,0.0223661
42,37,45,2808.28,0.0201741
42,37,46,2821.42,0.0187068
42,37,47,2800.84,0.017032
42,37,48,2734.58,0.01493
42,37,49,2611.36,0.0122424
42,38,0,2532.27,0.571405
42,38,1,2716.69,0.664519
42,38,2,2835.31,0.722475
42,38,3,2894.55,0.741806
42,38,4,2906.53,0.726892
42,38,5,2885.06,0.686035
42,38,6,2842.44,0.627664
42,38,7,2787.93,0.558741
42,38,8,2727.17,0.485277
42,38,9,2663.09,0.413476
42,38,10,2597.53,0.350069
42,38,11,2532.25,0.300686
42,38,12,2470.44,0.268854
42,38,13,2414.49,0.254442
42,38,14,2366.02,0.25375
42,38,15,2325.52,0.260914
42,38,16,2292.31,0.269517
42,38,17,2265.19,0.273855
42,38,18,2242.3,0.270295
42,38,19,2221.48,0.257833
42,38,20,2200.7,0.238012
42,38,21,2178.34,0.21384
42,38,22,2153.3,0.188751
42,38,23,2125.5,0.165709
42,38,24,2096.2,0.14665
42,38,25,2068.13,0.132236
42,38,26,2044.58,0.122439
42,38,27,2029.09,0.116206
42,38,28,2023.83,0.112479
42,38,29,2029.3,0.110161
42,38,30,2044.3,0.108562
42,38,31,2066.59,0.107454
42,38,32,2094.51,0.107325
42,38,33,2127.5,0.108597
42,38,34,2166.13,0.110919
42,38,35,2211.43,0.112914
42,38,36,2263.43,0.112533
42,38,37,2321.03,0.107993
42,38,38,2381.7,0.0987305
42,38,39,2443.07,0.0856414
42,38,40,2502.5,0.0706716
42,38,41,2560.56,0.0560248
42,38,42,2618.21,0.0434794
42,38,43,2675.28,0.0340229
42,38,44,2728.25,0.0277016
42,38,45,2769.34,0.0237894
42,38,46,2787.45,0.0212372
42,38,47,2770.13,0.0189663
42,38,48,2704.71,0.0165542
42,38,49,2580.02,0.0136517
42,39,0,2510.65,0.561505
42,39,1,2699.08,0.6572
42,39,2,2822.81,0.719332
42,39,3,2886.84,0.743156
42,39,4,2901.94,0.731455
42,39,5,2880.89,0.691401
42,39,6,2835.57,0.63131
42,39,7,2776,0.559032
42,39,8,2709.61,0.48206
42,39,9,2641.55,0.408004
42,39,10,2575.5,0.344346
42,39,11,2513.97,0.296703
42,39,12,2459.61,0.267969
42,39,13,2413.3,0.257037
42,39,14,2374.51,0.259184
42,39,15,2341.61,0.267777
42,39,16,2312.32,0.275975
42,39,17,2284.8,0.278152
42,39,18,2257.54,0.271308
42,39,19,2229.59,0.255375
42,39,20,2200.61,0.232915
42,39,21,2170.77,0.207772
42,39,22,2140.44,0.183784
42,39,23,2110.41,0.163907
42,39,24,2082.02,0.149667
42,39,25,2057.35,0.141072
42,39,26,2038.45,0.137272
42,39,27,2027.42,0.136432
42,39,28,2025.07,0.136872
42,39,29,2031.15,0.137061
42,39,30,2044.27,0.136153
42,39,31,2062.53,0.134032
42,39,32,2084.83,0.131589
42,39,33,2111.16,0.12989
42,39,34,2142.51,0.129387
42,39,35,2180.41,0.129415
42,39,36,2225.39,0.12831
42,39,37,2276.95,0.124193
42,39,38,2333,0.115913
42,39,39,2391.56,0.103536
42,39,40,2450.12,0.0882863
42,39,41,2509.32,0.0720875
42,39,42,2570.11,0.0569592
42,39,43,2632.15,0.0445174
42,39,44,2691.37,0.035443
42,39,45,2739.1,0.0294352
42,39,46,2763.09,0.0255378
42,39,47,2749.87,0.0225033
42,39,48,2686.18,0.0196223
42,39,49,2560.97,0.0163178
42,40,0,2481.71,0.548759
42,40,1,2673.62,0.644972
42,40,2,2802.57,0.709305
42,40,3,2872.29,0.736343
42,40,4,2892.28,0.727762
42,40,5,2874.18,0.689787
42,40,6,2829.22,0.63045
42,40,7,2767.66,0.558118
42,40,8,2698.27,0.481345
42,40,9,2628.25,0.408783
42,40,10,2563.14,0.348372
42,40,11,2506.34,0.305449
42,40,12,2459.97,0.282002
42,40,13,2423.23,0.275715
42,40,14,2393.32,0.280803
42,40,15,2366.54,0.290067
42,40,16,2339.25,0.296697
42,40,17,2309.34,0.295691
42,40,18,2275.95,0.285091
42,40,19,2239.56,0.265846
42,40,20,2201.59,0.241301
42,40,21,2163.92,0.215704
42,40,22,2128.29,0.192855
42,40,23,2096.18,0.175452
42,40,24,2068.85,0.164598
42,40,25,2047.56,0.159866
42,40,26,2033.07,0.159922
42,40,27,2026.1,0.162543
42,40,28,2026.33,0.165692
42,40,29,2032.95,0.167526
42,40,30,2044.58,0.166976
42,40,31,2059.76,0.163766
42,40,32,2077.84,0.158857
42,40,33,2099.21,0.153737
42,40,34,2124.97,0.149642
42,40,35,2156.8,0.146827
42,40,36,2195.44,0.144338
42,40,37,2240.93,0.140459
42,40,38,2291.9,0.13351
42,40,39,2347.15,0.122559
42,40,40,2404.7,0.10783
42,40,41,2465.51,0.0907208
42,40,42,2530.51,0.0733793
42,40,43,2598.92,0.0580828
42,40,44,2665.82,0.0462345
42,40,45,2721.38,0.0380373
42,40,46,2752.16,0.0326494
42,40,47,2743.75,0.0286385
42,40,48,2682.45,0.0249701
42,40,49,2557.3,0.020861
42,41,0,2444.16,0.532293
42,41,1,2638.12,0.626795
42,41,2,2771.39,0.691177
42,41,3,2846.63,0.720001
42,41,4,2872.25,0.714418
42,41,5,2858.87,0.67999
42,41,6,2816.98,0.624344
42,41,7,2756.72,0.555934
42,41,8,2687.69,0.483796
42,41,9,2618.6,0.417031
42,41,10,2556.53,0.363558
42,41,11,2505.64,0.328083
42,41,12,2467.53,0.311477
42,41,13,2439.74,0.310163
42,41,14,2417.38,0.317497
42,41,15,2394.98,0.326124
42,41,16,2368.04,0.329855
42,41,17,2334.55,0.324855
42,41,18,2294.61,0.31054
42,41,19,2250.13,0.288827
42,41,20,2204.09,0.263481
42,41,21,2159.82,0.238626
42,41,22,2119.98,0.217504
42,41,23,2086.47,0.202252
42,41,24,2060.22,0.193518
42,41,25,2041.68,0.190676
42,41,26,2030.52,0.192322
42,41,27,2026.44,0.196328
42,41,28,2028.41,0.200675
42,41,29,2035.39,0.203394
42,41,30,2046.17,0.203134
42,41,31,2059.62,0.199136
42,41,32,2075.38,0.192001
42,41,33,2093.88,0.183273
42,41,34,2115.99,0.174814
42,41,35,2143.15,0.167916
42,41,36,2176.15,0.162652
42,41,37,2215.54,0.157842
42,41,38,2260.99,0.151558
42,41,39,2312.54,0.14195
42,41,40,2369.16,0.128143
42,41,41,2432.39,0.110829
42,41,42,2503.06,0.0920909
42,41,43,2579.63,0.0747365
42,41,44,2655.92,0.0608009
42,41,45,2720.65,0.0509226
42,41,46,2759.12,0.0443084
42,41,47,2756.11,0.03929
42,41,48,2697.57,0.0344866
42,41,49,2572.59,0.0289689
42,42,0,2399.18,0.513457
42,42,1,2592.8,0.60446
42,42,2,2728.25,0.66706
42,42,3,2807.41,0.696333
42,42,4,2837.95,0.693434
42,42,5,2829.76,0.663586
42,42,6,2792.72,0.61399
42,42,7,2736.66,0.552846
42,42,8,2671.46,0.48912
42,42,9,2606.6,0.431749
42,42,10,2550.09,0.388117
42,42,11,2506.47,0.361953
42,42,12,2476.76,0.352871
42,42,13,2457.05,0.35611
42,42,14,2440.76,0.364472
42,42,15,2421.25,0.370932
42,42,16,2393.66,0.370491
42,42,17,2356.47,0.360947
42,42,18,2310.88,0.343293
42,42,19,2260.12,0.320296
42,42,20,2208.38,0.295763
42,42,21,2159.82,0.273185
42,42,22,2117.54,0.2548
42,42,23,2083.4,0.241928
42,42,24,2057.96,0.234754
42,42,25,2041.03,0.232665
42,42,26,2031.6,0.234547
42,42,27,2028.88,0.238753
42,42,28,2031.61,0.243571
42,42,29,2038.77,0.24702
42,42,30,2049.39,0.247378
42,42,31,2062.53,0.243119
42,42,32,2077.79,0.234094
42,42,33,2095.32,0.221553
42,42,34,2115.45,0.20779
42,42,35,2139.17,0.195155
42,42,36,2167.19,0.18501
42,42,37,2200.69,0.177121
42,42,38,2240.61,0.16976
42,42,39,2288.62,0.160492
42,42,40,2344.97,0.14747
42,42,41,2411.92,0.130611
42,42,42,2490.03,0.111698
42,42,43,2576.64,0.0937702
42,42,44,2663.93,0.0792096
42,42,45,2738.92,0.0688604
42,42,46,2785.7,0.0618173
42,42,47,2788.37,0.0560821
42,42,48,2732.61,0.049913
42,42,49,2607.49,0.0423084
42,43,0,2350.64,0.494968
42,43,1,2540.71,0.581331
42,43,2,2674.92,0.640753
42,43,3,2754.9,0.669188
42,43,4,2788.05,0.668209
42,43,5,2784.03,0.643015
42,43,6,2752.37,0.600462
42,43,7,2702.53,0.548298
42,43,8,2644.14,0.495027
42,43,9,2586.68,0.448933
42,43,10,2538.27,0.41647
42,43,11,2503.32,0.400158
42,43,12,2482.15,0.398342
42,43,13,2469.69,0.405225
42,43,14,2458.25,0.413359
42,43,15,2440.6,0.416424
42,43,16,2412.04,0.410986
42,43,17,2371.86,0.396737
42,43,18,2322.36,0.376301
42,43,19,2267.87,0.353169
42,43,20,2213.28,0.330898
42,43,21,2163.03,0.312024
42,43,22,2120.03,0.297529
42,43,23,2085.87,0.287817
42,43,24,2060.73,0.282668
42,43,25,2044.17,0.281643
42,43,26,2035.01,0.284102
42,43,27,2032.4,0.288993
42,43,28,2035.2,0.294928
42,43,29,2042.53,0.299831
42,43,30,2053.63,0.301456
42,43,31,2067.52,0.29735
42,43,32,2083.54,0.286448
42,43,33,2101.34,0.269555
42,43,34,2120.57,0.249288
42,43,35,2141.72,0.229037
42,43,36,2165.5,0.211583
42,43,37,2193.8,0.197963
42,43,38,2228.99,0.187128
42,43,39,2274.5,0.176552
42,43,40,2331.92,0.163743
42,43,41,2404.17,0.147913
42,43,42,2491.35,0.130328
42,43,43,2589.36,0.113849
42,43,44,2688.5,0.100781
42,43,45,2774.12,0.0918171
42,43,46,2829.18,0.0857067
42,43,47,2837.31,0.0799849
42,43,48,2784.03,0.0725133
42,43,49,2658.24,0.0622627
42,44,0,2302.87,0.478206
42,44,1,2485.72,0.55919
42,44,2,2614.45,0.614307
42,44,3,2691.01,0.640579
42,44,4,2723.19,0.640256
42,44,5,2720.96,0.618748
42,44,6,2693.92,0.582683
42,44,7,2651.13,0.539282
42,44,8,2601.54,0.496363
42,44,9,2553.92,0.461284
42,44,10,2515.67,0.4394
42,44,11,2490.51,0.432009
42,44,12,2477.99,0.436368
42,44,13,2472.14,0.445865
42,44,14,2464.74,0.453039
42,44,15,2448.53,0.452418
42,44,16,2419.37,0.442165
42,44,17,2377.45,0.423797
42,44,18,2326.11,0.401414
42,44,19,2270.45,0.379086
42,44,20,2215.58,0.360009
42,44,21,2165.65,0.345706
42,44,22,2123.08,0.335972
42,44,23,2089.05,0.330426
42,44,24,2063.6,0.328609
42,44,25,2046.44,0.330348
42,44,26,2036.66,0.335437
42,44,27,2033.6,0.343189
42,44,28,2036.37,0.352209
42,44,29,2044.16,0.359994
42,44,30,2056.21,0.363581
42,44,31,2071.36,0.359615
42,44,32,2088.57,0.346279
42,44,33,2106.97,0.3241
42,44,34,2125.64,0.296091
42,44,35,2144.7,0.266635
42,44,36,2165.02,0.23989
42,44,37,2189.3,0.218266
42,44,38,2221.28,0.201739
42,44,39,2265.99,0.188189
42,44,40,2326.15,0.17491
42,44,41,2405.09,0.160618
42,44,42,2502.19,0.14592
42,44,43,2611.84,0.133102
42,44,44,2722.48,0.123931
42,44,45,2818.01,0.118563
42,44,46,2880.58,0.11515
42,44,47,2893.52,0.110602
42,44,48,2842.23,0.102309
42,44,49,2715.38,0.0891892
42,45,0,2256.53,0.461138
42,45,1,2428.63,0.535932
42,45,2,2547.61,0.585656
42,45,3,2616.3,0.608448
42,45,4,2643.46,0.607309
42,45,5,2639.97,0.587952
42,45,6,2615.85,0.556823
42,45,7,2579.82,0.520578
42,45,8,2539.88,0.486249
42,45,9,2503.44,0.460197
42,45,10,2476.59,0.446739
42,45,11,2461.85,0.446184
42,45,12,2457.91,0.455065
42,45,13,2458.19,0.466276
42,45,14,2454.38,0.472504
42,45,15,2439.62,0.469028
42,45,16,2410.54,0.455287
42,45,17,2368.26,0.434224
42,45,18,2316.91,0.411032
42,45,19,2262.02,0.39021
42,45,20,2208.53,0.374631
42,45,21,2160.01,0.365023
42,45,22,2118.27,0.360344
42,45,23,2084.19,0.359767
42,45,24,2057.97,0.362835
42,45,25,2039.82,0.369675
42,45,26,2029.35,0.380289
42,45,27,2026.13,0.393875
42,45,28,2029.37,0.408462
42,45,29,2038.08,0.420657
42,45,30,2051.32,0.426598
42,45,31,2067.64,0.422262
42,45,32,2085.69,0.405539
42,45,33,2104.24,0.37713
42,45,34,2122.05,0.340671
42,45,35,2139.19,0.301459
42,45,36,2156.86,0.264781
42,45,37,2178.54,0.234233
42,45,38,2209.13,0.210895
42,45,39,2254.82,0.193403
42,45,40,2319.01,0.179261
42,45,41,2405.1,0.166971
42,45,42,2511.67,0.156483
42,45,43,2631.72,0.149224
42,45,44,2752.24,0.146077
42,45,45,2856.06,0.146357
42,45,46,2924.82,0.147431
42,45,47,2941.67,0.14545
42,45,48,2891.9,0.137224
42,45,49,2763.93,0.121516
42,46,0,2205.93,0.439004
42,46,1,2364.31,0.506505
42,46,2,2470.17,0.549791
42,46,3,2527.48,0.568035
42,46,4,2546.33,0.564884
42,46,5,2538.84,0.546245
42,46,6,2515.74,0.518318
42,46,7,2485.5,0.487138
42,46,8,2454.98,0.458925
42,46,9,2429.95,0.439113
42,46,10,2414.72,0.431205
42,46,11,2410.33,0.434905
42,46,12,2414.58,0.446488
42,46,13,2420.49,0.458739
42,46,14,2419.99,0.464615
42,46,15,2406.89,0.459906
42,46,16,2378.68,0.444787
42,46,17,2337.27,0.423007
42,46,18,2287.33,0.400332
42,46,19,2234.45,0.381504
42,46,20,2183.18,0.369205
42,46,21,2136.39,0.363731
42,46,22,2095.41,0.363696
42,46,23,2061.06,0.368234
42,46,24,2033.96,0.377141
42,46,25,2015,0.390825
42,46,26,2004.36,0.409217
42,46,27,2001.71,0.430894
42,46,28,2006.11,0.452776
42,46,29,2016.13,0.470198
42,46,30,2030.47,0.478346
42,46,31,2047.39,0.47289
42,46,32,2065.38,0.452024
42,46,33,2083.13,0.417167
42,46,34,2099.47,0.372804
42,46,35,2114.66,0.324988
42,46,36,2130.38,0.279706
42,46,37,2150.79,0.2413
42,46,38,2181.49,0.211733
42,46,39,2229.32,0.190524
42,46,40,2297.82,0.175677
42,46,41,2390.2,0.165786
42,46,42,2504.33,0.160274
42,46,43,2632.24,0.159639
42,46,44,2760.08,0.163738
42,46,45,2870.06,0.170939
42,46,46,2943.51,0.177773
42,46,47,2963.34,0.179588
42,46,48,2914.72,0.172529
42,46,49,2785.93,0.155062
42,47,0,2139.63,0.405982
42,47,1,2282.01,0.464829
42,47,2,2372.78,0.500844
42,47,3,2416.95,0.514059
42,47,4,2425.89,0.508477
42,47,5,2412.94,0.48992
42,47,6,2389.59,0.464145
42,47,7,2364.09,0.436466
42,47,8,2342.14,0.412275
42,47,9,2327.74,0.396196
42,47,10,2323.34,0.391171
42,47,11,2328.41,0.396709
42,47,12,2339.91,0.409291
42,47,13,2350.65,0.422004
42,47,14,2353.09,0.428219
42,47,15,2341.82,0.424016
42,47,16,2315.18,0.409754
42,47,17,2275.69,0.389334
42,47,18,2228.25,0.368534
42,47,19,2178.24,0.352113
42,47,20,2129.64,0.342665
42,47,21,2084.73,0.340389
42,47,22,2044.52,0.343995
42,47,23,2010.02,0.3529
42,47,24,1982.37,0.367313
42,47,25,1963.18,0.387876
42,47,26,1953.07,0.414265
42,47,27,1951.66,0.444168
42,47,28,1957.6,0.473177
42,47,29,1968.92,0.4953
42,47,30,1983.86,0.504928
42,47,31,2000.48,0.497825
42,47,32,2017.32,0.472968
42,47,33,2033.27,0.432852
42,47,34,2047.53,0.382856
42,47,35,2060.75,0.329503
42,47,36,2075.08,0.27894
42,47,37,2095.09,0.235684
42,47,38,2126.66,0.202168
42,47,39,2176.69,0.178679
42,47,40,2248.44,0.163852
42,47,41,2344.81,0.1566
42,47,42,2463.27,0.156048
42,47,43,2595.52,0.161901
42,47,44,2727.48,0.173103
42,47,45,2841.22,0.187195
42,47,46,2917.75,0.200009
42,47,47,2939.68,0.206207
42,47,48,2891.96,0.20129
42,47,49,2763.09,0.18332
42,48,0,2045.69,0.35881
42,48,1,2170.22,0.407777
42,48,2,2245.17,0.436161
42,48,3,2276.26,0.444591
42,48,4,2275.64,0.437057
42,48,5,2257.48,0.418921
42,48,6,2233.71,0.395243
42,48,7,2212.22,0.370501
42,48,8,2197.62,0.349231
42,48,9,2192.31,0.335337
42,48,10,2196.97,0.33138
42,48,11,2209.7,0.336982
42,48,12,2226.83,0.349167
42,48,13,2241.2,0.361716
42,48,14,2245.99,0.368597
42,48,15,2236.63,0.366092
42,48,16,2212.26,0.35436
42,48,17,2175.72,0.336924
42,48,18,2131.86,0.319093
42,48,19,2085.61,0.305382
42,48,20,2040.31,0.298307
42,48,21,1997.77,0.298176
42,48,22,1958.88,0.304048
42,48,23,1924.87,0.315762
42,48,24,1897.44,0.333948
42,48,25,1878.76,0.359414
42,48,26,1869.71,0.391548
42,48,27,1869.74,0.427247
42,48,28,1877.08,0.461021
42,48,29,1889.17,0.485926
42,48,30,1903.91,0.495948
42,48,31,1919.29,0.487287
42,48,32,1934.09,0.459891
42,48,33,1947.56,0.417305
42,48,34,1959.38,0.365546
42,48,35,1970.67,0.311174
42,48,36,1983.89,0.259963
42,48,37,2003.7,0.216065
42,48,38,2035.81,0.181929
42,48,39,2086.7,0.158358
42,48,40,2159.2,0.144581
42,48,41,2255.9,0.139943
42,48,42,2374.27,0.143513
42,48,43,2506.35,0.154481
42,48,44,2638.5,0.171183
42,48,45,2753.02,0.19065
42,48,46,2830.72,0.208331
42,48,47,2853.77,0.218503
42,48,48,2806.98,0.216221
42,48,49,2679.6,0.199162
42,49,0,1917.22,0.298807
42,49,1,2022.25,0.337255
42,49,2,2081.61,0.358249
42,49,3,2101.14,0.362742
42,49,4,2093.09,0.35435
42,49,5,2071.59,0.337646
42,49,6,2048.36,0.316784
42,49,7,2030.66,0.295321
42,49,8,2022.1,0.276905
42,49,9,2023.72,0.264747
42,49,10,2034.87,0.26108
42,49,11,2052.64,0.265769
42,49,12,2073.04,0.276545
42,49,13,2089.32,0.28818
42,49,14,2095.52,0.295463
42,49,15,2088.02,0.294956
42,49,16,2066.54,0.286485
42,49,17,2034.05,0.272892
42,49,18,1995.02,0.258679
42,49,19,1953.74,0.247859
42,49,20,1912.88,0.242771
42,49,21,1873.85,0.243859
42,49,22,1837.49,0.25058
42,49,23,1805.29,0.263141
42,49,24,1779.28,0.28247
42,49,25,1761.93,0.309448
42,49,26,1754.25,0.343293
42,49,27,1755.47,0.380511
42,49,28,1763.5,0.41517
42,49,29,1775.46,0.44009
42,49,30,1789.06,0.44939
42,49,31,1802.39,0.439927
42,49,32,1814.56,0.412477
42,49,33,1825.24,0.371228
42,49,34,1834.56,0.3223
42,49,35,1843.97,0.271793
42,49,36,1856.02,0.224682
42,49,37,1875.11,0.184388
42,49,38,1906.39,0.153028
42,49,39,1955.64,0.131622
42,49,40,2025.18,0.119856
42,49,41,2117.37,0.117494
42,49,42,2230.09,0.12373
42,49,43,2356.3,0.137556
42,49,44,2483.45,0.157084
42,49,45,2594.63,0.179245
42,49,46,2670.75,0.199532
42,49,47,2693.73,0.212286
42,49,48,2648.55,0.212481
42,49,49,2525.86,0.197573
43,0,0,3017.34,0.403139
43,0,1,3161.65,0.474356
43,0,2,3243.7,0.532589
43,0,3,3281.9,0.580338
43,0,4,3295.88,0.622674
43,0,5,3303,0.663581
43,0,6,3314.66,0.703095
43,0,7,3333.4,0.736982
43,0,8,3354.66,0.759309
43,0,9,3371.28,0.766206
43,0,10,3377.82,0.75886
43,0,11,3371.9,0.743806
43,0,12,3354.84,0.730908
43,0,13,3327.64,0.727094
43,0,14,3291.01,0.733694
43,0,15,3244.79,0.746424
43,0,16,3188.55,0.758309
43,0,17,3122.66,0.76367
43,0,18,3048.8,0.759919
43,0,19,2970.21,0.746911
43,0,20,2891.15,0.724924
43,0,21,2816.69,0.693717
43,0,22,2751.12,0.65205
43,0,23,2696.88,0.599531
43,0,24,2654.28,0.537483
43,0,25,2621.71,0.469785
43,0,26,2597.63,0.401809
43,0,27,2581.08,0.338798
43,0,28,2572.34,0.284886
43,0,29,2571.93,0.242161
43,0,30,2580.06,0.210793
43,0,31,2595.76,0.189627
43,0,32,2616.81,0.17626
43,0,33,2640.22,0.16784
43,0,34,2663.1,0.161841
43,0,35,2683.43,0.156098
43,0,36,2700.38,0.149436
43,0,37,2714.65,0.141597
43,0,38,2728.01,0.132496
43,0,39,2743.64,0.121953
43,0,40,2763.41,0.109415
43,0,41,2790.81,0.094862
43,0,42,2827.96,0.0791075
43,0,43,2874.37,0.0641201
43,0,44,2925.12,0.0522126
43,0,45,2970.02,0.0449683
43,0,46,2994.65,0.0423644
43,0,47,2982.52,0.0426803
43,0,48,2917.37,0.0434328
43,0,49,2784.65,0.0422238
43,1,0,3207.27,0.474646
43,1,1,3351.36,0.557467
43,1,2,3433.38,0.624467
43,1,3,3472.41,0.67892
43,1,4,3487.29,0.727238
43,1,5,3494.34,0.774488
43,1,6,3504.48,0.820821
43,1,7,3520.58,0.861143
43,1,8,3538.83,0.888361
43,1,9,3552.85,0.897941
43,1,10,3557.67,0.891339
43,1,11,3551.02,0.876005
43,1,12,3533.88,0.86272
43,1,13,3506.74,0.858571
43,1,14,3469.56,0.864131
43,1,15,3421.58,0.87414
43,1,16,3362.04,0.88114
43,1,17,3291.52,0.879916
43,1,18,3212.41,0.869068
43,1,19,3128.82,0.849633
43,1,20,3045.8,0.822406
43,1,21,2968.86,0.786889
43,1,22,2902.22,0.740875
43,1,23,2848.04,0.683075
43,1,24,2806.27,0.614362
43,1,25,2775.2,0.538965
43,1,26,2753.43,0.463135
43,1,27,2740.2,0.393187
43,1,28,2735.83,0.334026
43,1,29,2740.45,0.287908
43,1,30,2753.39,0.254619
43,1,31,2772.82,0.232249
43,1,32,2795.91,0.217562
43,1,33,2819.63,0.207002
43,1,34,2841.59,0.197652
43,1,35,2860.47,0.187359
43,1,36,2875.98,0.175293
43,1,37,2888.98,0.161786
43,1,38,2901.03,0.147324
43,1,39,2914.92,0.132199
43,1,40,2932.37,0.116137
43,1,41,2956.94,0.0992155
43,1,42,2990.92,0.0821671
43,1,43,3033.96,0.0668133
43,1,44,3081.2,0.0551993
43,1,45,3122.67,0.0486033
43,1,46,3144.5,0.0466555
43,1,47,3130.95,0.047341
43,1,48,3065.93,0.0480074
43,1,49,2933.62,0.0462567
43,2,0,3334.98,0.527442
43,2,1,3478.72,0.619346
43,2,2,3560.97,0.693248
43,2,3,3600.86,0.752822
43,2,4,3616.27,0.805358
43,2,5,3622.5,0.856723
43,2,6,3630.14,0.907215
43,2,7,3642.57,0.951281
43,2,8,3656.92,0.981218
43,2,9,3667.64,0.992278
43,2,10,3670.15,0.986263
43,2,11,3662.12,0.971136
43,2,12,3644.19,0.957834
43,2,13,3616.32,0.952954
43,2,14,3577.89,0.956052
43,2,15,3527.55,0.961138
43,2,16,3464.36,0.960856
43,2,17,3389.07,0.951027
43,2,18,3304.73,0.93178
43,2,19,3216.45,0.90543
43,2,20,3130.11,0.873275
43,2,21,3051.68,0.834526
43,2,22,2985.27,0.786046
43,2,23,2932.55,0.725671
43,2,24,2892.94,0.653769
43,2,25,2864.51,0.574727
43,2,26,2845.91,0.495396
43,2,27,2836.6,0.422906
43,2,28,2836.91,0.362697
43,2,29,2846.52,0.317006
43,2,30,2863.98,0.285044
43,2,31,2886.58,0.26397
43,2,32,2910.98,0.249618
43,2,33,2934.23,0.237752
43,2,34,2954.56,0.225214
43,2,35,2971.44,0.210127
43,2,36,2985.21,0.192272
43,2,37,2996.88,0.172779
43,2,38,3007.75,0.152847
43,2,39,3020.11,0.13333
43,2,40,3035.44,0.11432
43,2,41,3057.21,0.0960071
43,2,42,3087.85,0.0789804
43,2,43,3127.15,0.0647459
43,2,44,3170.37,0.0548498
43,2,45,3207.86,0.0500561
43,2,46,3226.37,0.0495313
43,2,47,3210.89,0.0509762
43,2,48,3145.71,0.051664
43,2,49,3014.46,0.0493555
43,3,0,3413.51,0.559464
43,3,1,3558.34,0.658272
43,3,2,3641.93,0.737847
43,3,3,3683.17,0.801692
43,3,4,3698.99,0.857256
43,3,5,3703.77,0.910716
43,3,6,3707.96,0.962492
43,3,7,3715.66,1.00701
43,3,8,3725.14,1.0366
43,3,9,3731.71,1.04682
43,3,10,3731.11,1.03993
43,3,11,3720.91,1.02412
43,3,12,3701.36,1.0099
43,3,13,3672,1.00306
43,3,14,3631.68,1.00215
43,3,15,3578.62,1.00085
43,3,16,3511.69,0.992379
43,3,17,3431.79,0.973783
43,3,18,3342.58,0.946588
43,3,19,3250.01,0.914071
43,3,20,3160.84,0.877833
43,3,21,3081.46,0.836778
43,3,22,3015.78,0.787119
43,3,23,2964.93,0.726099
43,3,24,2927.71,0.653751
43,3,25,2901.9,0.57452
43,3,26,2886.16,0.49554
43,3,27,2880.1,0.42441
43,3,28,2884.11,0.366798
43,3,29,2897.54,0.324748
43,3,30,2918.3,0.296805
43,3,31,2943.02,0.279154
43,3,32,2968.03,0.266742
43,3,33,2990.5,0.254759
43,3,34,3009.27,0.239964
43,3,35,3024.54,0.220947
43,3,36,3037.14,0.19822
43,3,37,3048.22,0.173733
43,3,38,3058.75,0.149381
43,3,39,3070.51,0.126544
43,3,40,3084.68,0.105686
43,3,41,3104.59,0.087121
43,3,42,3132.65,0.0712993
43,3,43,3168.73,0.0593531
43,3,44,3208.19,0.0522391
43,3,45,3241.67,0.0501174
43,3,46,3256.49,0.0516438
43,3,47,3238.28,0.0542445
43,3,48,3171.77,0.0551566
43,3,49,3040.56,0.0523692
43,4,0,3455.54,0.573161
43,4,1,3603.22,0.677318
43,4,2,3689.38,0.762027
43,4,3,3732.53,0.830021
43,4,4,3748.67,0.888144
43,4,5,3751.41,0.942321
43,4,6,3751.16,0.992965
43,4,7,3752.95,1.03482
43,4,8,3756.35,1.06077
43,4,9,3757.68,1.06712
43,4,10,3753.04,1.05672
43,4,11,3739.88,1.03788
43,4,12,3718.11,1.02056
43,4,13,3686.89,1.00976
43,4,14,3644.69,1.00343
43,4,15,3589.35,0.995323
43,4,16,3519.57,0.979438
43,4,17,3436.31,0.953845
43,4,18,3343.61,0.920867
43,4,19,3248.09,0.884117
43,4,20,3157.14,0.845166
43,4,21,3077.4,0.802645
43,4,22,3012.57,0.752552
43,4,23,2963.23,0.692001
43,4,24,2927.61,0.621005
43,4,25,2903.27,0.544028
43,4,26,2888.82,0.468167
43,4,27,2884.07,0.401086
43,4,28,2889.48,0.348343
43,4,29,2904.33,0.311676
43,4,30,2926.22,0.289017
43,4,31,2951.47,0.275769
43,4,32,2976.31,0.266225
43,4,33,2998.07,0.255234
43,4,34,3016.04,0.23964
43,4,35,3030.87,0.218542
43,4,36,3043.72,0.193091
43,4,37,3055.63,0.165843
43,4,38,3067.23,0.139178
43,4,39,3079.79,0.114828
43,4,40,3094.21,0.0935527
43,4,41,3113.61,0.0757944
43,4,42,3140.29,0.0619317
43,4,43,3174.04,0.0527856
43,4,44,3210.21,0.0487981
43,4,45,3239.74,0.0495857
43,4,46,3250.44,0.0533534
43,4,47,3228.62,0.0572926
43,4,48,3159.53,0.0586083
43,4,49,3027.06,0.0555006
43,5,0,3470.99,0.573109
43,5,1,3622.87,0.68139
43,5,2,3712.42,0.770874
43,5,3,3757.69,0.843109
43,5,4,3773.88,0.903728
43,5,5,3773.92,0.957892
43,5,6,3768.25,1.00578
43,5,7,3762.9,1.04258
43,5,8,3758.95,1.062
43,5,9,3753.86,1.06132
43,5,10,3744.25,1.04418
43,5,11,3727.53,1.01911
43,5,12,3703.37,0.995731
43,5,13,3670.61,0.978727
43,5,14,3627.4,0.965937
43,5,15,3571.27,0.95154
43,5,16,3500.7,0.930287
43,5,17,3416.57,0.900733
43,5,18,3323.05,0.865191
43,5,19,3227,0.826897
43,5,20,3136.09,0.787068
43,5,21,3056.92,0.744138
43,5,22,2992.91,0.69434
43,5,23,2944.21,0.635117
43,5,24,2908.7,0.566761
43,5,25,2883.79,0.493699
43,5,26,2868.15,0.422683
43,5,27,2861.74,0.361041
43,5,28,2865.24,0.313919
43,5,29,2878.14,0.282717
43,5,30,2898.22,0.264976
43,5,31,2921.96,0.255711
43,5,32,2945.73,0.249
43,5,33,2967.08,0.239695
43,5,34,2985.49,0.22487
43,5,35,3001.72,0.204031
43,5,36,3016.85,0.17869
43,5,37,3031.59,0.151606
43,5,38,3046.12,0.125298
43,5,39,3061.25,0.101591
43,5,40,3077.63,0.0813995
43,5,41,3098.15,0.0652793
43,5,42,3124.85,0.0536237
43,5,43,3157.29,0.0470746
43,5,44,3190.71,0.0457486
43,5,45,3216.3,0.0489053
43,5,46,3222.53,0.0544696
43,5,47,3196.4,0.0595078
43,5,48,3123.8,0.0612192
43,5,49,2989.21,0.0579604
43,6,0,3466.23,0.563494
43,6,1,3622.92,0.674419
43,6,2,3716.01,0.767811
43,6,3,3763.13,0.843921
43,6,4,3778.8,0.906889
43,6,5,3775.38,0.96074
43,6,6,3763.41,1.00515
43,6,7,3749.93,1.03562
43,6,8,3737.57,1.0467
43,6,9,3725.15,1.03673
43,6,10,3709.95,1.01019
43,6,11,3689.52,0.976061
43,6,12,3663.37,0.944055
43,6,13,3630.09,0.91907
43,6,14,3587.54,0.89936
43,6,15,3532.89,0.879744
43,6,16,3464.37,0.855495
43,6,17,3382.62,0.825078
43,6,18,3291.61,0.790097
43,6,19,3198.05,0.752884
43,6,20,3109.46,0.714114
43,6,21,3032.08,0.672146
43,6,22,2969,0.623778
43,6,23,2920.04,0.567054
43,6,24,2882.97,0.50268
43,6,25,2855.24,0.434919
43,6,26,2835.61,0.369894
43,6,27,2824.25,0.31424
43,6,28,2822.18,0.272463
43,6,29,2829.43,0.245658
43,6,30,2844.47,0.231293
43,6,31,2864.39,0.224519
43,6,32,2886.08,0.219743
43,6,33,2907.34,0.21222
43,6,34,2927.62,0.199382
43,6,35,2947.39,0.180962
43,6,36,2967.24,0.158454
43,6,37,2987.22,0.134371
43,6,38,3006.96,0.11098
43,6,39,3026.82,0.0899179
43,6,40,3047.2,0.0720904
43,6,41,3070.69,0.0581122
43,6,42,3098.97,0.0484535
43,6,43,3131.15,0.043715
43,6,44,3162.36,0.0439182
43,6,45,3184.13,0.0482186
43,6,46,3185.68,0.0545115
43,6,47,3154.88,0.0599233
43,6,48,3078.42,0.0617342
43,6,49,2941.51,0.0584202
43,7,0,3443.8,0.546806
43,7,1,3605.19,0.658349
43,7,2,3701.41,0.754023
43,7,3,3749.69,0.83298
43,7,4,3764.04,0.897878
43,7,5,3756.44,0.951392
43,7,6,3737.56,0.992415
43,7,7,3715.46,1.01651
43,7,8,3694.26,1.01891
43,7,9,3674.26,0.998875
43,7,10,3653.54,0.961738
43,7,11,3629.91,0.917121
43,7,12,3602.79,0.875166
43,7,13,3570.5,0.841413
43,7,14,3530.6,0.814902
43,7,15,3479.83,0.791168
43,7,16,3416.09,0.765751
43,7,17,3339.67,0.736632
43,7,18,3254.13,0.704326
43,7,19,3165.79,0.670075
43,7,20,3081.68,0.634015
43,7,21,3007.44,0.594556
43,7,22,2945.72,0.549198
43,7,23,2896.08,0.496608
43,7,24,2856.32,0.437832
43,7,25,2824.06,0.376773
43,7,26,2798.22,0.318697
43,7,27,2779.22,0.269286
43,7,28,2768.58,0.23226
43,7,29,2767.1,0.208462
43,7,30,2774.31,0.195601
43,7,31,2788.4,0.189461
43,7,32,2807.07,0.185291
43,7,33,2828.51,0.179122
43,7,34,2851.97,0.168856
43,7,35,2877.32,0.154271
43,7,36,2904.31,0.136525
43,7,37,2932.08,0.11751
43,7,38,2959.55,0.0989226
43,7,39,2986.54,0.0819788
43,7,40,3013.15,0.0673969
43,7,41,3041.54,0.0557553
43,7,42,3072.85,0.047603
43,7,43,3105.74,0.0435953
43,7,44,3135.27,0.0438613
43,7,45,3153.47,0.0477099
43,7,46,3150.49,0.05328
43,7,47,3115.2,0.0579864
43,7,48,3035.15,0.0593322
43,7,49,2896.32,0.0559191
43,8,0,3403.88,0.524418
43,8,1,3569.39,0.634216
43,8,2,3668,0.730055
43,8,3,3716.53,0.810371
43,8,4,3728.7,0.876545
43,8,5,3716.33,0.929841
43,8,6,3690.36,0.96817
43,8,7,3659.82,0.986899
43,8,8,3630.3,0.981703
43,8,9,3603.47,0.95258
43,8,10,3578.27,0.905576
43,8,11,3552.71,0.850903
43,8,12,3526.08,0.799283
43,8,13,3496.35,0.757059
43,8,14,3460.71,0.724231
43,8,15,3415.47,0.697064
43,8,16,3358.18,0.671227
43,8,17,3288.83,0.644111
43,8,18,3210.62,0.615162
43,8,19,3129.36,0.58465
43,8,20,3051.46,0.552322
43,8,21,2981.79,0.516728
43,8,22,2922.4,0.476012
43,8,23,2872.5,0.429292
43,8,24,2829.93,0.377743
43,8,25,2792.53,0.324709
43,8,26,2759.46,0.274464
43,8,27,2731.49,0.231587
43,8,28,2710.7,0.198942
43,8,29,2698.78,0.177146
43,8,30,2696.56,0.164355
43,8,31,2703.55,0.157319
43,8,32,2718.54,0.152495
43,8,33,2740.28,0.146955
43,8,34,2767.84,0.139161
43,8,35,2800.32,0.128848
43,8,36,2836.44,0.116658
43,8,37,2874.22,0.103669
43,8,38,2911.69,0.09083
43,8,39,2948.01,0.0787693
43,8,40,2982.78,0.0678657
43,8,41,3017.6,0.0585282
43,8,42,3053.01,0.0513258
43,8,43,3087.27,0.0470055
43,8,44,3115.58,0.0459455
43,8,45,3130.67,0.0478168
43,8,46,3123.71,0.0512354
43,8,47,3084.61,0.0541121
43,8,48,3001.82,0.0543203
43,8,49,2862.01,0.0506245
43,9,0,3346.2,0.49764
43,9,1,3515.09,0.60355
43,9,2,3615.34,0.697534
43,9,3,3663.31,0.777719
43,9,4,3672.62,0.844502
43,9,5,3655.21,0.897814
43,9,6,3622.53,0.934539
43,9,7,3584.62,0.949691
43,9,8,3548.42,0.939201
43,9,9,3516.73,0.903534
43,9,10,3489.08,0.849133
43,9,11,3463.48,0.786521
43,9,12,3438.87,0.726862
43,9,13,3412.71,0.677229
43,9,14,3381.84,0.638625
43,9,15,3342.32,0.608088
43,9,16,3291.55,0.581461
43,9,17,3229.45,0.555712
43,9,18,3159.03,0.529503
43,9,19,3085.71,0.502421
43,9,20,3015.19,0.474002
43,9,21,2951.44,0.442964
43,9,22,2895.71,0.407942
43,9,23,2846.71,0.368269
43,9,24,2802.23,0.325042
43,9,25,2760.33,0.28092
43,9,26,2720.52,0.239161
43,9,27,2684,0.20318
43,9,28,2653.38,0.174946
43,9,29,2631.24,0.154814
43,9,30,2619.59,0.141435
43,9,31,2619.35,0.132653
43,9,32,2630.54,0.126279
43,9,33,2652.62,0.120563
43,9,34,2684.64,0.114597
43,9,35,2724.98,0.108087
43,9,36,2771.32,0.101152
43,9,37,2820.4,0.0940532
43,9,38,2869.23,0.0869477
43,9,39,2916.12,0.0798109
43,9,40,2960.02,0.0725749
43,9,41,3001.84,0.065352
43,9,42,3041.6,0.0586454
43,9,43,3077.42,0.0532853
43,9,44,3104.84,0.0499635
43,9,45,3117.45,0.0488365
43,9,46,3107.42,0.0491357
43,9,47,3065.67,0.0493907
43,9,48,2981.43,0.0479383
43,9,49,2841.91,0.0437381
43,10,0,3271.98,0.4691
43,10,1,3443.72,0.569797
43,10,2,3545.21,0.66048
43,10,3,3592.25,0.739241
43,10,4,3598.53,0.805817
43,10,5,3576.44,0.85907
43,10,6,3538.21,0.895077
43,10,7,3494.97,0.908564
43,10,8,3454.74,0.895624
43,10,9,3421.05,0.856887
43,10,10,3393.59,0.798733
43,10,11,3369.92,0.731512
43,10,12,3348.3,0.666452
43,10,13,3325.63,0.611097
43,10,14,3298.57,0.567399
43,10,15,3263.31,0.533239
43,10,16,3217.54,0.50482
43,10,17,3161.5,0.479011
43,10,18,3098.27,0.454092
43,10,19,3032.91,0.42928
43,10,20,2970.37,0.40404
43,10,21,2913.56,0.377252
43,10,22,2862.78,0.347883
43,10,23,2816.11,0.315334
43,10,24,2771.22,0.28052
43,10,25,2726.44,0.24542
43,10,26,2681.71,0.212325
43,10,27,2638.65,0.183482
43,10,28,2600.37,0.159933
43,10,29,2570.1,0.141661
43,10,30,2550.78,0.127729
43,10,31,2544.52,0.117009
43,10,32,2552.49,0.108626
43,10,33,2575,0.102014
43,10,34,2611.31,0.0969381
43,10,35,2659.27,0.0931611
43,10,36,2715.58,0.0903938
43,10,37,2775.77,0.0882113
43,10,38,2835.72,0.0860593
43,10,39,2892.82,0.0832834
43,10,40,2945.31,0.0793418
43,10,41,2993.49,0.0739738
43,10,42,3037.03,0.0675396
43,10,43,3074.12,0.0609122
43,10,44,3100.87,0.0550822
43,10,45,3111.7,0.0507081
43,10,46,3099.74,0.0476558
43,10,47,3056.73,0.0450805
43,10,48,2972.58,0.0417904
43,10,49,2834.85,0.0369427
43,11,0,3184.67,0.442369
43,11,1,3359.27,0.53761
43,11,2,3462.31,0.62423
43,11,3,3508.86,0.700385
43,11,4,3512.82,0.765483
43,11,5,3487.27,0.817826
43,11,6,3445.5,0.853214
43,11,7,3399.69,0.866416
43,11,8,3358.61,0.853701
43,11,9,3326.02,0.815553
43,11,10,3301.17,0.757746
43,11,11,3280.72,0.689855
43,11,12,3261.99,0.62266
43,11,13,3241.4,0.563832
43,11,14,3215.79,0.516114
43,11,15,3182.05,0.478279
43,11,16,3138.72,0.447109
43,11,17,3086.7,0.419717
43,11,18,3029.29,0.394377
43,11,19,2971.22,0.370194
43,11,20,2916.51,0.34666
43,11,21,2866.93,0.322807
43,11,22,2821.75,0.297858
43,11,23,2778.46,0.271269
43,11,24,2734.7,0.243827
43,11,25,2689.12,0.216932
43,11,26,2642.15,0.192017
43,11,27,2595.81,0.170189
43,11,28,2553.49,0.151523
43,11,29,2518.75,0.135506
43,11,30,2495.03,0.121445
43,11,31,2485.22,0.109056
43,11,32,2491.42,0.0986065
43,11,33,2514.73,0.090603
43,11,34,2554.73,0.0854751
43,11,35,2609.01,0.0831388
43,11,36,2673.55,0.0830588
43,11,37,2742.85,0.0843206
43,11,38,2811.84,0.085822
43,11,39,2877.09,0.0863981
43,11,40,2936.25,0.0851042
43,11,41,2989.15,0.0813164
43,11,42,3035.32,0.0752105
43,11,43,3073.18,0.06764
43,11,44,3099.43,0.0598008
43,11,45,3109.25,0.0527591
43,11,46,3096.53,0.0469144
43,11,47,3053.64,0.0419468
43,11,48,2971.01,0.0370634
43,11,49,2836.48,0.031592
43,12,0,3090.77,0.421438
43,12,1,3268.95,0.511993
43,12,2,3374.71,0.594327
43,12,3,3422.22,0.666588
43,12,4,3425.59,0.728206
43,12,5,3398.84,0.777646
43,12,6,3356.32,0.811229
43,12,7,3311.1,0.824333
43,12,8,3272.31,0.813549
43,12,9,3243.36,0.778955
43,12,10,3222.57,0.725212
43,12,11,3205.4,0.660551
43,12,12,3188.22,0.594793
43,12,13,3167.21,0.535356
43,12,14,3139.9,0.485527
43,12,15,3104.42,0.444888
43,12,16,3060.56,0.410902
43,12,17,3010.18,0.381138
43,12,18,2956.76,0.354102
43,12,19,2904.52,0.328962
43,12,20,2856.45,0.305303
43,12,21,2813.18,0.282346
43,12,22,2773.09,0.259613
43,12,23,2733.33,0.236754
43,12,24,2691.68,0.214592
43,12,25,2647.25,0.194141
43,12,26,2600.98,0.176107
43,12,27,2555.16,0.160533
43,12,28,2513.22,0.146526
43,12,29,2478.66,0.132994
43,12,30,2454.93,0.119316
43,12,31,2445.2,0.105813
43,12,32,2452,0.0936248
43,12,33,2476.94,0.084118
43,12,34,2519.89,0.0782887
43,12,35,2578.35,0.076254
43,12,36,2647.96,0.0773793
43,12,37,2722.71,0.0804748
43,12,38,2797.06,0.0841088
43,12,39,2867.09,0.0868018
43,12,40,2930.1,0.0873601
43,12,41,2985.63,0.0848894
43,12,42,3033.17,0.0793813
43,12,43,3071.36,0.0716008
43,12,44,3097.39,0.0628063
43,12,45,3107.03,0.0542951
43,12,46,3094.67,0.0468112
43,12,47,3053.16,0.0403812
43,12,48,2973.29,0.0344828
43,12,49,2843.09,0.0285656
43,13,0,2996.29,0.407973
43,13,1,3179.36,0.494991
43,13,2,3289.64,0.572918
43,13,3,3340.16,0.639729
43,13,4,3345.3,0.695234
43,13,5,3320,0.73888
43,13,6,3279.61,0.768413
43,13,7,3237.87,0.780488
43,13,8,3203.79,0.772235
43,13,9,3180,0.743159
43,13,10,3163.59,0.696412
43,13,11,3148.84,0.638442
43,13,12,3131.3,0.577666
43,13,13,3107.29,0.520897
43,13,14,3075.35,0.471616
43,13,15,3035.16,0.429995
43,13,16,2988.03,0.394124
43,13,17,2936.74,0.362093
43,13,18,2884.9,0.332756
43,13,19,2836.07,0.305471
43,13,20,2792.2,0.279979
43,13,21,2752.97,0.25578
43,13,22,2716.18,0.23279
43,13,23,2679.01,0.211046
43,13,24,2639.67,0.191587
43,13,25,2597.85,0.175241
43,13,26,2554.96,0.162142
43,13,27,2513.43,0.151422
43,13,28,2476.43,0.141309
43,13,29,2447,0.130141
43,13,30,2428.13,0.117256
43,13,31,2422.68,0.103334
43,13,32,2433.06,0.0900747
43,13,33,2460.91,0.0794
43,13,34,2506.16,0.0726854
43,13,35,2566.39,0.0702234
43,13,36,2637.35,0.0713842
43,13,37,2713.25,0.0749043
43,13,38,2788.7,0.0792651
43,13,39,2859.82,0.0829085
43,13,40,2923.83,0.0845875
43,13,41,2980.08,0.083276
43,13,42,3028.02,0.0788094
43,13,43,3066.37,0.0717939
43,13,44,3092.63,0.0633873
43,13,45,3102.89,0.0549016
43,13,46,3091.85,0.0471943
43,13,47,3052.65,0.0404308
43,13,48,2976.35,0.034217
43,13,49,2851.12,0.0280805
43,14,0,2906.63,0.401561
43,14,1,3095.7,0.486023
43,14,2,3211.96,0.559256
43,14,3,3267.21,0.618916
43,14,4,3276.03,0.665525
43,14,5,3254.25,0.70026
43,14,6,3218.17,0.723107
43,14,7,3181.89,0.7326
43,14,8,3153.95,0.72663
43,14,9,3135.93,0.704027
43,14,10,3123.6,0.666191
43,14,11,3110.22,0.617498
43,14,12,3090.84,0.564648
43,14,13,3062.15,0.513582
43,14,14,3023.78,0.467633
43,14,15,2976.95,0.42729
43,14,16,2924.37,0.391117
43,14,17,2869.7,0.357662
43,14,18,2816.61,0.326139
43,14,19,2768.04,0.296165
43,14,20,2725.09,0.267699
43,14,21,2686.79,0.240619
43,14,22,2650.78,0.21534
43,14,23,2614.62,0.19243
43,14,24,2577.18,0.173276
43,14,25,2538.87,0.15867
43,14,26,2501.55,0.148334
43,14,27,2467.61,0.14071
43,14,28,2439.71,0.133345
43,14,29,2420.07,0.124135
43,14,30,2410.72,0.112336
43,14,31,2413.64,0.0987719
43,14,32,2430.58,0.0853722
43,14,33,2462.7,0.0742612
43,14,34,2509.75,0.0669443
43,14,35,2569.54,0.0638051
43,14,36,2638.43,0.0642866
43,14,37,2711.54,0.0672307
43,14,38,2784.29,0.0712677
43,14,39,2853.34,0.074985
43,14,40,2916.04,0.0772574
43,14,41,2971.66,0.0770624
43,14,42,3019.48,0.0741139
43,14,43,3058.16,0.0688064
43,14,44,3085.21,0.0620648
43,14,45,3096.84,0.0550186
43,14,46,3087.85,0.0484168
43,14,47,3051.57,0.0423603
43,14,48,2979.25,0.0364442
43,14,49,2859.19,0.0302368
43,15,0,2825.86,0.399809
43,15,1,3021.02,0.482231
43,15,2,3143.52,0.550401
43,15,3,3203.95,0.601588
43,15,4,3217.05,0.637256
43,15,5,3199.6,0.660829
43,15,6,3168.69,0.675065
43,15,7,3138.63,0.680778
43,15,8,3117.33,0.676763
43,15,9,3105.13,0.661133
43,15,10,3096.58,0.63338
43,15,11,3084.16,0.595626
43,15,12,3062.57,0.55264
43,15,13,3028.94,0.509297
43,15,14,2983.76,0.468552
43,15,15,2929.43,0.431027
43,15,16,2869.82,0.395673
43,15,17,2809.39,0.361464
43,15,18,2752.01,0.327968
43,15,19,2700.33,0.295123
43,15,20,2654.96,0.263153
43,15,21,2614.65,0.232369
43,15,22,2577.14,0.203722
43,15,23,2540.58,0.178337
43,15,24,2504.65,0.157927
43,15,25,2470.54,0.143306
43,15,26,2440.52,0.133896
43,15,27,2416.89,0.127704
43,15,28,2401.49,0.121875
43,15,29,2395.38,0.114091
43,15,30,2399.23,0.10357
43,15,31,2413.68,0.0911246
43,15,32,2439.35,0.0786102
43,15,33,2476.65,0.0680042
43,15,34,2525.07,0.0606767
43,15,35,2582.86,0.0569925
43,15,36,2647.36,0.0565109
43,15,37,2715.07,0.0583307
43,15,38,2782.65,0.0614299
43,15,39,2847.57,0.0647122
43,15,40,2907.54,0.0672899
43,15,41,2961.78,0.068237
43,15,42,3009.32,0.0671749
43,15,43,3048.59,0.0642676
43,15,44,3076.91,0.0601386
43,15,45,3090.41,0.0556012
43,15,46,3083.92,0.0511194
43,15,47,3050.83,0.0465506
43,15,48,2982.56,0.0413468
43,15,49,2867.54,0.0350791
43,16,0,2756.79,0.399168
43,16,1,2956.66,0.479565
43,16,2,3084.05,0.542449
43,16,3,3148.52,0.584711
43,16,4,3165.01,0.608845
43,16,5,3151.17,0.6207
43,16,6,3124.91,0.625977
43,16,7,3100.68,0.627916
43,16,8,3085.68,0.626262
43,16,9,3079.11,0.618364
43,16,10,3074.43,0.601695
43,16,11,3063.45,0.575949
43,16,12,3040.64,0.543762
43,16,13,3003.3,0.508784
43,16,14,2952.3,0.473494
43,16,15,2890.7,0.43866
43,16,16,2823.15,0.403752
43,16,17,2754.9,0.368315
43,16,18,2690.44,0.332407
43,16,19,2632.68,0.296401
43,16,20,2582.24,0.260818
43,16,21,2537.92,0.226369
43,16,22,2497.64,0.194426
43,16,23,2460.12,0.166503
43,16,24,2425.81,0.144458
43,16,25,2396.66,0.129042
43,16,26,2375.33,0.119438
43,16,27,2363.9,0.113471
43,16,28,2363.25,0.108191
43,16,29,2372.97,0.101346
43,16,30,2392.04,0.0922236
43,16,31,2419.46,0.0815314
43,16,32,2454.58,0.0708134
43,16,33,2497.06,0.061606
43,16,34,2546.31,0.0549109
43,16,35,2601.28,0.0509677
43,16,36,2660.48,0.0494806
43,16,37,2721.88,0.0499213
43,16,38,2783.45,0.0517602
43,16,39,2843.55,0.0543241
43,16,40,2900.31,0.0570177
43,16,41,2952.94,0.0590583
43,16,42,3000.2,0.0599994
43,16,43,3040.21,0.0597927
43,16,44,3069.99,0.0587599
43,16,45,3085.51,0.0573407
43,16,46,3081.57,0.0555979
43,16,47,3051.64,0.0530022
43,16,48,2987.28,0.0487415
43,16,49,2877.02,0.0423405
43,17,0,2700.81,0.395825
43,17,1,2903.05,0.473923
43,17,2,3033.02,0.531747
43,17,3,3099.44,0.565858
43,17,4,3117.51,0.579648
43,17,5,3105.66,0.581187
43,17,6,3082.47,0.578921
43,17,7,3062.57,0.578424
43,17,8,3052.66,0.580384
43,17,9,3051.06,0.581413
43,17,10,3050.41,0.57692
43,17,11,3042,0.564005
43,17,12,3019.89,0.542925
43,17,13,2981.14,0.515875
43,17,14,2926.4,0.484808
43,17,15,2858.71,0.450811
43,17,16,2783.13,0.414237
43,17,17,2705.76,0.375614
43,17,18,2632.22,0.335842
43,17,19,2566.37,0.295955
43,17,20,2509.41,0.25682
43,17,21,2460.4,0.219415
43,17,22,2417.41,0.185252
43,17,23,2379.5,0.155882
43,17,24,2347.63,0.132963
43,17,25,2324.36,0.116996
43,17,26,2312.65,0.106926
43,17,27,2314.3,0.100602
43,17,28,2329.12,0.095278
43,17,29,2355.08,0.0890537
43,17,30,2389.32,0.081412
43,17,31,2429.2,0.0729215
43,17,32,2472.93,0.0646445
43,17,33,2519.72,0.05746
43,17,34,2569.21,0.0518224
43,17,35,2621.25,0.0477653
43,17,36,2675.49,0.045163
43,17,37,2731.2,0.0439503
43,17,38,2787.39,0.0441897
43,17,39,2843.18,0.0456965
43,17,40,2897.02,0.0481879
43,17,41,2948.12,0.0510422
43,17,42,2995.05,0.053768
43,17,43,3035.58,0.0561446
43,17,44,3066.53,0.0582338
43,17,45,3083.74,0.0601006
43,17,46,3082.03,0.0613487
43,17,47,3054.97,0.0609645
43,17,48,2994.27,0.0577737
43,17,49,2888.52,0.0511973
43,18,0,2657.7,0.386798
43,18,1,2859.96,0.462222
43,18,2,2990.19,0.515686
43,18,3,3056.61,0.543433
43,18,4,3074.53,0.549417
43,18,5,3062.9,0.543401
43,18,6,3040.77,0.536099
43,18,7,3023,0.535191
43,18,8,3016.18,0.542342
43,18,9,3018.29,0.553595
43,18,10,3021.58,0.562392
43,18,11,3016.92,0.563107
43,18,12,2997.76,0.553307
43,18,13,2960.39,0.533349
43,18,14,2904.55,0.504532
43,18,15,2832.67,0.468472
43,18,16,2749.84,0.426929
43,18,17,2663.1,0.382062
43,18,18,2579.63,0.336204
43,18,19,2504.87,0.291408
43,18,20,2441.15,0.248953
43,18,21,2387.94,0.209857
43,18,22,2343.39,0.175329
43,18,23,2306.55,0.146451
43,18,24,2278.53,0.124241
43,18,25,2262.14,0.108698
43,18,26,2260.41,0.0985142
43,18,27,2274.8,0.0917441
43,18,28,2304.02,0.0861198
43,18,29,2344.53,0.0803385
43,18,30,2391.82,0.0742037
43,18,31,2441.9,0.0681362
43,18,32,2492.23,0.0626093
43,18,33,2541.94,0.0577096
43,18,34,2591.21,0.0532324
43,18,35,2640.81,0.0489577
43,18,36,2691.36,0.0449501
43,18,37,2743.06,0.0416694
43,18,38,2795.54,0.0398253
43,18,39,2848.33,0.03976
43,18,40,2900.04,0.0415119
43,18,41,2949.83,0.0446287
43,18,42,2996.11,0.0485985
43,18,43,3036.52,0.0530762
43,18,44,3067.82,0.0579204
43,18,45,3085.92,0.0628567
43,18,46,3085.78,0.0670271
43,18,47,3061.11,0.0688972
43,18,48,3003.72,0.0668749
43,18,49,2902.27,0.0602213
43,19,0,2625.3,0.370264
43,19,1,2826.04,0.442614
43,19,2,2955.23,0.492677
43,19,3,3020.73,0.516345
43,19,4,3037.76,0.517655
43,19,5,3025.36,0.507319
43,19,6,3002.66,0.49766
43,19,7,2984.8,0.49815
43,19,8,2978.72,0.511537
43,19,9,2982.83,0.533669
43,19,10,2989.61,0.55635
43,19,11,2989.65,0.571275
43,19,12,2975.62,0.573049
43,19,13,2942.48,0.559733
43,19,14,2888.49,0.531695
43,19,15,2814.95,0.491153
43,19,16,2726.65,0.44171
43,19,17,2631.46,0.387806
43,19,18,2538.33,0.333843
43,19,19,2454.74,0.283296
43,19,20,2384.53,0.237958
43,19,21,2327.89,0.198645
43,19,22,2283,0.165796
43,19,23,2248.68,0.139499
43,19,24,2225.74,0.119702
43,19,25,2216.8,0.10567
43,19,26,2224.59,0.0958559
43,19,27,2250.07,0.0886934
43,19,28,2291.02,0.0826345
43,19,29,2342.69,0.0771661
43,19,30,2399.44,0.0724913
43,19,31,2456.43,0.0688657
43,19,32,2510.88,0.0660983
43,19,33,2562.12,0.0634132
43,19,34,2611,0.0599001
43,19,35,2659.08,0.0550762
43,19,36,2707.69,0.0492176
43,19,37,2757.54,0.0433437
43,19,38,2808.44,0.0388248
43,19,39,2859.95,0.0365465
43,19,40,2910.52,0.0368701
43,19,41,2959.19,0.0395161
43,19,42,3004.32,0.0439743
43,19,43,3043.65,0.0498144
43,19,44,3074.2,0.0567422
43,19,45,3092.17,0.0642005
43,19,46,3092.78,0.0709246
43,19,47,3069.89,0.0748997
43,19,48,3015.41,0.0741256
43,19,49,2918.08,0.0676643
43,20,0,2600.43,0.346679
43,20,1,2799.16,0.415494
43,20,2,2927.2,0.462924
43,20,3,2992.14,0.484485
43,20,4,3008.86,0.483837
43,20,5,2995.94,0.471876
43,20,6,2972.17,0.461822
43,20,7,2952.8,0.464559
43,20,8,2945.57,0.48403
43,20,9,2949.99,0.516365
43,20,10,2959.41,0.552296
43,20,11,2964.5,0.581165
43,20,12,2957.02,0.594598
43,20,13,2930.32,0.588014
43,20,14,2880.79,0.560522
43,20,15,2808.3,0.51479
43,20,16,2717.03,0.45639
43,20,17,2615.43,0.392389
43,20,18,2514.05,0.329677
43,20,19,2422.43,0.273435
43,20,20,2346.23,0.226058
43,20,21,2286.66,0.187989
43,20,22,2242.08,0.158547
43,20,23,2211,0.136436
43,20,24,2193.62,0.120236
43,20,25,2191.84,0.10836
43,20,26,2207.7,0.0990939
43,20,27,2241.49,0.0914224
43,20,28,2290.26,0.0847126
43,20,29,2348.59,0.079349
43,20,30,2410.42,0.0759463
43,20,31,2470.73,0.0745506
43,20,32,2526.89,0.0742615
43,20,33,2578.62,0.0734376
43,20,34,2627.31,0.0704932
43,20,35,2675.13,0.0647207
43,20,36,2723.78,0.0566274
43,20,37,2774.08,0.0477878
43,20,38,2825.62,0.0401878
43,20,39,2877.55,0.0352269
43,20,40,2927.93,0.0335648
43,20,41,2975.61,0.0350809
43,20,42,3019.05,0.0392763
43,20,43,3056.36,0.0456604
43,20,44,3085.1,0.0538255
43,20,45,3101.96,0.0630064
43,20,46,3102.51,0.0716408
43,20,47,3080.77,0.0773563
43,20,48,3028.73,0.0778307
43,20,49,2935.15,0.0719243
43,21,0,2580.32,0.318953
43,21,1,2777.11,0.383787
43,21,2,2904.54,0.428927
43,21,3,2970.01,0.449563
43,21,4,2987.85,0.448675
43,21,5,2975.83,0.436733
43,21,6,2951.9,0.427186
43,21,7,2931.15,0.431874
43,21,8,2922.16,0.455929
43,21,9,2925.91,0.496207
43,21,10,2937.09,0.543062
43,21,11,2946.8,0.584139
43,21,12,2946.1,0.60848
43,21,13,2926.74,0.608891
43,21,14,2883.28,0.582998
43,21,15,2814.11,0.533587
43,21,16,2722.61,0.467869
43,21,17,2617.34,0.395339
43,21,18,2509.95,0.325314
43,21,19,2411.65,0.264678
43,21,20,2329.92,0.216465
43,21,21,2267.3,0.180711
43,21,22,2222.73,0.155531
43,21,23,2194.5,0.138146
43,21,24,2182.02,0.125735
43,21,25,2186.12,0.115895
43,21,26,2207.74,0.106869
43,21,27,2246.36,0.0983192
43,21,28,2298.52,0.090612
43,21,29,2358.77,0.0850124
43,21,30,2421.35,0.0824792
43,21,31,2481.65,0.0827958
43,21,32,2537.54,0.0843701
43,21,33,2589.16,0.0847939
43,21,34,2638.29,0.0819363
43,21,35,2687.37,0.0749507
43,21,36,2738.19,0.0645784
43,21,37,2791.23,0.0528711
43,21,38,2845.49,0.0422957
43,21,39,2899.35,0.0346578
43,21,40,2950.32,0.0308438
43,21,41,2997.1,0.0308585
43,21,42,3038.46,0.0342196
43,21,43,3073.14,0.0403981
43,21,44,3099.38,0.0489136
43,21,45,3114.48,0.0588834
43,21,46,3114.35,0.0685959
43,21,47,3093.18,0.075503
43,21,48,3042.98,0.0771055
43,21,49,2952.56,0.0720994
43,22,0,2563.81,0.291778
43,22,1,2758.73,0.352282
43,22,2,2885.99,0.394969
43,22,3,2952.9,0.41488
43,22,4,2973.32,0.41429
43,22,5,2963.99,0.402903
43,22,6,2941.78,0.393856
43,22,7,2921.25,0.399417
43,22,8,2911.41,0.425678
43,22,9,2914.52,0.470455
43,22,10,2926.7,0.52438
43,22,11,2939.77,0.574298
43,22,12,2944.57,0.607524
43,22,13,2931.77,0.614792
43,22,14,2894.58,0.592321
43,22,15,2830.19,0.542611
43,22,16,2741.08,0.473763
43,22,17,2635.41,0.396869
43,22,18,2525.05,0.323006
43,22,19,2422.11,0.260357
43,22,20,2335.57,0.212528
43,22,21,2269.46,0.179295
43,22,22,2223.72,0.157857
43,22,23,2196.77,0.144265
43,22,24,2187.35,0.134598
43,22,25,2195.02,0.12586
43,22,26,2219.43,0.116385
43,22,27,2259.16,0.10651
43,22,28,2310.52,0.0974952
43,22,29,2368.49,0.0912994
43,22,30,2428.14,0.0890778
43,22,31,2485.76,0.0903192
43,22,32,2539.92,0.0928575
43,22,33,2591.19,0.0937428
43,22,34,2641.61,0.0905299
43,22,35,2693.62,0.0823546
43,22,36,2748.7,0.0701585
43,22,37,2806.6,0.0563016
43,22,38,2865.31,0.0435019
43,22,39,2922.26,0.0337803
43,22,40,2974.38,0.0281362
43,22,41,3020.43,0.0266545
43,22,42,3059.68,0.0288813
43,22,43,3091.61,0.0342816
43,22,44,3115.25,0.0423501
43,22,45,3128.42,0.0521828
43,22,46,3127.33,0.0620772
43,22,47,3106.28,0.0695119
43,22,48,3057.29,0.0719854
43,22,49,2969.21,0.0681012
43,23,0,2552.13,0.270403
43,23,1,2744.83,0.326511
43,23,2,2871.59,0.366308
43,23,3,2939.98,0.384974
43,23,4,2963.51,0.38431
43,23,5,2958.1,0.373201
43,23,6,2939.51,0.364109
43,23,7,2921.4,0.369184
43,23,8,2912.57,0.395073
43,23,9,2915.86,0.440525
43,23,10,2928.39,0.496939
43,23,11,2942.89,0.551289
43,23,12,2950.6,0.590299
43,23,13,2942.03,0.603557
43,23,14,2909.91,0.586269
43,23,15,2850.74,0.540326
43,23,16,2766.12,0.473769
43,23,17,2663.3,0.398058
43,23,18,2553.46,0.324893
43,23,19,2448.61,0.263015
43,23,20,2358.53,0.216406
43,23,21,2288.63,0.184852
43,23,22,2240.21,0.165231
43,23,23,2212.31,0.153106
43,23,24,2203.25,0.144076
43,23,25,2211.52,0.134934
43,23,26,2235.52,0.124208
43,23,27,2272.97,0.11274
43,23,28,2320.13,0.10236
43,23,29,2372.68,0.0953644
43,23,30,2426.8,0.0928941
43,23,31,2479.89,0.0941584
43,23,32,2531.36,0.0966434
43,23,33,2582.31,0.0971973
43,23,34,2634.95,0.0933598
43,23,35,2691.47,0.0843748
43,23,36,2752.71,0.0713006
43,23,37,2817.22,0.0565518
43,23,38,2881.69,0.042798
43,23,39,2942.51,0.0320316
43,23,40,2996.23,0.0252374
43,23,41,3041.88,0.0225477
43,23,42,3079.42,0.0235722
43,23,43,3109.11,0.0278233
43,23,44,3130.59,0.0348257
43,23,45,3142.12,0.043739
43,23,46,3140.11,0.053002
43,23,47,3118.9,0.0602972
43,23,48,3070.51,0.0632864
43,23,49,2983.8,0.0605722
43,24,0,2546.92,0.259182
43,24,1,2736.72,0.311297
43,24,2,2862.06,0.347878
43,24,3,2931,0.364583
43,24,4,2957.11,0.363112
43,24,5,2955.82,0.351665
43,24,6,2941.99,0.341838
43,24,7,2928.09,0.345195
43,24,8,2922.03,0.368482
43,24,9,2926.32,0.4112
43,24,10,2938.45,0.465801
43,24,11,2952.05,0.520174
43,24,12,2959.42,0.561531
43,24,13,2952.01,0.579338
43,24,14,2923.02,0.568338
43,24,15,2868.85,0.529652
43,24,16,2790.37,0.470407
43,24,17,2693.47,0.401174
43,24,18,2587.78,0.333008
43,24,19,2484.2,0.274302
43,24,20,2392.44,0.229099
43,24,21,2318.93,0.197467
43,24,22,2266.47,0.176684
43,24,23,2235.1,0.162727
43,24,24,2223.31,0.151529
43,24,25,2228.9,0.14016
43,24,26,2249.34,0.127423
43,24,27,2281.71,0.114359
43,24,28,2322.34,0.102884
43,24,29,2367.6,0.0951623
43,24,30,2414.74,0.0920807
43,24,31,2462.3,0.0926232
43,24,32,2510.64,0.0942138
43,24,33,2561.45,0.0938788
43,24,34,2617.11,0.0894356
43,24,35,2679.43,0.0803295
43,24,36,2748.22,0.0676105
43,24,37,2820.5,0.0534644
43,24,38,2891.49,0.0402102
43,24,39,2956.65,0.0295771
43,24,40,3012.42,0.0224279
43,24,41,3058.28,0.0189327
43,24,42,3094.92,0.0188205
43,24,43,3123.25,0.021717
43,24,44,3143.4,0.0272328
43,24,45,3153.86,0.0346543
43,24,46,3151.15,0.0426488
43,24,47,3129.63,0.0492242
43,24,48,3081.3,0.0523314
43,24,49,2995.01,0.050663
43,25,0,2548.38,0.259593
43,25,1,2734.72,0.308573
43,25,2,2857.55,0.342049
43,25,3,2925.71,0.356444
43,25,4,2953.16,0.353708
43,25,5,2955.26,0.341519
43,25,6,2946.22,0.330502
43,25,7,2937.26,0.331299
43,25,8,2934.81,0.350401
43,25,9,2940.29,0.387886
43,25,10,2950.99,0.437403
43,25,11,2961.37,0.488267
43,25,12,2965.36,0.528953
43,25,13,2956.16,0.549599
43,25,14,2928.32,0.545004
43,25,15,2878.7,0.515538
43,25,16,2807.52,0.4669
43,25,17,2719.05,0.407868
43,25,18,2620.75,0.347803
43,25,19,2521.57,0.293902
43,25,20,2430.37,0.249857
43,25,21,2354.05,0.216146
43,25,22,2296.73,0.19105
43,25,23,2259.77,0.171823
43,25,24,2242.28,0.15555
43,25,25,2242.04,0.140099
43,25,26,2256.12,0.124632
43,25,27,2281.28,0.110072
43,25,28,2314,0.0979317
43,25,29,2351.2,0.0897746
43,25,30,2391.01,0.0860199
43,25,31,2432.94,0.085491
43,25,32,2478.24,0.0858043
43,25,33,2529.28,0.0844721
43,25,34,2588.62,0.0797888
43,25,35,2657.54,0.0714245
43,25,36,2734.56,0.0602802
43,25,37,2814.99,0.0480671
43,25,38,2892.68,0.0365278
43,25,39,2962.39,0.026971
43,25,40,3020.67,0.0200919
43,25,41,3067.53,0.0161248
43,25,42,3104.27,0.0149841
43,25,43,3132.31,0.016468
43,25,44,3152.05,0.0203094
43,25,45,3162.09,0.0259451
43,25,46,3158.97,0.0322989
43,25,47,3137.05,0.0377549
43,25,48,3088.31,0.0406236
43,25,49,3001.57,0.0397612
43,26,0,2554.27,0.271172
43,26,1,2737.04,0.31831
43,26,2,2856.74,0.349394
43,26,3,2923.05,0.361788
43,26,4,2950.57,0.357901
43,26,5,2954.91,0.344977
43,26,6,2949.83,0.332602
43,26,7,2945.32,0.330322
43,26,8,2946.04,0.34421
43,26,9,2951.98,0.374877
43,26,10,2959.91,0.417272
43,26,11,2965.11,0.462384
43,26,12,2963.41,0.500286
43,26,13,2950.29,0.52216
43,26,14,2922.15,0.523149
43,26,15,2876.63,0.503005
43,26,16,2813.41,0.465891
43,26,17,2735.01,0.418464
43,26,18,2646.42,0.367824
43,26,19,2554.21,0.3194
43,26,20,2465.82,0.276119
43,26,21,2387.99,0.238802
43,26,22,2325.82,0.207039
43,26,23,2281.96,0.179936
43,26,24,2256.56,0.156343
43,26,25,2247.98,0.135348
43,26,26,2253.49,0.116566
43,26,27,2269.97,0.100583
43,26,28,2294.18,0.0881395
43,26,29,2323.46,0.0798816
43,26,30,2356.48,0.0756223
43,26,31,2393.53,0.074083
43,26,32,2436.56,0.0732354
43,26,33,2488.52,0.0712394
43,26,34,2552.1,0.0669264
43,26,35,2627.87,0.0601416
43,26,36,2712.99,0.0515096
43,26,37,2801.17,0.0421119
43,26,38,2885.14,0.0330059
43,26,39,2959.32,0.0250271
43,26,40,3020.44,0.0187219
43,26,41,3069.03,0.0144398
43,26,42,3106.8,0.0123406
43,26,43,3135.46,0.0124378
43,26,44,3155.53,0.014602
43,26,45,3165.65,0.0184092
43,26,46,3162.32,0.0230177
43,26,47,3139.89,0.027172
43,26,48,3090.33,0.0295514
43,26,49,3002.38,0.0292151
43,27,0,2560.52,0.292432
43,27,1,2740.19,0.339344
43,27,2,2856.85,0.369286
43,27,3,2920.97,0.380597
43,27,4,2947.84,0.376202
43,27,5,2953.43,0.36289
43,27,6,2951.19,0.349125
43,27,7,2949.85,0.343285
43,27,8,2952.39,0.351044
43,27,9,2957.34,0.37367
43,27,10,2961.04,0.407576
43,27,11,2959.62,0.445532
43,27,12,2950.89,0.479231
43,27,13,2932.64,0.500868
43,27,14,2903.27,0.505936
43,27,15,2861.24,0.493693
43,27,16,2805.84,0.466974
43,27,17,2737.89,0.430498
43,27,18,2660,0.389088
43,27,19,2576.36,0.346196
43,27,20,2492.69,0.30367
43,27,21,2415.08,0.262418
43,27,22,2349.05,0.223264
43,27,23,2298.26,0.187307
43,27,24,2264,0.155409
43,27,25,2245.66,0.128109
43,27,26,2241.3,0.105583
43,27,27,2248.34,0.0880358
43,27,28,2264.05,0.0753297
43,27,29,2286.17,0.0671081
43,27,30,2313.68,0.0625602
43,27,31,2347.31,0.0603405
43,27,32,2389.45,0.0588076
43,27,33,2443.38,0.0567506
43,27,34,2511.67,0.0534578
43,27,35,2594.04,0.0488507
43,27,36,2686.41,0.0432003
43,27,37,2781.21,0.036927
43,27,38,2870.52,0.0304241
43,27,39,2948.66,0.0240991
43,27,40,3012.64,0.0184064
43,27,41,3063.32,0.0138553
43,27,42,3102.68,0.0108786
43,27,43,3132.54,0.00971415
43,27,44,3153.41,0.0103629
43,27,45,3163.86,0.01251
43,27,46,3160.38,0.0154974
43,27,47,3137.31,0.0183716
43,27,48,3086.58,0.0201425
43,27,49,2996.82,0.0200769
43,28,0,2563.66,0.322155
43,28,1,2740.97,0.370594
43,28,2,2855.2,0.400841
43,28,3,2917.43,0.412161
43,28,4,2943.57,0.407978
43,28,5,2949.86,0.39459
43,28,6,2949.4,0.37928
43,28,7,2949.74,0.369246
43,28,8,2952.33,0.369845
43,28,9,2954.62,0.383201
43,28,10,2952.77,0.407422
43,28,11,2943.89,0.437151
43,28,12,2927.61,0.465583
43,28,13,2903.76,0.485681
43,28,14,2872.44,0.49307
43,28,15,2832.89,0.486529
43,28,16,2784.1,0.46787
43,28,17,2725.61,0.440359
43,28,18,2658.08,0.406937
43,28,19,2583.63,0.369257
43,28,20,2506.25,0.327959
43,28,21,2430.96,0.283717
43,28,22,2363.07,0.238224
43,28,23,2306.74,0.194271
43,28,24,2264.24,0.154581
43,28,25,2236.16,0.121127
43,28,26,2221.7,0.09473
43,28,27,2219.27,0.0753396
43,28,28,2226.97,0.0620864
43,28,29,2243,0.0537631
43,28,30,2266.6,0.0490367
43,28,31,2298.65,0.0465087
43,28,32,2341.6,0.044852
43,28,33,2398.67,0.0433259
43,28,34,2471.93,0.0415068
43,28,35,2560.24,0.0392811
43,28,36,2658.44,0.0365545
43,28,37,2758.21,0.0331651
43,28,38,2851.41,0.028967
43,28,39,2932.55,0.0240509
43,28,40,2998.9,0.0188466
43,28,41,3051.57,0.0140411
43,28,42,3092.63,0.0103215
43,28,43,3123.89,0.00812329
43,28,44,3145.73,0.00755008
43,28,45,3156.62,0.00835731
43,28,46,3152.97,0.0100118
43,28,47,3129.1,0.0117854
43,28,48,3076.91,0.0129534
43,28,49,2984.87,0.0129672
43,29,0,2562.21,0.359228
43,29,1,2737.71,0.410754
43,29,2,2850.16,0.442461
43,29,3,2911.05,0.454467
43,29,4,2936.73,0.45075
43,29,5,2943.57,0.437199
43,29,6,2944.14,0.419952
43,29,7,2944.82,0.405033
43,29,8,2945.82,0.397496
43,29,9,2943.93,0.400419
43,29,10,2935.58,0.413792
43,29,11,2918.92,0.434237
43,29,12,2895.12,0.456397
43,29,13,2865.53,0.473771
43,29,14,2831.43,0.481843
43,29,15,2792.67,0.478814
43,29,16,2748.22,0.465689
43,29,17,2696.95,0.444774
43,29,18,2638.3,0.417704
43,29,19,2572.85,0.384757
43,29,20,2502.95,0.345469
43,29,21,2432.29,0.300043
43,29,22,2365.4,0.250544
43,29,23,2306.32,0.200872
43,29,24,2257.84,0.155156
43,29,25,2221.63,0.116562
43,29,26,2198.18,0.0865758
43,29,27,2187.19,0.0651143
43,29,28,2187.86,0.050888
43,29,29,2199.11,0.0421495
43,29,30,2220.42,0.0372195
43,29,31,2252.65,0.0346457
43,29,32,2297.94,0.0332872
43,29,33,2358.97,0.0326496
43,29,34,2437.04,0.0324066
43,29,35,2530.07,0.0323234
43,29,36,2632.2,0.0319876
43,29,37,2734.89,0.0308128
43,29,38,2830.16,0.0282996
43,29,39,2912.91,0.0243642
43,29,40,2980.68,0.0194698
43,29,41,3034.77,0.0144625
43,29,42,3077.29,0.0102202
43,29,43,3109.92,0.0073123
43,29,44,3132.81,0.00590114
43,29,45,3144.21,0.00577137
43,29,46,3140.39,0.00646295
43,29,47,3115.63,0.00740036
43,29,48,3061.75,0.00805573
43,29,49,2967.12,0.00802894
43,30,0,2557.55,0.402309
43,30,1,2731.43,0.458013
43,30,2,2842.38,0.491637
43,30,3,2902.21,0.504112
43,30,4,2927.58,0.500182
43,30,5,2934.78,0.485652
43,30,6,2935.7,0.465749
43,30,7,2935.58,0.44536
43,30,8,2933.68,0.429108
43,30,9,2926.52,0.420885
43,30,10,2911.14,0.422549
43,30,11,2886.71,0.432771
43,30,12,2855.6,0.447696
43,30,13,2820.04,0.461312
43,30,14,2781.96,0.468796
43,30,15,2741.72,0.467631
43,30,16,2698.68,0.458075
43,30,17,2651.74,0.441782
43,30,18,2599.95,0.419595
43,30,19,2542.87,0.390923
43,30,20,2481.47,0.354488
43,30,21,2417.89,0.309929
43,30,22,2355.36,0.259254
43,30,23,2297.21,0.206806
43,30,24,2246.22,0.157523
43,30,25,2204.84,0.115387
43,30,26,2174.7,0.082502
43,30,27,2156.9,0.0589787
43,30,28,2151.96,0.0434601
43,30,29,2159.74,0.0340108
43,30,30,2180.1,0.0287946
43,30,31,2213.75,0.0262995
43,30,32,2262.2,0.0254419
43,30,33,2327.25,0.0257629
43,30,34,2409.21,0.0268731
43,30,35,2505.18,0.0283664
43,30,36,2608.98,0.0295933
43,30,37,2712.29,0.0297254
43,30,38,2807.64,0.0281151
43,30,39,2890.44,0.0246522
43,30,40,2958.51,0.0198804
43,30,41,3013.31,0.0147617
43,30,42,3056.95,0.0102706
43,30,43,3090.89,0.00702226
43,30,44,3114.97,0.00517972
43,30,45,3127.06,0.00451743
43,30,46,3123.2,0.00460907
43,30,47,3097.54,0.00497503
43,30,48,3041.84,0.0052292
43,30,49,2944.36,0.00508477
43,31,0,2552.75,0.447854
43,31,1,2724.86,0.508155
43,31,2,2834.13,0.54345
43,31,3,2892.62,0.555453
43,31,4,2917.22,0.549971
43,31,5,2924.09,0.533245
43,31,6,2924.4,0.509995
43,31,7,2922.42,0.484077
43,31,8,2916.68,0.45942
43,31,9,2903.74,0.440304
43,31,10,2881.27,0.430153
43,31,11,2849.37,0.429606
43,31,12,2811.14,0.436434
43,31,13,2769.19,0.44532
43,31,14,2725.76,0.451226
43,31,15,2681.72,0.450888
43,31,16,2637.23,0.443787
43,31,17,2591.91,0.430968
43,31,18,2545.04,0.412768
43,31,19,2495.68,0.38812
43,31,20,2443.57,0.355263
43,31,21,2389.21,0.313347
43,31,22,2334.22,0.264049
43,31,23,2280.76,0.211622
43,31,24,2231.16,0.161244
43,31,25,2188.19,0.117322
43,31,26,2154.38,0.0824719
43,31,27,2132.15,0.0571686
43,31,28,2123.38,0.0402862
43,31,29,2129,0.0300034
43,31,30,2149.39,0.0244896
43,31,31,2184.97,0.0221655
43,31,32,2236.49,0.0219026
43,31,33,2304.67,0.0231145
43,31,34,2388.78,0.0252293
43,31,35,2485.37,0.0276398
43,31,36,2588.28,0.029535
43,31,37,2689.85,0.0300095
43,31,38,2783.31,0.0284588
43,31,39,2864.68,0.0248932
43,31,40,2932.03,0.0199898
43,31,41,2986.97,0.0147903
43,31,42,3031.52,0.0102741
43,31,43,3066.9,0.0070085
43,31,44,3092.49,0.00509241
43,31,45,3105.67,0.00424724
43,31,46,3102.06,0.00404686
43,31,47,3075.65,0.00406517
43,31,48,3018.03,0.00402146
43,31,49,2917.45,0.00371406
43,32,0,2550.41,0.490386
43,32,1,2720.64,0.555093
43,32,2,2827.85,0.59148
43,32,3,2884.29,0.601923
43,32,4,2907.05,0.59352
43,32,5,2912.17,0.573448
43,32,6,2910.38,0.546427
43,32,7,2905.27,0.515468
43,32,8,2894.96,0.483558
43,32,9,2876.09,0.454804
43,32,10,2846.87,0.433652
43,32,11,2807.97,0.422453
43,32,12,2762.85,0.420684
43,32,13,2714.21,0.42409
43,32,14,2664.43,0.427741
43,32,15,2615.05,0.427771
43,32,16,2567.28,0.422834
43,32,17,2521.86,0.413213
43,32,18,2478.68,0.398745
43,32,19,2436.57,0.378072
43,32,20,2394.18,0.349241
43,32,21,2350.44,0.311106
43,32,22,2305.26,0.26497
43,32,23,2259.4,0.214683
43,32,24,2214.45,0.165266
43,32,25,2173.15,0.121207
43,32,26,2138.62,0.0854962
43,32,27,2114.38,0.059035
43,32,28,2103.59,0.041106
43,32,29,2108.22,0.0301879
43,32,30,2129.15,0.0245581
43,32,31,2166.5,0.0225699
43,32,32,2220.15,0.0229934
43,32,33,2289.71,0.0250257
43,32,34,2373.62,0.027843
43,32,35,2468.2,0.0306126
43,32,36,2567.69,0.0324018
43,32,37,2665.32,0.0323374
43,32,38,2755.23,0.0300107
43,32,39,2834.01,0.0256912
43,32,40,2900,0.0202653
43,32,41,2954.81,0.0148518
43,32,42,3000.36,0.0103737
43,32,43,3037.52,0.00727099
43,32,44,3065.16,0.00551355
43,32,45,3080.01,0.00472227
43,32,46,3077.18,0.0044385
43,32,47,3050.3,0.00425634
43,32,48,2990.76,0.00398058
43,32,49,2886.78,0.00347362
43,33,0,2551.44,0.524062
43,33,1,2720.09,0.592714
43,33,2,2825.1,0.629905
43,33,3,2878.75,0.638389
43,33,4,2898.22,0.626472
43,33,5,2899.64,0.602532
43,33,6,2893.67,0.571718
43,33,7,2883.81,0.536502
43,33,8,2868.16,0.498862
43,33,9,2843.43,0.462282
43,33,10,2808.09,0.431631
43,33,11,2762.95,0.410566
43,33,12,2711.5,0.400214
43,33,13,2656.45,0.397726
43,33,14,2600.41,0.398695
43,33,15,2545.64,0.398929
43,33,16,2494.44,0.39626
43,33,17,2448.63,0.389987
43,33,18,2408.73,0.379278
43,33,19,2373.4,0.362496
43,33,20,2340.43,0.337718
43,33,21,2307.42,0.303763
43,33,22,2272.71,0.261697
43,33,23,2235.76,0.214909
43,33,24,2197.32,0.168031
43,33,25,2159.87,0.125378
43,33,26,2126.84,0.0901224
43,33,27,2102.61,0.0635191
43,33,28,2091.35,0.0452873
43,33,29,2095.92,0.0342601
43,33,30,2117.57,0.0288758
43,33,31,2155.98,0.0274512
43,33,32,2210.24,0.0286667
43,33,33,2278.98,0.0315015
43,33,34,2360.12,0.0348634
43,33,35,2450.12,0.0376691
43,33,36,2543.94,0.0388528
43,33,37,2635.91,0.0376062
43,33,38,2721.05,0.0338002
43,33,39,2796.57,0.0280706
43,33,40,2860.92,0.0215996
43,33,41,2915.69,0.0156229
43,33,42,2962.54,0.0109992
43,33,43,3001.99,0.00800468
43,33,44,3032.34,0.00643787
43,33,45,3049.61,0.00577913
43,33,46,3048.22,0.00550421
43,33,47,3021.31,0.00519348
43,33,48,2959.92,0.00472013
43,33,49,2852.24,0.00398741
43,34,0,2554.53,0.54555
43,34,1,2722.4,0.617877
43,34,2,2825.63,0.65638
43,34,3,2876.23,0.663697
43,34,4,2891.26,0.648869
43,34,5,2887.02,0.621328
43,34,6,2874.64,0.586895
43,34,7,2858.17,0.547889
43,34,8,2836.17,0.505532
43,34,9,2805.55,0.46258
43,34,10,2764.74,0.423922
43,34,11,2714.35,0.394105
43,34,12,2657.73,0.37569
43,34,13,2597.59,0.367366
43,34,14,2536.87,0.365536
43,34,15,2478.46,0.365944
43,34,16,2425.45,0.365643
43,34,17,2380.31,0.362771
43,34,18,2343.85,0.35565
43,34,19,2314.59,0.342336
43,34,20,2289.71,0.321112
43,34,21,2265.91,0.291065
43,34,22,2240.43,0.253277
43,34,23,2211.76,0.21078
43,34,24,2179.95,0.167729
43,34,25,2147.12,0.128054
43,34,26,2116.84,0.0948715
43,34,27,2094,0.0695816
43,34,28,2083.46,0.0522266
43,34,29,2088.64,0.0419319
43,34,30,2110.89,0.0373081
43,34,31,2149.4,0.0367028
43,34,32,2202.5,0.038784
43,34,33,2268.18,0.0423936
43,34,34,2344.17,0.0462119
43,34,35,2427.44,0.0488922
43,34,36,2513.93,0.0491923
43,34,37,2599.1,0.0463406
43,34,38,2678.87,0.040504
43,34,39,2750.9,0.0327497
43,34,40,2813.68,0.024638
43,34,41,2868.67,0.0175915
43,34,42,2917.23,0.0124428
43,34,43,2959.49,0.00931035
43,34,44,2993.22,0.00780456
43,34,45,3013.71,0.00723693
43,34,46,3014.55,0.00698539
43,34,47,2988.17,0.00658016
43,34,48,2925.13,0.00594014
43,34,49,2813.58,0.00497986
43,35,0,2557.26,0.555395
43,35,1,2725.6,0.631563
43,35,2,2828.18,0.672661
43,35,3,2876.31,0.680608
43,35,4,2886.62,0.664407
43,35,5,2875.55,0.634047
43,35,6,2854.96,0.596042
43,35,7,2830.11,0.553002
43,35,8,2800.6,0.50596
43,35,9,2763.82,0.457283
43,35,10,2718.13,0.411797
43,35,11,2663.81,0.374601
43,35,12,2603.89,0.349303
43,35,13,2541.14,0.335918
43,35,14,2478.66,0.331626
43,35,15,2419.7,0.332202
43,35,16,2367.51,0.333967
43,35,17,2324.56,0.333888
43,35,18,2291.56,0.329434
43,35,19,2266.86,0.318456
43,35,20,2247.45,0.299657
43,35,21,2229.75,0.272699
43,35,22,2210.61,0.238963
43,35,23,2188,0.201277
43,35,24,2161.53,0.163276
43,35,25,2133.03,0.128306
43,35,26,2105.98,0.0991226
43,35,27,2085.45,0.0769535
43,35,28,2076.49,0.0619355
43,35,29,2082.64,0.0533399
43,35,30,2105.07,0.0499376
43,35,31,2142.48,0.0502134
43,35,32,2192.65,0.0529711
43,35,33,2253.24,0.0570825
43,35,34,2322.22,0.0611266
43,35,35,2397.33,0.0635365
43,35,36,2475.59,0.0628596
43,35,37,2553.6,0.0582894
43,35,38,2628.01,0.0502149
43,35,39,2696.77,0.0401005
43,35,40,2758.31,0.0298975
43,35,41,2813.83,0.0212685
43,35,42,2864.43,0.0150928
43,35,43,2909.92,0.0113998
43,35,44,2947.57,0.00965351
43,35,45,2971.97,0.00900936
43,35,46,2975.79,0.00872923
43,35,47,2950.58,0.00825109
43,35,48,2886.23,0.0074946
43,35,49,2770.84,0.00633953
43,36,0,2557.17,0.557071
43,36,1,2727.43,0.637562
43,36,2,2831.03,0.682846
43,36,3,2878.2,0.693569
43,36,4,2884.75,0.67786
43,36,5,2866.95,0.645601
43,36,6,2837.44,0.603848
43,36,7,2802.99,0.555914
43,36,8,2764.81,0.503369
43,36,9,2721.32,0.448828
43,36,10,2671.12,0.39727
43,36,11,2614.26,0.354154
43,36,12,2553.44,0.323676
43,36,13,2491.26,0.306686
43,36,14,2430.69,0.300786
43,36,15,2374.71,0.301655
43,36,16,2326,0.304896
43,36,17,2286.43,0.306445
43,36,18,2256.23,0.303125
43,36,19,2233.73,0.292831
43,36,20,2216.21,0.274948
43,36,21,2200.56,0.249986
43,36,22,2183.9,0.219834
43,36,23,2164.3,0.187254
43,36,24,2141.23,0.155331
43,36,25,2116.26,0.126654
43,36,26,2092.57,0.103312
43,36,27,2074.96,0.0860189
43,36,28,2068.14,0.0747213
43,36,29,2075.28,0.0686471
43,36,30,2097.18,0.0666901
43,36,31,2132.12,0.0675816
43,36,32,2177.67,0.0704406
43,36,33,2231.59,0.0743945
43,36,34,2292.32,0.0781293
43,36,35,2358.58,0.0799869
43,36,36,2428.49,0.0783264
43,36,37,2499.64,0.0722271
43,36,38,2569.23,0.0621451
43,36,39,2635.33,0.0497845
43,36,40,2696.11,0.0373879
43,36,41,2752.5,0.0268509
43,36,42,2805.36,0.0191771
43,36,43,2854.28,0.0144285
43,36,44,2896.18,0.0120281
43,36,45,2924.98,0.0110413
43,36,46,2932.38,0.010622
43,36,47,2908.88,0.0100789
43,36,48,2843.66,0.00926877
43,36,49,2724.78,0.00797978
43,37,0,2552.27,0.554672
43,37,1,2725.85,0.639829
43,37,2,2832.38,0.690456
43,37,3,2880.76,0.705576
43,37,4,2885.6,0.691818
43,37,5,2862.6,0.658361
43,37,6,2824.81,0.612598
43,37,7,2780.5,0.558848
43,37,8,2732.94,0.499894
43,37,9,2682.19,0.439295
43,37,10,2627.71,0.382534
43,37,11,2569.66,0.335319
43,37,12,2510.36,0.301959
43,37,13,2451.98,0.283461
43,37,14,2396.71,0.277288
43,37,15,2346.59,0.27874
43,37,16,2303.08,0.282708
43,37,17,2266.99,0.284387
43,37,18,2238.01,0.280352
43,37,19,2214.72,0.268921
43,37,20,2195.19,0.25042
43,37,21,2177.43,0.226377
43,37,22,2159.48,0.199282
43,37,23,2139.98,0.171875
43,37,24,2118.57,0.14666
43,37,25,2096.51,0.125346
43,37,26,2076.41,0.109118
43,37,27,2062.31,0.0979142
43,37,28,2058.03,0.091238
43,37,29,2065.99,0.0881008
43,37,30,2086.49,0.0874643
43,37,31,2117.68,0.0883753
43,37,32,2157.27,0.0904158
43,37,33,2203.48,0.0931905
43,37,34,2255.47,0.0957464
43,37,35,2312.94,0.096551
43,37,36,2374.97,0.0938844
43,37,37,2439.99,0.0866672
43,37,38,2505.52,0.0752205
43,37,39,2569.62,0.0612174
43,37,40,2630.12,0.0469629
43,37,41,2687.64,0.0344907
43,37,42,2742.86,0.0249827
43,37,43,2795.29,0.0186915
43,37,44,2841.58,0.0151606
43,37,45,2875.05,0.0134856
43,37,46,2886.41,0.0127516
43,37,47,2865.1,0.0121134
43,37,48,2799.52,0.011289
43,37,49,2677.79,0.00991571
43,38,0,2540.2,0.550034
43,38,1,2718.17,0.639554
43,38,2,2829.49,0.695726
43,38,3,2881.57,0.715917
43,38,4,2887.54,0.704975
43,38,5,2862.08,0.671014
43,38,6,2818.1,0.621549
43,38,7,2765.09,0.562013
43,38,8,2708.41,0.496796
43,38,9,2650.4,0.430868
43,38,10,2592.03,0.370472
43,38,11,2534.03,0.321459
43,38,12,2478.37,0.28783
43,38,13,2426.33,0.270108
43,38,14,2378.75,0.265098
43,38,15,2336.08,0.267467
43,38,16,2298.11,0.271483
43,38,17,2264.53,0.271982
43,38,18,2234.64,0.265755
43,38,19,2207.57,0.251893
43,38,20,2182.65,0.231797
43,38,21,2159.41,0.208005
43,38,22,2137.29,0.183517
43,38,23,2115.82,0.160999
43,38,24,2094.92,0.142352
43,38,25,2075.52,0.128403
43,38,26,2059.33,0.119383
43,38,27,2049.18,0.114383
43,38,28,2047.56,0.112348
43,38,29,2055.94,0.111964
43,38,30,2074.16,0.11218
43,38,31,2100.54,0.112318
43,38,32,2133.32,0.112453
43,38,33,2171.47,0.112808
43,38,34,2214.88,0.113037
43,38,35,2264.12,0.112024
43,38,36,2319.04,0.108186
43,38,37,2378.68,0.100318
43,38,38,2440.8,0.0884089
43,38,39,2503.34,0.0737573
43,38,40,2563.85,0.0583922
43,38,41,2622.69,0.0442957
43,38,42,2680.43,0.0328348
43,38,43,2736.5,0.0246154
43,38,44,2787.36,0.0194927
43,38,45,2825.73,0.0167491
43,38,46,2841.36,0.0154644
43,38,47,2822.64,0.0146299
43,38,48,2757.28,0.0137513
43,38,49,2633.55,0.0122709
43,39,0,2518.65,0.542435
43,39,1,2701.44,0.635053
43,39,2,2818.86,0.695821
43,39,3,2876.79,0.720726
43,39,4,2886.75,0.712932
43,39,5,2862.04,0.679384
43,39,6,2814.94,0.627522
43,39,7,2755.59,0.563778
43,39,8,2691.33,0.494152
43,39,9,2626.98,0.425103
43,39,10,2565.6,0.36364
43,39,11,2508.85,0.315591
43,39,12,2458.42,0.284313
43,39,13,2414.33,0.269404
43,39,14,2375.56,0.266716
43,39,15,2340.56,0.270225
43,39,16,2307.43,0.273807
43,39,17,2274.92,0.272377
43,39,18,2242.23,0.263359
43,39,19,2209.35,0.246797
43,39,20,2177.06,0.225103
43,39,21,2146.59,0.201583
43,39,22,2118.87,0.179469
43,39,23,2094.47,0.161206
43,39,24,2073.59,0.148098
43,39,25,2056.73,0.140234
43,39,26,2044.49,0.137065
43,39,27,2038.23,0.137037
43,39,28,2038.97,0.138634
43,39,29,2047.19,0.140234
43,39,30,2062.48,0.14069
43,39,31,2083.59,0.139427
43,39,32,2109.53,0.136853
43,39,33,2140.08,0.133767
43,39,34,2175.79,0.130563
43,39,35,2217.78,0.12682
43,39,36,2266.38,0.121391
43,39,37,2321.09,0.113089
43,39,38,2379.9,0.101477
43,39,39,2440.87,0.0871781
43,39,40,2501.39,0.0715892
43,39,41,2561.71,0.0564022
43,39,42,2622.33,0.0431177
43,39,43,2682.58,0.0328167
43,39,44,2738.6,0.0258317
43,39,45,2782.45,0.0217729
43,39,46,2802.9,0.0197665
43,39,47,2787.35,0.0186252
43,39,48,2722.94,0.0175692
43,39,49,2598.16,0.01582
43,40,0,2484.4,0.529993
43,40,1,2671.56,0.623744
43,40,2,2795.54,0.687407
43,40,3,2860.7,0.716069
43,40,4,2876.9,0.711553
43,40,5,2855.92,0.679734
43,40,6,2809.09,0.627821
43,40,7,2746.71,0.562957
43,40,8,2677.67,0.492434
43,40,9,2609.17,0.42389
43,40,10,2546.48,0.364822
43,40,11,2492.41,0.320736
43,40,12,2448.34,0.294063
43,40,13,2412.79,0.28325
43,40,14,2382.69,0.283206
43,40,15,2354.46,0.287449
43,40,16,2324.81,0.289925
43,40,17,2291.92,0.286136
43,40,18,2255.31,0.27448
43,40,19,2216.01,0.255959
43,40,20,2176.22,0.233685
43,40,21,2138.68,0.211268
43,40,22,2105.66,0.191716
43,40,23,2078.53,0.177016
43,40,24,2057.71,0.167893
43,40,25,2043.13,0.163956
43,40,26,2034.31,0.164258
43,40,27,2031.19,0.167031
43,40,28,2033.48,0.170596
43,40,29,2040.91,0.173159
43,40,30,2053.03,0.173397
43,40,31,2069.14,0.170547
43,40,32,2089.06,0.165001
43,40,33,2113.26,0.157887
43,40,34,2142.62,0.150316
43,40,35,2178.5,0.142781
43,40,36,2221.42,0.134905
43,40,37,2271.2,0.1258
43,40,38,2326.28,0.114669
43,40,39,2385.16,0.101307
43,40,40,2445.47,0.0861988
43,40,41,2507.56,0.0705049
43,40,42,2571.85,0.0557386
43,40,43,2637.4,0.0434783
43,40,44,2699.78,0.0346088
43,40,45,2750.17,0.0291436
43,40,46,2776.31,0.0262821
43,40,47,2764.71,0.024652
43,40,48,2702.02,0.0231564
43,40,49,2576.96,0.0208168
43,41,0,2436.6,0.512229
43,41,1,2626.49,0.604929
43,41,2,2756.16,0.669507
43,41,3,2828.49,0.700704
43,41,4,2851.84,0.69948
43,41,5,2836.58,0.670873
43,41,6,2792.98,0.621761
43,41,7,2731.21,0.559647
43,41,8,2661.19,0.492606
43,41,9,2591.99,0.428903
43,41,10,2530.78,0.376017
43,41,11,2481.36,0.338738
43,41,12,2444.71,0.318315
43,41,13,2417.8,0.311987
43,41,14,2395.56,0.313958
43,41,15,2372.74,0.317763
43,41,16,2345.13,0.318052
43,41,17,2310.93,0.311476
43,41,18,2270.36,0.29769
43,41,19,2225.51,0.278529
43,41,20,2179.77,0.257349
43,41,21,2136.96,0.237456
43,41,22,2100.15,0.221086
43,41,23,2071.21,0.209494
43,41,24,2050.51,0.202857
43,41,25,2037.53,0.200625
43,41,26,2030.88,0.201939
43,41,27,2029.49,0.205342
43,41,28,2032.19,0.209368
43,41,29,2038.3,0.21221
43,41,30,2047.49,0.212267
43,41,31,2059.59,0.208222
43,41,32,2075.02,0.199994
43,41,33,2094.61,0.188661
43,41,34,2119.23,0.1759
43,41,35,2150.12,0.163245
43,41,36,2187.73,0.151427
43,41,37,2232.27,0.14023
43,41,38,2282.9,0.128777
43,41,39,2339.08,0.116101
43,41,40,2399.06,0.101677
43,41,41,2463.57,0.0859577
43,41,42,2532.9,0.0702923
43,41,43,2605.57,0.0566424
43,41,44,2676.17,0.046372
43,41,45,2734.73,0.0398499
43,41,46,2767.82,0.0363025
43,41,47,2761.13,0.0341369
43,41,48,2700.9,0.031921
43,41,49,2575.99,0.0285239
43,42,0,2377.7,0.490868
43,42,1,2567.4,0.580586
43,42,2,2700.22,0.644177
43,42,3,2777.89,0.676561
43,42,4,2807.57,0.678346
43,42,5,2798.53,0.654043
43,42,6,2760.19,0.61019
43,42,7,2702.41,0.554328
43,42,8,2635.59,0.494788
43,42,9,2569.9,0.439838
43,42,10,2513.71,0.396386
43,42,11,2471.34,0.368078
43,42,12,2443.19,0.354775
43,42,13,2424.73,0.352543
43,42,14,2409.27,0.355214
43,42,15,2390.44,0.35689
43,42,16,2363.78,0.353577
43,42,17,2328.04,0.343618
43,42,18,2284.4,0.328152
43,42,19,2235.99,0.309684
43,42,20,2186.99,0.291347
43,42,21,2141.63,0.275557
43,42,22,2103.18,0.263284
43,42,23,2073.49,0.254811
43,42,24,2052.79,0.249833
43,42,25,2040.28,0.247951
43,42,26,2034.12,0.24883
43,42,27,2032.79,0.251744
43,42,28,2034.77,0.25571
43,42,29,2039.29,0.258973
43,42,30,2046.25,0.259499
43,42,31,2055.81,0.255082
43,42,32,2068.59,0.244749
43,42,33,2085.41,0.229167
43,42,34,2106.78,0.210391
43,42,35,2133.54,0.191037
43,42,36,2166.04,0.173213
43,42,37,2205,0.157778
43,42,38,2250.65,0.144199
43,42,39,2303.83,0.131056
43,42,40,2363.83,0.116928
43,42,41,2431.93,0.101498
43,42,42,2508.19,0.0857531
43,42,43,2590.21,0.0717823
43,42,44,2671.19,0.0611931
43,42,45,2739.64,0.0545186
43,42,46,2780.92,0.0508836
43,42,47,2779.94,0.0484002
43,42,48,2722.64,0.0452867
43,42,49,2597.89,0.0403141
43,43,0,2313.68,0.468918
43,43,1,2499.17,0.55415
43,43,2,2630.97,0.615025
43,43,3,2710.25,0.647089
43,43,4,2743.57,0.651076
43,43,5,2739.61,0.6313
43,43,6,2707.31,0.594025
43,43,7,2656.13,0.546591
43,43,8,2596.41,0.497142
43,43,9,2538.55,0.453423
43,43,10,2491.16,0.421316
43,43,11,2458.38,0.403018
43,43,12,2439.77,0.396903
43,43,13,2429.54,0.397943
43,43,14,2419.84,0.39989
43,43,15,2403.88,0.397832
43,43,16,2377.54,0.389605
43,43,17,2340.53,0.375614
43,43,18,2295.17,0.358621
43,43,19,2245.49,0.341688
43,43,20,2195.99,0.327408
43,43,21,2150.73,0.316912
43,43,22,2112.52,0.309616
43,43,23,2082.86,0.304742
43,43,24,2061.8,0.301611
43,43,25,2048.55,0.300211
43,43,26,2041.36,0.300976
43,43,27,2038.73,0.304049
43,43,28,2039.3,0.308926
43,43,29,2042.4,0.313758
43,43,30,2048.12,0.315876
43,43,31,2056.66,0.311969
43,43,32,2068.51,0.299973
43,43,33,2084.07,0.279979
43,43,34,2103.28,0.254312
43,43,35,2126.51,0.226652
43,43,36,2154.14,0.20062
43,43,37,2187.56,0.178455
43,43,38,2228.36,0.160417
43,43,39,2279.02,0.145083
43,43,40,2340.03,0.130442
43,43,41,2413.26,0.115491
43,43,42,2498.35,0.100683
43,43,43,2591.63,0.0878927
43,43,44,2684.57,0.0786166
43,43,45,2764,0.0732487
43,43,46,2814.08,0.0706159
43,43,47,2819.11,0.0684163
43,43,48,2764.78,0.0644824
43,43,49,2639.88,0.0575117
43,44,0,2251.68,0.448168
43,44,1,2428.41,0.527697
43,44,2,2553.95,0.584247
43,44,3,2629.71,0.614321
43,44,4,2662.41,0.619152
43,44,5,2660.9,0.603141
43,44,6,2634.02,0.572342
43,44,7,2590.84,0.533725
43,44,8,2541.12,0.494933
43,44,9,2494.61,0.462857
43,44,10,2459.16,0.44215
43,44,11,2438.04,0.433497
43,44,12,2429.8,0.433901
43,44,13,2427.58,0.43739
43,44,14,2422.99,0.437807
43,44,15,2409.34,0.431364
43,44,16,2383.31,0.417816
43,44,17,2345.78,0.399666
43,44,18,2300.19,0.381244
43,44,19,2251.22,0.366105
43,44,20,2203.3,0.356203
43,44,21,2159.84,0.351329
43,44,22,2122.86,0.349403
43,44,23,2093.37,0.348722
43,44,24,2071.36,0.348428
43,44,25,2056.4,0.349028
43,44,26,2047.21,0.35171
43,44,27,2042.7,0.357266
43,44,28,2041.84,0.365322
43,44,29,2044.13,0.373581
43,44,30,2049.68,0.378494
43,44,31,2058.47,0.37564
43,44,32,2070.53,0.361991
43,44,33,2085.67,0.337198
43,44,34,2103.22,0.303911
43,44,35,2123.25,0.266822
43,44,36,2146.37,0.231005
43,44,37,2174.87,0.200168
43,44,38,2211.76,0.175661
43,44,39,2261.13,0.156514
43,44,40,2324.54,0.140532
43,44,41,2404.3,0.126241
43,44,42,2499.43,0.113472
43,44,43,2604.78,0.103561
43,44,44,2709.98,0.0975153
43,44,45,2800.29,0.0952584
43,44,46,2858.86,0.0950993
43,44,47,2869.54,0.0941747
43,44,48,2817.91,0.0898535
43,44,49,2692.54,0.0807233
43,45,0,2195.39,0.42732
43,45,1,2359.16,0.49994
43,45,2,2473.21,0.550629
43,45,3,2539.97,0.577041
43,45,4,2567.19,0.581111
43,45,5,2564.57,0.567462
43,45,6,2541.36,0.541943
43,45,7,2506.23,0.51101
43,45,8,2467.94,0.481607
43,45,9,2434.81,0.45966
43,45,10,2413.17,0.448659
43,45,11,2404.82,0.448017
43,45,12,2407.23,0.453718
43,45,13,2412.73,0.459095
43,45,14,2412.89,0.458155
43,45,15,2401.51,0.448065
43,45,16,2376.28,0.430153
43,45,17,2339.19,0.408657
43,45,18,2294.61,0.389179
43,45,19,2247.6,0.375693
43,45,20,2202.22,0.369644
43,45,21,2161.05,0.369749
43,45,22,2125.3,0.372833
43,45,23,2095.59,0.376628
43,45,24,2072.08,0.380352
43,45,25,2054.95,0.385055
43,45,26,2043.63,0.392456
43,45,27,2037.5,0.403503
43,45,28,2035.87,0.417389
43,45,29,2038.22,0.430899
43,45,30,2044.47,0.439417
43,45,31,2054.2,0.437616
43,45,32,2066.86,0.421936
43,45,33,2081.67,0.392004
43,45,34,2097.56,0.350991
43,45,35,2114.55,0.304501
43,45,36,2133.77,0.258793
43,45,37,2158.45,0.218824
43,45,38,2192.89,0.187075
43,45,39,2242.46,0.163338
43,45,40,2309.44,0.145621
43,45,41,2396.3,0.13227
43,45,42,2501.31,0.122539
43,45,43,2617.93,0.117018
43,45,44,2734.19,0.11595
43,45,45,2834.06,0.11853
43,45,46,2900,0.122376
43,45,47,2915.56,0.12393
43,45,48,2866.2,0.119987
43,45,49,2740.3,0.108922
43,46,0,2141.25,0.402643
43,46,1,2288.94,0.467113
43,46,2,2387.53,0.510639
43,46,3,2440.95,0.532052
43,46,4,2458.58,0.533981
43,46,5,2451.5,0.521222
43,46,6,2429.71,0.499322
43,46,7,2401.57,0.474097
43,46,8,2374.54,0.451697
43,46,9,2355.05,0.437147
43,46,10,2347.39,0.433044
43,46,11,2351.64,0.437995
43,46,12,2364.18,0.447471
43,46,13,2376.88,0.454468
43,46,14,2381.55,0.453171
43,46,15,2372.72,0.441336
43,46,16,2349.07,0.42122
43,46,17,2313.49,0.398114
43,46,18,2270.94,0.378386
43,46,19,2226.54,0.366317
43,46,20,2183.84,0.363077
43,46,21,2144.62,0.366786
43,46,22,2109.51,0.373769
43,46,23,2079.03,0.381652
43,46,24,2053.74,0.389984
43,46,25,2034.56,0.400307
43,46,26,2021.61,0.414542
43,46,27,2014.68,0.433266
43,46,28,2013.17,0.454698
43,46,29,2016.33,0.47435
43,46,30,2023.73,0.486509
43,46,31,2034.42,0.48531
43,46,32,2047.35,0.467245
43,46,33,2061.33,0.432436
43,46,34,2075.21,0.384779
43,46,35,2089.27,0.330603
43,46,36,2105.29,0.27689
43,46,37,2127.39,0.229376
43,46,38,2160.8,0.191407
43,46,39,2211.68,0.163619
43,46,40,2282.53,0.144492
43,46,41,2375.75,0.13249
43,46,42,2488.93,0.126459
43,46,43,2614.49,0.126221
43,46,44,2739.39,0.131168
43,46,45,2846.75,0.139677
43,46,46,2918.53,0.148627
43,46,47,2938,0.153703
43,46,48,2890.49,0.151043
43,46,49,2764.3,0.138681
43,47,0,2078.43,0.369272
43,47,1,2208.18,0.424398
43,47,2,2289.31,0.459921
43,47,3,2327.3,0.4757
43,47,4,2333.19,0.474844
43,47,5,2319.63,0.462092
43,47,6,2297.47,0.442505
43,47,7,2274.77,0.42113
43,47,8,2257.64,0.403284
43,47,9,2250.42,0.393226
43,47,10,2255.29,0.392999
43,47,11,2270.56,0.400933
43,47,12,2291.78,0.412548
43,47,13,2310.59,0.42093
43,47,14,2319.33,0.420511
43,47,15,2313.31,0.409256
43,47,16,2292.06,0.389635
43,47,17,2259.03,0.367197
43,47,18,2219.39,0.348458
43,47,19,2178.02,0.3378
43,47,20,2137.9,0.336329
43,47,21,2100.21,0.34205
43,47,22,2065.3,0.351367
43,47,23,2033.85,0.362204
43,47,24,2006.96,0.374607
43,47,25,1986.28,0.390503
43,47,26,1972.53,0.411738
43,47,27,1965.65,0.438186
43,47,28,1964.92,0.466856
43,47,29,1969.2,0.491956
43,47,30,1977.59,0.506887
43,47,31,1988.68,0.505698
43,47,32,2001.09,0.485446
43,47,33,2013.52,0.447123
43,47,34,2025.01,0.395393
43,47,35,2036.31,0.336997
43,47,36,2049.87,0.279068
43,47,37,2070.44,0.227501
43,47,38,2103.72,0.186052
43,47,39,2156.06,0.156046
43,47,40,2229.85,0.136541
43,47,41,2327.22,0.126343
43,47,42,2445.4,0.124134
43,47,43,2576.37,0.129125
43,47,44,2706.66,0.139987
43,47,45,2819,0.154397
43,47,46,2894.9,0.168605
43,47,47,2917.28,0.177634
43,47,48,2871.27,0.176984
43,47,49,2745.39,0.164272
43,48,0,1993.9,0.324447
43,48,1,2104.75,0.369409
43,48,2,2168.3,0.396763
43,48,3,2191.12,0.407117
43,48,4,2185.56,0.403713
43,48,5,2165.43,0.390921
43,48,6,2142.19,0.373109
43,48,7,2123.5,0.35446
43,48,8,2114.18,0.339439
43,48,9,2116.69,0.331654
43,48,10,2131.26,0.332861
43,48,11,2154.77,0.341546
43,48,12,2182.25,0.353742
43,48,13,2205.46,0.36307
43,48,14,2217.45,0.364345
43,48,15,2214.32,0.355522
43,48,16,2196.2,0.338714
43,48,17,2166.74,0.319033
43,48,18,2130.95,0.302554
43,48,19,2093.2,0.293493
43,48,20,2055.88,0.292995
43,48,21,2019.81,0.299299
43,48,22,1985.29,0.3093
43,48,23,1953.34,0.321453
43,48,24,1925.61,0.33631
43,48,25,1904.32,0.356021
43,48,26,1890.57,0.382197
43,48,27,1884.31,0.413983
43,48,28,1884.57,0.447368
43,48,29,1889.75,0.475646
43,48,30,1898.53,0.491797
43,48,31,1909.19,0.490223
43,48,32,1920.26,0.46884
43,48,33,1930.55,0.429559
43,48,34,1939.48,0.377587
43,48,35,1948.31,0.319639
43,48,36,1959.99,0.262415
43,48,37,1979.53,0.211372
43,48,38,2012.58,0.170178
43,48,39,2065.27,0.140554
43,48,40,2139.57,0.122088
43,48,41,2237.45,0.114036
43,48,42,2356.15,0.11515
43,48,43,2487.89,0.124303
43,48,44,2619.48,0.139731
43,48,45,2733.67,0.158695
43,48,46,2811.63,0.177094
43,48,47,2835.81,0.189566
43,48,48,2791.19,0.191167
43,48,49,2667,0.179149
43,49,0,1878.45,0.269271
43,49,1,1969.94,0.303908
43,49,2,2017.15,0.323623
43,49,3,2027.11,0.329443
43,49,4,2012.63,0.324396
43,49,5,1987.85,0.312204
43,49,6,1964.17,0.296393
43,49,7,1948.67,0.28024
43,49,8,1944.95,0.267341
43,49,9,1953.96,0.260698
43,49,10,1974.51,0.26189
43,49,11,2002.57,0.269793
43,49,12,2033.06,0.281232
43,49,13,2058.27,0.290736
43,49,14,2072.15,0.293716
43,49,15,2071.56,0.288111
43,49,16,2057.03,0.275402
43,49,17,2032.06,0.259809
43,49,18,2001.11,0.246526
43,49,19,1967.88,0.239324
43,49,20,1934.18,0.239355
43,49,21,1900.59,0.245249
43,49,22,1867.53,0.254573
43,49,23,1836.36,0.266343
43,49,24,1809.14,0.281482
43,49,25,1788.41,0.302166
43,49,26,1775.44,0.329723
43,49,27,1770.08,0.362813
43,49,28,1771.11,0.396945
43,49,29,1776.6,0.425208
43,49,30,1784.95,0.440783
43,49,31,1794.37,0.438787
43,49,32,1803.48,0.418003
43,49,33,1811.34,0.380985
43,49,34,1817.8,0.333015
43,49,35,1824.52,0.280287
43,49,36,1834.6,0.228596
43,49,37,1852.92,0.182533
43,49,38,1884.66,0.145276
43,49,39,1935.32,0.11862
43,49,40,2006.48,0.10254
43,49,41,2099.97,0.0967215
43,49,42,2213.48,0.100153
43,49,43,2340.1,0.111654
43,49,44,2467.59,0.12936
43,49,45,2579.35,0.150481
43,49,46,2656.49,0.170949
43,49,47,2681.14,0.185434
43,49,48,2638.39,0.18892
43,49,49,2518.78,0.178486
44,0,0,3042.16,0.403754
44,0,1,3189.3,0.480961
44,0,2,3273.42,0.546759
44,0,3,3311.93,0.601945
44,0,4,3323.24,0.649378
44,0,5,3323.93,0.691094
44,0,6,3325.85,0.726274
44,0,7,3333.28,0.751471
44,0,8,3344.2,0.763201
44,0,9,3353.98,0.760853
44,0,10,3359.02,0.748549
44,0,11,3357.71,0.734375
44,0,12,3350.76,0.727779
44,0,13,3337.47,0.733795
44,0,14,3315.9,0.7512
44,0,15,3283.38,0.773583
44,0,16,3237.71,0.792958
44,0,17,3178.52,0.803874
44,0,18,3107.93,0.804803
44,0,19,3030.27,0.796634
44,0,20,2951.03,0.78006
44,0,21,2876.05,0.754409
44,0,22,2809.83,0.717348
44,0,23,2754.67,0.667387
44,0,24,2710.52,0.605117
44,0,25,2675.47,0.534183
44,0,26,2647.9,0.460168
44,0,27,2627.16,0.388867
44,0,28,2614.25,0.325048
44,0,29,2610.72,0.271415
44,0,30,2617.82,0.228807
44,0,31,2635.25,0.196824
44,0,32,2660.81,0.173971
44,0,33,2690.89,0.158409
44,0,34,2721.57,0.148401
44,0,35,2749.79,0.141977
44,0,36,2773.88,0.137464
44,0,37,2793.98,0.133537
44,0,38,2811.53,0.128763
44,0,39,2829.6,0.121891
44,0,40,2850.07,0.111755
44,0,41,2876.47,0.0983427
44,0,42,2911.04,0.0828938
44,0,43,2953.62,0.0680185
44,0,44,2999.88,0.0566061
44,0,45,3040.49,0.0505826
44,0,46,3061.82,0.0498898
44,0,47,3047.78,0.052379
44,0,48,2981.97,0.0548859
44,0,49,2848.96,0.0544053
44,1,0,3231.49,0.476913
44,1,1,3377.94,0.565794
44,1,2,3461.58,0.640192
44,1,3,3500.56,0.701603
44,1,4,3512.5,0.754177
44,1,5,3512.9,0.801064
44,1,6,3513.09,0.841691
44,1,7,3517.73,0.872012
44,1,8,3525.65,0.88771
44,1,9,3533.05,0.887804
44,1,10,3536.7,0.876822
44,1,11,3534.93,0.863699
44,1,12,3528.02,0.858536
44,1,13,3514.65,0.866141
44,1,14,3492.31,0.884155
44,1,15,3457.9,0.904924
44,1,16,3409.13,0.919847
44,1,17,3345.95,0.92395
44,1,18,3271.13,0.917029
44,1,19,3189.75,0.901371
44,1,20,3107.88,0.878451
44,1,21,3031.6,0.847591
44,1,22,2965.15,0.805658
44,1,23,2910.44,0.750326
44,1,24,2867.03,0.681667
44,1,25,2832.99,0.603523
44,1,26,2806.94,0.522168
44,1,27,2788.52,0.444299
44,1,28,2778.85,0.375328
44,1,29,2779.09,0.318055
44,1,30,2789.73,0.272933
44,1,31,2809.7,0.238881
44,1,32,2836.36,0.213731
44,1,33,2866.18,0.195185
44,1,34,2895.79,0.181362
44,1,35,2922.81,0.170456
44,1,36,2945.97,0.161123
44,1,37,2965.39,0.152455
44,1,38,2982.15,0.143313
44,1,39,2998.8,0.132656
44,1,40,3017.01,0.11946
44,1,41,3040.34,0.103803
44,1,42,3071.3,0.0869382
44,1,43,3110.01,0.0714695
44,1,44,3152.35,0.0601245
44,1,45,3189.35,0.054576
44,1,46,3208.01,0.0544234
44,1,47,3193.03,0.0572003
44,1,48,3128.24,0.0595492
44,1,49,2996.99,0.0584596
44,2,0,3359.3,0.533204
44,2,1,3504.95,0.630911
44,2,2,3588.16,0.711342
44,2,3,3627.32,0.776443
44,2,4,3639.17,0.831426
44,2,5,3638.23,0.880536
44,2,6,3635.5,0.923689
44,2,7,3636.16,0.956675
44,2,8,3640.08,0.974748
44,2,9,3644.27,0.976725
44,2,10,3645.83,0.967332
44,2,11,3642.85,0.955765
44,2,12,3635.14,0.951991
44,2,13,3620.82,0.960061
44,2,14,3596.9,0.976406
44,2,15,3559.95,0.992528
44,2,16,3507.69,0.999882
44,2,17,3440.36,0.994522
44,2,18,3361.37,0.977848
44,2,19,3276.62,0.953588
44,2,20,3192.8,0.923993
44,2,21,3116.22,0.888426
44,2,22,3050.81,0.843129
44,2,23,2997.9,0.785055
44,2,24,2956.56,0.71375
44,2,25,2924.74,0.633047
44,2,26,2901.23,0.549563
44,2,27,2885.92,0.470557
44,2,28,2879.96,0.401764
44,2,29,2884.08,0.345821
44,2,30,2898,0.302539
44,2,31,2919.9,0.269909
44,2,32,2946.79,0.244934
44,2,33,2975.41,0.224816
44,2,34,3003.12,0.207633
44,2,35,3028.31,0.192022
44,2,36,3050.24,0.177284
44,2,37,3069.01,0.163219
44,2,38,3085.29,0.149227
44,2,39,3100.96,0.134653
44,2,40,3117.36,0.118744
44,2,41,3137.97,0.101689
44,2,42,3165.45,0.0846749
44,2,43,3200.21,0.0700884
44,2,44,3238.42,0.0602191
44,2,45,3271.48,0.0562418
44,2,46,3287.05,0.0572818
44,2,47,3270.57,0.0605807
44,2,48,3206.29,0.0627263
44,2,49,3077.07,0.060909
44,3,0,3438.56,0.570687
44,3,1,3584.86,0.67495
44,3,2,3668.71,0.759772
44,3,3,3708.38,0.827053
44,3,4,3719.82,0.882533
44,3,5,3716.73,0.931299
44,3,6,3709.96,0.973902
44,3,7,3705.44,1.00644
44,3,8,3704.21,1.02423
44,3,9,3704.18,1.02614
44,3,10,3702.69,1.01696
44,3,11,3697.62,1.0057
44,3,12,3688.25,1.00168
44,3,13,3672.22,1.00801
44,3,14,3646.14,1.02018
44,3,15,3606.37,1.02939
44,3,16,3550.62,1.02769
44,3,17,3479.4,1.01234
44,3,18,3396.69,0.986131
44,3,19,3309.03,0.953827
44,3,20,3223.76,0.918215
44,3,21,3147.34,0.87871
44,3,22,3083.38,0.831261
44,3,23,3032.62,0.772449
44,3,24,2993.61,0.70149
44,3,25,2964.11,0.622114
44,3,26,2943.03,0.540952
44,3,27,2930.44,0.465443
44,3,28,2927.48,0.401308
44,3,29,2934.51,0.350814
44,3,30,2950.62,0.312991
44,3,31,2973.42,0.28481
44,3,32,2999.79,0.262401
44,3,33,3026.77,0.242475
44,3,34,3052.46,0.223155
44,3,35,3076.03,0.203676
44,3,36,3097.19,0.184149
44,3,37,3116.02,0.165205
44,3,38,3132.71,0.146898
44,3,39,3148.5,0.129035
44,3,40,3164.28,0.111215
44,3,41,3183.35,0.093764
44,3,42,3208.41,0.0777719
44,3,43,3240.02,0.0652955
44,3,44,3274.57,0.0580379
44,3,45,3303.81,0.0565406
44,3,46,3315.96,0.0593871
44,3,47,3297.13,0.0635404
44,3,48,3232.04,0.0655998
44,3,49,3103.57,0.0630579
44,4,0,3481.37,0.591233
44,4,1,3630.12,0.700608
44,4,2,3715.85,0.789212
44,4,3,3756.61,0.858326
44,4,4,3767.6,0.913558
44,4,5,3761.85,0.960412
44,4,6,3750.15,1.00005
44,4,7,3739.33,1.02922
44,4,8,3731.73,1.04367
44,4,9,3726.29,1.04257
44,4,10,3720.7,1.03072
44,4,11,3712.59,1.0168
44,4,12,3700.86,1.00943
44,4,13,3682.72,1.01107
44,4,14,3654.54,1.01679
44,4,15,3612.46,1.01808
44,4,16,3554.23,1.00787
44,4,17,3480.52,0.984338
44,4,18,3395.6,0.950954
44,4,19,3306.45,0.912817
44,4,20,3220.75,0.872843
44,4,21,3144.99,0.830495
44,4,22,3082.46,0.781853
44,4,23,3033.44,0.723591
44,4,24,2996.03,0.654927
44,4,25,2967.91,0.579466
44,4,26,2948.01,0.503573
44,4,27,2936.54,0.434486
44,4,28,2934.62,0.377605
44,4,29,2942.44,0.33472
44,4,30,2958.75,0.304127
44,4,31,2980.95,0.281923
44,4,32,3005.94,0.263534
44,4,33,3031.15,0.245315
44,4,34,3055.29,0.225501
44,4,35,3078.08,0.203924
44,4,36,3099.55,0.181431
44,4,37,3119.63,0.159355
44,4,38,3138.03,0.138322
44,4,39,3155.33,0.118549
44,4,40,3172.01,0.0999819
44,4,41,3191.09,0.0831021
44,4,42,3215.17,0.0689335
44,4,43,3244.78,0.0592021
44,4,44,3276.37,0.0550399
44,4,45,3301.98,0.0563735
44,4,46,3310.38,0.0612838
44,4,47,3288.33,0.0664942
44,4,48,3221.08,0.0686322
44,4,49,3091.88,0.0654897
44,5,0,3496.74,0.598297
44,5,1,3649.31,0.711707
44,5,2,3737.86,0.803892
44,5,3,3780.14,0.875085
44,5,4,3790.69,0.930189
44,5,5,3781.94,0.974633
44,5,6,3764.73,1.00999
44,5,7,3746.77,1.0337
44,5,8,3731.79,1.04212
44,5,9,3719.9,1.03482
44,5,10,3709.24,1.01671
44,5,11,3697.35,0.996292
44,5,12,3682.86,0.981823
44,5,13,3662.74,0.975734
44,5,14,3633.2,0.973421
44,5,15,3590.29,0.967111
44,5,16,3531.72,0.950522
44,5,17,3458.12,0.9222
44,5,18,3373.74,0.885385
44,5,19,3285.54,0.844702
44,5,20,3201.15,0.802795
44,5,21,3126.85,0.759175
44,5,22,3065.63,0.710446
44,5,23,3017.46,0.653784
44,5,24,2980.29,0.588698
44,5,25,2951.8,0.518649
44,5,26,2930.96,0.449495
44,5,27,2918.08,0.387943
44,5,28,2914.31,0.338838
44,5,29,2919.92,0.303505
44,5,30,2933.77,0.279739
44,5,31,2953.42,0.263157
44,5,32,2976.08,0.248878
44,5,33,2999.55,0.23317
44,5,34,3022.99,0.214456
44,5,35,3046.35,0.193006
44,5,36,3069.68,0.170117
44,5,37,3092.57,0.147477
44,5,38,3114.23,0.126028
44,5,39,3134.62,0.106226
44,5,40,3153.88,0.0882764
44,5,41,3174.7,0.0728051
44,5,42,3199.39,0.0608223
44,5,43,3228.24,0.0537953
44,5,44,3257.59,0.0524261
44,5,45,3279.76,0.0561831
44,5,46,3284.12,0.0628053
44,5,47,3258.16,0.0688891
44,5,48,3187.81,0.0711242
44,5,49,3056.89,0.0675506
44,6,0,3490.25,0.594828
44,6,1,3647.24,0.710814
44,6,2,3738.92,0.805894
44,6,3,3782.71,0.879159
44,6,4,3792.64,0.934495
44,6,5,3780.68,0.976836
44,6,6,3757.7,1.00781
44,6,7,3732.26,1.02533
44,6,8,3709.48,1.02626
44,6,9,3690.6,1.01053
44,6,10,3674.35,0.983249
44,6,11,3658.36,0.953027
44,6,12,3641.15,0.928347
44,6,13,3619.65,0.912308
44,6,14,3590.08,0.901271
44,6,15,3548.42,0.888459
44,6,16,3492.28,0.868161
44,6,17,3422.06,0.838643
44,6,18,3341.58,0.802149
44,6,19,3257.31,0.762243
44,6,20,3176.41,0.721037
44,6,21,3104.65,0.678117
44,6,22,3044.76,0.630842
44,6,23,2996.59,0.577088
44,6,24,2958.18,0.51677
44,6,25,2927.36,0.453114
44,6,26,2903.21,0.391278
44,6,27,2886.08,0.337176
44,6,28,2877.31,0.29495
44,6,29,2877.47,0.265545
44,6,30,2885.97,0.246604
44,6,31,2900.97,0.233795
44,6,32,2920.28,0.222465
44,6,33,2942.12,0.209168
44,6,34,2965.85,0.192608
44,6,35,2991.37,0.173274
44,6,36,3018.39,0.152535
44,6,37,3045.97,0.131993
44,6,38,3072.72,0.112557
44,6,39,3098.07,0.0946856
44,6,40,3121.81,0.0786857
44,6,41,3146.23,0.0652645
44,6,42,3173.18,0.0554444
44,6,43,3202.47,0.050524
44,6,44,3230.27,0.0509726
44,6,45,3249.2,0.0560412
44,6,46,3249.35,0.0633824
44,6,47,3219.14,0.0696631
44,6,48,3145.28,0.071732
44,6,49,3012.33,0.0678419
44,7,0,3464.09,0.582404
44,7,1,3625.33,0.698758
44,7,2,3719.85,0.795187
44,7,3,3764.72,0.869882
44,7,4,3773.61,0.925696
44,7,5,3758.23,0.966749
44,7,6,3729.57,0.994301
44,7,7,3696.98,1.00632
44,7,8,3666.75,0.999903
44,7,9,3641.21,0.975205
44,7,10,3619.65,0.937542
44,7,11,3599.83,0.895893
44,7,12,3580.42,0.859444
44,7,13,3558.44,0.832498
44,7,14,3530.3,0.812823
44,7,15,3491.95,0.794738
44,7,16,3440.82,0.772837
44,7,17,3376.87,0.74469
44,7,18,3303.22,0.711151
44,7,19,3225.56,0.674499
44,7,20,3150.21,0.636261
44,7,21,3082.25,0.596121
44,7,22,3024.08,0.552209
44,7,23,2975.54,0.503038
44,7,24,2934.91,0.448837
44,7,25,2900.29,0.392453
44,7,26,2870.89,0.338206
44,7,27,2847.23,0.291058
44,7,28,2830.9,0.254378
44,7,29,2823.03,0.228823
44,7,30,2823.88,0.212209
44,7,31,2832.54,0.200756
44,7,32,2847.66,0.190559
44,7,33,2867.99,0.178845
44,7,34,2892.99,0.164713
44,7,35,2922.24,0.1487
44,7,36,2954.87,0.131922
44,7,37,2989.17,0.115527
44,7,38,3023.09,0.100068
44,7,39,3055.5,0.0857562
44,7,40,3085.76,0.0728056
44,7,41,3115.63,0.0618744
44,7,42,3146.33,0.0539641
44,7,43,3177.09,0.0502655
44,7,44,3203.9,0.0512027
44,7,45,3219.84,0.0560697
44,7,46,3215.9,0.062722
44,7,47,3181.5,0.0681458
44,7,48,3104.3,0.0695038
44,7,49,2969.62,0.0652726
44,8,0,3418.61,0.562099
44,8,1,3583.45,0.676149
44,8,2,3680.11,0.771789
44,8,3,3725.33,0.846763
44,8,4,3732.6,0.903077
44,8,5,3713.61,0.943853
44,8,6,3679.68,0.969593
44,8,7,3640.89,0.977903
44,8,8,3604.49,0.965782
44,8,9,3573.59,0.933396
44,8,10,3547.86,0.88619
44,8,11,3525.18,0.833561
44,8,12,3504.41,0.785601
44,8,13,3482.84,0.748032
44,8,14,3457.18,0.720214
44,8,15,3423.43,0.697585
44,8,16,3378.82,0.674926
44,8,17,3322.83,0.649043
44,8,18,3257.84,0.61944
44,8,19,3188.61,0.587228
44,8,20,3120.48,0.553433
44,8,21,3057.7,0.517811
44,8,22,3002.2,0.479089
44,8,23,2953.71,0.436167
44,8,24,2910.73,0.389382
44,8,25,2871.71,0.341069
44,8,26,2836.13,0.294669
44,8,27,2804.77,0.254136
44,8,28,2779.63,0.222045
44,8,29,2762.49,0.198803
44,8,30,2754.58,0.182587
44,8,31,2756.08,0.170488
44,8,32,2766.64,0.159706
44,8,33,2785.66,0.148434
44,8,34,2812.7,0.136295
44,8,35,2846.95,0.123821
44,8,36,2886.85,0.111719
44,8,37,2929.78,0.100491
44,8,38,2972.88,0.0901265
44,8,39,3014.33,0.0803954
44,8,40,3052.93,0.0712159
44,8,41,3089.72,0.0630213
44,8,42,3125.19,0.0566997
44,8,43,3158.04,0.053351
44,8,44,3184.27,0.0534937
44,8,45,3197.56,0.0566878
44,8,46,3189.93,0.0612458
44,8,47,3151.88,0.0647017
44,8,48,3072.02,0.0646895
44,8,49,2936.39,0.0599488
44,9,0,3354.08,0.535363
44,9,1,3521.7,0.644691
44,9,2,3619.77,0.737537
44,9,3,3664.6,0.811663
44,9,4,3669.74,0.868476
44,9,5,3647.19,0.910038
44,9,6,3608.82,0.935857
44,9,7,3565.47,0.942866
44,9,8,3525.02,0.927721
44,9,9,3490.96,0.890374
44,9,10,3462.97,0.836175
44,9,11,3438.91,0.77474
44,9,12,3417.72,0.716947
44,9,13,3397.03,0.669849
44,9,14,3373.98,0.634413
44,9,15,3344.83,0.607232
44,9,16,3306.76,0.583361
44,9,17,3258.95,0.559077
44,9,18,3203.11,0.53288
44,9,19,3143.14,0.504994
44,9,20,3083.38,0.476053
44,9,21,3027.07,0.445803
44,9,22,2975.48,0.413312
44,9,23,2928.02,0.3776
44,9,24,2883.36,0.338943
44,9,25,2840.31,0.299121
44,9,26,2798.78,0.260764
44,9,27,2760,0.226832
44,9,28,2726.45,0.199091
44,9,29,2700.54,0.177639
44,9,30,2684.36,0.161019
44,9,31,2679.12,0.147258
44,9,32,2685.46,0.134789
44,9,33,2703.54,0.122918
44,9,34,2733.16,0.11191
44,9,35,2773.2,0.10235
44,9,36,2821.42,0.0945722
44,9,37,2874.21,0.0884376
44,9,38,2927.8,0.0833184
44,9,39,2979.49,0.0784322
44,9,40,3027.34,0.0732487
44,9,41,3071.59,0.0678103
44,9,42,3112.04,0.0627803
44,9,43,3147.05,0.0591558
44,9,44,3172.87,0.0576254
44,9,45,3183.95,0.0581583
44,9,46,3173.33,0.0596817
44,9,47,3132.56,0.0604092
44,9,48,3051.13,0.0585369
44,9,49,2915.74,0.053093
44,10,0,3272.47,0.505284
44,10,1,3442.34,0.608509
44,10,2,3541.45,0.697327
44,10,3,3585.62,0.769807
44,10,4,3588.65,0.826981
44,10,5,3563.16,0.869954
44,10,6,3521.81,0.897264
44,10,7,3476.14,0.905131
44,10,8,3434.35,0.889792
44,10,9,3399.79,0.850799
44,10,10,3371.82,0.793095
44,10,11,3347.89,0.726114
44,10,12,3326.91,0.661135
44,10,13,3306.79,0.606226
44,10,14,3285.33,0.563827
44,10,15,3259.39,0.53174
44,10,16,3226.44,0.50552
44,10,17,3185.67,0.481302
44,10,18,3138.36,0.45703
44,10,19,3087.61,0.432339
44,10,20,3036.69,0.407535
44,10,21,2987.72,0.382261
44,10,22,2941.1,0.355725
44,10,23,2895.78,0.326933
44,10,24,2850.51,0.296077
44,10,25,2804.52,0.264478
44,10,26,2758.33,0.234073
44,10,27,2713.76,0.206877
44,10,28,2673.78,0.183806
44,10,29,2641.29,0.164513
44,10,30,2618.93,0.147747
44,10,31,2608.69,0.132336
44,10,32,2612.01,0.117854
44,10,33,2629.85,0.104715
44,10,34,2662.38,0.0938929
44,10,35,2708.33,0.0861574
44,10,36,2764.9,0.0816251
44,10,37,2827.55,0.0796688
44,10,38,2891.52,0.079116
44,10,39,2953.19,0.0786345
44,10,40,3009.78,0.0771867
44,10,41,3060.8,0.0743227
44,10,42,3105.53,0.0703911
44,10,43,3142.27,0.0662571
44,10,44,3167.68,0.0627847
44,10,45,3177.04,0.0603954
44,10,46,3164.34,0.0586656
44,10,47,3122.03,0.056499
44,10,48,3040.4,0.0526444
44,10,49,2906.66,0.046402
44,11,0,3178.04,0.476087
44,11,1,3350.33,0.57322
44,11,2,3450.98,0.657746
44,11,3,3495.17,0.728073
44,11,4,3497.05,0.785034
44,11,5,3470.11,0.829088
44,11,6,3427.9,0.85816
44,11,7,3382.52,0.868049
44,11,8,3342.12,0.854687
44,11,9,3309.57,0.817117
44,11,10,3283.48,0.759526
44,11,11,3260.7,0.690675
44,11,12,3239.83,0.621713
44,11,13,3219.1,0.561284
44,11,14,3197.17,0.51305
44,11,15,3171.92,0.476013
44,11,16,3141.62,0.446451
44,11,17,3105.79,0.420723
44,11,18,3065.47,0.396607
44,11,19,3022.98,0.373372
44,11,20,2980.48,0.351036
44,11,21,2938.86,0.329101
44,11,22,2897.56,0.306859
44,11,23,2855.08,0.283367
44,11,24,2810.25,0.25887
44,11,25,2762.85,0.23441
44,11,26,2714.12,0.211373
44,11,27,2666.49,0.19087
44,11,28,2623.33,0.172912
44,11,29,2587.8,0.156538
44,11,30,2562.7,0.140489
44,11,31,2550.38,0.124139
44,11,32,2552.79,0.107979
44,11,33,2571.48,0.0933876
44,11,34,2607.04,0.0820381
44,11,35,2658.22,0.0749941
44,11,36,2721.86,0.0723381
44,11,37,2792.71,0.0731697
44,11,38,2865.18,0.0759382
44,11,39,2934.84,0.0788752
44,11,40,2998.24,0.0804973
44,11,41,3054.29,0.0798677
44,11,42,3102,0.0769814
44,11,43,3139.75,0.0725318
44,11,44,3164.71,0.0674926
44,11,45,3172.88,0.0626721
44,11,46,3159.06,0.0582146
44,11,47,3116.44,0.0536136
44,11,48,3035.94,0.0480792
44,11,49,2905.25,0.0411289
44,12,0,3078.27,0.452618
44,12,1,3254.11,0.545013
44,12,2,3357.89,0.625809
44,12,3,3403.95,0.693526
44,12,4,3406.8,0.748941
44,12,5,3380.82,0.792376
44,12,6,3340.36,0.82182
44,12,7,3297.86,0.833241
44,12,8,3261.13,0.822593
44,12,9,3232.27,0.788419
44,12,10,3209.01,0.733885
44,12,11,3187.43,0.666635
44,12,12,3165.74,0.597159
44,12,13,3142.51,0.534192
44,12,14,3117.47,0.482245
44,12,15,3089.91,0.441342
44,12,16,3059.25,0.408539
44,12,17,3025.63,0.380593
44,12,18,2989.94,0.355332
44,12,19,2953.73,0.331796
44,12,20,2917.98,0.309771
44,12,21,2882.44,0.288698
44,12,22,2845.72,0.268071
44,12,23,2805.99,0.247234
44,12,24,2762.35,0.226722
44,12,25,2715.18,0.207511
44,12,26,2666.46,0.190554
44,12,27,2619.2,0.176112
44,12,28,2576.95,0.163262
44,12,29,2542.8,0.150337
44,12,30,2519.34,0.135884
44,12,31,2508.79,0.119566
44,12,32,2513.14,0.102492
44,12,33,2534.17,0.0867624
44,12,34,2572.71,0.0746202
44,12,35,2627.62,0.0674484
44,12,36,2695.66,0.0654279
44,12,37,2771.35,0.0675911
44,12,38,2848.76,0.0722248
44,12,39,2923.02,0.0773235
44,12,40,2990.3,0.081122
44,12,41,3049.11,0.0823032
44,12,42,3098.29,0.0805261
44,12,43,3136.36,0.0762722
44,12,44,3160.92,0.0705104
44,12,45,3168.54,0.0642908
44,12,46,3154.6,0.0581584
44,12,47,3112.84,0.0520266
44,12,48,3034.7,0.0454249
44,12,49,2908.22,0.0380119
44,13,0,2980.31,0.43736
44,13,1,3161.55,0.526913
44,13,2,3270.77,0.604716
44,13,3,3321.24,0.669055
44,13,4,3327.69,0.720795
44,13,5,3305.25,0.760767
44,13,6,3268.92,0.787858
44,13,7,3231.24,0.798957
44,13,8,3199.51,0.790469
44,13,9,3175.03,0.760534
44,13,10,3154.59,0.711135
44,13,11,3133.56,0.648477
44,13,12,3109.79,0.581932
44,13,13,3082.21,0.519876
44,13,14,3051.68,0.4672
44,13,15,3019.02,0.424618
44,13,16,2984.98,0.38982
44,13,17,2950.43,0.35995
44,13,18,2916.19,0.332947
44,13,19,2883.1,0.307729
44,13,20,2851.13,0.283953
44,13,21,2819.14,0.261178
44,13,22,2785.17,0.239314
44,13,23,2747.36,0.218265
44,13,24,2705.25,0.199068
44,13,25,2659.89,0.182799
44,13,26,2613.93,0.170068
44,13,27,2570.74,0.160377
44,13,28,2533.79,0.151941
44,13,29,2505.75,0.14242
44,13,30,2488.59,0.130096
44,13,31,2483.94,0.114722
44,13,32,2493.36,0.0977244
44,13,33,2518.37,0.0816006
44,13,34,2559.74,0.0689295
44,13,35,2616.43,0.0613268
44,13,36,2685.5,0.059121
44,13,37,2761.88,0.0614412
44,13,38,2839.96,0.066638
44,13,39,2915,0.072711
44,13,40,2983.06,0.0778329
44,13,41,3042.44,0.0804732
44,13,42,3091.83,0.0800088
44,13,43,3129.79,0.0766639
44,13,44,3154.17,0.0712632
44,13,45,3161.91,0.0649066
44,13,46,3148.74,0.0583351
44,13,47,3108.79,0.0516937
44,13,48,3033.85,0.044694
44,13,49,2912.3,0.0370788
44,14,0,2890.45,0.430342
44,14,1,3078.72,0.518703
44,14,2,3195.29,0.593905
44,14,3,3252.17,0.653695
44,14,4,3264.12,0.699193
44,14,5,3246.91,0.732393
44,14,6,3216.02,0.753905
44,14,7,3184.02,0.762254
44,14,8,3157.68,0.754699
44,14,9,3137.49,0.729082
44,14,10,3119.43,0.686108
44,14,11,3098.28,0.630324
44,14,12,3071.55,0.569658
44,14,13,3038.57,0.511779
44,14,14,3001.16,0.461516
44,14,15,2961.44,0.4199
44,14,16,2921.43,0.38501
44,14,17,2882.73,0.354234
44,14,18,2846.26,0.325589
44,14,19,2812.4,0.297952
44,14,20,2780.49,0.270986
44,14,21,2748.86,0.244585
44,14,22,2715.36,0.219283
44,14,23,2678.4,0.195742
44,14,24,2638.04,0.175591
44,14,25,2596.04,0.16008
44,14,26,2555.58,0.149535
44,14,27,2520.13,0.142847
44,14,28,2492.73,0.137555
44,14,29,2475.28,0.130823
44,14,30,2468.74,0.120727
44,14,31,2473.75,0.106993
44,14,32,2490.98,0.0910947
44,14,33,2521.3,0.0755777
44,14,34,2565.12,0.0630564
44,14,35,2621.59,0.0552122
44,14,36,2688.42,0.052502
44,14,37,2761.57,0.0542655
44,14,38,2836.42,0.059121
44,14,39,2908.83,0.0652989
44,14,40,2975.07,0.0711165
44,14,41,3033.32,0.0749998
44,14,42,3082.06,0.0761109
44,14,43,3119.78,0.0743848
44,14,44,3144.36,0.0703848
44,14,45,3152.88,0.0650771
44,14,46,3141.22,0.0591965
44,14,47,3103.74,0.052939
44,14,48,3032.51,0.0460758
44,14,49,2916.14,0.0383982
44,15,0,2813.06,0.429044
44,15,1,3008.79,0.517096
44,15,2,3133.15,0.589621
44,15,3,3196.83,0.64366
44,15,4,3214.55,0.680763
44,15,5,3202.66,0.704601
44,15,6,3177.11,0.718112
44,15,7,3150.55,0.721965
44,15,8,3129.27,0.714523
44,15,9,3113.02,0.693358
44,15,10,3097.02,0.65778
44,15,11,3075.6,0.610499
44,15,12,3045.96,0.557753
44,15,13,3007.67,0.506272
44,15,14,2963.12,0.460543
44,15,15,2915.34,0.421678
44,15,16,2867.31,0.388004
44,15,17,2821.41,0.35707
44,15,18,2778.98,0.326956
44,15,19,2740.44,0.296591
44,15,20,2704.99,0.265772
44,15,21,2670.89,0.234877
44,15,22,2636.05,0.205151
44,15,23,2599.28,0.178032
44,15,24,2561.22,0.155662
44,15,25,2524.26,0.139413
44,15,26,2491.93,0.129343
44,15,27,2467.55,0.123927
44,15,28,2453.38,0.120301
44,15,29,2450.17,0.115427
44,15,30,2457.54,0.107335
44,15,31,2474.83,0.0956917
44,15,32,2501.55,0.0818035
44,15,33,2537.75,0.0679361
44,15,34,2583.48,0.0564313
44,15,35,2638.19,0.0488421
44,15,36,2700.52,0.0457025
44,15,37,2767.81,0.0466372
44,15,38,2836.78,0.0506894
44,15,39,2904.24,0.0564866
44,15,40,2966.87,0.0626364
44,15,41,3022.84,0.0676524
44,15,42,3070.44,0.0705493
44,15,43,3107.93,0.0709748
44,15,44,3133.05,0.0691735
44,15,45,3142.83,0.0658447
44,15,46,3133.18,0.0615432
44,15,47,3098.54,0.0563447
44,15,48,3031.17,0.0499594
44,15,49,2919.87,0.0421963
44,16,0,2750.51,0.429267
44,16,1,2952.38,0.516964
44,16,2,3083.04,0.586405
44,16,3,3152.02,0.63393
44,16,4,3174.03,0.661647
44,16,5,3166,0.675179
44,16,6,3144.46,0.680074
44,16,7,3122.2,0.679361
44,16,8,3105.17,0.672553
44,16,9,3092.47,0.656844
44,16,10,3078.65,0.629946
44,16,11,3057.57,0.592487
44,16,12,3026.12,0.548792
44,16,13,2983.77,0.504485
44,16,14,2932.97,0.463625
44,16,15,2877.1,0.427424
44,16,16,2819.76,0.394586
44,16,17,2764.2,0.362973
44,16,18,2712.64,0.330885
44,16,19,2666.22,0.297471
44,16,20,2624.57,0.262755
44,16,21,2586.2,0.227599
44,16,22,2549.25,0.193832
44,16,23,2512.9,0.163451
44,16,24,2478.25,0.138838
44,16,25,2448.19,0.121327
44,16,26,2426.34,0.110706
44,16,27,2415.66,0.105244
44,16,28,2417.31,0.101993
44,16,29,2430.56,0.0980504
44,16,30,2453.46,0.0916044
44,16,31,2483.89,0.0822826
44,16,32,2520.27,0.0710689
44,16,33,2561.98,0.0596891
44,16,34,2608.9,0.0499558
44,16,35,2661.01,0.0431256
44,16,36,2717.93,0.039759
44,16,37,2778.42,0.0398123
44,16,38,2840.51,0.0428545
44,16,39,2902.03,0.0480027
44,16,40,2960.2,0.0542308
44,16,41,3013.28,0.0602234
44,16,42,3059.41,0.0649183
44,16,43,3096.6,0.067725
44,16,44,3122.38,0.0685846
44,16,45,3133.59,0.0678621
44,16,46,3126.1,0.0657941
44,16,47,3094.37,0.0621675
44,16,48,3030.77,0.0564959
44,16,49,2924.25,0.0485561
44,17,0,2703.23,0.426417
44,17,1,2908.71,0.513061
44,17,2,3042.97,0.579081
44,17,3,3114.67,0.620228
44,17,4,3138.57,0.63917
44,17,5,3132.17,0.643426
44,17,6,3112.55,0.641087
44,17,7,3092.79,0.637479
44,17,8,3078.67,0.633176
44,17,9,3068.83,0.624843
44,17,10,3057.36,0.608373
44,17,11,3037.67,0.582027
44,17,12,3006.15,0.547944
44,17,13,2961.8,0.510434
44,17,14,2906.51,0.473132
44,17,15,2843.41,0.437574
44,17,16,2776.42,0.403254
44,17,17,2709.77,0.368816
44,17,18,2647.09,0.333198
44,17,19,2590.88,0.296055
44,17,20,2541.75,0.257712
44,17,21,2498.72,0.219355
44,17,22,2460.13,0.183047
44,17,23,2425.33,0.150908
44,17,24,2395.67,0.125147
44,17,25,2374.23,0.106824
44,17,26,2364.56,0.0954454
44,17,27,2368.99,0.0892759
44,17,28,2387.43,0.0855969
44,17,29,2417.49,0.0819519
44,17,30,2455.57,0.0768695
44,17,31,2498.23,0.0699663
44,17,32,2543.08,0.0617938
44,17,33,2589.19,0.0533573
44,17,34,2636.64,0.0457666
44,17,35,2686.09,0.0398786
44,17,36,2738.03,0.0362626
44,17,37,2792.33,0.0352479
44,17,38,2848.05,0.0369886
44,17,39,2903.85,0.0411319
44,17,40,2957.5,0.0470449
44,17,41,3007.45,0.0536346
44,17,42,3051.79,0.0598386
44,17,43,3088.36,0.0649169
44,17,44,3114.49,0.0685741
44,17,45,3126.89,0.0708253
44,17,46,3121.34,0.0714816
44,17,47,3092.31,0.0698777
44,17,48,3032.24,0.0651802
44,17,49,2930.18,0.0570554
44,18,0,2669.94,0.417077
44,18,1,2876.32,0.501696
44,18,2,3011.42,0.564251
44,18,3,3083.37,0.600029
44,18,4,3106.99,0.612079
44,18,5,3100.15,0.609469
44,18,6,3080.33,0.602471
44,18,7,3060.94,0.598486
44,18,8,3047.91,0.599057
44,18,9,3039.82,0.600294
44,18,10,3030.59,0.596165
44,18,11,3013.29,0.582313
44,18,12,2983.63,0.558338
44,18,13,2939.65,0.526895
44,18,14,2882.14,0.49111
44,18,15,2813.46,0.453112
44,18,16,2737.56,0.413761
44,18,17,2659.69,0.373219
44,18,18,2585.33,0.331729
44,18,19,2518.88,0.289875
44,18,20,2462.34,0.248355
44,18,21,2415.41,0.208397
44,18,22,2376.54,0.171767
44,18,23,2344.98,0.140123
44,18,24,2321.96,0.11502
44,18,25,2310.42,0.0969908
44,18,26,2313.56,0.0852622
44,18,27,2332.95,0.0782906
44,18,28,2367.16,0.0738567
44,18,29,2412.26,0.0701937
44,18,30,2463.26,0.0662963
44,18,31,2515.74,0.0617807
44,18,32,2566.93,0.0566901
44,18,33,2616.05,0.0512131
44,18,34,2663.65,0.0456759
44,18,35,2711.03,0.0405057
44,18,36,2759.37,0.036296
44,18,37,2809.19,0.033784
44,18,38,2860.12,0.0337279
44,18,39,2911.34,0.0363094
44,18,40,2961.01,0.0412884
44,18,41,3007.8,0.0478297
44,18,42,3049.91,0.0549537
44,18,43,3085.17,0.0618819
44,18,44,3110.91,0.0681752
44,18,45,3123.83,0.0735197
44,18,46,3119.7,0.0772329
44,18,47,3092.97,0.0780645
44,18,48,3036.09,0.0746938
44,18,49,2938.2,0.0665778
44,19,0,2647.66,0.399665
44,19,1,2852.96,0.481324
44,19,2,2987.11,0.540677
44,19,3,3057.99,0.57261
44,19,4,3080.3,0.580232
44,19,5,3071.95,0.573575
44,19,6,3050.52,0.564544
44,19,7,3029.67,0.56231
44,19,8,3015.82,0.569402
44,19,9,3008.07,0.581588
44,19,10,3000.67,0.5911
44,19,11,2986.53,0.590905
44,19,12,2960.58,0.577765
44,19,13,2919.49,0.552205
44,19,14,2862.45,0.516574
44,19,15,2790.6,0.473678
44,19,16,2707.66,0.426219
44,19,17,2619.83,0.376599
44,19,18,2534.55,0.327094
44,19,19,2458.4,0.279686
44,19,20,2395.11,0.235552
44,19,21,2345.22,0.195673
44,19,22,2307.27,0.160976
44,19,23,2280.21,0.132088
44,19,24,2264.78,0.109467
44,19,25,2263.43,0.092913
44,19,26,2278.63,0.0814136
44,19,27,2311.12,0.0737975
44,19,28,2358.27,0.0685666
44,19,29,2414.94,0.064796
44,19,30,2475.25,0.0619906
44,19,31,2534.34,0.0597328
44,19,32,2589.52,0.057496
44,19,33,2640.41,0.0546189
44,19,34,2688.12,0.0506494
44,19,35,2734.51,0.0456229
44,19,36,2781.1,0.0402034
44,19,37,2828.64,0.0355653
44,19,38,2876.87,0.0330556
44,19,39,2925.13,0.0333724
44,19,40,2971.71,0.0366489
44,19,41,3015.49,0.0423284
44,19,42,3054.9,0.0495857
44,19,43,3088.02,0.0577043
44,19,44,3112.42,0.0661904
44,19,45,3125,0.0744475
44,19,46,3121.59,0.0812894
44,19,47,3096.63,0.084823
44,19,48,3042.57,0.083157
44,19,49,2948.55,0.0754484
44,20,0,2632.63,0.375229
44,20,1,2835.94,0.453136
44,20,2,2968.62,0.509547
44,20,3,3038.43,0.538988
44,20,4,3059.82,0.544279
44,20,5,3050.31,0.535782
44,20,6,3027.08,0.526411
44,20,7,3003.92,0.526759
44,20,8,2987.92,0.540419
44,20,9,2979.25,0.56325
44,20,10,2973.05,0.586247
44,20,11,2962.39,0.599983
44,20,12,2941.42,0.598304
44,20,13,2905.25,0.579212
44,20,14,2851.18,0.543873
44,20,15,2778.94,0.495577
44,20,16,2691.7,0.438991
44,20,17,2596.37,0.379158
44,20,18,2502.1,0.32089
44,20,19,2417.59,0.267914
44,20,20,2348.42,0.222001
44,20,21,2296.16,0.183684
44,20,22,2259.56,0.152674
44,20,23,2237.25,0.128163
44,20,24,2229.2,0.109241
44,20,25,2236.99,0.0948863
44,20,26,2262.11,0.0839369
44,20,27,2304.34,0.0757573
44,20,28,2360.17,0.0697217
44,20,29,2423.81,0.065797
44,20,30,2489.14,0.0639559
44,20,31,2551.41,0.0636725
44,20,32,2608.38,0.0638066
44,20,33,2660.15,0.0628776
44,20,34,2708.32,0.0597419
44,20,35,2755.05,0.0541412
44,20,36,2801.92,0.0468743
44,20,37,2849.52,0.0395631
44,20,38,2897.31,0.0340852
44,20,39,2944.38,0.0316009
44,20,40,2988.97,0.032565
44,20,41,3030.07,0.0366863
44,20,42,3066.48,0.0433271
44,20,43,3096.75,0.0518948
44,20,44,3118.99,0.0619051
44,20,45,3130.42,0.0725492
44,20,46,3127.05,0.082205
44,20,47,3103.32,0.0883918
44,20,48,3051.6,0.0886659
44,20,49,2961.05,0.0818407
44,21,0,2621.6,0.347276
44,21,1,2822.67,0.420867
44,21,2,2954.11,0.474394
44,21,3,3023.69,0.502095
44,21,4,3045.45,0.506266
44,21,5,3036.2,0.497067
44,21,6,3012.38,0.487819
44,21,7,2987.53,0.490131
44,21,8,2969.41,0.508697
44,21,9,2959.44,0.539948
44,21,10,2954.01,0.574366
44,21,11,2946.7,0.60077
44,21,12,2931.1,0.610427
44,21,13,2900.85,0.598729
44,21,14,2851.49,0.565314
44,21,15,2781.33,0.513524
44,21,16,2692.82,0.449633
44,21,17,2593.13,0.381166
44,21,18,2492.54,0.315482
44,21,19,2401.44,0.258114
44,21,20,2327.11,0.211492
44,21,21,2272.36,0.175678
44,21,22,2236.48,0.149095
44,21,23,2217.84,0.129423
44,21,24,2215.64,0.114384
44,21,25,2230.28,0.102195
44,21,26,2262.06,0.0916714
44,21,27,2309.81,0.0828066
44,21,28,2369.45,0.0758798
44,21,29,2435.18,0.0716718
44,21,30,2501.28,0.0705035
44,21,31,2563.62,0.0716561
44,21,32,2620.58,0.0733903
44,21,33,2672.76,0.0735275
44,21,34,2722.04,0.0704095
44,21,35,2770.64,0.0636273
44,21,36,2819.88,0.0541682
44,21,37,2869.85,0.0440557
44,21,38,2919.39,0.035571
44,21,39,2967.04,0.0302225
44,21,40,3010.78,0.02869
44,21,41,3049.73,0.0308954
44,21,42,3083.17,0.0363807
44,21,43,3110.34,0.0446967
44,21,44,3129.98,0.0554105
44,21,45,3139.77,0.0675936
44,21,46,3135.93,0.0793315
44,21,47,3112.88,0.0877253
44,21,48,3062.94,0.0899069
44,21,49,2975.22,0.0843667
44,22,0,2612.75,0.320528
44,22,1,2811.46,0.389424
44,22,2,2941.94,0.439762
44,22,3,3012.06,0.46568
44,22,4,3035.52,0.468953
44,22,5,3028.28,0.459222
44,22,6,3005.83,0.449706
44,22,7,2981.17,0.452535
44,22,8,2962.33,0.473351
44,22,9,2951.79,0.509474
44,22,10,2947.12,0.551606
44,22,11,2942.6,0.587716
44,22,12,2931.65,0.607286
44,22,13,2906.97,0.603509
44,22,14,2862.86,0.574427
44,22,15,2796.53,0.522938
44,22,16,2709.68,0.456138
44,22,17,2609.19,0.383248
44,22,18,2505.64,0.313559
44,22,19,2410.26,0.254056
44,22,20,2331.62,0.20779
44,22,21,2273.85,0.174522
44,22,22,2237.1,0.151699
44,22,23,2219.88,0.135833
44,22,24,2220.73,0.123612
44,22,25,2238.89,0.112731
44,22,26,2273.39,0.102104
44,22,27,2322.17,0.092318
44,22,28,2380.96,0.0844118
44,22,29,2444.39,0.0797495
44,22,30,2507.66,0.0788116
44,22,31,2567.53,0.0806263
44,22,32,2623.16,0.0829616
44,22,33,2675.56,0.0831721
44,22,34,2726.77,0.0793457
44,22,35,2778.79,0.0710873
44,22,36,2832.44,0.0595881
44,22,37,2886.94,0.0471494
44,22,38,2940.19,0.0362515
44,22,39,2989.98,0.0285737
44,22,40,3033.98,0.0248877
44,22,41,3071.53,0.025247
44,22,42,3102.49,0.0293369
44,22,43,3126.85,0.0368401
44,22,44,3144.02,0.0473996
44,22,45,3152.13,0.0600695
44,22,46,3147.56,0.0728346
44,22,47,3124.76,0.0826278
44,22,48,3075.94,0.0863709
44,22,49,2990.24,0.0823201
44,23,0,2606.39,0.299458
44,23,1,2802.35,0.363468
44,23,2,2931.57,0.410049
44,23,3,3002.24,0.433557
44,23,4,3027.91,0.435477
44,23,5,3023.84,0.424857
44,23,6,3004.62,0.414432
44,23,7,2982.47,0.416308
44,23,8,2965.18,0.436712
44,23,9,2955.58,0.473908
44,23,10,2952,0.519369
44,23,11,2949.33,0.561154
44,23,12,2941.32,0.588028
44,23,13,2920.56,0.591803
44,23,14,2880.97,0.569226
44,23,15,2819.25,0.522365
44,23,16,2736.44,0.458205
44,23,17,2638.64,0.386464
44,23,18,2535.84,0.317278
44,23,19,2439.05,0.258362
44,23,20,2357.4,0.213209
44,23,21,2296.14,0.181554
44,23,22,2256.59,0.160486
44,23,23,2237.85,0.146054
44,23,24,2238.21,0.134539
44,23,25,2255.95,0.123497
44,23,26,2289.05,0.112036
44,23,27,2334.75,0.101145
44,23,28,2388.83,0.0922946
44,23,29,2446.63,0.0870619
44,23,30,2504.44,0.0858588
44,23,31,2560.09,0.0874534
44,23,32,2613.51,0.0893269
44,23,33,2666.16,0.0886943
44,23,34,2720.15,0.0836935
44,23,35,2777.09,0.0740928
44,23,36,2837,0.0612421
44,23,37,2897.88,0.0475148
44,23,38,2956.46,0.0353303
44,23,39,3009.68,0.0263212
44,23,40,3055,0.0212123
44,23,41,3092.09,0.0201109
44,23,42,3121.49,0.0228104
44,23,43,3143.88,0.0291089
44,23,44,3159.24,0.0387388
44,23,45,3166.01,0.0508302
44,23,46,3160.74,0.0634578
44,23,47,3137.85,0.0736525
44,23,48,3089.52,0.0783753
44,23,49,3004.86,0.0757859
44,24,0,2603.07,0.28717
44,24,1,2795.68,0.346338
44,24,2,2922.85,0.388599
44,24,3,2993.34,0.408912
44,24,4,3020.79,0.408859
44,24,5,3020.15,0.396978
44,24,6,3005.29,0.385258
44,24,7,2987.55,0.385263
44,24,8,2973.9,0.403335
44,24,9,2966.76,0.438525
44,24,10,2964.49,0.483373
44,24,11,2962.48,0.526791
44,24,12,2955.22,0.557859
44,24,13,2936.1,0.567975
44,24,14,2899.64,0.553115
44,24,15,2842.72,0.514385
44,24,16,2765.87,0.457854
44,24,17,2674.05,0.392536
44,24,18,2575.77,0.328159
44,24,19,2480.78,0.27226
44,24,20,2397.91,0.228445
44,24,21,2333.1,0.196693
44,24,22,2288.96,0.174458
44,24,23,2265.61,0.158216
44,24,24,2261.61,0.144644
44,24,25,2274.88,0.131625
44,24,26,2302.71,0.118526
44,24,27,2341.92,0.106451
44,24,28,2388.51,0.096845
44,24,29,2438.56,0.0910571
44,24,30,2489.38,0.0892005
44,24,31,2539.82,0.0898266
44,24,32,2590.6,0.0903897
44,24,33,2643.68,0.0883179
44,24,34,2701.21,0.0820751
44,24,35,2764.32,0.0716863
44,24,36,2831.91,0.058556
44,24,37,2900.51,0.0448868
44,24,38,2965.54,0.0327758
44,24,39,3023.17,0.0236036
44,24,40,3070.79,0.0179392
44,24,41,3108.54,0.0158907
44,24,42,3137.58,0.0173432
44,24,43,3159.16,0.0222008
44,24,44,3173.64,0.030295
44,24,45,3179.68,0.0409014
44,24,46,3173.86,0.0523349
44,24,47,3150.66,0.0619478
44,24,48,3102.23,0.0669675
44,24,49,3017.66,0.0656099
44,25,0,2602.09,0.283874
44,25,1,2790.86,0.338463
44,25,2,2915.15,0.376128
44,25,3,2984.43,0.392806
44,25,4,3012.73,0.39053
44,25,5,3015.02,0.377436
44,25,6,3004.78,0.364574
44,25,7,2992.38,0.362551
44,25,8,2983.59,0.377405
44,25,9,2979.75,0.408738
44,25,10,2978.69,0.450248
44,25,11,2976.08,0.492151
44,25,12,2967.53,0.524574
44,25,13,2947.94,0.539299
44,25,14,2913.27,0.532115
44,25,15,2861.08,0.503283
44,25,16,2791.62,0.457533
44,25,17,2708.44,0.402317
44,25,18,2617.93,0.345901
44,25,19,2527.8,0.294763
44,25,20,2445.75,0.252183
44,25,21,2377.89,0.218498
44,25,22,2327.97,0.192113
44,25,23,2297.39,0.170771
44,25,24,2285.58,0.152315
44,25,25,2290.67,0.135435
44,25,26,2309.9,0.119834
44,25,27,2340,0.106449
44,25,28,2377.33,0.0962658
44,25,29,2418.61,0.0900132
44,25,30,2461.92,0.0873242
44,25,31,2506.99,0.0866017
44,25,32,2555.26,0.0855013
44,25,33,2609.18,0.0819337
44,25,34,2670.96,0.0748522
44,25,35,2741.07,0.0645398
44,25,36,2817.15,0.0523157
44,25,37,2894.1,0.039991
44,25,38,2966.1,0.0291489
44,25,39,3028.74,0.0207868
44,25,40,3079.51,0.0152777
44,25,41,3119.03,0.0127249
44,25,42,3148.96,0.0131145
44,25,43,3170.93,0.0164545
44,25,44,3185.48,0.0226728
44,25,45,3191.37,0.0312161
44,25,46,3185.21,0.0407184
44,25,47,3161.52,0.048991
44,25,48,3112.47,0.0536885
44,25,49,3027.13,0.0532178
44,26,0,2600.95,0.288409
44,26,1,2785.8,0.339032
44,26,2,2906.81,0.372387
44,26,3,2974.14,0.385637
44,26,4,3002.41,0.381484
44,26,5,3006.88,0.367701
44,26,6,3000.81,0.354248
44,26,7,2993.64,0.350514
44,26,8,2989.74,0.361982
44,26,9,2989.02,0.388663
44,26,10,2988.54,0.425403
44,26,11,2984.23,0.46389
44,26,12,2972.96,0.495606
44,26,13,2951.57,0.513136
44,26,14,2917.84,0.512488
44,26,15,2870.35,0.493346
44,26,16,2809.16,0.459098
44,26,17,2736.28,0.415327
44,26,18,2655.72,0.368248
44,26,19,2572.73,0.32266
44,26,20,2493.4,0.281079
44,26,21,2423.45,0.244127
44,26,22,2367.47,0.211456
44,26,23,2328.16,0.18261
44,26,24,2306.12,0.157147
44,26,25,2300.33,0.134924
44,26,26,2308.48,0.116064
44,26,27,2327.71,0.101153
44,26,28,2354.87,0.0904394
44,26,29,2387.23,0.0837946
44,26,30,2423.42,0.0802897
44,26,31,2463.79,0.078251
44,26,32,2510.34,0.0756723
44,26,33,2565.89,0.071068
44,26,34,2632.59,0.0638943
44,26,35,2710.11,0.0546087
44,26,36,2794.74,0.044304
44,26,37,2879.87,0.0342545
44,26,38,2958.71,0.0254449
44,26,39,3026.51,0.0184559
44,26,40,3080.97,0.0134931
44,26,41,3123.1,0.0106888
44,26,42,3154.89,0.0101572
44,26,43,3178.14,0.0120154
44,26,44,3193.46,0.0162763
44,26,45,3199.59,0.0225465
44,26,46,3193.2,0.0297851
44,26,47,3168.84,0.0362998
44,26,48,3118.73,0.040243
44,26,49,3031.91,0.0402992
44,27,0,2596.12,0.299428
44,27,1,2777.5,0.347172
44,27,2,2895.45,0.377171
44,27,3,2960.79,0.38789
44,27,4,2988.69,0.382738
44,27,5,2994.79,0.369054
44,27,6,2992.21,0.35558
44,27,7,2989.45,0.350363
44,27,8,2989.46,0.35827
44,27,9,2990.84,0.379744
44,27,10,2989.95,0.410836
44,27,11,2983.07,0.444736
44,27,12,2968.42,0.474281
44,27,13,2944.72,0.492904
44,27,14,2911.56,0.496957
44,27,15,2868.53,0.485793
44,27,16,2815.53,0.461741
44,27,17,2753.16,0.428698
44,27,18,2683.17,0.390762
44,27,19,2608.42,0.350812
44,27,20,2533.23,0.310282
44,27,21,2462.55,0.269844
44,27,22,2401.36,0.230333
44,27,23,2353.34,0.193196
44,27,24,2320.31,0.159886
44,27,25,2302.39,0.131586
44,27,26,2298.26,0.108918
44,27,27,2305.83,0.0921064
44,27,28,2322.7,0.0806277
44,27,29,2346.72,0.0734966
44,27,30,2376.93,0.0692649
44,27,31,2414.03,0.0662382
44,27,32,2460.3,0.0627631
44,27,33,2518.66,0.0579032
44,27,34,2590.89,0.051492
44,27,35,2675.73,0.0440232
44,27,36,2768.21,0.0362623
44,27,37,2860.57,0.0289111
44,27,38,2945.43,0.0223889
44,27,39,3017.99,0.0169158
44,27,40,3076.17,0.0126003
44,27,41,3121.26,0.00964954
44,27,42,3155.37,0.00832528
44,27,43,3180.35,0.00885137
44,27,44,3196.76,0.0113081
44,27,45,3203.29,0.0154266
44,27,46,3196.64,0.0204463
44,27,47,3171.43,0.0251305
44,27,48,3119.93,0.0281167
44,27,49,3031.07,0.028396
44,28,0,2585.5,0.31658
44,28,1,2764.03,0.363005
44,28,2,2879.56,0.391094
44,28,3,2943.32,0.400536
44,28,4,2971,0.39538
44,28,5,2978.51,0.382449
44,28,6,2978.7,0.369176
44,28,7,2979.16,0.362237
44,28,8,2981.57,0.365941
44,28,9,2983.53,0.381307
44,28,10,2981.12,0.405755
44,28,11,2971.14,0.434029
44,28,12,2953.07,0.460209
44,28,13,2927.13,0.478388
44,28,14,2894.3,0.485125
44,28,15,2854.96,0.479533
44,28,16,2808.87,0.463208
44,28,17,2755.64,0.438821
44,28,18,2695.26,0.408702
44,28,19,2628.7,0.373972
44,28,20,2558.59,0.33488
44,28,21,2488.95,0.291877
44,28,22,2424.54,0.246641
44,28,23,2369.56,0.202204
44,28,24,2326.71,0.161701
44,28,25,2297.29,0.12756
44,28,26,2281.15,0.100948
44,28,27,2277.35,0.0818635
44,28,28,2284.53,0.0692037
44,28,29,2301.29,0.0613403
44,28,30,2327.06,0.0564536
44,28,31,2362.73,0.052862
44,28,32,2410.47,0.0491822
44,28,33,2472.88,0.0448455
44,28,34,2551.01,0.0398606
44,28,35,2642.55,0.0346173
44,28,36,2741.5,0.0295186
44,28,37,2839.47,0.0247595
44,28,38,2928.92,0.0203167
44,28,39,3005.25,0.016163
44,28,40,3066.59,0.0123905
44,28,41,3114.38,0.00931315
44,28,42,3150.75,0.00733661
44,28,43,3177.48,0.00677482
44,28,44,3194.99,0.00775149
44,28,45,3201.91,0.010078
44,28,46,3194.93,0.0132047
44,28,47,3168.74,0.0162619
44,28,48,3115.61,0.0183007
44,28,49,3024.31,0.0185972
44,29,0,2569.42,0.340116
44,29,1,2745.52,0.387011
44,29,2,2859.13,0.41471
44,29,3,2921.78,0.423968
44,29,4,2949.52,0.419434
44,29,5,2958.33,0.407433
44,29,6,2960.65,0.394111
44,29,7,2963.07,0.38479
44,29,8,2966.24,0.383261
44,29,9,2967.22,0.391236
44,29,10,2962.26,0.407705
44,29,11,2948.91,0.429094
44,29,12,2927.65,0.450688
44,29,13,2899.65,0.467041
44,29,14,2866.62,0.474663
44,29,15,2829.35,0.472329
44,29,16,2787.71,0.461098
44,29,17,2740.86,0.442867
44,29,18,2687.9,0.418753
44,29,19,2628.55,0.388547
44,29,20,2564.15,0.351462
44,29,21,2497.57,0.307539
44,29,22,2432.94,0.258845
44,29,23,2374.29,0.209414
44,29,24,2324.68,0.163577
44,29,25,2286.3,0.124719
44,29,26,2260.12,0.09454
44,29,27,2246.51,0.0730224
44,29,28,2245.4,0.0588068
44,29,29,2256.4,0.0499516
44,29,30,2279.46,0.0444606
44,29,31,2315.5,0.0406713
44,29,32,2366.24,0.0373392
44,29,33,2433.48,0.0340349
44,29,34,2517.24,0.0307419
44,29,35,2614.17,0.0276496
44,29,36,2717.59,0.0248316
44,29,37,2818.99,0.0221137
44,29,38,2911.11,0.0192002
44,29,39,2989.72,0.0159504
44,29,40,3053.15,0.0125069
44,29,41,3102.92,0.00929692
44,29,42,3141.14,0.00683643
44,29,43,3169.41,0.00549373
44,29,44,3187.97,0.00540585
44,29,45,3195.3,0.00641958
44,29,46,3188.02,0.00812473
44,29,47,3160.83,0.00991546
44,29,48,3105.94,0.0111601
44,29,49,3011.98,0.0113666
44,30,0,2551.38,0.370263
44,30,1,2724.99,0.419324
44,30,2,2836.69,0.447771
44,30,3,2898.19,0.457265
44,30,4,2925.83,0.453142
44,30,5,2935.56,0.441476
44,30,6,2939.18,0.427332
44,30,7,2942.28,0.414752
44,30,8,2944.69,0.406946
44,30,9,2943.32,0.406271
44,30,10,2934.96,0.413371
44,30,11,2917.99,0.426494
44,30,12,2893.62,0.44222
44,30,13,2863.3,0.45551
44,30,14,2828.88,0.462624
44,30,15,2791.32,0.461802
44,30,16,2750.83,0.453578
44,30,17,2706.9,0.439357
44,30,18,2658.61,0.419558
44,30,19,2605.19,0.393174
44,30,20,2547.02,0.358693
44,30,21,2485.78,0.315691
44,30,22,2424.52,0.266214
44,30,23,2366.49,0.214652
44,30,24,2314.55,0.16594
44,30,25,2271.23,0.124046
44,30,26,2238.39,0.0911379
44,30,27,2217.65,0.0673858
44,30,28,2210.37,0.0515033
44,30,29,2217.38,0.0415591
44,30,30,2239.28,0.0355563
44,30,31,2276.94,0.0318336
44,30,32,2331.39,0.0291595
44,30,33,2403.32,0.0270463
44,30,34,2491.52,0.0253079
44,30,35,2591.76,0.0238965
44,30,36,2697.14,0.0226333
44,30,37,2799.5,0.0211365
44,30,38,2892.15,0.0190155
44,30,39,2971.32,0.0161454
44,30,40,3035.57,0.0127697
44,30,41,3086.5,0.00941223
44,30,42,3126.12,0.0066436
44,30,43,3155.81,0.00483312
44,30,44,3175.55,0.00409419
44,30,45,3183.53,0.00426848
44,30,46,3176.18,0.00502517
44,30,47,3148.14,0.00593102
44,30,48,3091.51,0.00657934
44,30,49,2994.75,0.00664797
44,31,0,2536.27,0.404956
44,31,1,2707.02,0.457439
44,31,2,2816.18,0.487228
44,31,3,2875.76,0.496738
44,31,4,2902.36,0.492178
44,31,5,2911.86,0.4798
44,31,6,2915.49,0.463968
44,31,7,2917.91,0.447569
44,31,8,2918.28,0.433065
44,31,9,2913.56,0.423164
44,31,10,2901.21,0.420003
44,31,11,2880.31,0.423691
44,31,12,2852.49,0.432266
44,31,13,2819.02,0.441277
44,31,14,2781.48,0.446747
44,31,15,2740.94,0.446269
44,31,16,2698.32,0.439773
44,31,17,2654.06,0.428222
44,31,18,2608.01,0.411641
44,31,19,2559.43,0.388637
44,31,20,2508.05,0.357309
44,31,21,2454.35,0.31682
44,31,22,2399.96,0.268919
44,31,23,2346.93,0.217838
44,31,24,2297.36,0.168606
44,31,25,2253.7,0.125428
44,31,26,2218.27,0.0908535
44,31,27,2193.79,0.0653908
44,31,28,2182.95,0.0480745
44,31,29,2187.87,0.0372184
44,31,30,2209.87,0.0309375
44,31,31,2249.7,0.0275339
44,31,32,2307.56,0.0256899
44,31,33,2382.9,0.0247225
44,31,34,2473.4,0.0241951
44,31,35,2574.27,0.0238252
44,31,36,2678.79,0.0232664
44,31,37,2779.52,0.0220744
44,31,38,2870.55,0.0199221
44,31,39,2948.67,0.0168208
44,31,40,3012.61,0.0131645
44,31,41,3064.03,0.00956193
44,31,42,3104.84,0.0065849
44,31,43,3136.17,0.00454801
44,31,44,3157.55,0.00350031
44,31,45,3166.73,0.00323732
44,31,46,3159.84,0.0034562
44,31,47,3131.28,0.00381999
44,31,48,3073.03,0.00407146
44,31,49,2973.38,0.00399964
44,32,0,2527.92,0.439992
44,32,1,2695.55,0.496582
44,32,2,2801.42,0.527922
44,32,3,2857.82,0.536976
44,32,4,2881.72,0.530973
44,32,5,2889.1,0.516802
44,32,6,2890.81,0.498592
44,32,7,2890.9,0.478282
44,32,8,2888.05,0.457412
44,32,9,2879.25,0.438604
44,32,10,2862.45,0.425105
44,32,11,2837.19,0.418743
44,32,12,2805.19,0.41915
44,32,13,2767.38,0.422802
44,32,14,2724.99,0.425732
44,32,15,2679.33,0.424949
44,32,16,2632.3,0.419694
44,32,17,2585.65,0.410352
44,32,18,2540.37,0.396602
44,32,19,2496.09,0.376853
44,32,20,2452.04,0.349074
44,32,21,2407.53,0.312139
44,32,22,2362.68,0.26742
44,32,23,2318.07,0.218709
44,32,24,2274.74,0.170799
44,32,25,2234.69,0.127886
44,32,26,2200.4,0.0928151
44,32,27,2175.4,0.066486
44,32,28,2163.56,0.0483717
44,32,29,2168.14,0.0371285
44,32,30,2191.11,0.0310149
44,32,31,2232.95,0.0282518
44,32,32,2293.03,0.0273795
44,32,33,2369.67,0.0274612
44,32,34,2459.7,0.027788
44,32,35,2558.27,0.0278612
44,32,36,2659.17,0.0272254
44,32,37,2755.96,0.0254726
44,32,38,2843.58,0.0224615
44,32,39,2919.39,0.0184526
44,32,40,2982.29,0.0140554
44,32,41,3033.96,0.00997564
44,32,42,3076.15,0.00675487
44,32,43,3109.65,0.00460428
44,32,44,3133.46,0.00346555
44,32,45,3144.73,0.00304518
44,32,46,3139.04,0.00302328
44,32,47,3110.49,0.00309858
44,32,48,3050.79,0.00310898
44,32,49,2948.13,0.00290539
44,33,0,2527.52,0.470239
44,33,1,2692.33,0.531175
44,33,2,2794.54,0.564288
44,33,3,2846.64,0.572785
44,33,4,2865.95,0.564841
44,33,5,2868.8,0.548249
44,33,6,2866.16,0.527333
44,33,7,2861.94,0.503374
44,33,8,2854.62,0.476958
44,33,9,2841.12,0.450244
44,33,10,2819.55,0.427098
44,33,11,2789.52,0.410763
44,33,12,2752.64,0.402472
44,33,13,2709.56,0.399964
44,33,14,2661.36,0.399652
44,33,15,2609.8,0.398182
44,33,16,2557.78,0.39409
44,33,17,2508.36,0.386976
44,33,18,2463.57,0.376038
44,33,19,2423.45,0.359496
44,33,20,2386.86,0.33535
44,33,21,2352.07,0.302364
44,33,22,2317.79,0.261621
44,33,23,2283.19,0.216418
44,33,24,2248.22,0.171165
44,33,25,2214.22,0.129896
44,33,26,2183.66,0.0956284
44,33,27,2160.6,0.0695938
44,33,28,2149.81,0.051677
44,33,29,2155.4,0.0408474
44,33,30,2179.74,0.0354867
44,33,31,2222.94,0.03372
44,33,32,2283.54,0.0339535
44,33,33,2359,0.0350211
44,33,34,2445.77,0.0359661
44,33,35,2539.31,0.0360875
44,33,36,2634.28,0.0348326
44,33,37,2725.38,0.0318624
44,33,38,2808.38,0.0272898
44,33,39,2881.17,0.0217146
44,33,40,2942.79,0.0160376
44,33,41,2994.86,0.0111054
44,33,42,3038.93,0.00743382
44,33,43,3075.36,0.00510995
44,33,44,3102.55,0.00393866
44,33,45,3116.89,0.00350103
44,33,46,3113.3,0.00341959
44,33,47,3085.35,0.00337592
44,33,48,3024.42,0.00325947
44,33,49,2918.54,0.00293792
44,34,0,2533.09,0.492331
44,34,1,2696.09,0.557762
44,34,2,2795.12,0.5933
44,34,3,2842.57,0.601954
44,34,4,2855.97,0.592461
44,34,5,2852.14,0.573448
44,34,6,2842.65,0.549683
44,34,7,2831.9,0.522163
44,34,8,2818.62,0.490742
44,34,9,2799.68,0.457018
44,34,10,2772.98,0.425118
44,34,11,2737.92,0.39935
44,34,12,2695.91,0.382392
44,34,13,2647.51,0.373415
44,34,14,2593.96,0.369487
44,34,15,2537.54,0.367128
44,34,16,2481.91,0.364191
44,34,17,2430.96,0.359316
44,34,18,2387.34,0.351049
44,34,19,2351.32,0.337387
44,34,20,2321.46,0.316493
44,34,21,2295.36,0.287256
44,34,22,2270.67,0.250667
44,34,23,2245.5,0.209629
44,34,24,2218.87,0.16813
44,34,25,2191.51,0.129911
44,34,26,2165.75,0.0979826
44,34,27,2145.98,0.0737252
44,34,28,2137.53,0.0572908
44,34,29,2144.97,0.0478458
44,34,30,2170.7,0.0438566
44,34,31,2214.32,0.0433903
44,34,32,2273.65,0.0447948
44,34,33,2345.61,0.0467702
44,34,34,2426.72,0.0481779
44,34,35,2513.14,0.0481245
44,34,36,2600.62,0.0459335
44,34,37,2685.01,0.0413132
44,34,38,2762.87,0.0346467
44,34,39,2832.54,0.0269324
44,34,40,2893.05,0.0194356
44,34,41,2945.94,0.0132065
44,34,42,2992.46,0.00877139
44,34,43,3032.55,0.00610054
44,34,44,3063.98,0.0048483
44,34,45,3082.32,0.00444416
44,34,46,3081.66,0.0044165
44,34,47,3054.91,0.00438072
44,34,48,2992.94,0.00423635
44,34,49,2883.64,0.00382319
44,35,0,2540.77,0.505881
44,35,1,2703.55,0.576065
44,35,2,2800.81,0.615132
44,35,3,2844.48,0.625381
44,35,4,2851.91,0.615473
44,35,5,2840.29,0.594477
44,35,6,2822.08,0.56766
44,35,7,2802.77,0.536147
44,35,8,2781.9,0.499564
44,35,9,2756.53,0.459231
44,35,10,2724.36,0.419436
44,35,11,2684.41,0.385247
44,35,12,2637.86,0.360461
44,35,13,2585.41,0.345528
44,35,14,2528.53,0.33817
44,35,15,2469.88,0.334871
44,35,16,2413.35,0.33282
44,35,17,2362.93,0.32965
44,35,18,2321.28,0.323236
44,35,19,2288.66,0.311439
44,35,20,2263.56,0.292789
44,35,21,2243.41,0.266587
44,35,22,2225.45,0.23398
44,35,23,2207.25,0.197613
44,35,24,2187.23,0.161015
44,35,25,2165.66,0.127455
44,35,26,2144.65,0.0996701
44,35,27,2128.65,0.0788946
44,35,28,2123.13,0.0653213
44,35,29,2132.62,0.058162
44,35,30,2159.28,0.0559471
44,35,31,2202.11,0.0567908
44,35,32,2258.42,0.0591305
44,35,33,2324.97,0.0617004
44,35,34,2398.71,0.063301
44,35,35,2476.78,0.0628846
44,35,36,2556.1,0.0596202
44,35,37,2633.61,0.0532047
44,35,38,2706.55,0.0442364
44,35,39,2773.5,0.0340953
44,35,40,2833.39,0.0244269
44,35,41,2887.56,0.0165286
44,35,42,2936.97,0.0109915
44,35,43,2981.18,0.00771977
44,35,44,3017.37,0.00624462
44,35,45,3040.33,0.00585032
44,35,46,3043.24,0.00594742
44,35,47,3018.15,0.00603569
44,35,48,2955.3,0.00596962
44,35,49,2842.43,0.0055082
44,36,0,2546.37,0.512817
44,36,1,2710.78,0.588094
44,36,2,2808.45,0.631945
44,36,3,2850.4,0.645489
44,36,4,2853.31,0.636603
44,36,5,2834.35,0.614225
44,36,6,2806.77,0.584018
44,36,7,2777.48,0.547617
44,36,8,2747.42,0.505081
44,36,9,2714.45,0.458015
44,36,10,2676.36,0.411034
44,36,11,2631.99,0.369766
44,36,12,2582.35,0.33872
44,36,13,2528.22,0.319196
44,36,14,2471.18,0.309274
44,36,15,2413.8,0.305281
44,36,16,2359.48,0.30372
44,36,17,2311.56,0.301297
44,36,18,2272.14,0.295375
44,36,19,2241.37,0.283926
44,36,20,2218.01,0.266126
44,36,21,2199.97,0.241983
44,36,22,2184.8,0.213009
44,36,23,2170.12,0.181701
44,36,24,2154.16,0.151057
44,36,25,2136.83,0.123675
44,36,26,2119.93,0.101706
44,36,27,2107.61,0.0859266
44,36,28,2104.99,0.0763197
44,36,29,2116.14,0.0719953
44,36,30,2142.73,0.0715463
44,36,31,2183.27,0.0732707
44,36,32,2234.88,0.07588
44,36,33,2294.56,0.0783531
44,36,34,2359.93,0.0796064
44,36,35,2429.25,0.0785332
44,36,36,2500.56,0.074155
44,36,37,2571.78,0.0660892
44,36,38,2640.61,0.0550271
44,36,39,2705.66,0.0426096
44,36,40,2765.59,0.0307799
44,36,41,2821.44,0.0210702
44,36,42,2873.89,0.0141878
44,36,43,2922.24,0.0100603
44,36,44,2963.25,0.00817001
44,36,45,2991.02,0.00770642
44,36,46,2997.76,0.00796111
44,36,47,2974.56,0.00827705
44,36,48,2910.9,0.00839742
44,36,49,2794.45,0.00794395
44,37,0,2546.14,0.515603
44,37,1,2713.97,0.596111
44,37,2,2814.55,0.645632
44,37,3,2857.63,0.663793
44,37,4,2858.73,0.657095
44,37,5,2834.42,0.633807
44,37,6,2798.29,0.599809
44,37,7,2758.62,0.557565
44,37,8,2718.26,0.50822
44,37,9,2676.61,0.454314
44,37,10,2632.28,0.401088
44,37,11,2584.28,0.3546
44,37,12,2533.51,0.319619
44,37,13,2480.65,0.297685
44,37,14,2426.89,0.286727
44,37,15,2374.07,0.282652
44,37,16,2324.4,0.281235
44,37,17,2280,0.278459
44,37,18,2242.13,0.271502
44,37,19,2210.95,0.258807
44,37,20,2185.9,0.240479
44,37,21,2165.96,0.217464
44,37,22,2149.63,0.191754
44,37,23,2135.12,0.165718
44,37,24,2120.82,0.141734
44,37,25,2106.36,0.121551
44,37,26,2093.02,0.106478
44,37,27,2084.22,0.0965846
44,37,28,2084.2,0.09145
44,37,29,2096.22,0.0899794
44,37,30,2121.36,0.0908338
44,37,31,2157.98,0.0926052
44,37,32,2203.39,0.0944328
44,37,33,2255.18,0.0957378
44,37,34,2311.83,0.0957589
44,37,35,2372.67,0.0934987
44,37,36,2436.75,0.0879143
44,37,37,2502.72,0.07851
44,37,38,2568.5,0.06591
44,37,39,2632.54,0.0517973
44,37,40,2693.08,0.0382166
44,37,41,2750.78,0.0268415
44,37,42,2806.11,0.0185215
44,37,43,2858.26,0.0133221
44,37,44,2903.73,0.0107951
44,37,45,2936.07,0.0101294
44,37,46,2946.55,0.0105232
44,37,47,2925.25,0.0111343
44,37,48,2860.88,0.0115216
44,37,49,2741.11,0.0111166
44,38,0,2536.33,0.515008
44,38,1,2709.02,0.600355
44,38,2,2814.93,0.655712
44,38,3,2862.29,0.679119
44,38,4,2865.06,0.67537
44,38,5,2838.57,0.651674
44,38,6,2796.14,0.613955
44,38,7,2747.09,0.565688
44,38,8,2696.37,0.509554
44,38,9,2645.66,0.449505
44,38,10,2595.17,0.391637
44,38,11,2544.6,0.342304
44,38,12,2494.83,0.306115
44,38,13,2446.03,0.284255
44,38,14,2398.4,0.274032
44,38,15,2352.44,0.270694
44,38,16,2308.65,0.269323
44,38,17,2267.73,0.265472
44,38,18,2230.14,0.256501
44,38,19,2196.26,0.241634
44,38,20,2166.59,0.22206
44,38,21,2141.58,0.199713
44,38,22,2121.13,0.177005
44,38,23,2104.4,0.15612
44,38,24,2090.13,0.138748
44,38,25,2077.71,0.125724
44,38,26,2067.61,0.117439
44,38,27,2062.09,0.113206
44,38,28,2064.08,0.112143
44,38,29,2075.83,0.11292
44,38,30,2097.96,0.114249
44,38,31,2129.01,0.115015
44,38,32,2166.96,0.114822
44,38,33,2210.29,0.113643
44,38,34,2258.36,0.111237
44,38,35,2311.42,0.106954
44,38,36,2369.25,0.0998745
44,38,37,2430.99,0.0894306
44,38,38,2494.61,0.0760264
44,38,39,2558.28,0.0611027
44,38,40,2619.74,0.0465108
44,38,41,2679.29,0.0338882
44,38,42,2737.23,0.0242085
44,38,43,2792.74,0.0177933
44,38,44,2842.21,0.0144048
44,38,45,2878.75,0.0133561
44,38,46,2892.76,0.0137996
44,38,47,2873.33,0.0146971
44,38,48,2808.45,0.0153567
44,38,49,2685.95,0.0149826
44,39,0,2513.99,0.51012
44,39,1,2692.22,0.599158
44,39,2,2805.19,0.659611
44,39,3,2859.47,0.688068
44,39,4,2867.17,0.687569
44,39,5,2841.98,0.664105
44,39,6,2796.31,0.623513
44,39,7,2740.08,0.570303
44,39,8,2680.29,0.508837
44,39,9,2621.25,0.444629
44,39,10,2565.42,0.384624
44,39,11,2513.69,0.335256
44,39,12,2466.88,0.300611
44,39,13,2424.3,0.281083
44,39,14,2384.64,0.27311
44,39,15,2346.58,0.271246
44,39,16,2308.8,0.270083
44,39,17,2270.73,0.265099
44,39,18,2232.33,0.254153
44,39,19,2194.43,0.237372
44,39,20,2158.73,0.216942
44,39,21,2127.24,0.195573
44,39,22,2101.37,0.175847
44,39,23,2081.36,0.15963
44,39,24,2066.37,0.147906
44,39,25,2055.53,0.140719
44,39,26,2048.29,0.137716
44,39,27,2045.52,0.13767
44,39,28,2048.64,0.139378
44,39,29,2058.86,0.141339
44,39,30,2076.54,0.142268
44,39,31,2100.82,0.141199
44,39,32,2130.65,0.138036
44,39,33,2165.54,0.133249
44,39,34,2205.64,0.127212
44,39,35,2251.81,0.119865
44,39,36,2304.25,0.110686
44,39,37,2362.36,0.0991891
44,39,38,2424.1,0.085498
44,39,39,2487.47,0.0705645
44,39,40,2549.8,0.0557363
44,39,41,2611.11,0.0423944
44,39,42,2671.61,0.0315703
44,39,43,2730.45,0.0239254
44,39,44,2783.95,0.0195534
44,39,45,2824.75,0.0180037
44,39,46,2842.45,0.0184235
44,39,47,2825.19,0.0195663
44,39,48,2760.38,0.0204268
44,39,49,2636.06,0.0199627
44,40,0,2475.68,0.499416
44,40,1,2659.13,0.590441
44,40,2,2779.89,0.654624
44,40,3,2842.73,0.687402
44,40,4,2857.78,0.69024
44,40,5,2836.89,0.667946
44,40,6,2791.28,0.626202
44,40,7,2731.04,0.570453
44,40,8,2664.86,0.506606
44,40,9,2599.72,0.44153
44,40,10,2540.51,0.382728
44,40,11,2489.48,0.336349
44,40,12,2447.4,0.305604
44,40,13,2412.35,0.289858
44,40,14,2381.22,0.284721
44,40,15,2350.78,0.284326
44,40,16,2318.23,0.283238
44,40,17,2282.15,0.277325
44,40,18,2242.44,0.265208
44,40,19,2200.56,0.247841
44,40,20,2159.32,0.228049
44,40,21,2122.05,0.208829
44,40,22,2091.36,0.192492
44,40,23,2068.41,0.180367
44,40,24,2052.73,0.172775
44,40,25,2043.11,0.169253
44,40,26,2038.05,0.169102
44,40,27,2037.04,0.170997
44,40,28,2040.09,0.173722
44,40,29,2047.59,0.175742
44,40,30,2059.91,0.175698
44,40,31,2076.98,0.172486
44,40,32,2098.83,0.165972
44,40,33,2125.96,0.156871
44,40,34,2159.05,0.146146
44,40,35,2199.23,0.134528
44,40,36,2246.75,0.122213
44,40,37,2301.17,0.10907
44,40,38,2360.58,0.0950319
44,40,39,2423.11,0.0804353
44,40,40,2486,0.0658822
44,40,41,2549.17,0.0522775
44,40,42,2612.71,0.0405903
44,40,43,2675.68,0.0318255
44,40,44,2734.09,0.0264585
44,40,45,2780.03,0.0243352
44,40,46,2802.22,0.0246213
44,40,47,2787.93,0.0258635
44,40,48,2724.06,0.0267213
44,40,49,2598.94,0.0259277
44,41,0,2421.24,0.482919
44,41,1,2608.15,0.573985
44,41,2,2735.77,0.640177
44,41,3,2807.07,0.676187
44,41,4,2830.29,0.682252
44,41,5,2815.51,0.662197
44,41,6,2772.77,0.621545
44,41,7,2712.07,0.566499
44,41,8,2643.4,0.504174
44,41,9,2575.89,0.442325
44,41,10,2516.62,0.388491
44,41,11,2468.98,0.348036
44,41,12,2433.44,0.322952
44,41,13,2406.7,0.311467
44,41,14,2383.82,0.30862
44,41,15,2360.01,0.308658
44,41,16,2331.52,0.306794
44,41,17,2296.78,0.299875
44,41,18,2256.06,0.287533
44,41,19,2211.56,0.271362
44,41,20,2166.89,0.254291
44,41,21,2126.13,0.238949
44,41,22,2092.57,0.226799
44,41,23,2067.86,0.218383
44,41,24,2051.71,0.21344
44,41,25,2042.7,0.211376
44,41,26,2038.58,0.211674
44,41,27,2037.83,0.213442
44,41,28,2039.47,0.215801
44,41,29,2043.41,0.217309
44,41,30,2050.21,0.216396
44,41,31,2060.57,0.211448
44,41,32,2075.49,0.201845
44,41,33,2096.12,0.188191
44,41,34,2123.37,0.171893
44,41,35,2158.26,0.154601
44,41,36,2200.91,0.137557
44,41,37,2251.03,0.121346
44,41,38,2307.15,0.105975
44,41,39,2368.02,0.0912431
44,41,40,2431.19,0.076922
44,41,41,2496.74,0.0632863
44,41,42,2564.64,0.0510867
44,41,43,2633.57,0.041566
44,41,44,2698.9,0.0355152
44,41,45,2751.84,0.0330346
44,41,46,2780.1,0.033274
44,41,47,2770.08,0.0345512
44,41,48,2708.26,0.0351805
44,41,49,2583.15,0.0337121
44,42,0,2354.31,0.462565
44,42,1,2541.36,0.551776
44,42,2,2672.92,0.618093
44,42,3,2750.48,0.655931
44,42,4,2780.7,0.664764
44,42,5,2772.27,0.64775
44,42,6,2734.28,0.61031
44,42,7,2676.57,0.559191
44,42,8,2609.9,0.502288
44,42,9,2544.85,0.447657
44,42,10,2489.86,0.402266
44,42,11,2448.88,0.370164
44,42,12,2421.78,0.351801
44,42,13,2403.78,0.344223
44,42,14,2388.4,0.34224
44,42,15,2369.87,0.340819
44,42,16,2344.25,0.336568
44,42,17,2310.5,0.327939
44,42,18,2269.67,0.31584
44,42,19,2224.68,0.302325
44,42,20,2179.51,0.289904
44,42,21,2138.32,0.280168
44,42,22,2104.32,0.273193
44,42,23,2079.19,0.268503
44,42,24,2062.66,0.265368
44,42,25,2053.26,0.263443
44,42,26,2048.47,0.262869
44,42,27,2046.31,0.26361
44,42,28,2045.39,0.265355
44,42,29,2045.46,0.266763
44,42,30,2047.39,0.265855
44,42,31,2052.43,0.260161
44,42,32,2062.12,0.24817
44,42,33,2077.9,0.230031
44,42,34,2100.47,0.207427
44,42,35,2130.53,0.182971
44,42,36,2168.01,0.159207
44,42,37,2212.99,0.137815
44,42,38,2264.83,0.119269
44,42,39,2323.41,0.103109
44,42,40,2387.02,0.0883869
44,42,41,2456.12,0.0747049
44,42,42,2530.46,0.0624321
44,42,43,2607.99,0.0528378
44,42,44,2682.95,0.0468348
44,42,45,2745.25,0.0446184
44,42,46,2781.43,0.0452191
44,42,47,2777.06,0.0466673
44,42,48,2718.21,0.0469229
44,42,49,2593.47,0.0443964
44,43,0,2282.6,0.441231
44,43,1,2465.08,0.526848
44,43,2,2595.7,0.591306
44,43,3,2675.14,0.62924
44,43,4,2709.12,0.639881
44,43,5,2705.58,0.626093
44,43,6,2673.06,0.593274
44,43,7,2621.2,0.548488
44,43,8,2561.01,0.499958
44,43,9,2503.54,0.455494
44,43,10,2457.56,0.420984
44,43,11,2426.72,0.398744
44,43,12,2409.91,0.387478
44,43,13,2400.91,0.38304
44,43,14,2392.21,0.380272
44,43,15,2377.69,0.375331
44,43,16,2353.98,0.366799
44,43,17,2321.08,0.355237
44,43,18,2281.11,0.343071
44,43,19,2237.63,0.332744
44,43,20,2194.56,0.325997
44,43,21,2155.51,0.322927
44,43,22,2123,0.321889
44,43,23,2098.31,0.321281
44,43,24,2081.15,0.320045
44,43,25,2070.24,0.318373
44,43,26,2063.29,0.317349
44,43,27,2058.42,0.317929
44,43,28,2054.34,0.320332
44,43,29,2050.92,0.32313
44,43,30,2049.28,0.323694
44,43,31,2050.9,0.318467
44,43,32,2057.39,0.304853
44,43,33,2069.96,0.282377
44,43,34,2088.87,0.252897
44,43,35,2114.38,0.21997
44,43,36,2146.43,0.187566
44,43,37,2185.74,0.158731
44,43,38,2232.87,0.13481
44,43,39,2289.18,0.115485
44,43,40,2354,0.099368
44,43,41,2428.26,0.0854813
44,43,42,2511.32,0.0736904
44,43,43,2600,0.0650203
44,43,44,2686.98,0.0602238
44,43,45,2760.54,0.0593395
44,43,46,2805.96,0.0611149
44,43,47,2808.05,0.0631895
44,43,48,2752.61,0.0631341
44,43,49,2628.16,0.0592332
44,44,0,2215.29,0.420606
44,44,1,2387.94,0.500983
44,44,2,2511.48,0.561533
44,44,3,2586.75,0.597575
44,44,4,2619.56,0.608591
44,44,5,2617.87,0.597481
44,44,6,2590.17,0.569657
44,44,7,2545.9,0.532243
44,44,8,2495.73,0.493381
44,44,9,2450.18,0.460241
44,44,10,2417.22,0.437362
44,44,11,2399.41,0.425214
44,44,12,2394.3,0.42078
44,44,13,2394.49,0.418788
44,44,14,2391.9,0.414232
44,44,15,2380.7,0.404606
44,44,16,2358.51,0.390638
44,44,17,2326.67,0.375167
44,44,18,2288.42,0.362221
44,44,19,2247.8,0.354646
44,44,20,2208.35,0.353342
44,44,21,2172.7,0.35683
44,44,22,2142.39,0.361763
44,44,23,2118.16,0.365529
44,44,24,2099.73,0.366944
44,44,25,2086.32,0.366891
44,44,26,2076.23,0.367408
44,44,27,2068.09,0.370241
44,44,28,2061.01,0.375787
44,44,29,2055.07,0.382159
44,44,30,2051.5,0.385819
44,44,31,2051.64,0.382084
44,44,32,2056.72,0.36737
44,44,33,2067.37,0.340688
44,44,34,2083.28,0.304106
44,44,35,2104.43,0.262063
44,44,36,2131.05,0.219888
44,44,37,2164.78,0.182054
44,44,38,2207.6,0.151028
44,44,39,2262.47,0.127035
44,44,40,2329.71,0.108613
44,44,41,2410.66,0.0944123
44,44,42,2504.09,0.0837632
44,44,43,2605.41,0.0772013
44,44,44,2705.47,0.0750308
44,44,45,2790.86,0.0768592
44,44,46,2845.7,0.0809629
44,44,47,2854.26,0.0844533
44,44,48,2802.15,0.0844359
44,44,49,2677.76,0.0790289
44,45,0,2158.02,0.399642
44,45,1,2316.11,0.47313
44,45,2,2426.5,0.527775
44,45,3,2491.22,0.559941
44,45,4,2517.21,0.569715
44,45,5,2513.36,0.560219
44,45,6,2488.64,0.536826
44,45,7,2452.24,0.506435
44,45,8,2413.97,0.476774
44,45,9,2382.93,0.454172
44,45,10,2365.38,0.441871
44,45,11,2362.11,0.438721
44,45,12,2369.32,0.440317
44,45,13,2378.63,0.440448
44,45,14,2381.9,0.434253
44,45,15,2373.92,0.42035
44,45,16,2353.48,0.4013
44,45,17,2323.2,0.381931
44,45,18,2287.27,0.367696
44,45,19,2249.99,0.361874
44,45,20,2214.33,0.364712
44,45,21,2181.88,0.373445
44,45,22,2153.25,0.383424
44,45,23,2128.76,0.39137
44,45,24,2108.33,0.396221
44,45,25,2091.85,0.399578
44,45,26,2078.43,0.404221
44,45,27,2067.31,0.412226
44,45,28,2058.05,0.423636
44,45,29,2050.88,0.435658
44,45,30,2046.92,0.443648
44,45,31,2047.08,0.441955
44,45,32,2051.92,0.426377
44,45,33,2061.36,0.395764
44,45,34,2074.62,0.352552
44,45,35,2091.63,0.301955
44,45,36,2113.23,0.250391
44,45,37,2142.15,0.203545
44,45,38,2181.76,0.165007
44,45,39,2236.4,0.135795
44,45,40,2307.11,0.114714
44,45,41,2395.46,0.100321
44,45,42,2499.48,0.0914968
44,45,43,2613.15,0.0881516
44,45,44,2725.58,0.089944
44,45,45,2821.85,0.0958423
44,45,46,2885.19,0.103501
44,45,47,2899.52,0.109372
44,45,48,2850.32,0.109991
44,45,49,2725.89,0.103218
44,46,0,2108.11,0.375244
44,46,1,2248.42,0.440295
44,46,2,2341.23,0.487383
44,46,3,2390.42,0.51409
44,46,4,2404.84,0.521239
44,46,5,2395.01,0.512187
44,46,6,2370.83,0.492104
44,46,7,2341.24,0.467392
44,46,8,2314.79,0.445122
44,46,9,2298.58,0.43078
44,46,10,2296.6,0.426596
44,46,11,2307.61,0.430334
44,46,12,2326.6,0.436752
44,46,13,2344.54,0.439028
44,46,14,2353.53,0.432384
44,46,15,2349.13,0.416109
44,46,16,2331.17,0.393893
44,46,17,2303.23,0.371884
44,46,18,2270.13,0.35651
44,46,19,2236.13,0.351445
44,46,20,2203.61,0.356604
44,46,21,2173.3,0.368477
44,46,22,2145.19,0.381751
44,46,23,2119.49,0.392952
44,46,24,2096.53,0.401384
44,46,25,2076.96,0.409294
44,46,26,2060.68,0.419877
44,46,27,2047.45,0.43504
44,46,28,2037.15,0.453986
44,46,29,2029.95,0.472693
44,46,30,2026.67,0.485378
44,46,31,2027.61,0.485741
44,46,32,2032.61,0.469463
44,46,33,2040.94,0.435683
44,46,34,2051.57,0.387381
44,46,35,2064.73,0.330365
44,46,36,2082.03,0.271704
44,46,37,2107.27,0.217827
44,46,38,2144.94,0.173169
44,46,39,2200.32,0.139572
44,46,40,2274.78,0.116327
44,46,41,2369.89,0.102177
44,46,42,2482.99,0.0957322
44,46,43,2606.9,0.0963052
44,46,44,2729.43,0.102873
44,46,45,2834.55,0.1137
44,46,46,2904.83,0.125772
44,46,47,2923.86,0.134822
44,46,48,2877.07,0.136741
44,46,49,2752.7,0.129031
44,47,0,2054.23,0.343259
44,47,1,2175.28,0.398574
44,47,2,2248.6,0.437065
44,47,3,2280,0.457496
44,47,4,2280.43,0.461325
44,47,5,2262.32,0.451968
44,47,6,2236.63,0.434164
44,47,7,2212.11,0.413574
44,47,8,2195.83,0.396448
44,47,9,2192.66,0.387512
44,47,10,2204.26,0.38838
44,47,11,2227.49,0.396373
44,47,12,2256.4,0.406082
44,47,13,2281.7,0.410534
44,47,14,2295.97,0.405033
44,47,15,2295.49,0.389045
44,47,16,2280.87,0.366558
44,47,17,2256.19,0.344159
44,47,18,2226.42,0.32862
44,47,19,2195.58,0.32384
44,47,20,2165.46,0.329699
44,47,21,2136.25,0.34252
44,47,22,2107.72,0.356993
44,47,23,2080.26,0.369899
44,47,24,2054.77,0.38107
44,47,25,2032.61,0.393257
44,47,26,2014.33,0.409763
44,47,27,2000.04,0.431994
44,47,28,1989.68,0.458098
44,47,29,1983.21,0.482824
44,47,30,1981,0.499463
44,47,31,1982.74,0.501472
44,47,32,1987.64,0.484884
44,47,33,1994.58,0.44947
44,47,34,2002.56,0.3988
44,47,35,2012.31,0.338996
44,47,36,2026.21,0.277235
44,47,37,2048.91,0.220091
44,47,38,2085.55,0.17237
44,47,39,2141.82,0.136546
44,47,40,2219.09,0.112457
44,47,41,2318.76,0.0992228
44,47,42,2437.8,0.0954167
44,47,43,2568.42,0.0999228
44,47,44,2697.72,0.111173
44,47,45,2809.05,0.126845
44,47,46,2884.4,0.143352
44,47,47,2906.98,0.155798
44,47,48,2862.08,0.159464
44,47,49,2738.23,0.151457
44,48,0,1981.49,0.301315
44,48,1,2083.06,0.346139
44,48,2,2137.34,0.375812
44,48,3,2151.59,0.39005
44,48,4,2138.49,0.390687
44,48,5,2112.03,0.380934
44,48,6,2084.03,0.364879
44,48,7,2062.87,0.347265
44,48,8,2054.22,0.333417
44,48,9,2060.86,0.327386
44,48,10,2082.42,0.330502
44,48,11,2114.29,0.340214
44,48,12,2150.1,0.351549
44,48,13,2180.67,0.35789
44,48,14,2199.24,0.354729
44,48,15,2202.69,0.341375
44,48,16,2192.09,0.321406
44,48,17,2171.54,0.301018
44,48,18,2145.76,0.28667
44,48,19,2118.24,0.282216
44,48,20,2090.28,0.287675
44,48,21,2061.81,0.299669
44,48,22,2032.71,0.31342
44,48,23,2003.76,0.326264
44,48,24,1976.42,0.33858
44,48,25,1952.64,0.353404
44,48,26,1933.42,0.373909
44,48,27,1919.02,0.400906
44,48,28,1909.27,0.431654
44,48,29,1903.81,0.460055
44,48,30,1902.53,0.47894
44,48,31,1904.63,0.481978
44,48,32,1908.96,0.465857
44,48,33,1914.22,0.431077
44,48,34,1919.68,0.381629
44,48,35,1926.56,0.323563
44,48,36,1937.89,0.263615
44,48,37,1958.71,0.207915
44,48,38,1994.37,0.161116
44,48,39,2050.45,0.125991
44,48,40,2128.11,0.102843
44,48,41,2228.62,0.0912372
44,48,42,2348.99,0.0899191
44,48,43,2481.52,0.0975911
44,48,44,2613.33,0.112399
44,48,45,2727.59,0.131689
44,48,46,2805.8,0.15156
44,48,47,2830.66,0.16675
44,48,48,2787.37,0.172144
44,48,49,2665.14,0.164542
44,49,0,1878.07,0.250349
44,49,1,1960.6,0.28467
44,49,2,1997.96,0.306091
44,49,3,1998.16,0.314965
44,49,4,1974.71,0.313195
44,49,5,1942.27,0.303551
44,49,6,1912.81,0.289323
44,49,7,1894.11,0.274258
44,49,8,1890.48,0.262683
44,49,9,1903.07,0.257998
44,49,10,1930.04,0.261409
44,49,11,1966.03,0.270856
44,49,12,2004.75,0.282205
44,49,13,2037.63,0.28966
44,49,14,2058.71,0.289116
44,49,15,2065.46,0.279634
44,49,16,2059.05,0.263979
44,49,17,2043.22,0.247373
44,49,18,2022.04,0.235426
44,49,19,1998.34,0.231647
44,49,20,1972.99,0.236216
44,49,21,1945.85,0.246322
44,49,22,1917.07,0.258021
44,49,23,1887.85,0.269313
44,49,24,1860.11,0.280993
44,49,25,1836.16,0.296111
44,49,26,1817.23,0.31754
44,49,27,1803.57,0.345621
44,49,28,1794.84,0.377166
44,49,29,1790.34,0.405897
44,49,30,1789.61,0.424828
44,49,31,1791.55,0.428252
44,49,32,1794.86,0.413627
44,49,33,1798.34,0.382014
44,49,34,1801.59,0.337469
44,49,35,1806.23,0.285536
44,49,36,1815.54,0.232061
44,49,37,1834.52,0.182276
44,49,38,1868.24,0.140257
44,49,39,1921.8,0.108715
44,49,40,1996.11,0.0882387
44,49,41,2092.43,0.0787941
44,49,42,2208.2,0.0794227
44,49,43,2336.51,0.0888844
44,49,44,2465.26,0.105328
44,49,45,2578.02,0.126094
44,49,46,2656.1,0.147319
44,49,47,2681.8,0.163785
44,49,48,2640.39,0.170358
44,49,49,2522.37,0.163756
45,0,0,3048.14,0.398557
45,0,1,3199.06,0.481071
45,0,2,3286.05,0.553828
45,0,3,3325.54,0.615827
45,0,4,3334.88,0.667724
45,0,5,3330.04,0.709709
45,0,6,3323.18,0.740202
45,0,7,3319.95,0.756581
45,0,8,3320.46,0.757688
45,0,9,3322.39,0.745977
45,0,10,3324.02,0.728298
45,0,11,3324.78,0.714167
45,0,12,3325.13,0.71258
45,0,13,3323,0.726832
45,0,14,3314.16,0.753384
45,0,15,3293.71,0.783962
45,0,16,3257.79,0.809706
45,0,17,3205.24,0.825389
45,0,18,3138.31,0.83046
45,0,19,3062.03,0.826827
45,0,20,2982.84,0.815729
45,0,21,2907.29,0.796264
45,0,22,2840.25,0.765172
45,0,23,2784.23,0.71984
45,0,24,2739.12,0.659914
45,0,25,2702.92,0.588461
45,0,26,2673.98,0.510978
45,0,27,2651.79,0.433637
45,0,28,2637.8,0.361805
45,0,29,2634.15,0.298886
45,0,30,2642.66,0.246472
45,0,31,2663.32,0.204908
45,0,32,2693.73,0.17352
45,0,33,2729.69,0.151331
45,0,34,2766.51,0.137233
45,0,35,2800.47,0.12939
45,0,36,2829.48,0.125689
45,0,37,2853.38,0.123927
45,0,38,2873.49,0.121638
45,0,39,2892.84,0.116866
45,0,40,2913.31,0.108171
45,0,41,2938.4,0.0957107
45,0,42,2970.32,0.0811141
45,0,43,3009.12,0.0673821
45,0,44,3050.9,0.0576359
45,0,45,3087.03,0.0538318
45,0,46,3104.6,0.0557126
45,0,47,3087.92,0.0607059
45,0,48,3020.5,0.0650838
45,0,49,2886.38,0.0653858
45,1,0,3235.03,0.471718
45,1,1,3385.2,0.565853
45,1,2,3471.56,0.647063
45,1,3,3511.4,0.714952
45,1,4,3521.35,0.771377
45,1,5,3516.21,0.817608
45,1,6,3507.56,0.852386
45,1,7,3501.44,0.872699
45,1,8,3498.95,0.876847
45,1,9,3498.69,0.867163
45,1,10,3499.33,0.851045
45,1,11,3500.11,0.838824
45,1,12,3500.9,0.839966
45,1,13,3498.92,0.857277
45,1,14,3489.45,0.885838
45,1,15,3467.33,0.91592
45,1,16,3428.85,0.937909
45,1,17,3373.24,0.946965
45,1,18,3303.37,0.94387
45,1,19,3224.85,0.932035
45,1,20,3144.44,0.913684
45,1,21,3068.62,0.888156
45,1,22,3001.81,0.851598
45,1,23,2946.02,0.800665
45,1,24,2900.88,0.73446
45,1,25,2864.48,0.656127
45,1,26,2835.6,0.571683
45,1,27,2814.15,0.488051
45,1,28,2801.78,0.411133
45,1,29,2800.31,0.344376
45,1,30,2810.89,0.289002
45,1,31,2832.88,0.244749
45,1,32,2863.58,0.210427
45,1,33,2898.95,0.184813
45,1,34,2934.84,0.166854
45,1,35,2968.08,0.154986
45,1,36,2996.84,0.147365
45,1,37,3020.79,0.142001
45,1,38,3040.78,0.136438
45,1,39,3059.23,0.128692
45,1,40,3077.74,0.117344
45,1,41,3099.84,0.10266
45,1,42,3128.06,0.0864025
45,1,43,3162.82,0.071716
45,1,44,3200.57,0.0616732
45,1,45,3233.14,0.0580366
45,1,46,3248.29,0.0602225
45,1,47,3231.1,0.0653342
45,1,48,3165.33,0.0694418
45,1,49,3033.81,0.0690778
45,2,0,3361.22,0.530172
45,2,1,3510.39,0.632708
45,2,2,3595.91,0.719076
45,2,3,3635.47,0.789401
45,2,4,3644.95,0.846763
45,2,5,3638.22,0.893756
45,2,6,3626.45,0.929849
45,2,7,3616.2,0.952063
45,2,8,3609.66,0.958363
45,2,9,3606.34,0.950842
45,2,10,3605.22,0.936942
45,2,11,3605.18,0.927058
45,2,12,3605.5,0.930368
45,2,13,3602.73,0.948816
45,2,14,3591.76,0.976227
45,2,15,3567.33,1.002
45,2,16,3525.91,1.0165
45,2,17,3467.19,1.01581
45,2,18,3394.61,1.00223
45,2,19,3314.37,0.980627
45,2,20,3233.55,0.954189
45,2,21,3158.57,0.922586
45,2,22,3093.31,0.881645
45,2,23,3039.15,0.827512
45,2,24,2995.29,0.75881
45,2,25,2959.91,0.678573
45,2,26,2932.14,0.592968
45,2,27,2912.27,0.50926
45,2,28,2901.99,0.433477
45,2,29,2902.73,0.368776
45,2,30,2914.98,0.315684
45,2,31,2937.48,0.273044
45,2,32,2967.4,0.23895
45,2,33,3001.08,0.211858
45,2,34,3035.11,0.190856
45,2,35,3067.03,0.174924
45,2,36,3095.34,0.162829
45,2,37,3119.54,0.153129
45,2,38,3139.93,0.143681
45,2,39,3158.13,0.132677
45,2,40,3175.37,0.118876
45,2,41,3195.05,0.102673
45,2,42,3219.92,0.0858725
45,2,43,3250.75,0.0715425
45,2,44,3284.42,0.0624221
45,2,45,3313.21,0.0598318
45,2,46,3325.52,0.0627394
45,2,47,3307.19,0.0679748
45,2,48,3242.41,0.0715868
45,2,49,3113.57,0.0703442
45,3,0,3439.68,0.572308
45,3,1,3589.21,0.680802
45,3,2,3674.75,0.770167
45,3,3,3714.12,0.840687
45,3,4,3722.57,0.896375
45,3,5,3713.23,0.941137
45,3,6,3697.1,0.975475
45,3,7,3681.44,0.996891
45,3,8,3669.64,1.0033
45,3,9,3662.16,0.996512
45,3,10,3658.24,0.983615
45,3,11,3656.39,0.974497
45,3,12,3655.29,0.977598
45,3,13,3650.93,0.994003
45,3,14,3637.91,1.01676
45,3,15,3610.95,1.03513
45,3,16,3566.73,1.04006
45,3,17,3505.31,1.02873
45,3,18,3430.61,1.00467
45,3,19,3349.27,0.973741
45,3,20,3268.65,0.939778
45,3,21,3195.02,0.902784
45,3,22,3131.73,0.858628
45,3,23,3079.57,0.803329
45,3,24,3037.34,0.735269
45,3,25,3003.28,0.657303
45,3,26,2976.74,0.575429
45,3,27,2958.29,0.496843
45,3,28,2949.58,0.42733
45,3,29,2951.67,0.369505
45,3,30,2964.47,0.32302
45,3,31,2986.35,0.285692
45,3,32,3014.53,0.254813
45,3,33,3045.84,0.228466
45,3,34,3077.71,0.205902
45,3,35,3108.36,0.186779
45,3,36,3136.6,0.170654
45,3,37,3161.78,0.156821
45,3,38,3183.53,0.143657
45,3,39,3202.72,0.129696
45,3,40,3220.04,0.114003
45,3,41,3238.66,0.097137
45,3,42,3261.4,0.0808894
45,3,43,3289.29,0.0681016
45,3,44,3319.48,0.0609962
45,3,45,3344.66,0.0602942
45,3,46,3353.82,0.0644411
45,3,47,3333.45,0.0700186
45,3,48,3268.24,0.0731476
45,3,49,3140.66,0.0709604
45,4,0,3482.15,0.59945
45,4,1,3633.7,0.712456
45,4,2,3720.42,0.80397
45,4,3,3760.08,0.873955
45,4,4,3767.38,0.926858
45,4,5,3754.87,0.967651
45,4,6,3733.54,0.997958
45,4,7,3711.45,1.01605
45,4,8,3693.27,1.01999
45,4,9,3680.5,1.01131
45,4,10,3672.66,0.996513
45,4,11,3667.95,0.984772
45,4,12,3664.56,0.983823
45,4,13,3658.07,0.994346
45,4,14,3642.97,1.00937
45,4,15,3613.99,1.0187
45,4,16,3568.05,1.01421
45,4,17,3505.42,0.993882
45,4,18,3430.23,0.961746
45,4,19,3349.26,0.923899
45,4,20,3269.87,0.884339
45,4,21,3198.06,0.843347
45,4,22,3136.75,0.797212
45,4,23,3086.29,0.742267
45,4,24,3045.23,0.676978
45,4,25,3011.89,0.604029
45,4,26,2985.78,0.529001
45,4,27,2967.58,0.458664
45,4,28,2958.86,0.398273
45,4,29,2960.43,0.349792
45,4,30,2971.92,0.312033
45,4,31,2991.62,0.281915
45,4,32,3017.01,0.256051
45,4,33,3045.51,0.232209
45,4,34,3075.28,0.209802
45,4,35,3105.12,0.189112
45,4,36,3134.07,0.170426
45,4,37,3161.17,0.153715
45,4,38,3185.45,0.137917
45,4,39,3206.98,0.12196
45,4,40,3225.95,0.105276
45,4,41,3245.19,0.0886188
45,4,42,3267.43,0.0737631
45,4,43,3293.7,0.0632614
45,4,44,3321.26,0.0587792
45,4,45,3343.13,0.0604176
45,4,46,3348.85,0.0661194
45,4,47,3325.57,0.0722554
45,4,48,3258.58,0.0750482
45,4,49,3130.72,0.0720035
45,5,0,3496.95,0.613746
45,5,1,3651.76,0.730243
45,5,2,3740.57,0.823693
45,5,3,3780.95,0.893351
45,5,4,3787.18,0.943605
45,5,5,3771.36,0.980078
45,5,6,3744.51,1.00535
45,5,7,3715.54,1.01845
45,5,8,3690.38,1.01764
45,5,9,3671.56,1.00412
45,5,10,3658.94,0.983797
45,5,11,3650.51,0.965268
45,5,12,3644.17,0.956033
45,5,13,3635.35,0.957131
45,5,14,3618.66,0.962407
45,5,15,3588.97,0.962718
45,5,16,3543.35,0.950848
45,5,17,3482.07,0.925
45,5,18,3409.07,0.888773
45,5,19,3330.81,0.847668
45,5,20,3254.24,0.80541
45,5,21,3184.95,0.762481
45,5,22,3125.49,0.715895
45,5,23,3076.05,0.662637
45,5,24,3035.2,0.601516
45,5,25,3001.38,0.535037
45,5,26,2974.23,0.468182
45,5,27,2954.4,0.407016
45,5,28,2943.37,0.35609
45,5,29,2941.9,0.316763
45,5,30,2949.71,0.287263
45,5,31,2965.36,0.263995
45,5,32,2986.85,0.243257
45,5,33,3012.2,0.222708
45,5,34,3040.2,0.201916
45,5,35,3069.98,0.181588
45,5,36,3100.61,0.162463
45,5,37,3130.72,0.144916
45,5,38,3158.73,0.128288
45,5,39,3183.98,0.11184
45,5,40,3206.2,0.0953437
45,5,41,3227.84,0.0797431
45,5,42,3251.3,0.0668041
45,5,43,3277.36,0.0587912
45,5,44,3303.19,0.0568885
45,5,45,3322.08,0.0606863
45,5,46,3324.15,0.0677606
45,5,47,3297.33,0.0743757
45,5,48,3227.62,0.0768918
45,5,49,3098.46,0.0731461
45,6,0,3488.95,0.61665
45,6,1,3647.46,0.735159
45,6,2,3738.64,0.82995
45,6,3,3779.86,0.899482
45,6,4,3785.02,0.947782
45,6,5,3765.94,0.980682
45,6,6,3733.79,1.00132
45,6,7,3698.24,1.00919
45,6,8,3666.36,1.00256
45,6,9,3641.53,0.982196
45,6,10,3623.9,0.953474
45,6,11,3611.32,0.924779
45,6,12,3601.7,0.904007
45,6,13,3590.67,0.893344
45,6,14,3573.26,0.888142
45,6,15,3544.6,0.880604
45,6,16,3501.82,0.86416
45,6,17,3444.94,0.836614
45,6,18,3377.24,0.800375
45,6,19,3304.38,0.759764
45,6,20,3232.53,0.717951
45,6,21,3166.63,0.67557
45,6,22,3109.05,0.630485
45,6,23,3060.01,0.580441
45,6,24,3018.35,0.52466
45,6,25,2982.76,0.465394
45,6,26,2952.89,0.406892
45,6,27,2929.36,0.354336
45,6,28,2913.61,0.311499
45,6,29,2906.54,0.279269
45,6,30,2908.3,0.255655
45,6,31,2918.09,0.237082
45,6,32,2934.64,0.220038
45,6,33,2956.65,0.202401
45,6,34,2983.34,0.183946
45,6,35,3013.99,0.165558
45,6,36,3047.43,0.148072
45,6,37,3081.79,0.131886
45,6,38,3114.84,0.116481
45,6,39,3145.32,0.101283
45,6,40,3172.5,0.0862784
45,6,41,3198.34,0.0725276
45,6,42,3224.72,0.061765
45,6,43,3251.91,0.0559852
45,6,44,3276.84,0.0560265
45,6,45,3293.05,0.0611662
45,6,46,3291.39,0.0688443
45,6,47,3260.71,0.0754082
45,6,48,3187.86,0.0774529
45,6,49,3057.02,0.0731179
45,7,0,3459.87,0.608625
45,7,1,3621.75,0.726806
45,7,2,3715.02,0.821494
45,7,3,3756.73,0.890601
45,7,4,3760.6,0.937724
45,7,5,3738.38,0.968501
45,7,6,3701.53,0.986084
45,7,7,3660.44,0.989948
45,7,8,3623.04,0.978018
45,7,9,3593.22,0.950499
45,7,10,3571.19,0.912308
45,7,11,3554.7,0.871936
45,7,12,3541.9,0.83821
45,7,13,3529.01,0.815021
45,7,14,3511.77,0.799649
45,7,15,3485.76,0.785719
45,7,16,3448.06,0.767034
45,7,17,3398.15,0.740603
45,7,18,3338.36,0.707282
45,7,19,3273.18,0.670015
45,7,20,3207.73,0.631351
45,7,21,3146.24,0.592018
45,7,22,3090.89,0.550645
45,7,23,3042.07,0.505584
45,7,24,2998.99,0.456344
45,7,25,2960.65,0.404802
45,7,26,2926.77,0.354405
45,7,27,2897.95,0.30938
45,7,28,2875.68,0.272726
45,7,29,2861.19,0.244989
45,7,30,2855.3,0.224294
45,7,31,2858.04,0.207568
45,7,32,2869.04,0.191978
45,7,33,2887.72,0.175987
45,7,34,2913.68,0.159687
45,7,35,2946.19,0.143987
45,7,36,2983.7,0.129534
45,7,37,3023.72,0.116426
45,7,38,3063.38,0.10401
45,7,39,3100.78,0.0916615
45,7,40,3134.69,0.0793837
45,7,41,3166.46,0.0681925
45,7,42,3197.24,0.0597075
45,7,43,3226.6,0.0556557
45,7,44,3251.24,0.0566692
45,7,45,3265.06,0.06194
45,7,46,3259.77,0.069044
45,7,47,3225.26,0.0746549
45,7,48,3149.36,0.075756
45,7,49,3017.03,0.0708075
45,8,0,3410.05,0.590428
45,8,1,3574.52,0.705429
45,8,2,3669.16,0.79798
45,8,3,3710.71,0.865908
45,8,4,3712.86,0.912483
45,8,5,3687.63,0.942827
45,8,6,3646.94,0.959573
45,8,7,3601.92,0.961641
45,8,8,3560.95,0.946291
45,8,9,3527.99,0.913018
45,8,10,3502.92,0.866303
45,8,11,3483.36,0.814867
45,8,12,3467.84,0.768685
45,8,13,3453.46,0.733531
45,8,14,3436.98,0.708743
45,8,15,3414.52,0.689353
45,8,16,3383.1,0.669429
45,8,17,3341.6,0.645161
45,8,18,3291.19,0.615952
45,8,19,3235.15,0.583505
45,8,20,3177.45,0.549802
45,8,21,3121.49,0.515557
45,8,22,3069.18,0.479888
45,8,23,3021,0.441441
45,8,24,2976.52,0.399793
45,8,25,2935.04,0.35636
45,8,26,2896.52,0.313824
45,8,27,2861.68,0.275488
45,8,28,2832.24,0.243609
45,8,29,2809.82,0.218445
45,8,30,2795.93,0.198402
45,8,31,2791.48,0.181176
45,8,32,2797.01,0.164941
45,8,33,2812.72,0.149034
45,8,34,2838.61,0.134018
45,8,35,2873.91,0.120819
45,8,36,2916.72,0.109796
45,8,37,2963.85,0.100602
45,8,38,3011.72,0.0922621
45,8,39,3057.73,0.0838982
45,8,40,3099.98,0.0752992
45,8,41,3139.01,0.06722
45,8,42,3175.12,0.0610304
45,8,43,3207.22,0.0581688
45,8,44,3231.89,0.0591737
45,8,45,3243.57,0.0633598
45,8,46,3234.95,0.0686845
45,8,47,3197.02,0.0723703
45,8,48,3118.6,0.0719417
45,8,49,2985.44,0.0662211
45,9,0,3340.09,0.563804
45,9,1,3506.27,0.67311
45,9,2,3601.55,0.761709
45,9,3,3642.31,0.827801
45,9,4,3642.42,0.874463
45,9,5,3614.49,0.906068
45,9,6,3571.22,0.924316
45,9,7,3524.32,0.927177
45,9,8,3482.27,0.911042
45,9,9,3448.52,0.874604
45,9,10,3422.26,0.821831
45,9,11,3400.82,0.761565
45,9,12,3383.2,0.704785
45,9,13,3367.5,0.658987
45,9,14,3351.68,0.625485
45,9,15,3332.61,0.600718
45,9,16,3307.36,0.579134
45,9,17,3274.28,0.556408
45,9,18,3233.52,0.530892
45,9,19,3187.16,0.503338
45,9,20,3138.03,0.475215
45,9,21,3088.62,0.44705
45,9,22,3040.37,0.418119
45,9,23,2993.63,0.387063
45,9,24,2948.2,0.353391
45,9,25,2903.8,0.318087
45,9,26,2860.77,0.283205
45,9,27,2820.25,0.251227
45,9,28,2784.31,0.223681
45,9,29,2754.98,0.200471
45,9,30,2734.27,0.180227
45,9,31,2723.79,0.161413
45,9,32,2724.84,0.143284
45,9,33,2738.38,0.126192
45,9,34,2764.93,0.111328
45,9,35,2803.82,0.0997619
45,9,36,2852.86,0.0916564
45,9,37,2908.19,0.0862614
45,9,38,2965.43,0.0822204
45,9,39,3021.11,0.0782692
45,9,40,3072.5,0.0737887
45,9,41,3119.21,0.0690696
45,9,42,3160.73,0.0650948
45,9,43,3195.51,0.0629936
45,9,44,3220.23,0.0632872
45,9,45,3230.02,0.065561
45,9,46,3218.58,0.0683117
45,9,47,3177.96,0.0694365
45,9,48,3097.93,0.0670754
45,9,49,2964.97,0.0604286
45,10,0,3252.54,0.532481
45,10,1,3419.97,0.634812
45,10,2,3515.68,0.718596
45,10,3,3555.57,0.782641
45,10,4,3553.97,0.829912
45,10,5,3524.35,0.863929
45,10,6,3480.3,0.885302
45,10,7,3433.96,0.890965
45,10,8,3393.43,0.876455
45,10,9,3361.2,0.839677
45,10,10,3335.57,0.783967
45,10,11,3313.43,0.717978
45,10,12,3294.14,0.653274
45,10,13,3276.8,0.598651
45,10,14,3260.69,0.557168
45,10,15,3243.68,0.526678
45,10,16,3223.18,0.502269
45,10,17,3197.27,0.479545
45,10,18,3165.28,0.456294
45,10,19,3128.27,0.432583
45,10,20,3087.89,0.409377
45,10,21,3045.61,0.386841
45,10,22,3002.18,0.364173
45,10,23,2957.61,0.339894
45,10,24,2911.88,0.31349
45,10,25,2865.16,0.285687
45,10,26,2818.48,0.258103
45,10,27,2773.6,0.232504
45,10,28,2733.06,0.209661
45,10,29,2699.19,0.188959
45,10,30,2674.24,0.169028
45,10,31,2660.1,0.148878
45,10,32,2658.58,0.128691
45,10,33,2671.31,0.109815
45,10,34,2699.36,0.0941677
45,10,35,2742.31,0.0831422
45,10,36,2797.85,0.0769112
45,10,37,2861.52,0.0744939
45,10,38,2928.11,0.0742149
45,10,39,2993.22,0.0743924
45,10,40,3053.21,0.0739037
45,10,41,3106.84,0.0724499
45,10,42,3152.95,0.07053
45,10,43,3189.78,0.0689537
45,10,44,3214.35,0.0682559
45,10,45,3222.52,0.0683639
45,10,46,3208.92,0.0683643
45,10,47,3166.58,0.066836
45,10,48,3086.12,0.0625047
45,10,49,2954.68,0.0549065
45,11,0,3152.25,0.501376
45,11,1,3321.42,0.597082
45,11,2,3418.41,0.676364
45,11,3,3458.58,0.738573
45,11,4,3456.76,0.786543
45,11,5,3427.4,0.823038
45,11,6,3384.92,0.847768
45,11,7,3341.6,0.856911
45,11,8,3304.75,0.845423
45,11,9,3275.79,0.810553
45,11,10,3251.99,0.754882
45,11,11,3229.82,0.686487
45,11,12,3208.8,0.61695
45,11,13,3188.93,0.555818
45,11,14,3170.8,0.507539
45,11,15,3153.56,0.471319
45,11,16,3135.34,0.443113
45,11,17,3114.3,0.418838
45,11,18,3089.23,0.396103
45,11,19,3060.24,0.374475
45,11,20,3027.85,0.354391
45,11,21,2992.42,0.335593
45,11,22,2953.85,0.317161
45,11,23,2911.77,0.297626
45,11,24,2866.31,0.276667
45,11,25,2818.24,0.255002
45,11,26,2769.4,0.233997
45,11,27,2722.37,0.21477
45,11,28,2680.14,0.19727
45,11,29,2645.18,0.180177
45,11,30,2619.58,0.161847
45,11,31,2605.14,0.141517
45,11,32,2603.75,0.120012
45,11,33,2617.45,0.0995138
45,11,34,2647.83,0.0826615
45,11,35,2694.77,0.071301
45,11,36,2756.01,0.06582
45,11,37,2826.71,0.0652218
45,11,38,2901,0.0676581
45,11,39,2973.67,0.071112
45,11,40,3040.34,0.0739921
45,11,41,3099.07,0.0754049
45,11,42,3148.29,0.0753348
45,11,43,3186.26,0.0742696
45,11,44,3210.39,0.0727369
45,11,45,3217.24,0.0709899
45,11,46,3202.26,0.0686586
45,11,47,3159.26,0.0649161
45,11,48,3079.61,0.0589656
45,11,49,2951.02,0.0505926
45,12,0,3047.57,0.476013
45,12,1,3220.16,0.567027
45,12,2,3320.66,0.643143
45,12,3,3363.66,0.703881
45,12,4,3364.38,0.751863
45,12,5,3338.14,0.789392
45,12,6,3299.85,0.815825
45,12,7,3261.56,0.827217
45,12,8,3229.72,0.81846
45,12,9,3204.69,0.786431
45,12,10,3182.97,0.732918
45,12,11,3160.63,0.665088
45,12,12,3137.22,0.593987
45,12,13,3113.42,0.529333
45,12,14,3091.1,0.476486
45,12,15,3070.83,0.43576
45,12,16,3051.78,0.403995
45,12,17,3032.5,0.377556
45,12,18,3011.51,0.354054
45,12,19,2988.08,0.332646
45,12,20,2961.67,0.313278
45,12,21,2931.58,0.295379
45,12,22,2896.95,0.2781
45,12,23,2857.09,0.260298
45,12,24,2812.33,0.242143
45,12,25,2764.14,0.224582
45,12,26,2715.26,0.208843
45,12,27,2669.01,0.195433
45,12,28,2628.72,0.183445
45,12,29,2596.76,0.170748
45,12,30,2574.72,0.155239
45,12,31,2563.9,0.136102
45,12,32,2565.84,0.114491
45,12,33,2582.57,0.0931476
45,12,34,2615.9,0.0752897
45,12,35,2666,0.0632227
45,12,36,2730.86,0.0576625
45,12,37,2805.65,0.0577767
45,12,38,2884.31,0.0617285
45,12,39,2961.25,0.0673369
45,12,40,3031.62,0.0726899
45,12,41,3093.04,0.0764054
45,12,42,3143.68,0.0779881
45,12,43,3181.86,0.0776029
45,12,44,3205.38,0.0757086
45,12,45,3211.36,0.072798
45,12,46,3195.85,0.0689325
45,12,47,3153.29,0.0637418
45,12,48,3075.63,0.056766
45,12,49,2951.1,0.0479351
45,13,0,2946.67,0.459417
45,13,1,3125.19,0.54831
45,13,2,3232.22,0.622808
45,13,3,3281.27,0.682087
45,13,4,3287.71,0.728491
45,13,5,3267.31,0.764323
45,13,6,3235.15,0.789356
45,13,7,3202.91,0.800336
45,13,8,3176.26,0.792717
45,13,9,3154.84,0.763335
45,13,10,3134.64,0.71322
45,13,11,3111.47,0.648403
45,13,12,3084.78,0.578934
45,13,13,3055.75,0.514186
45,13,14,3027.32,0.459895
45,13,15,3001.37,0.417076
45,13,16,2978.24,0.383238
45,13,17,2957.11,0.355099
45,13,18,2936.46,0.330266
45,13,19,2914.99,0.307556
45,13,20,2891.34,0.286547
45,13,21,2864.01,0.266624
45,13,22,2831.57,0.24732
45,13,23,2793.19,0.228168
45,13,24,2749.53,0.210065
45,13,25,2702.78,0.194321
45,13,26,2656.45,0.18206
45,13,27,2614.43,0.173221
45,13,28,2580.09,0.166093
45,13,29,2555.4,0.157797
45,13,30,2541.17,0.145745
45,13,31,2537.83,0.128917
45,13,32,2546.2,0.108517
45,13,33,2567.84,0.0875137
45,13,34,2604.42,0.0694312
45,13,35,2656.3,0.0568937
45,13,36,2721.92,0.0509368
45,13,37,2797.02,0.0510059
45,13,38,2875.98,0.0554629
45,13,39,2953.37,0.0621833
45,13,40,3024.25,0.0691496
45,13,41,3085.97,0.0746636
45,13,42,3136.53,0.07782
45,13,43,3174.24,0.0784451
45,13,44,3197.16,0.0768322
45,13,45,3202.78,0.0735785
45,13,46,3187.57,0.0690358
45,13,47,3146.38,0.0631573
45,13,48,3071.62,0.0557102
45,13,49,2951.93,0.0467027
45,14,0,2856.76,0.451866
45,14,1,3043.45,0.540888
45,14,2,3159.49,0.614826
45,14,3,3217.03,0.67205
45,14,4,3231.19,0.714644
45,14,5,3217.97,0.745457
45,14,6,3192.47,0.765486
45,14,7,3166.03,0.772974
45,14,8,3143.82,0.764475
45,14,9,3125.11,0.737048
45,14,10,3105.6,0.690981
45,14,11,3080.96,0.631016
45,14,12,3050.47,0.565896
45,14,13,3015.58,0.504282
45,14,14,2979.88,0.451813
45,14,15,2946.3,0.409773
45,14,16,2916.22,0.376017
45,14,17,2889.57,0.347375
45,14,18,2865.13,0.321344
45,14,19,2841.44,0.296464
45,14,20,2816.78,0.272144
45,14,21,2789.22,0.248035
45,14,22,2757.06,0.224366
45,14,23,2719.53,0.201591
45,14,24,2677.68,0.181399
45,14,25,2634.33,0.165464
45,14,26,2593.56,0.15477
45,14,27,2559.5,0.148767
45,14,28,2535.17,0.145106
45,14,29,2521.79,0.140384
45,14,30,2519.11,0.131684
45,14,31,2526.46,0.117768
45,14,32,2543.62,0.0996889
45,14,33,2571.41,0.0803055
45,14,34,2611.05,0.0631066
45,14,35,2663.07,0.050791
45,14,36,2726.54,0.0446105
45,14,37,2798.29,0.0443333
45,14,38,2873.74,0.0486788
45,14,39,2948.11,0.055788
45,14,40,3016.72,0.0637503
45,14,41,3076.79,0.0707328
45,14,42,3126.13,0.0755026
45,14,43,3163,0.0775295
45,14,44,3185.51,0.0768493
45,14,45,3191.33,0.0740199
45,14,46,3177.14,0.0695372
45,14,47,3138.05,0.0635582
45,14,48,3066.76,0.0559997
45,14,49,2952.25,0.0469235
45,15,0,2782.68,0.450756
45,15,1,2978.35,0.541147
45,15,2,3104.06,0.614794
45,15,3,3170.45,0.669005
45,15,4,3192.27,0.705708
45,15,5,3185.63,0.728795
45,15,6,3165.7,0.741138
45,15,7,3143.76,0.743042
45,15,8,3124.77,0.732478
45,15,9,3107.81,0.706782
45,15,10,3088.42,0.665402
45,15,11,3062.16,0.61163
45,15,12,3028.04,0.552692
45,15,13,2987.49,0.496338
45,15,14,2944.33,0.44785
45,15,15,2902.01,0.408529
45,15,16,2862.73,0.376365
45,15,17,2827.27,0.348139
45,15,18,2795.12,0.321161
45,15,19,2765.28,0.293786
45,15,20,2736.18,0.265433
45,15,21,2705.91,0.236251
45,15,22,2672.75,0.207314
45,15,23,2636.08,0.180028
45,15,24,2597.32,0.156747
45,15,25,2559.74,0.13937
45,15,26,2527.73,0.128673
45,15,27,2505.25,0.123729
45,15,28,2494.56,0.121817
45,15,29,2495.76,0.119353
45,15,30,2507.3,0.113359
45,15,31,2527.28,0.102476
45,15,32,2554.4,0.0874862
45,15,33,2588.65,0.0708436
45,15,34,2630.81,0.0556578
45,15,35,2681.6,0.0444317
45,15,36,2740.89,0.0384897
45,15,37,2806.82,0.0379223
45,15,38,2876.14,0.0419192
45,15,39,2945.06,0.0490401
45,15,40,3009.39,0.0576422
45,15,41,3066.38,0.0659068
45,15,42,3113.72,0.0723607
45,15,43,3149.52,0.0761267
45,15,44,3171.82,0.0769361
45,15,45,3178.28,0.0751891
45,15,46,3165.63,0.071382
45,15,47,3129.07,0.0657445
45,15,48,3061.51,0.0582623
45,15,49,2952.13,0.0490403
45,16,0,2726.6,0.451538
45,16,1,2930.01,0.543273
45,16,2,3063.73,0.616158
45,16,3,3137.07,0.666439
45,16,4,3164.43,0.696052
45,16,5,3162.14,0.710276
45,16,6,3145.59,0.714221
45,16,7,3126.27,0.710498
45,16,8,3109.13,0.698497
45,16,9,3093.18,0.675631
45,16,10,3073.81,0.640227
45,16,11,3046.4,0.593862
45,16,12,3009.59,0.542069
45,16,13,2964.46,0.491603
45,16,14,2914.54,0.447367
45,16,15,2863.3,0.410722
45,16,16,2813.46,0.379893
45,16,17,2766.74,0.351712
45,16,18,2723.86,0.323426
45,16,19,2684.88,0.293365
45,16,20,2648.99,0.261079
45,16,21,2614.65,0.22725
45,16,22,2580.26,0.193683
45,16,23,2545.36,0.162498
45,16,24,2511.53,0.136402
45,16,25,2482.33,0.117293
45,16,26,2462.05,0.105678
45,16,27,2454.14,0.100407
45,16,28,2459.71,0.0986954
45,16,29,2477.42,0.09715
45,16,30,2504.29,0.0930233
45,16,31,2537.2,0.0849721
45,16,32,2573.99,0.0734443
45,16,33,2614.07,0.0602768
45,16,34,2658.01,0.0479277
45,16,35,2706.83,0.0384787
45,16,36,2761.19,0.0332003
45,16,37,2820.43,0.0324834
45,16,38,2882.59,0.0360472
45,16,39,2944.91,0.04295
45,16,40,3003.83,0.0519096
45,16,41,3056.83,0.061232
45,16,42,3101.59,0.0693064
45,16,43,3136.06,0.0749741
45,16,44,3158.17,0.0776843
45,16,45,3165.45,0.077605
45,16,46,3154.55,0.0750867
45,16,47,3120.67,0.0702602
45,16,48,3056.8,0.0630505
45,16,49,2952.28,0.0535658
45,17,0,2688.16,0.449258
45,17,1,2896.55,0.541349
45,17,2,3035.16,0.612704
45,17,3,3112.28,0.658684
45,17,4,3142.15,0.681355
45,17,5,3141.32,0.687478
45,17,6,3125.59,0.684427
45,17,7,3106.73,0.677061
45,17,8,3089.92,0.66597
45,17,9,3074.19,0.648317
45,17,10,3054.85,0.620932
45,17,11,3027.04,0.583335
45,17,12,2988.9,0.53914
45,17,13,2940.82,0.494008
45,17,14,2885.53,0.45256
45,17,15,2826.05,0.416501
45,17,16,2765.33,0.384706
45,17,17,2706.17,0.354523
45,17,18,2650.93,0.323533
45,17,19,2601.34,0.290335
45,17,20,2557.79,0.254669
45,17,21,2519.37,0.217577
45,17,22,2484.63,0.181205
45,17,23,2453.07,0.147925
45,17,24,2426.26,0.120354
45,17,25,2407.68,0.100141
45,17,26,2401.25,0.0874842
45,17,27,2409.6,0.0811974
45,17,28,2432.43,0.0787212
45,17,29,2466.8,0.0771747
45,17,30,2508.34,0.0742681
45,17,31,2552.97,0.0687667
45,17,32,2598.01,0.0607466
45,17,33,2642.74,0.0512939
45,17,34,2687.82,0.042052
45,17,35,2734.72,0.0345582
45,17,36,2784.67,0.0299661
45,17,37,2837.88,0.0289596
45,17,38,2893.31,0.0318091
45,17,39,2949.08,0.0380945
45,17,40,3002.31,0.0469343
45,17,41,3050.83,0.0568446
45,17,42,3092.48,0.0662028
45,17,43,3125.19,0.0736957
45,17,44,3146.79,0.0785729
45,17,45,3154.7,0.0807348
45,17,46,3145.43,0.0802306
45,17,47,3114.1,0.0768705
45,17,48,3053.69,0.0703248
45,17,49,2953.67,0.0606118
45,18,0,2665.1,0.440359
45,18,1,2875.35,0.531376
45,18,2,3015.51,0.600513
45,18,3,3093.35,0.642468
45,18,4,3123,0.659447
45,18,5,3121.22,0.659524
45,18,6,3104.08,0.652102
45,18,7,3083.72,0.644034
45,18,8,3065.65,0.636871
45,18,9,3049.16,0.627275
45,18,10,3029.69,0.610295
45,18,11,3002.19,0.583068
45,18,12,2964.18,0.546986
45,18,13,2915.02,0.506367
45,18,14,2856.23,0.465565
45,18,15,2789.97,0.426946
45,18,16,2719.22,0.390639
45,18,17,2647.89,0.355241
45,18,18,2580.26,0.319341
45,18,19,2520.12,0.282228
45,18,20,2469.4,0.243891
45,18,21,2427.93,0.205402
45,18,22,2394.32,0.16868
45,18,23,2367.88,0.135745
45,18,24,2349.83,0.10864
45,18,25,2343.25,0.0885284
45,18,26,2351.39,0.0753148
45,18,27,2375.85,0.0679576
45,18,28,2414.88,0.0643711
45,18,29,2464.08,0.0624039
45,18,30,2517.95,0.0603457
45,18,31,2571.86,0.0571017
45,18,32,2623.07,0.0523424
45,18,33,2671.11,0.0463515
45,18,34,2717.05,0.0399107
45,18,35,2762.72,0.0339965
45,18,36,2809.69,0.0296508
45,18,37,2858.56,0.0278559
45,18,38,2908.75,0.0294207
45,18,39,2958.94,0.0344285
45,18,40,3006.82,0.0424021
45,18,41,3050.7,0.0521405
45,18,42,3088.71,0.0621531
45,18,43,3119,0.0711424
45,18,44,3139.46,0.0782813
45,18,45,3147.46,0.0831993
45,18,46,3139.4,0.0855003
45,18,47,3110.27,0.0844375
45,18,48,3053.01,0.079195
45,18,49,2957.09,0.06956
45,19,0,2653.7,0.42356
45,19,1,2863.28,0.51213
45,19,2,3002.59,0.578634
45,19,3,3079.23,0.617287
45,19,4,3107.21,0.630298
45,19,5,3103.29,0.626679
45,19,6,3083.52,0.617434
45,19,7,3060.31,0.611102
45,19,8,3039.65,0.610077
45,19,9,3021.44,0.61055
45,19,10,3001.58,0.605809
45,19,11,2975.02,0.590482
45,19,12,2938.62,0.56344
45,19,13,2890.48,0.527253
45,19,14,2830.55,0.485779
45,19,15,2759.83,0.442165
45,19,16,2681.12,0.398268
45,19,17,2599.3,0.35468
45,19,18,2520.6,0.311748
45,19,19,2450.97,0.269942
45,19,20,2394.07,0.229595
45,19,21,2350.57,0.191496
45,19,22,2319.18,0.156773
45,19,23,2298.83,0.12651
45,19,24,2290.15,0.101762
45,19,25,2295.48,0.0830218
45,19,26,2317.16,0.0699553
45,19,27,2355.65,0.0618344
45,19,28,2407.94,0.0572304
45,19,29,2468.49,0.0548267
45,19,30,2531.21,0.0535003
45,19,31,2591.35,0.0522519
45,19,32,2646.54,0.0503022
45,19,33,2696.81,0.0471393
45,19,34,2743.66,0.0427347
45,19,35,2789.21,0.0375813
45,19,36,2835.03,0.0326718
45,19,37,2881.7,0.0293067
45,19,38,2928.63,0.0287964
45,19,39,2974.74,0.0316863
45,19,40,3018.12,0.0378804
45,19,41,3057.51,0.0465139
45,19,42,3091.54,0.0563596
45,19,43,3118.75,0.0663019
45,19,44,3137.32,0.0755596
45,19,45,3144.72,0.0835173
45,19,46,3137.31,0.0892407
45,19,47,3109.94,0.0912475
45,19,48,3055.42,0.0880408
45,19,49,2963.21,0.079026
45,20,0,2649.63,0.4003
45,20,1,2857.12,0.485341
45,20,2,2994.5,0.54894
45,20,3,3069.43,0.584948
45,20,4,3095.8,0.595384
45,20,5,3089.99,0.589741
45,20,6,3067.73,0.580127
45,20,7,3041.41,0.576444
45,20,8,3017.59,0.581944
45,20,9,2997.07,0.592661
45,20,10,2976.6,0.600523
45,20,11,2951.4,0.597853
45,20,12,2917.78,0.580901
45,20,13,2872.48,0.55008
45,20,14,2813.79,0.508328
45,20,15,2741.39,0.459356
45,20,16,2657.68,0.406865
45,20,17,2568.21,0.353875
45,20,18,2480.86,0.303038
45,20,19,2403.53,0.256401
45,20,20,2341.54,0.214772
45,20,21,2296.58,0.178464
45,20,22,2267.52,0.147433
45,20,23,2252.96,0.121438
45,20,24,2252.77,0.100289
45,20,25,2268.31,0.0837447
45,20,26,2300.78,0.0713214
45,20,27,2349.55,0.0627439
45,20,28,2410.66,0.0573458
45,20,29,2478,0.0546403
45,20,30,2545.47,0.0540018
45,20,31,2608.67,0.0544267
45,20,32,2665.86,0.0546453
45,20,33,2717.59,0.0534071
45,20,34,2765.72,0.0500073
45,20,35,2812.41,0.0446003
45,20,36,2858.98,0.0382288
45,20,37,2905.62,0.0325327
45,20,38,2951.44,0.0292606
45,20,39,2995.25,0.0293531
45,20,40,3035.31,0.0330353
45,20,41,3070.78,0.0397841
45,20,42,3100.84,0.0487069
45,20,43,3124.6,0.0589776
45,20,44,3140.73,0.0699515
45,20,45,3146.95,0.080822
45,20,46,3139.65,0.0901187
45,20,47,3113.55,0.0955792
45,20,48,3061.29,0.0949483
45,20,49,2972.29,0.0871497
45,21,0,2649.28,0.374323
45,21,1,2854.05,0.45516
45,21,2,2989.32,0.515597
45,21,3,3062.98,0.549232
45,21,4,3088.71,0.557759
45,21,5,3082.35,0.550738
45,21,6,3058.95,0.540881
45,21,7,3030.63,0.539105
45,21,8,3004.37,0.549568
45,21,9,2981.91,0.568613
45,21,10,2961.08,0.587491
45,21,11,2937.6,0.596804
45,21,12,2907.43,0.590438
45,21,13,2866.15,0.566475
45,21,14,2810.52,0.526493
45,21,15,2739.04,0.474278
45,21,16,2653.52,0.415008
45,21,17,2559.78,0.354017
45,21,18,2466.73,0.29635
45,21,19,2383.67,0.245758
45,21,20,2317.42,0.20365
45,21,21,2270.72,0.169865
45,21,22,2242.92,0.143128
45,21,23,2232.47,0.121808
45,21,24,2238.46,0.104481
45,21,25,2261.13,0.0902323
45,21,26,2300.45,0.0785359
45,21,27,2354.79,0.0696283
45,21,28,2419.66,0.0635959
45,21,29,2488.97,0.0606601
45,21,30,2557.16,0.060535
45,21,31,2620.55,0.0621045
45,21,32,2678.12,0.0636172
45,21,33,2730.88,0.0632166
45,21,34,2780.85,0.0597307
45,21,35,2830.01,0.0531589
45,21,36,2879.18,0.0446871
45,21,37,2927.92,0.0362783
45,21,38,2974.73,0.030006
45,21,39,3018.1,0.0270975
45,21,40,3056.27,0.0279954
45,21,41,3088.76,0.0324662
45,21,42,3115.34,0.0399486
45,21,43,3135.8,0.0499359
45,21,44,3149.38,0.0619655
45,21,45,3154.14,0.0751219
45,21,46,3146.54,0.0875095
45,21,47,3121.22,0.0962068
45,21,48,3070.66,0.098278
45,21,49,2984.19,0.0921541
45,22,0,2650.14,0.350069
45,22,1,2851.93,0.426298
45,22,2,2985.19,0.483139
45,22,3,3058.16,0.514137
45,22,4,3084.37,0.520691
45,22,5,3079.04,0.512162
45,22,6,3056.44,0.501408
45,22,7,3028.17,0.499923
45,22,8,3001.33,0.512684
45,22,9,2978.37,0.53672
45,22,10,2957.99,0.563351
45,22,11,2936.48,0.58232
45,22,12,2909.75,0.585833
45,22,13,2872.66,0.569898
45,22,14,2821,0.534541
45,22,15,2752.41,0.483047
45,22,16,2668.12,0.421306
45,22,17,2573.71,0.356252
45,22,18,2478.32,0.294817
45,22,19,2391.87,0.242184
45,22,20,2322.13,0.200384
45,22,21,2272.93,0.168969
45,22,22,2244.43,0.14576
45,22,23,2235.23,0.128068
45,22,24,2243.9,0.113562
45,22,25,2269.63,0.100871
45,22,26,2311.22,0.08953
45,22,27,2366.2,0.0802259
45,22,28,2429.96,0.0736355
45,22,29,2496.9,0.0704379
45,22,30,2562.38,0.070478
45,22,31,2623.64,0.072447
45,22,32,2680.36,0.0742018
45,22,33,2733.94,0.0735035
45,22,34,2786.4,0.0689844
45,22,35,2839.31,0.0606799
45,22,36,2892.84,0.0499717
45,22,37,2945.62,0.0390632
45,22,38,2995.4,0.0301805
45,22,39,3040.1,0.0246826
45,22,40,3077.93,0.0230933
45,22,41,3108.71,0.02537
45,22,42,3132.81,0.0312157
45,22,43,3150.69,0.040403
45,22,44,3162.14,0.0526545
45,22,45,3165.55,0.0670429
45,22,46,3157.49,0.0814453
45,22,47,3132.52,0.0925437
45,22,48,3082.99,0.0969466
45,22,49,2998.2,0.0926842
45,23,0,2651.48,0.331049
45,23,1,2849.94,0.402363
45,23,2,2981,0.454966
45,23,3,3053.38,0.482664
45,23,4,3080.57,0.486787
45,23,5,3077.35,0.476388
45,23,6,3057.28,0.464075
45,23,7,3031.36,0.461409
45,23,8,3006.38,0.473889
45,23,9,2984.96,0.499367
45,23,10,2966.2,0.529833
45,23,11,2946.76,0.555068
45,23,12,2922.74,0.566545
45,23,13,2889,0.558862
45,23,14,2841.11,0.530656
45,23,15,2776.48,0.484291
45,23,16,2695.87,0.425468
45,23,17,2604.24,0.361637
45,23,18,2510.07,0.300636
45,23,19,2422.9,0.248439
45,23,20,2350.78,0.207553
45,23,21,2298.38,0.177525
45,23,22,2266.88,0.155859
45,23,23,2255.53,0.139483
45,23,24,2262.75,0.125755
45,23,25,2287.02,0.113204
45,23,26,2326.21,0.101508
45,23,27,2377.33,0.0916234
45,23,28,2435.92,0.0845038
45,23,29,2497.13,0.0809339
45,23,30,2557.37,0.080661
45,23,31,2614.85,0.0821606
45,23,32,2669.92,0.0830775
45,23,33,2724.3,0.0810898
45,23,34,2779.91,0.0749276
45,23,35,2837.83,0.0648186
45,23,36,2897.31,0.0523235
45,23,37,2955.89,0.0397249
45,23,38,3010.34,0.0291825
45,23,39,3058.01,0.0220018
45,23,40,3097.02,0.0186498
45,23,41,3127.57,0.0191671
45,23,42,3150.58,0.0234329
45,23,43,3167.07,0.0314241
45,23,44,3177.26,0.0430245
45,23,45,3179.78,0.057386
45,23,46,3171.28,0.0723869
45,23,47,3146.3,0.0846424
45,23,48,3097.13,0.0906174
45,23,49,3013.08,0.0881148
45,24,0,2652.53,0.31908
45,24,1,2847.27,0.385166
45,24,2,2975.66,0.432768
45,24,3,3047.02,0.456385
45,24,4,3075.03,0.457624
45,24,5,3074.27,0.445241
45,24,6,3057.84,0.431267
45,24,7,3036.08,0.426782
45,24,8,3015.14,0.437379
45,24,9,2997.15,0.461628
45,24,10,2981.02,0.492515
45,24,11,2963.49,0.520579
45,24,12,2941.09,0.537494
45,24,13,2909.35,0.537278
45,24,14,2864.52,0.517637
45,24,15,2804.41,0.479869
45,24,16,2729.52,0.428768
45,24,17,2643.86,0.371204
45,24,18,2554.47,0.314773
45,24,19,2469.53,0.265379
45,24,20,2396.52,0.225685
45,24,21,2340.56,0.195469
45,24,22,2303.97,0.172596
45,24,23,2286.98,0.154443
45,24,24,2288.49,0.138803
45,24,25,2306.78,0.124547
45,24,26,2339.28,0.111565
45,24,27,2382.8,0.100831
45,24,28,2433.2,0.0931795
45,24,29,2486.46,0.089109
45,24,30,2539.92,0.0880589
45,24,31,2592.69,0.0883217
45,24,32,2645.73,0.0875575
45,24,33,2701.03,0.0836743
45,24,34,2760.46,0.0757485
45,24,35,2824.43,0.0642839
45,24,36,2891.17,0.0509305
45,24,37,2956.9,0.0378428
45,24,38,3017.35,0.026891
45,24,39,3069.33,0.0191542
45,24,40,3110.96,0.0149376
45,24,41,3142.8,0.0142802
45,24,42,3166.27,0.0171607
45,24,43,3182.77,0.0236854
45,24,44,3192.76,0.033864
45,24,45,3195,0.0469969
45,24,46,3186.18,0.0611656
45,24,47,3160.91,0.0732314
45,24,48,3111.5,0.0798341
45,24,49,3027.27,0.0787613
45,25,0,2651.45,0.313184
45,25,1,2842.19,0.373664
45,25,2,2967.49,0.415585
45,25,3,3037.29,0.434571
45,25,4,3065.64,0.432847
45,25,5,3067.18,0.418901
45,25,6,3054.82,0.403901
45,25,7,3038.24,0.397972
45,25,8,3022.69,0.406358
45,25,9,3009.33,0.428119
45,25,10,2996.36,0.457307
45,25,11,2980.42,0.485616
45,25,12,2958.62,0.505579
45,25,13,2927.73,0.511365
45,25,14,2885.33,0.500316
45,25,15,2830.11,0.472835
45,25,16,2762.55,0.43248
45,25,17,2685.46,0.384774
45,25,18,2603.86,0.336068
45,25,19,2523.84,0.291336
45,25,20,2451.62,0.25294
45,25,21,2392.25,0.220967
45,25,22,2349.07,0.194169
45,25,23,2323.59,0.171142
45,25,24,2315.65,0.15083
45,25,25,2323.99,0.132883
45,25,26,2346.17,0.117504
45,25,27,2379.17,0.105463
45,25,28,2419.36,0.0971296
45,25,29,2463.45,0.0923971
45,25,30,2509.54,0.0902519
45,25,31,2557.42,0.0888652
45,25,32,2608.58,0.0861049
45,25,33,2665.26,0.0803333
45,25,34,2729.18,0.0710981
45,25,35,2800.04,0.0591592
45,25,36,2874.88,0.046115
45,25,37,2948.55,0.0337938
45,25,38,3015.8,0.0236132
45,25,39,3073.01,0.0163168
45,25,40,3118.41,0.0120133
45,25,41,3152.92,0.0107068
45,25,42,3178.27,0.0124348
45,25,43,3196.06,0.0173741
45,25,44,3206.82,0.0256189
45,25,45,3209.32,0.0366452
45,25,46,3200.33,0.0488658
45,25,47,3174.53,0.0596125
45,25,48,3124.35,0.0659557
45,25,49,3039.13,0.0658669
45,26,0,2645.27,0.311556
45,26,1,2832.05,0.366258
45,26,2,2954.19,0.402238
45,26,3,3022.18,0.416574
45,26,4,3050.52,0.412327
45,26,5,3054.1,0.397692
45,26,6,3045.75,0.38274
45,26,7,3034.54,0.376316
45,26,8,3024.67,0.383003
45,26,9,3016.14,0.402159
45,26,10,3006.27,0.428829
45,26,11,2991.53,0.455966
45,26,12,2969.77,0.47722
45,26,13,2939.23,0.487327
45,26,14,2899.11,0.483715
45,26,15,2849.23,0.466237
45,26,16,2790.08,0.437298
45,26,17,2723.16,0.400812
45,26,18,2651.24,0.361308
45,26,19,2578.03,0.322202
45,26,20,2508.04,0.285104
45,26,21,2445.87,0.25031
45,26,22,2395.59,0.21772
45,26,23,2359.97,0.187624
45,26,24,2340.11,0.160591
45,26,25,2335.69,0.137379
45,26,26,2344.94,0.11859
45,26,27,2365.44,0.104685
45,26,28,2394.27,0.095373
45,26,29,2428.81,0.0897938
45,26,30,2467.76,0.0864381
45,26,31,2511.39,0.0834249
45,26,32,2561.49,0.0789316
45,26,33,2620.45,0.0718533
45,26,34,2689.65,0.0621843
45,26,35,2767.94,0.0508319
45,26,36,2851.12,0.0391943
45,26,37,2932.79,0.0286373
45,26,38,3006.97,0.0200581
45,26,39,3069.78,0.013842
45,26,40,3119.64,0.00993408
45,26,41,3157.72,0.00831897
45,26,42,3185.92,0.00908717
45,26,43,3205.85,0.0124537
45,26,44,3217.99,0.0185601
45,26,45,3221.08,0.0270466
45,26,46,3211.94,0.0366988
45,26,47,3185.4,0.0454222
45,26,48,3134.03,0.0508622
45,26,49,3047.17,0.0513151
45,27,0,2630.91,0.312975
45,27,1,2814.18,0.362294
45,27,2,2933.58,0.392801
45,27,3,3000.05,0.403154
45,27,4,3028.49,0.397284
45,27,5,3034.06,0.382994
45,27,6,3029.51,0.369078
45,27,7,3023.29,0.36293
45,27,8,3018.54,0.368363
45,27,9,3014.19,0.384976
45,27,10,3006.86,0.408777
45,27,11,2993.02,0.433941
45,27,12,2971.29,0.455207
45,27,13,2941.27,0.467951
45,27,14,2903.68,0.469887
45,27,15,2859.3,0.460644
45,27,16,2808.61,0.441804
45,27,17,2751.93,0.415858
45,27,18,2689.95,0.385422
45,27,19,2624.12,0.352103
45,27,20,2557.26,0.316446
45,27,21,2493.26,0.278748
45,27,22,2436.55,0.239988
45,27,23,2390.86,0.202213
45,27,24,2358.47,0.167735
45,27,25,2340.24,0.138516
45,27,26,2335.44,0.115636
45,27,27,2342.63,0.0992713
45,27,28,2359.84,0.0885144
45,27,29,2385.25,0.0818236
45,27,30,2418.04,0.077277
45,27,31,2458.79,0.0730022
45,27,32,2509.35,0.0674739
45,27,33,2571.87,0.0600342
45,27,34,2647.15,0.0509654
45,27,35,2733,0.0411613
45,27,36,2824.07,0.031707
45,27,37,2913.03,0.0234673
45,27,38,2993.49,0.0168565
45,27,39,3061.59,0.0119602
45,27,40,3115.92,0.00863462
45,27,41,3157.82,0.00688422
45,27,42,3189.18,0.00686066
45,27,43,3211.53,0.00879979
45,27,44,3225.23,0.0128607
45,27,45,3228.96,0.0188119
45,27,46,3219.61,0.0257836
45,27,47,3192.18,0.0322482
45,27,48,3139.32,0.0364554
45,27,49,3050.35,0.0370909
45,28,0,2607.59,0.317853
45,28,1,2787.83,0.362987
45,28,2,2905.12,0.389269
45,28,3,2970.62,0.396851
45,28,4,2999.53,0.390438
45,28,5,3007.2,0.377322
45,28,6,3006.17,0.364922
45,28,7,3004.16,0.359145
45,28,8,3003.42,0.363067
45,28,9,3002.1,0.376624
45,28,10,2996.52,0.396878
45,28,11,2983.38,0.419227
45,28,12,2962.06,0.439364
45,28,13,2933.12,0.453153
45,28,14,2898.28,0.458519
45,28,15,2858.9,0.455015
45,28,16,2815.42,0.443742
45,28,17,2767.33,0.426199
45,28,18,2713.84,0.403414
45,28,19,2654.72,0.375336
45,28,20,2591.41,0.341389
45,28,21,2526.97,0.301657
45,28,22,2465.74,0.257893
45,28,23,2411.92,0.213571
45,28,24,2368.58,0.172471
45,28,25,2337.62,0.137616
45,28,26,2319.47,0.110566
45,28,27,2313.89,0.0913626
45,28,28,2320.17,0.0787107
45,28,29,2337.51,0.0706473
45,28,30,2365.63,0.065016
45,28,31,2405.32,0.0599932
45,28,32,2458.11,0.0542525
45,28,33,2525.55,0.0473878
45,28,34,2607.42,0.0397494
45,28,35,2700.38,0.0320679
45,28,36,2798.16,0.0250706
45,28,37,2892.94,0.0191792
45,28,38,2978.32,0.0144425
45,28,39,3050.67,0.0107524
45,28,40,3108.76,0.00795956
45,28,41,3153.99,0.00612533
45,28,42,3188.2,0.00546514
45,28,43,3212.76,0.0062238
45,28,44,3227.85,0.00855543
45,28,45,3232.13,0.0123113
45,28,46,3222.51,0.0168972
45,28,47,3194.1,0.0212673
45,28,48,3139.62,0.0242137
45,28,49,3048.25,0.024801
45,29,0,2577.52,0.32766
45,29,1,2754.9,0.370502
45,29,2,2870.38,0.394318
45,29,3,2935.21,0.400523
45,29,4,2964.84,0.394469
45,29,5,2974.59,0.382907
45,29,6,2976.63,0.371895
45,29,7,2977.89,0.365901
45,29,8,2979.8,0.367338
45,29,9,2980.19,0.376607
45,29,10,2975.51,0.392008
45,29,11,2962.97,0.410266
45,29,12,2942.51,0.427965
45,29,13,2915.07,0.441277
45,29,14,2882.66,0.448101
45,29,15,2846.78,0.447832
45,29,16,2807.9,0.441289
45,29,17,2765.28,0.429411
45,29,18,2717.54,0.412169
45,29,19,2663.59,0.38831
45,29,20,2603.9,0.35634
45,29,21,2540.75,0.316012
45,29,22,2477.97,0.269451
45,29,23,2419.61,0.220976
45,29,24,2368.96,0.175307
45,29,25,2328.52,0.136181
45,29,26,2299.69,0.105575
45,29,27,2283.48,0.0835772
45,29,28,2280.63,0.0688285
45,29,29,2291.6,0.0592818
45,29,30,2316.85,0.0527534
45,29,31,2357.24,0.0474772
45,29,32,2413.75,0.0421907
45,29,33,2486.87,0.0365158
45,29,34,2575.06,0.0306746
45,29,35,2673.88,0.0251466
45,29,36,2776.42,0.0203352
45,29,37,2874.89,0.0163454
45,29,38,2963.24,0.0130159
45,29,39,3038.22,0.010164
45,29,40,3098.78,0.00770053
45,29,41,3146.38,0.00576166
45,29,42,3182.73,0.00461291
45,29,43,3209.03,0.00449159
45,29,44,3225.33,0.00552842
45,29,45,3230.12,0.00761163
45,29,46,3220.31,0.0103397
45,29,47,3191.02,0.0130287
45,29,48,3134.93,0.0148999
45,29,49,3041.03,0.015334
45,30,0,2546.18,0.344031
45,30,1,2720.37,0.386828
45,30,2,2833.66,0.409986
45,30,3,2897.41,0.415893
45,30,4,2927.27,0.410502
45,30,5,2938.53,0.400183
45,30,6,2942.8,0.389824
45,30,7,2946.15,0.382571
45,30,8,2949.35,0.380198
45,30,9,2950.16,0.383599
45,30,10,2945.54,0.392451
45,30,11,2933.3,0.404971
45,30,12,2913.69,0.418702
45,30,13,2887.46,0.430047
45,30,14,2856.23,0.436652
45,30,15,2821.32,0.437549
45,30,16,2783.47,0.433278
45,30,17,2742.42,0.424512
45,30,18,2697.17,0.410699
45,30,19,2646.57,0.389945
45,30,20,2590.63,0.360198
45,30,21,2530.82,0.320861
45,30,22,2470.15,0.274057
45,30,23,2411.91,0.224315
45,30,24,2358.97,0.176695
45,30,25,2313.89,0.135245
45,30,26,2278.66,0.102246
45,30,27,2255.36,0.0779949
45,30,28,2246.19,0.0613621
45,30,29,2253.01,0.0505103
45,30,30,2277.15,0.0433893
45,30,31,2319.5,0.0382654
45,30,32,2380.28,0.0338181
45,30,33,2458.69,0.0295205
45,30,34,2551.82,0.0253495
45,30,35,2654.3,0.0215248
45,30,36,2759.05,0.0182158
45,30,37,2858.7,0.0153644
45,30,38,2947.79,0.0127542
45,30,39,3023.56,0.010235
45,30,40,3085.12,0.00782038
45,30,41,3133.99,0.00571737
45,30,42,3171.81,0.00421
45,30,43,3199.59,0.00350077
45,30,44,3217.13,0.00367758
45,30,45,3222.7,0.00462564
45,30,46,3213.03,0.00606213
45,30,47,3183.16,0.00754716
45,30,48,3125.62,0.00860878
45,30,49,3029.2,0.00886039
45,31,0,2520.21,0.366326
45,31,1,2690.51,0.411178
45,31,2,2800.53,0.435206
45,31,3,2861.85,0.441472
45,31,4,2890.48,0.436562
45,31,5,2901.73,0.426784
45,31,6,2906.75,0.416195
45,31,7,2910.76,0.40678
45,31,8,2913.95,0.399615
45,31,9,2914.08,0.395929
45,31,10,2908.69,0.39674
45,31,11,2896.1,0.401858
45,31,12,2876.63,0.409943
45,31,13,2850.36,0.417757
45,31,14,2818.19,0.422644
45,31,15,2781.2,0.423121
45,31,16,2740.72,0.419374
45,31,17,2697.61,0.411897
45,31,18,2652,0.399976
45,31,19,2603.35,0.381522
45,31,20,2551.54,0.354264
45,31,21,2497.26,0.317298
45,31,22,2442.38,0.272467
45,31,23,2389,0.224011
45,31,24,2339.05,0.176844
45,31,25,2294.67,0.134999
45,31,26,2257.96,0.100969
45,31,27,2231.84,0.075364
45,31,28,2219.75,0.057474
45,31,29,2224.91,0.0458409
45,31,30,2249.5,0.0386166
45,31,31,2294.35,0.0340372
45,31,32,2358.85,0.0306311
45,31,33,2440.92,0.0276172
45,31,34,2536.51,0.0246919
45,31,35,2639.75,0.0218641
45,31,36,2743.78,0.0191799
45,31,37,2841.98,0.0165592
45,31,38,2929.62,0.0138635
45,31,39,3004.43,0.0110677
45,31,40,3065.71,0.00832201
45,31,41,3115.06,0.00590109
45,31,42,3154.04,0.00407819
45,31,43,3183.45,0.00299284
45,31,44,3202.73,0.00267008
45,31,45,3209.74,0.00295413
45,31,46,3200.87,0.00361576
45,31,47,3170.92,0.00435414
45,31,48,3112.22,0.00489339
45,31,49,3013.3,0.0049936
45,32,0,2504.45,0.391671
45,32,1,2670.41,0.440188
45,32,2,2775.96,0.466225
45,32,3,2833.07,0.47321
45,32,4,2858.27,0.468396
45,32,5,2867.19,0.458387
45,32,6,2870.76,0.446822
45,32,7,2873.64,0.434737
45,32,8,2875.43,0.422418
45,32,9,2873.82,0.411139
45,32,10,2866.7,0.403025
45,32,11,2852.66,0.399442
45,32,12,2831.82,0.400334
45,32,13,2803.55,0.403111
45,32,14,2768.01,0.404987
45,32,15,2726.23,0.40397
45,32,16,2680.38,0.399807
45,32,17,2632.84,0.392734
45,32,18,2585.27,0.381984
45,32,19,2538.04,0.365487
45,32,20,2491.03,0.340977
45,32,21,2444.18,0.307308
45,32,22,2398.05,0.265917
45,32,23,2353.3,0.220486
45,32,24,2310.61,0.175514
45,32,25,2271.37,0.134843
45,32,26,2237.52,0.101119
45,32,27,2212.49,0.0752989
45,32,28,2200.73,0.0571449
45,32,29,2206.51,0.0455906
45,32,30,2232.67,0.0389561
45,32,31,2279.85,0.0353639
45,32,32,2346.61,0.0331378
45,32,33,2429.83,0.0312165
45,32,34,2524.8,0.0290475
45,32,35,2625.67,0.0265012
45,32,36,2726.17,0.0235932
45,32,37,2820.63,0.0203238
45,32,38,2905.04,0.0167319
45,32,39,2977.63,0.0130009
45,32,40,3037.88,0.00946081
45,32,41,3087.45,0.00646594
45,32,42,3127.81,0.00426265
45,32,43,3159.48,0.00290182
45,32,44,3181.41,0.00232224
45,32,45,3190.87,0.00228988
45,32,46,3183.7,0.00257471
45,32,47,3154.33,0.0029303
45,32,48,3094.78,0.00318966
45,32,49,2993.36,0.00318424
45,33,0,2500.16,0.415861
45,33,1,2662.07,0.46903
45,33,2,2762.56,0.497935
45,33,3,2813.98,0.506041
45,33,4,2833.51,0.501173
45,33,5,2837.4,0.490467
45,33,6,2836.9,0.477511
45,33,7,2836.45,0.462648
45,33,8,2835.29,0.445361
45,33,9,2830.81,0.426675
45,33,10,2820.86,0.409474
45,33,11,2803.96,0.396506
45,33,12,2779.96,0.389078
45,33,13,2747.68,0.385579
45,33,14,2706.88,0.383405
45,33,15,2658.8,0.380211
45,33,16,2606.61,0.375272
45,33,17,2554.13,0.36839
45,33,18,2504.5,0.358657
45,33,19,2458.91,0.344033
45,33,20,2417.3,0.322369
45,33,21,2378.87,0.292364
45,33,22,2342.92,0.255076
45,33,23,2308.65,0.213582
45,33,24,2275.52,0.171896
45,33,25,2244.01,0.133613
45,33,26,2215.79,0.101473
45,33,27,2194.58,0.0767268
45,33,28,2185.52,0.0595273
45,33,29,2193.6,0.0490903
45,33,30,2221.92,0.0438137
45,33,31,2270.73,0.0416491
45,33,32,2337.85,0.0407217
45,33,33,2419.52,0.0397381
45,33,34,2510.88,0.0379655
45,33,35,2606.6,0.0351943
45,33,36,2701.32,0.0314531
45,33,37,2790.37,0.026864
45,33,38,2870.45,0.0216995
45,33,39,2940.24,0.0164203
45,33,40,2999.31,0.0115905
45,33,41,3049.36,0.00768028
45,33,42,3091.75,0.00491852
45,33,43,3126.63,0.00325903
45,33,44,3152.33,0.00253786
45,33,45,3165.35,0.00241194
45,33,46,3160.86,0.00260439
45,33,47,3132.74,0.00285251
45,33,48,3072.6,0.00302754
45,33,49,2968.55,0.00296555
45,34,0,2504.69,0.435768
45,34,1,2663.73,0.494164
45,34,2,2759.72,0.526798
45,34,3,2805.12,0.536791
45,34,4,2817.63,0.532244
45,34,5,2814.32,0.520798
45,34,6,2807.17,0.506208
45,34,7,2801.01,0.488417
45,34,8,2795.02,0.466266
45,34,9,2786.24,0.44044
45,34,10,2772.15,0.414314
45,34,11,2750.95,0.391798
45,34,12,2722.23,0.375525
45,34,13,2684.66,0.365077
45,34,14,2638.01,0.358292
45,34,15,2583.98,0.352645
45,34,16,2526.53,0.34691
45,34,17,2470.51,0.340265
45,34,18,2419.98,0.331493
45,34,19,2376.67,0.318536
45,34,20,2340.49,0.299443
45,34,21,2310.06,0.272919
45,34,22,2283.69,0.239791
45,34,23,2259.47,0.202632
45,34,24,2235.79,0.164999
45,34,25,2212.38,0.130201
45,34,26,2190.61,0.100969
45,34,27,2174.36,0.0786897
45,34,28,2169.2,0.063732
45,34,29,2180.36,0.055426
45,34,30,2210.85,0.0521617
45,34,31,2260.32,0.0517308
45,34,32,2325.97,0.0521349
45,34,33,2403.74,0.0519571
45,34,34,2489.12,0.0503696
45,34,35,2577.69,0.0471115
45,34,36,2665.21,0.0422131
45,34,37,2748.02,0.0359024
45,34,38,2823.45,0.0286966
45,34,39,2890.51,0.0213839
45,34,40,2948.8,0.0148201
45,34,41,2999.96,0.00964394
45,34,42,3045.17,0.0060996
45,34,43,3084.17,0.00405496
45,34,44,3114.61,0.00323619
45,34,45,3132.18,0.00317054
45,34,46,3131.18,0.0034943
45,34,47,3104.84,0.00386589
45,34,48,3044.26,0.00413104
45,34,49,2937.29,0.00406809
45,35,0,2512.98,0.450362
45,35,1,2671.04,0.51432
45,35,2,2764.29,0.551603
45,35,3,2804.9,0.564594
45,35,4,2810.66,0.561195
45,35,5,2799.29,0.549256
45,35,6,2783.73,0.532748
45,35,7,2769.7,0.51153
45,35,8,2756.85,0.484182
45,35,9,2742.11,0.451264
45,35,10,2722.54,0.416572
45,35,11,2695.99,0.384979
45,35,12,2661.91,0.360263
45,35,13,2619.16,0.343152
45,35,14,2567.8,0.331949
45,35,15,2509.96,0.323993
45,35,16,2449.97,0.317492
45,35,17,2392.92,0.310875
45,35,18,2343.05,0.302542
45,35,19,2302.2,0.29047
45,35,20,2270.26,0.273083
45,35,21,2245.67,0.249354
45,35,22,2226.32,0.220099
45,35,23,2209.65,0.187537
45,35,24,2193.41,0.154767
45,35,25,2176.73,0.124692
45,35,26,2160.74,0.0998192
45,35,27,2149.34,0.0814119
45,35,28,2148.15,0.069832
45,35,29,2162.27,0.0643659
45,35,30,2194.26,0.0633711
45,35,31,2243.11,0.0645877
45,35,32,2305.57,0.0660479
45,35,33,2377.65,0.0663741
45,35,34,2455.5,0.064748
45,35,35,2535.88,0.0608731
45,35,36,2615.72,0.0547366
45,35,37,2692.34,0.0466114
45,35,38,2763.57,0.037216
45,35,39,2828.57,0.0276631
45,35,40,2886.8,0.0191199
45,35,41,2939.78,0.0124343
45,35,42,2988.41,0.00791128
45,35,43,3032.05,0.00537476
45,35,44,3067.78,0.00446145
45,35,45,3090.42,0.00457407
45,35,46,3093.41,0.0052328
45,35,47,3069.12,0.00595611
45,35,48,3008.05,0.00649161
45,35,49,2897.79,0.00649304
45,36,0,2519.62,0.460274
45,36,1,2678.95,0.529977
45,36,2,2772.14,0.57278
45,36,3,2810.6,0.589986
45,36,4,2811.66,0.588743
45,36,5,2793.13,0.576655
45,36,6,2768.7,0.557816
45,36,7,2745.3,0.532313
45,36,8,2723.63,0.499002
45,36,9,2701.09,0.45878
45,36,10,2674.8,0.416009
45,36,11,2642.42,0.376389
45,36,12,2603.43,0.344559
45,36,13,2557.03,0.322094
45,36,14,2503.59,0.307524
45,36,15,2445.34,0.297913
45,36,16,2386.25,0.290783
45,36,17,2330.83,0.283771
45,36,18,2282.76,0.274952
45,36,19,2243.67,0.262545
45,36,20,2213.66,0.245615
45,36,21,2191.54,0.223724
45,36,22,2175.41,0.197908
45,36,23,2162.69,0.170141
45,36,24,2150.87,0.143005
45,36,25,2138.73,0.118803
45,36,26,2127.09,0.0995371
45,36,27,2119.63,0.0860598
45,36,28,2121.64,0.0785117
45,36,29,2137.71,0.0760323
45,36,30,2169.81,0.0769874
45,36,31,2216.38,0.0792389
45,36,32,2274,0.0810477
45,36,33,2339.05,0.0812659
45,36,34,2408.59,0.0792089
45,36,35,2480.58,0.0745763
45,36,36,2553.12,0.0672735
45,36,37,2624.35,0.0575382
45,36,38,2692.42,0.0461905
45,36,39,2756.42,0.0345866
45,36,40,2815.46,0.0241513
45,36,41,2870.78,0.0159395
45,36,42,2923.02,0.0103589
45,36,43,2971.26,0.00725989
45,36,44,3012.14,0.00624341
45,36,45,3039.79,0.00662774
45,36,46,3046.73,0.00780566
45,36,47,3024.42,0.00910307
45,36,48,2962.6,0.01009
45,36,49,2848.69,0.0102282
45,37,0,2519.78,0.466563
45,37,1,2682.57,0.54196
45,37,2,2778.77,0.590858
45,37,3,2818.61,0.613221
45,37,4,2818.31,0.614937
45,37,5,2795.06,0.602888
45,37,6,2762.77,0.581158
45,37,7,2729.47,0.550364
45,37,8,2697.52,0.510238
45,37,9,2665.64,0.462593
45,37,10,2631.7,0.412609
45,37,11,2593.7,0.366706
45,37,12,2551.26,0.330016
45,37,13,2503.81,0.304463
45,37,14,2451.68,0.28838
45,37,15,2396.64,0.278287
45,37,16,2341.52,0.270888
45,37,17,2289.58,0.263089
45,37,18,2243.48,0.252836
45,37,19,2204.63,0.238877
45,37,20,2173.63,0.221212
45,37,21,2150.27,0.200278
45,37,22,2133.45,0.177492
45,37,23,2121.15,0.154633
45,37,24,2110.94,0.133655
45,37,25,2101.34,0.116058
45,37,26,2092.75,0.103077
45,37,27,2088.22,0.0949292
45,37,28,2092.3,0.0913903
45,37,29,2108.78,0.0914212
45,37,30,2139.06,0.0934723
45,37,31,2181.35,0.0956938
45,37,32,2232.5,0.0967468
45,37,33,2289.54,0.0958829
45,37,34,2350.52,0.0926862
45,37,35,2414.56,0.0869332
45,37,36,2480.72,0.078466
45,37,37,2547.79,0.0674359
45,37,38,2613.97,0.0546368
45,37,39,2678.04,0.0415104
45,37,40,2738.59,0.0295947
45,37,41,2796.41,0.0200836
45,37,42,2851.93,0.0135045
45,37,43,2904.12,0.0098215
45,37,44,2949.41,0.00868305
45,37,45,2981.45,0.00939622
45,37,46,2991.87,0.0112362
45,37,47,2971.17,0.0132963
45,37,48,2908.3,0.0148876
45,37,49,2790.61,0.0152192
45,38,0,2509.1,0.469166
45,38,1,2677.17,0.549845
45,38,2,2779.32,0.604955
45,38,3,2824.27,0.632974
45,38,4,2826.59,0.638159
45,38,5,2802.08,0.626296
45,38,6,2764.16,0.601352
45,38,7,2721.72,0.564741
45,38,8,2679.07,0.517571
45,38,9,2637.11,0.463056
45,38,10,2595.32,0.407385
45,38,11,2552.57,0.357541
45,38,12,2508.75,0.318755
45,38,13,2463.2,0.292776
45,38,14,2415.65,0.27734
45,38,15,2366.74,0.268201
45,38,16,2317.65,0.261209
45,38,17,2270,0.252685
45,38,18,2225.36,0.240674
45,38,19,2185.08,0.224689
45,38,20,2150.61,0.205827
45,38,21,2123.06,0.185513
45,38,22,2102.66,0.165557
45,38,23,2088.26,0.147508
45,38,24,2077.75,0.132601
45,38,25,2069.44,0.121429
45,38,26,2063.01,0.114356
45,38,27,2060.53,0.110921
45,38,28,2065.37,0.110529
45,38,29,2080.36,0.112006
45,38,30,2106.52,0.113947
45,38,31,2142.34,0.114853
45,38,32,2185.39,0.113843
45,38,33,2233.66,0.110653
45,38,34,2286.17,0.105258
45,38,35,2342.99,0.0976614
45,38,36,2403.85,0.0877588
45,38,37,2467.92,0.0756376
45,38,38,2533.24,0.061951
45,38,39,2598.13,0.0480155
45,38,40,2660.48,0.0352556
45,38,41,2720.63,0.0248629
45,38,42,2778.81,0.0174623
45,38,43,2834.06,0.0132144
45,38,44,2882.79,0.0119133
45,38,45,2918.35,0.0129492
45,38,46,2931.61,0.0155085
45,38,47,2912.12,0.0184317
45,38,48,2848.08,0.0207024
45,38,49,2726.92,0.0212358
45,39,0,2484.65,0.467174
45,39,1,2658.94,0.55222
45,39,2,2769.16,0.613031
45,39,3,2822.22,0.646582
45,39,4,2830.61,0.655316
45,39,5,2808.25,0.64374
45,39,6,2767.48,0.615679
45,39,7,2717.69,0.57356
45,39,8,2665.22,0.520194
45,39,9,2613.67,0.460421
45,39,10,2564.82,0.40141
45,39,11,2518.86,0.350417
45,39,12,2475.98,0.312362
45,39,13,2434.98,0.288406
45,39,14,2394.5,0.275483
45,39,15,2353.53,0.268581
45,39,16,2311.39,0.262858
45,39,17,2268.18,0.254304
45,39,18,2224.59,0.24125
45,39,19,2182.14,0.224018
45,39,20,2143.24,0.204701
45,39,21,2110.44,0.185553
45,39,22,2085.35,0.168582
45,39,23,2067.83,0.155008
45,39,24,2056.22,0.145323
45,39,25,2048.57,0.139301
45,39,26,2043.7,0.136584
45,39,27,2042.35,0.136241
45,39,28,2046.5,0.137466
45,39,29,2058.05,0.139061
45,39,30,2077.92,0.139771
45,39,31,2105.33,0.138349
45,39,32,2139,0.134237
45,39,33,2178.09,0.127586
45,39,34,2222.47,0.118817
45,39,35,2272.82,0.108331
45,39,36,2329.22,0.0962973
45,39,37,2390.94,0.0828757
45,39,38,2455.75,0.0685526
45,39,39,2521.53,0.0543406
45,39,40,2585.55,0.04131
45,39,41,2647.73,0.0304702
45,39,42,2708.15,0.0224759
45,39,43,2765.95,0.0177342
45,39,44,2817.63,0.0162622
45,39,45,2856.34,0.0176135
45,39,46,2872.26,0.0209108
45,39,47,2854.03,0.0247271
45,39,48,2789.21,0.0276631
45,39,49,2665.46,0.0283216
45,40,0,2443.28,0.45952
45,40,1,2623.63,0.547635
45,40,2,2742.83,0.613161
45,40,3,2805.72,0.651659
45,40,4,2822.52,0.663771
45,40,5,2805.01,0.652718
45,40,6,2764.2,0.622257
45,40,7,2709.71,0.575982
45,40,8,2649.73,0.518512
45,40,9,2590.64,0.456232
45,40,10,2536.8,0.396987
45,40,11,2489.88,0.347839
45,40,12,2450.2,0.312952
45,40,13,2415.71,0.292616
45,40,14,2383.51,0.283036
45,40,15,2350.88,0.278751
45,40,16,2315.53,0.274684
45,40,17,2276.5,0.266912
45,40,18,2234.04,0.254222
45,40,19,2190.01,0.237595
45,40,20,2147.67,0.219732
45,40,21,2110.7,0.203242
45,40,22,2081.81,0.189923
45,40,23,2061.74,0.18049
45,40,24,2049.16,0.174744
45,40,25,2041.93,0.171918
45,40,26,2037.95,0.171312
45,40,27,2036.64,0.171935
45,40,28,2038.63,0.173061
45,40,29,2045.08,0.173605
45,40,30,2057.08,0.172395
45,40,31,2074.91,0.168193
45,40,32,2098.66,0.160463
45,40,33,2128.66,0.149546
45,40,34,2165.44,0.136269
45,40,35,2209.94,0.1216
45,40,36,2262.17,0.10626
45,40,37,2321.39,0.0907331
45,40,38,2385.18,0.0754404
45,40,39,2451.28,0.0610099
45,40,40,2516.57,0.0479694
45,40,41,2580.67,0.0369635
45,40,42,2643.56,0.0285636
45,40,43,2704.4,0.0234066
45,40,44,2759.66,0.0217533
45,40,45,2802.19,0.0233588
45,40,46,2821.47,0.0272995
45,40,47,2805.3,0.0318877
45,40,48,2740.68,0.0353307
45,40,49,2615.55,0.0359434
45,41,0,2385.77,0.446648
45,41,1,2570.37,0.536278
45,41,2,2697.52,0.605121
45,41,3,2769.93,0.64755
45,41,4,2795.57,0.662603
45,41,5,2784.19,0.652409
45,41,6,2745.57,0.62079
45,41,7,2689.42,0.572577
45,41,8,2625.48,0.514093
45,41,9,2562.57,0.452925
45,41,10,2507.3,0.397048
45,41,11,2462.56,0.352706
45,41,12,2428.53,0.322837
45,41,13,2401.92,0.306675
45,41,14,2378.25,0.299966
45,41,15,2353.36,0.297378
45,41,16,2324,0.294323
45,41,17,2288.84,0.28756
45,41,18,2248.21,0.276551
45,41,19,2204.4,0.262701
45,41,20,2161.17,0.248741
45,41,21,2122.74,0.236954
45,41,22,2092.32,0.228364
45,41,23,2071.12,0.222956
45,41,24,2058.07,0.219953
45,41,25,2050.85,0.218446
45,41,26,2046.7,0.217901
45,41,27,2044.03,0.217756
45,41,28,2042.47,0.217661
45,41,29,2042.72,0.216724
45,41,30,2046.27,0.213712
45,41,31,2054.49,0.207056
45,41,32,2068.77,0.195849
45,41,33,2090.41,0.180307
45,41,34,2120.29,0.161545
45,41,35,2159.25,0.141214
45,41,36,2207.05,0.120886
45,41,37,2262.88,0.1017
45,41,38,2324.52,0.084267
45,41,39,2389.98,0.068914
45,41,40,2456.17,0.0555704
45,41,41,2522.68,0.0443895
45,41,42,2589.34,0.0357228
45,41,43,2655.08,0.0303345
45,41,44,2716.04,0.0286615
45,41,45,2764.45,0.0306154
45,41,46,2788.93,0.0351982
45,41,47,2776.42,0.0404528
45,41,48,2713.42,0.0441987
45,41,49,2588.1,0.0445071
45,42,0,2316.91,0.430434
45,42,1,2502.17,0.519862
45,42,2,2633.95,0.590235
45,42,3,2713.17,0.635112
45,42,4,2745.89,0.652332
45,42,5,2740.29,0.64326
45,42,6,2705.21,0.611948
45,42,7,2650.45,0.564416
45,42,8,2586.91,0.508404
45,42,9,2525.09,0.452188
45,42,10,2473.12,0.403226
45,42,11,2434.43,0.366291
45,42,12,2408.51,0.342636
45,42,13,2390.69,0.330309
45,42,14,2375.12,0.324923
45,42,15,2356.76,0.321941
45,42,16,2332.24,0.318091
45,42,17,2300.64,0.311519
45,42,18,2262.86,0.302662
45,42,19,2221.57,0.293166
45,42,20,2180.59,0.28522
45,42,21,2143.95,0.280065
45,42,22,2114.64,0.277391
45,42,23,2093.84,0.276229
45,42,24,2080.59,0.275375
45,42,25,2072.61,0.274184
45,42,26,2066.91,0.272764
45,42,27,2061.39,0.271355
45,42,28,2055.22,0.270144
45,42,29,2049,0.268377
45,42,30,2044.66,0.264547
45,42,31,2044.47,0.256432
45,42,32,2050.73,0.242406
45,42,33,2065.32,0.222274
45,42,34,2089.1,0.197299
45,42,35,2122.59,0.169864
45,42,36,2165.27,0.142623
45,42,37,2216.51,0.11771
45,42,38,2274.69,0.0962792
45,42,39,2338.67,0.0786069
45,42,40,2405.86,0.0641316
45,42,41,2476.03,0.0524888
45,42,42,2548.78,0.04368
45,42,43,2622.47,0.0384186
45,42,44,2692.36,0.0371562
45,42,45,2749.6,0.0398234
45,42,46,2781.7,0.0452638
45,42,47,2774.72,0.05121
45,42,48,2714.69,0.0550994
45,42,49,2589.88,0.054805
45,43,0,2245.7,0.413241
45,43,1,2426.46,0.500601
45,43,2,2557.34,0.57034
45,43,3,2638.25,0.615724
45,43,4,2674.11,0.633947
45,43,5,2672.22,0.626018
45,43,6,2640.99,0.596346
45,43,7,2590.32,0.551942
45,43,8,2531.71,0.501542
45,43,9,2476.45,0.453555
45,43,10,2433.01,0.414347
45,43,11,2404.41,0.386704
45,43,12,2388.99,0.369872
45,43,13,2380.62,0.360609
45,43,14,2372.45,0.354641
45,43,15,2359.3,0.348744
45,43,16,2338.45,0.341644
45,43,17,2310.04,0.333511
45,43,18,2275.83,0.326094
45,43,19,2238.88,0.32124
45,43,20,2202.62,0.320227
45,43,21,2170.21,0.322741
45,43,22,2143.84,0.326754
45,43,23,2124.28,0.33023
45,43,24,2110.61,0.331697
45,43,25,2100.86,0.331094
45,43,26,2092.24,0.329461
45,43,27,2082.77,0.327951
45,43,28,2071.61,0.327191
45,43,29,2059.53,0.326339
45,43,30,2048.87,0.323348
45,43,31,2042.4,0.315132
45,43,32,2042.82,0.299187
45,43,33,2052.04,0.274764
45,43,34,2070.61,0.243198
45,43,35,2098.65,0.207583
45,43,36,2135.55,0.171762
45,43,37,2181.24,0.139101
45,43,38,2235.12,0.111641
45,43,39,2297.39,0.0899576
45,43,40,2366.24,0.0732494
45,43,41,2441.84,0.0607268
45,43,42,2523.37,0.0519607
45,43,43,2608.23,0.0474035
45,43,44,2690.21,0.0473009
45,43,45,2758.93,0.0513928
45,43,46,2800.61,0.0582275
45,43,47,2800.46,0.0651422
45,43,48,2744.19,0.0691701
45,43,49,2620.01,0.0680057
45,44,0,2182.4,0.396241
45,44,1,2352.89,0.479505
45,44,2,2475.97,0.546172
45,44,3,2551.72,0.589801
45,44,4,2585.04,0.607548
45,44,5,2583.3,0.600452
45,44,6,2555.02,0.573289
45,44,7,2510.17,0.533721
45,44,8,2460.27,0.490973
45,44,9,2416.29,0.453113
45,44,10,2385.91,0.425087
45,44,11,2370.78,0.407501
45,44,12,2367.73,0.397552
45,44,13,2369.26,0.390695
45,44,14,2368.03,0.382853
45,44,15,2359.28,0.372296
45,44,16,2341.42,0.360026
45,44,17,2315.97,0.348545
45,44,18,2285.73,0.341135
45,44,19,2253.97,0.339931
45,44,20,2223.41,0.345227
45,44,21,2196.04,0.355023
45,44,22,2172.94,0.365535
45,44,23,2154.39,0.373742
45,44,24,2139.55,0.378112
45,44,25,2126.98,0.379346
45,44,26,2114.52,0.379451
45,44,27,2100.64,0.380301
45,44,28,2084.89,0.382618
45,44,29,2068.3,0.385084
45,44,30,2053.47,0.384846
45,44,31,2043.23,0.377894
45,44,32,2040.13,0.36092
45,44,33,2045.64,0.332715
45,44,34,2059.83,0.294708
45,44,35,2082.5,0.250647
45,44,36,2113.34,0.205492
45,44,37,2153.16,0.163883
45,44,38,2202.75,0.128958
45,44,39,2263.82,0.101926
45,44,40,2335.47,0.0820612
45,44,41,2418.2,0.0683478
45,44,42,2510.64,0.0599332
45,44,43,2608.8,0.0568339
45,44,44,2704.67,0.0588751
45,44,45,2786.08,0.0653796
45,44,46,2837.98,0.0744399
45,44,47,2844.94,0.0828751
45,44,48,2792.47,0.0872523
45,44,49,2668.71,0.0850618
45,45,0,2133.17,0.378258
45,45,1,2288.33,0.455287
45,45,2,2396.92,0.516414
45,45,3,2460.38,0.556031
45,45,4,2484.88,0.571762
45,45,5,2478.87,0.564932
45,45,6,2451.52,0.540551
45,45,7,2412.86,0.506489
45,45,8,2373.81,0.471947
45,45,9,2344.04,0.44434
45,45,10,2329.42,0.42719
45,45,11,2329.6,0.419144
45,45,12,2339.79,0.415647
45,45,13,2351.37,0.410991
45,45,14,2356.94,0.401243
45,45,15,2352.43,0.38595
45,45,16,2337.54,0.368144
45,45,17,2315.13,0.352491
45,45,18,2288.85,0.343762
45,45,19,2262.04,0.344495
45,45,20,2236.64,0.354217
45,45,21,2213.44,0.369503
45,45,22,2192.55,0.385165
45,45,23,2173.88,0.397496
45,45,24,2156.86,0.405134
45,45,25,2140.76,0.40959
45,45,26,2124.2,0.413672
45,45,27,2106.26,0.419586
45,45,28,2086.97,0.427676
45,45,29,2067.6,0.435729
45,45,30,2050.77,0.439869
45,45,31,2039.02,0.43525
45,45,32,2034.32,0.418044
45,45,33,2037.44,0.386853
45,45,34,2047.93,0.34333
45,45,35,2065.55,0.291777
45,45,36,2090.63,0.238034
45,45,37,2125.08,0.187814
45,45,38,2171.16,0.145329
45,45,39,2231.99,0.112616
45,45,40,2307.41,0.0893136
45,45,41,2398.13,0.0744338
45,45,42,2502.05,0.0668058
45,45,43,2613.68,0.0659359
45,45,44,2723.16,0.0710944
45,45,45,2816.61,0.081018
45,45,46,2877.97,0.0932105
45,45,47,2891.35,0.103854
45,45,48,2842.23,0.108963
45,45,49,2718.68,0.105764
45,46,0,2094.76,0.356487
45,46,1,2231.32,0.425277
45,46,2,2320.7,0.478762
45,46,3,2366.5,0.512535
45,46,4,2377.07,0.524992
45,46,5,2362.74,0.517803
45,46,6,2333.83,0.495972
45,46,7,2300.4,0.467103
45,46,8,2272.28,0.439931
45,46,9,2257.14,0.421091
45,46,10,2258.48,0.412956
45,46,11,2273.72,0.412781
45,46,12,2296.66,0.414854
45,46,13,2317.91,0.412613
45,46,14,2330.25,0.402149
45,46,15,2330.39,0.383793
45,46,16,2319.09,0.361914
45,46,17,2300.16,0.342729
45,46,18,2277.79,0.332152
45,46,19,2255.15,0.333162
45,46,20,2233.49,0.344883
45,46,21,2212.69,0.363011
45,46,22,2192.3,0.381565
45,46,23,2172.15,0.396583
45,46,24,2152.14,0.407099
45,46,25,2132.29,0.415371
45,46,26,2112,0.424747
45,46,27,2090.93,0.437365
45,46,28,2069.48,0.452795
45,46,29,2049,0.467657
45,46,30,2031.91,0.476981
45,46,31,2020.23,0.47529
45,46,32,2015.12,0.458597
45,46,33,2016.59,0.425665
45,46,34,2023.84,0.378507
45,46,35,2036.92,0.321839
45,46,36,2056.94,0.262004
45,46,37,2087.03,0.205373
45,46,38,2130.67,0.156963
45,46,39,2192.05,0.119626
45,46,40,2271.44,0.093533
45,46,41,2369.55,0.0779589
45,46,42,2483.59,0.0715971
45,46,43,2606.79,0.0734995
45,46,44,2727.72,0.0823789
45,46,45,2831.19,0.0963402
45,46,46,2900.31,0.112257
45,46,47,2918.91,0.125623
45,46,48,2872.46,0.131857
45,46,49,2749.08,0.127857
45,47,0,2054.29,0.327255
45,47,1,2171,0.386152
45,47,2,2239.41,0.430579
45,47,3,2265.32,0.45745
45,47,4,2259.56,0.465991
45,47,5,2234.66,0.458102
45,47,6,2202.28,0.43847
45,47,7,2172.47,0.414009
45,47,8,2153.65,0.392632
45,47,9,2151.26,0.380175
45,47,10,2166.33,0.378274
45,47,11,2194.28,0.383538
45,47,12,2227.95,0.389848
45,47,13,2257.57,0.390275
45,47,14,2276.31,0.380879
45,47,15,2281.48,0.362208
45,47,16,2274.55,0.339082
45,47,17,2259.72,0.318378
45,47,18,2241.27,0.306553
45,47,19,2222.06,0.306915
45,47,20,2202.75,0.318531
45,47,21,2182.73,0.33684
45,47,22,2161.41,0.355743
45,47,23,2138.89,0.371464
45,47,24,2115.64,0.383582
45,47,25,2092.41,0.394965
45,47,26,2069.25,0.409234
45,47,27,2046.23,0.428209
45,47,28,2023.95,0.450562
45,47,29,2003.65,0.471767
45,47,30,1987.39,0.485918
45,47,31,1976.53,0.48719
45,47,32,1971.46,0.47177
45,47,33,1971.59,0.438837
45,47,34,1976.03,0.390818
45,47,35,1985.23,0.332629
45,47,36,2001.2,0.270664
45,47,37,2028.01,0.211427
45,47,38,2070.01,0.160284
45,47,39,2131.98,0.120684
45,47,40,2214.28,0.0933357
45,47,41,2317.56,0.0779243
45,47,42,2438.55,0.0732097
45,47,43,2569.72,0.077954
45,47,44,2698.69,0.0904476
45,47,45,2809.38,0.108271
45,47,46,2884.2,0.127764
45,47,47,2906.65,0.143831
45,47,48,2862.16,0.151355
45,47,49,2739.19,0.146924
45,48,0,1994.65,0.28846
45,48,1,2091.74,0.336478
45,48,2,2140.06,0.371337
45,48,3,2147.16,0.391169
45,48,4,2125.93,0.395883
45,48,5,2090.79,0.3874
45,48,6,2054.5,0.369807
45,48,7,2026.86,0.349015
45,48,8,2014.85,0.331865
45,48,9,2021.77,0.323402
45,48,10,2046.58,0.324895
45,48,11,2083.27,0.332999
45,48,12,2124.3,0.341916
45,48,13,2159.98,0.344908
45,48,14,2184.01,0.338076
45,48,15,2194.13,0.321761
45,48,16,2192.06,0.300428
45,48,17,2181.89,0.280714
45,48,18,2167.55,0.268946
45,48,19,2151.4,0.268508
45,48,20,2133.67,0.278645
45,48,21,2113.65,0.295069
45,48,22,2090.94,0.312148
45,48,23,2066.08,0.326615
45,48,24,2040.16,0.338608
45,48,25,2014.53,0.351373
45,48,26,1989.72,0.368566
45,48,27,1966.04,0.391623
45,48,28,1944.1,0.418496
45,48,29,1924.89,0.443885
45,48,30,1910.01,0.461357
45,48,31,1900.21,0.465094
45,48,32,1895.25,0.451686
45,48,33,1894.2,0.420815
45,48,34,1896.26,0.375209
45,48,35,1902.36,0.319695
45,48,36,1915.21,0.260269
45,48,37,1939.45,0.203035
45,48,38,1979.81,0.153204
45,48,39,2041.17,0.114456
45,48,40,2123.83,0.0879073
45,48,41,2228.4,0.0736745
45,48,42,2351.59,0.0707443
45,48,43,2485.77,0.077803
45,48,44,2618.35,0.0929466
45,48,45,2732.82,0.113471
45,48,46,2811,0.135426
45,48,47,2835.89,0.153398
45,48,48,2792.86,0.161973
45,48,49,2671.15,0.15755
45,49,0,1901.78,0.240937
45,49,1,1980.12,0.277929
45,49,2,2011.09,0.303603
45,49,3,2003.16,0.317052
45,49,4,1970.36,0.318634
45,49,5,1928.09,0.310085
45,49,6,1889.42,0.294718
45,49,7,1863.52,0.277265
45,49,8,1855.91,0.263332
45,49,9,1868.15,0.257148
45,49,10,1897.82,0.259825
45,49,11,1938.28,0.268535
45,49,12,1982.26,0.278335
45,49,13,2020.65,0.283207
45,49,14,2047.85,0.279503
45,49,15,2061.93,0.267179
45,49,16,2064.5,0.249842
45,49,17,2059.11,0.233205
45,49,18,2048.98,0.222875
45,49,19,2035.89,0.222012
45,49,20,2019.77,0.230113
45,49,21,2000.01,0.24351
45,49,22,1976.57,0.25742
45,49,23,1950.49,0.269244
45,49,24,1923.37,0.279558
45,49,25,1896.95,0.291679
45,49,26,1872.08,0.309077
45,49,27,1849.14,0.332864
45,49,28,1828.62,0.360669
45,49,29,1811.21,0.387026
45,49,30,1798.02,0.405565
45,49,31,1789.29,0.410862
45,49,32,1784.44,0.400035
45,49,33,1782.42,0.373177
45,49,34,1782.63,0.333062
45,49,35,1786.42,0.284105
45,49,36,1796.81,0.231528
45,49,37,1818.55,0.180614
45,49,38,1856.28,0.135982
45,49,39,1914.58,0.10115
45,49,40,1993.69,0.0774257
45,49,41,2094.29,0.0652614
45,49,42,2213.53,0.0639486
45,49,43,2344.41,0.0722903
45,49,44,2474.88,0.0884379
45,49,45,2588.62,0.109705
45,49,46,2667.11,0.132194
45,49,47,2692.89,0.150588
45,49,48,2651.44,0.159558
45,49,49,2533.32,0.155553
46,0,0,3025.99,0.385181
46,0,1,3180.6,0.470209
46,0,2,3270.15,0.54685
46,0,3,3310.15,0.612613
46,0,4,3317.34,0.666435
46,0,5,3307.42,0.707141
46,0,6,3292.86,0.732683
46,0,7,3280.22,0.741199
46,0,8,3271.05,0.733362
46,0,9,3264.81,0.713919
46,0,10,3261.49,0.691686
46,0,11,3261.7,0.677101
46,0,12,3266.1,0.678646
46,0,13,3271.73,0.69831
46,0,14,3272.57,0.730988
46,0,15,3261.8,0.76728
46,0,16,3234.13,0.797893
46,0,17,3187.62,0.817804
46,0,18,3124.5,0.82707
46,0,19,3050.24,0.828198
46,0,20,2971.92,0.822809
46,0,21,2896.61,0.809902
46,0,22,2829.58,0.78565
46,0,23,2773.73,0.746608
46,0,24,2729.14,0.691537
46,0,25,2693.86,0.622731
46,0,26,2666.2,0.54527
46,0,27,2645.62,0.465374
46,0,28,2633.65,0.388792
46,0,29,2632.61,0.319565
46,0,30,2644.46,0.260037
46,0,31,2669.22,0.211252
46,0,32,2704.24,0.173254
46,0,33,2744.94,0.145733
46,0,34,2786.19,0.128008
46,0,35,2823.98,0.118325
46,0,36,2856.06,0.114243
46,0,37,2882.18,0.112957
46,0,38,2903.63,0.111363
46,0,39,2923.39,0.107207
46,0,40,2943.35,0.0990758
46,0,41,2966.93,0.087392
46,0,42,2996.29,0.0740646
46,0,43,3031.56,0.0621983
46,0,44,3069.12,0.0548145
46,0,45,3100.86,0.053642
46,0,46,3114.4,0.0581469
46,0,47,3094.3,0.0654454
46,0,48,3024.11,0.0714755
46,0,49,2887.71,0.0725437
46,1,0,3209.01,0.456076
46,1,1,3363.48,0.552392
46,1,2,3452.76,0.637229
46,1,3,3493.38,0.708619
46,1,4,3501.41,0.766592
46,1,5,3491.37,0.81098
46,1,6,3475.08,0.840063
46,1,7,3459.49,0.851703
46,1,8,3447.3,0.846208
46,1,9,3439.01,0.82836
46,1,10,3435.1,0.807596
46,1,11,3435.92,0.795156
46,1,12,3441.44,0.799924
46,1,13,3447.84,0.823335
46,1,14,3448.58,0.858859
46,1,15,3436.73,0.895592
46,1,16,3407.28,0.923377
46,1,17,3358.81,0.93741
46,1,18,3294.1,0.938921
46,1,19,3219.03,0.931848
46,1,20,3140.72,0.918862
46,1,21,3065.87,0.899369
46,1,22,2999.08,0.869152
46,1,23,2942.69,0.82417
46,1,24,2896.64,0.762694
46,1,25,2859.33,0.687032
46,1,26,2829.71,0.602689
46,1,27,2807.86,0.516536
46,1,28,2795.57,0.434787
46,1,29,2794.94,0.361517
46,1,30,2807.39,0.298734
46,1,31,2832.41,0.246957
46,1,32,2867.18,0.205828
46,1,33,2907.25,0.174937
46,1,34,2947.98,0.153776
46,1,35,2985.73,0.14089
46,1,36,3018.36,0.134007
46,1,37,3045.36,0.130334
46,1,38,3067.47,0.12654
46,1,39,3087.02,0.12015
46,1,40,3105.6,0.109701
46,1,41,3126.62,0.0957565
46,1,42,3152.58,0.0804778
46,1,43,3184.02,0.0672466
46,1,44,3217.79,0.0591396
46,1,45,3246.26,0.0577525
46,1,46,3257.71,0.0622569
46,1,47,3237.44,0.0694598
46,1,48,3169.14,0.0751059
46,1,49,3035.49,0.0754949
46,2,0,3332.01,0.514528
46,2,1,3485.83,0.61866
46,2,2,3574.35,0.707873
46,2,3,3614.65,0.780806
46,2,4,3622.23,0.83883
46,2,5,3610.65,0.883223
46,2,6,3591.29,0.913095
46,2,7,3571.59,0.926402
46,2,8,3555.39,0.923094
46,2,9,3544.24,0.907597
46,2,10,3538.97,0.889237
46,2,11,3539.55,0.879199
46,2,12,3545.19,0.886078
46,2,13,3551.32,0.910546
46,2,14,3551.04,0.944981
46,2,15,3537.46,0.977692
46,2,16,3505.97,0.998453
46,2,17,3455.67,1.00318
46,2,18,3389.88,0.994374
46,2,19,3314.83,0.977293
46,2,20,3237.65,0.955561
46,2,21,3164.61,0.929086
46,2,22,3099.53,0.893577
46,2,23,3044.06,0.844699
46,2,24,2997.88,0.780358
46,2,25,2959.71,0.702764
46,2,26,2929.1,0.617495
46,2,27,2906.66,0.531639
46,2,28,2894.35,0.45142
46,2,29,2893.91,0.380538
46,2,30,2906.22,0.320291
46,2,31,2930.36,0.270351
46,2,32,2963.51,0.229748
46,2,33,3001.67,0.197881
46,2,34,3040.89,0.174486
46,2,35,3078.04,0.158672
46,2,36,3111.16,0.14867
46,2,37,3139.4,0.142033
46,2,38,3162.85,0.135513
46,2,39,3183.02,0.126619
46,2,40,3201.04,0.113987
46,2,41,3220.19,0.0983451
46,2,42,3243.19,0.082015
46,2,43,3271,0.0684536
46,2,44,3300.95,0.0605306
46,2,45,3325.92,0.0594877
46,2,46,3334.84,0.0641062
46,2,47,3313.73,0.0709642
46,2,48,3246.7,0.0758261
46,2,49,3115.96,0.0752485
46,3,0,3408,0.559393
46,3,1,3562.28,0.668768
46,3,2,3650.62,0.759766
46,3,3,3690.43,0.831428
46,3,4,3696.73,0.886409
46,3,5,3682.43,0.927633
46,3,6,3658.69,0.955458
46,3,7,3633.62,0.968313
46,3,8,3612.26,0.965866
46,3,9,3597.2,0.951874
46,3,10,3589.54,0.934928
46,3,11,3588.8,0.925494
46,3,12,3593.5,0.931508
46,3,13,3598.44,0.953038
46,3,14,3596.54,0.982031
46,3,15,3581.06,1.00687
46,3,16,3547.78,1.01794
46,3,17,3496.28,1.01207
46,3,18,3430.24,0.992717
46,3,19,3356.07,0.965954
46,3,20,3280.81,0.935993
46,3,21,3210.24,0.903199
46,3,22,3147.43,0.863546
46,3,23,3093.42,0.812787
46,3,24,3047.65,0.748732
46,3,25,3009.13,0.673462
46,3,26,2977.87,0.592344
46,3,27,2954.87,0.512271
46,3,28,2942.08,0.439076
46,3,29,2940.93,0.375798
46,3,30,2951.83,0.322805
46,3,31,2973.69,0.278771
46,3,32,3003.95,0.242014
46,3,33,3039.24,0.211666
46,3,34,3076.38,0.187704
46,3,35,3112.84,0.169904
46,3,36,3146.78,0.157179
46,3,37,3176.99,0.147637
46,3,38,3202.81,0.138372
46,3,39,3224.88,0.127084
46,3,40,3243.76,0.11266
46,3,41,3262.47,0.096032
46,3,42,3283.81,0.0796163
46,3,43,3309.05,0.0667792
46,3,44,3335.82,0.0599925
46,3,45,3357.48,0.0599853
46,3,46,3363.52,0.0650819
46,3,47,3340.65,0.0716707
46,3,48,3273.48,0.0756515
46,3,49,3144.3,0.0739812
46,4,0,3448.66,0.591493
46,4,1,3604.77,0.704625
46,4,2,3693.85,0.796276
46,4,3,3733.41,0.86553
46,4,4,3738.11,0.916019
46,4,5,3720.4,0.952244
46,4,6,3691.43,0.97599
46,4,7,3660.11,0.98639
46,4,8,3632.71,0.982857
46,4,9,3612.8,0.968253
46,4,10,3601.72,0.950047
46,4,11,3598.54,0.937718
46,4,12,3601.23,0.938632
46,4,13,3604.2,0.952821
46,4,14,3600.46,0.972663
46,4,15,3583.54,0.987388
46,4,16,3549.57,0.988384
46,4,17,3498.42,0.973153
46,4,18,3433.84,0.945448
46,4,19,3362.08,0.911378
46,4,20,3289.79,0.875253
46,4,21,3222.19,0.83778
46,4,22,3161.78,0.795497
46,4,23,3109.17,0.744629
46,4,24,3063.75,0.683194
46,4,25,3024.78,0.613159
46,4,26,2992.61,0.539466
46,4,27,2968.37,0.468465
46,4,28,2953.92,0.405322
46,4,29,2950.42,0.35229
46,4,30,2958.11,0.308834
46,4,31,2975.97,0.272749
46,4,32,3001.97,0.241747
46,4,33,3033.5,0.214718
46,4,34,3068.19,0.191828
46,4,35,3104.04,0.173443
46,4,36,3139.23,0.159106
46,4,37,3172.14,0.147481
46,4,38,3201.36,0.136116
46,4,39,3226.62,0.123038
46,4,40,3247.92,0.107495
46,4,41,3267.92,0.0906589
46,4,42,3289.31,0.0750094
46,4,43,3313.38,0.0637134
46,4,44,3337.93,0.0587603
46,4,45,3356.63,0.0603134
46,4,46,3359.55,0.0662418
46,4,47,3334.08,0.0727785
46,4,48,3265.47,0.0759968
46,4,49,3136.38,0.0732773
46,5,0,3461.97,0.611632
46,5,1,3620.83,0.727472
46,5,2,3711.31,0.819422
46,5,3,3750.88,0.886288
46,5,4,3753.92,0.932294
46,5,5,3732.6,0.963215
46,5,6,3698.24,0.982145
46,5,7,3660.55,0.988878
46,5,8,3626.99,0.982493
46,5,9,3601.95,0.964793
46,5,10,3586.85,0.942007
46,5,11,3580.34,0.92276
46,5,12,3580.09,0.914338
46,5,13,3580.52,0.917539
46,5,14,3575.06,0.92602
46,5,15,3557.7,0.930397
46,5,16,3524.89,0.923051
46,5,17,3476.5,0.901646
46,5,18,3415.88,0.869374
46,5,19,3348.64,0.831648
46,5,20,3280.71,0.792429
46,5,21,3216.65,0.752654
46,5,22,3158.59,0.709637
46,5,23,3107.06,0.660331
46,5,24,3061.6,0.603156
46,5,25,3021.76,0.539952
46,5,26,2988.02,0.475064
46,5,27,2961.47,0.41405
46,5,28,2943.77,0.361264
46,5,29,2935.97,0.318234
46,5,30,2938.38,0.283784
46,5,31,2950.44,0.255216
46,5,32,2970.83,0.229972
46,5,33,2997.82,0.20686
46,5,34,3029.8,0.18619
46,5,35,3065.14,0.168693
46,5,36,3102,0.154292
46,5,37,3138.23,0.142003
46,5,38,3171.68,0.129784
46,5,39,3201.3,0.116015
46,5,40,3226.51,0.100332
46,5,41,3249.55,0.0841446
46,5,42,3272.78,0.0699616
46,5,43,3297.22,0.0606823
46,5,44,3320.58,0.0578203
46,5,45,3336.77,0.0610272
46,5,46,3336.46,0.0678148
46,5,47,3307.82,0.0743453
46,5,48,3236.86,0.0769002
46,5,49,3106.88,0.0732529
46,6,0,3452.29,0.619703
46,6,1,3613.97,0.736705
46,6,2,3705.93,0.828331
46,6,3,3745.47,0.893038
46,6,4,3746.77,0.935362
46,6,5,3721.95,0.961922
46,6,6,3682.65,0.976727
46,6,7,3639.41,0.979905
46,6,8,3600.63,0.969967
46,6,9,3571.16,0.947533
46,6,10,3552.22,0.917662
46,6,11,3542.02,0.888479
46,6,12,3538.22,0.867835
46,6,13,3535.75,0.858051
46,6,14,3528.93,0.8547
46,6,15,3512.43,0.850008
46,6,16,3482.92,0.837094
46,6,17,3439.93,0.813218
46,6,18,3385.95,0.780347
46,6,19,3325.44,0.742704
46,6,20,3263.31,0.703669
46,6,21,3203.41,0.664329
46,6,22,3147.76,0.622829
46,6,23,3097.05,0.576868
46,6,24,3051.19,0.52528
46,6,25,3010.02,0.469678
46,6,26,2974.01,0.413691
46,6,27,2944.08,0.361942
46,6,28,2921.67,0.317941
46,6,29,2907.83,0.282654
46,6,30,2903.26,0.254636
46,6,31,2908.06,0.231213
46,6,32,2921.84,0.21003
46,6,33,2943.76,0.190096
46,6,34,2972.9,0.171881
46,6,35,3007.94,0.156245
46,6,36,3046.86,0.143181
46,6,37,3087,0.131774
46,6,38,3125.5,0.120216
46,6,39,3160.6,0.107167
46,6,40,3191.22,0.0925607
46,6,41,3219.02,0.0779608
46,6,42,3245.82,0.0658275
46,6,43,3272.05,0.0587348
46,6,44,3295.15,0.0577793
46,6,45,3309.24,0.0622338
46,6,46,3305.69,0.0694361
46,6,47,3273.61,0.0756398
46,6,48,3199.91,0.0774205
46,6,49,3068.62,0.0729266
46,7,0,3420.86,0.615062
46,7,1,3584.72,0.730784
46,7,2,3677.66,0.820707
46,7,3,3716.72,0.883166
46,7,4,3716.03,0.922879
46,7,5,3687.91,0.946839
46,7,6,3644.56,0.959378
46,7,7,3597.35,0.960433
46,7,8,3555.26,0.94764
46,7,9,3523.06,0.920352
46,7,10,3501.32,0.882606
46,7,11,3487.74,0.842404
46,7,12,3480.26,0.808664
46,7,13,3474.82,0.785716
46,7,14,3467.08,0.771358
46,7,15,3452.57,0.759414
46,7,16,3428.11,0.743441
46,7,17,3392.62,0.719946
46,7,18,3347.29,0.689393
46,7,19,3295.19,0.6547
46,7,20,3240.01,0.618647
46,7,21,3184.95,0.582401
46,7,22,3131.99,0.544793
46,7,23,3082.16,0.504053
46,7,24,3035.8,0.459254
46,7,25,2993.04,0.411652
46,7,26,2954.3,0.364113
46,7,27,2920.32,0.320298
46,7,28,2892.4,0.282918
46,7,29,2871.69,0.252534
46,7,30,2859.4,0.227756
46,7,31,2856.4,0.206378
46,7,32,2863.26,0.186694
46,7,33,2880.07,0.168244
46,7,34,2906.57,0.151759
46,7,35,2941.69,0.138106
46,7,36,2983.25,0.127137
46,7,37,3028.04,0.117772
46,7,38,3072.59,0.10825
46,7,39,3114.46,0.0973454
46,7,40,3151.98,0.0851028
46,7,41,3186.13,0.0730565
46,7,42,3217.9,0.0634809
46,7,43,3246.98,0.0585574
46,7,44,3270.45,0.0590378
46,7,45,3282.76,0.0639859
46,7,46,3276.08,0.0707914
46,7,47,3240.57,0.0760108
46,7,48,3164.14,0.0766525
46,7,49,3031.68,0.0712665
46,8,0,3367.83,0.59826
46,8,1,3532.82,0.709789
46,8,2,3625.9,0.796137
46,8,3,3663.78,0.855931
46,8,4,3660.69,0.894063
46,8,5,3629.52,0.917452
46,8,6,3583.3,0.930113
46,8,7,3534.16,0.931249
46,8,8,3491.23,0.917358
46,8,9,3458.53,0.886517
46,8,10,3435.58,0.841891
46,8,11,3419.48,0.791556
46,8,12,3408.62,0.745684
46,8,13,3400.34,0.710691
46,8,14,3391.93,0.6866
46,8,15,3379.98,0.668728
46,8,16,3361.4,0.650945
46,8,17,3334.34,0.629015
46,8,18,3298.6,0.602066
46,8,19,3255.78,0.571891
46,8,20,3208.36,0.54075
46,8,21,3158.87,0.509747
46,8,22,3109.23,0.47808
46,8,23,3060.74,0.444159
46,8,24,3014.13,0.407069
46,8,25,2969.77,0.367635
46,8,26,2928.19,0.328031
46,8,27,2890.09,0.291048
46,8,28,2856.78,0.258673
46,8,29,2829.6,0.231118
46,8,30,2810.2,0.207185
46,8,31,2800.09,0.185349
46,8,32,2800.7,0.164815
46,8,33,2813,0.145921
46,8,34,2837.43,0.129829
46,8,35,2873.23,0.117465
46,8,36,2918.17,0.108517
46,8,37,2968.58,0.101668
46,8,38,3020.36,0.0950663
46,8,39,3070.34,0.0874199
46,8,40,3116.11,0.0786438
46,8,41,3157.76,0.069992
46,8,42,3195.31,0.0633744
46,8,43,3227.71,0.060513
46,8,44,3251.82,0.0618843
46,8,45,3262.51,0.0665121
46,8,46,3252.9,0.0720485
46,8,47,3214.25,0.0755476
46,8,48,3135.52,0.0745831
46,8,49,3002.39,0.0681499
46,9,0,3293.93,0.571542
46,9,1,3459.08,0.676427
46,9,2,3551.54,0.757676
46,9,3,3587.65,0.814593
46,9,4,3582,0.852234
46,9,5,3548.37,0.877045
46,9,6,3500.82,0.892178
46,9,7,3452.11,0.8957
46,9,8,3410.94,0.88288
46,9,9,3380.07,0.850611
46,9,10,3357.61,0.801297
46,9,11,3340.04,0.743064
46,9,12,3326.34,0.687155
46,9,13,3315.33,0.641799
46,9,14,3306.1,0.609035
46,9,15,3296.42,0.585602
46,9,16,3283.39,0.565795
46,9,17,3264.44,0.544977
46,9,18,3238.08,0.521374
46,9,19,3204.58,0.49595
46,9,20,3165.28,0.470481
46,9,21,3122,0.445785
46,9,22,3076.42,0.421056
46,9,23,3029.88,0.394581
46,9,24,2983.38,0.365344
46,9,25,2937.62,0.333814
46,9,26,2893.41,0.301666
46,9,27,2851.75,0.270988
46,9,28,2814.17,0.243081
46,9,29,2782.18,0.217744
46,9,30,2757.63,0.193864
46,9,31,2742.4,0.170512
46,9,32,2738.49,0.147822
46,9,33,2747.61,0.127047
46,9,34,2770.95,0.109971
46,9,35,2808.24,0.0977557
46,9,36,2857.34,0.0900931
46,9,37,2914.25,0.0855136
46,9,38,2974.2,0.0820379
46,9,39,3033.17,0.0781626
46,9,40,3087.83,0.0734549
46,9,41,3137.25,0.0686574
46,9,42,3180.54,0.0651559
46,9,43,3216.03,0.0641805
46,9,44,3240.61,0.0659985
46,9,45,3249.75,0.0697331
46,9,46,3237.53,0.0734406
46,9,47,3196.3,0.0747765
46,9,48,3116.01,0.07193
46,9,49,2983.1,0.064343
46,10,0,3202.02,0.539438
46,10,1,3367.02,0.636634
46,10,2,3458.86,0.71235
46,10,3,3493.47,0.766721
46,10,4,3486,0.804873
46,10,5,3451.35,0.832491
46,10,6,3404.63,0.851569
46,10,7,3358.85,0.858957
46,10,8,3321.77,0.848854
46,10,9,3294.55,0.817214
46,10,10,3273.87,0.765759
46,10,11,3255.68,0.702452
46,10,12,3239.51,0.639144
46,10,13,3225.62,0.58535
46,10,14,3214.81,0.544787
46,10,15,3206.15,0.515576
46,10,16,3197.12,0.492708
46,10,17,3184.72,0.471616
46,10,18,3166.48,0.450119
46,10,19,3141.5,0.428583
46,10,20,3110.09,0.408244
46,10,21,3073.26,0.389412
46,10,22,3032.19,0.37102
46,10,23,2988.04,0.351135
46,10,24,2941.95,0.328738
46,10,25,2895.05,0.304182
46,10,26,2848.76,0.278898
46,10,27,2804.69,0.254432
46,10,28,2764.75,0.231397
46,10,29,2730.59,0.208998
46,10,30,2703.94,0.18593
46,10,31,2686.64,0.161559
46,10,32,2680.81,0.136735
46,10,33,2688.75,0.113586
46,10,34,2712.35,0.0946346
46,10,35,2751.93,0.0815097
46,10,36,2805.68,0.0741493
46,10,37,2869.33,0.071125
46,10,38,2937.48,0.0703784
46,10,39,3005.2,0.0701363
46,10,40,3068.17,0.0694914
46,10,41,3124.49,0.0685311
46,10,42,3172.51,0.0680185
46,10,43,3210.28,0.0687008
46,10,44,3234.9,0.0706919
46,10,45,3242.53,0.0733092
46,10,46,3228.17,0.0750766
46,10,47,3185.14,0.0742526
46,10,48,3104.31,0.0695889
46,10,49,2972.83,0.0609069
46,11,0,3097.43,0.507516
46,11,1,3263.15,0.597751
46,11,2,3355.74,0.668795
46,11,3,3390.6,0.721437
46,11,4,3383.51,0.76068
46,11,5,3350.45,0.791348
46,11,6,3307.25,0.814344
46,11,7,3266.69,0.8256
46,11,8,3235.25,0.818685
46,11,9,3212.53,0.788985
46,11,10,3194.1,0.73762
46,11,11,3175.55,0.672084
46,11,12,3156.87,0.604237
46,11,13,3139.46,0.544234
46,11,14,3125.68,0.497045
46,11,15,3115.92,0.462077
46,11,16,3108.34,0.435262
46,11,17,3099.9,0.412484
46,11,18,3087.48,0.391516
46,11,19,3069.3,0.372246
46,11,20,3044.67,0.355289
46,11,21,3013.72,0.340342
46,11,22,2976.96,0.326047
46,11,23,2935.19,0.310428
46,11,24,2889.67,0.292742
46,11,25,2842.1,0.273535
46,11,26,2794.72,0.254221
46,11,27,2749.98,0.235915
46,11,28,2710.27,0.218493
46,11,29,2677.24,0.200373
46,11,30,2652.2,0.179743
46,11,31,2636.47,0.155892
46,11,32,2631.94,0.13005
46,11,33,2641.1,0.105037
46,11,34,2666.41,0.0841153
46,11,35,2708.8,0.0695232
46,11,36,2766.89,0.0616618
46,11,37,2836.34,0.0593459
46,11,38,2911.28,0.0605507
46,11,39,2985.99,0.0632765
46,11,40,3055.34,0.0661446
46,11,41,3116.66,0.0685709
46,11,42,3167.8,0.0706778
46,11,43,3206.72,0.072766
46,11,44,3230.88,0.0748263
46,11,45,3237.08,0.0764097
46,11,46,3221.15,0.0765055
46,11,47,3177.24,0.0739086
46,11,48,3096.99,0.0678162
46,11,49,2968.22,0.0583109
46,12,0,2989.18,0.481669
46,12,1,3157.93,0.567369
46,12,2,3254.26,0.635717
46,12,3,3292.81,0.68766
46,12,4,3289.76,0.727811
46,12,5,3261.77,0.760247
46,12,6,3224.84,0.785224
46,12,7,3191.06,0.79843
46,12,8,3165.66,0.793488
46,12,9,3147.12,0.765718
46,12,10,3130.4,0.715775
46,12,11,3111.03,0.650422
46,12,12,3089.23,0.580951
46,12,13,3067.24,0.517519
46,12,14,3048.62,0.465828
46,12,15,3035.08,0.426314
46,12,16,3025.66,0.395856
46,12,17,3017.69,0.370903
46,12,18,3007.8,0.349306
46,12,19,2993.59,0.330504
46,12,20,2973.52,0.314484
46,12,21,2946.84,0.300438
46,12,22,2913.37,0.286949
46,12,23,2873.54,0.27236
46,12,24,2828.76,0.256548
46,12,25,2781.35,0.240509
46,12,26,2734.47,0.225767
46,12,27,2691.45,0.213055
46,12,28,2655.06,0.20148
46,12,29,2626.83,0.188586
46,12,30,2607.31,0.171862
46,12,31,2597,0.150234
46,12,32,2597.12,0.124979
46,12,33,2609.95,0.0993207
46,12,34,2638.19,0.0771071
46,12,35,2683.23,0.0611726
46,12,36,2744.2,0.0524709
46,12,37,2817.03,0.0502023
46,12,38,2895.76,0.0525139
46,12,39,2974.33,0.0573083
46,12,40,3047.11,0.0628542
46,12,41,3110.91,0.0679928
46,12,42,3163.28,0.0722529
46,12,43,3202.23,0.0755286
46,12,44,3225.54,0.0776844
46,12,45,3230.59,0.0784922
46,12,46,3213.81,0.0773666
46,12,47,3170.03,0.0735522
46,12,48,3091.54,0.0665658
46,12,49,2966.7,0.0566233
46,13,0,2886.24,0.465016
46,13,1,3061.24,0.549263
46,13,2,3165.15,0.617104
46,13,3,3211.47,0.669007
46,13,4,3216.29,0.708965
46,13,5,3196.4,0.740613
46,13,6,3167.46,0.764261
46,13,7,3140.74,0.776212
46,13,8,3120.55,0.770901
46,13,9,3104.93,0.744073
46,13,10,3088.74,0.696075
46,13,11,3067.66,0.632772
46,13,12,3041.99,0.564435
46,13,13,3014.36,0.5007
46,13,14,2989.19,0.44747
46,13,15,2969.24,0.405799
46,13,16,2954.55,0.373273
46,13,17,2943.11,0.346738
46,13,18,2931.72,0.324044
46,13,19,2917.7,0.304191
46,13,20,2898.96,0.286656
46,13,21,2874.09,0.270434
46,13,22,2842.3,0.254425
46,13,23,2803.77,0.23769
46,13,24,2760.08,0.220964
46,13,25,2714.2,0.205813
46,13,26,2670.1,0.193873
46,13,27,2631.79,0.185505
46,13,28,2602.19,0.179107
46,13,29,2582.4,0.171433
46,13,30,2572.05,0.159303
46,13,31,2570.58,0.141169
46,13,32,2578.26,0.118101
46,13,33,2596.77,0.0933891
46,13,34,2628.65,0.0711687
46,13,35,2675.55,0.0546829
46,13,36,2737.17,0.0453748
46,13,37,2810.11,0.0428894
46,13,38,2888.9,0.0456833
46,13,39,2967.64,0.0517446
46,13,40,3040.63,0.0591821
46,13,41,3104.4,0.0664243
46,13,42,3156.32,0.0724821
46,13,43,3194.41,0.0768518
46,13,44,3216.71,0.079224
46,13,45,3220.99,0.0795282
46,13,46,3204.11,0.0775489
46,13,47,3161.39,0.0729251
46,13,48,3085.58,0.0654286
46,13,49,2965.53,0.0553396
46,14,0,2796.68,0.457723
46,14,1,2980.82,0.543214
46,14,2,3095.4,0.612163
46,14,3,3152.39,0.663988
46,14,4,3167.31,0.701949
46,14,5,3156.67,0.729684
46,14,6,3135.58,0.74833
46,14,7,3114.74,0.75564
46,14,8,3098.08,0.747477
46,14,9,3083.72,0.720354
46,14,10,3066.8,0.674382
46,14,11,3043.22,0.61442
46,14,12,3013.17,0.549451
46,14,13,2979.36,0.488271
46,14,14,2946.54,0.436563
46,14,15,2918.16,0.395576
46,14,16,2895.18,0.36323
46,14,17,2876.43,0.336443
46,14,18,2859.34,0.312873
46,14,19,2841.45,0.291101
46,14,20,2820.54,0.270306
46,14,21,2794.87,0.249667
46,14,22,2763.28,0.228776
46,14,23,2725.78,0.207686
46,14,24,2684.15,0.188047
46,14,25,2641.88,0.171931
46,14,26,2603.52,0.160984
46,14,27,2573.4,0.155219
46,14,28,2554.16,0.152482
46,14,29,2546.18,0.149007
46,14,30,2548.02,0.141173
46,14,31,2557.93,0.127041
46,14,32,2575.1,0.107336
46,14,33,2600.43,0.0850966
46,14,34,2635.98,0.0643715
46,14,35,2683.53,0.0485076
46,14,36,2743.39,0.0392611
46,14,37,2813.2,0.0367029
46,14,38,2888.48,0.0397102
46,14,39,2964.01,0.0465385
46,14,40,3034.35,0.0553373
46,14,41,3095.96,0.0642956
46,14,42,3146.09,0.0719882
46,14,43,3182.73,0.0775006
46,14,44,3204.05,0.0802851
46,14,45,3208.02,0.0803372
46,14,46,3191.75,0.0777432
46,14,47,3150.84,0.0725008
46,14,48,3078.37,0.0646238
46,14,49,2963.54,0.0544507
46,15,0,2725.81,0.457022
46,15,1,2920.31,0.545291
46,15,2,3046.48,0.615978
46,15,3,3114.54,0.667128
46,15,4,3139.2,0.701304
46,15,5,3136.58,0.722596
46,15,6,3121.44,0.733612
46,15,7,3104.27,0.734133
46,15,8,3089.13,0.721764
46,15,9,3074.5,0.693828
46,15,10,3055.92,0.650107
46,15,11,3029.45,0.59432
46,15,12,2995.05,0.534049
46,15,13,2955.16,0.477146
46,15,14,2914.38,0.428898
46,15,15,2876.39,0.390522
46,15,16,2842.86,0.360006
46,15,17,2813.63,0.334087
46,15,18,2787.18,0.310061
46,15,19,2761.85,0.286146
46,15,20,2735.83,0.261417
46,15,21,2707.43,0.235525
46,15,22,2675.29,0.208958
46,15,23,2639.35,0.182807
46,15,24,2601.49,0.159482
46,15,25,2565.54,0.141365
46,15,26,2536.27,0.129971
46,15,27,2517.89,0.125016
46,15,28,2512.3,0.124036
46,15,29,2518.83,0.123121
46,15,30,2534.82,0.118574
46,15,31,2557.38,0.108268
46,15,32,2584.73,0.0925493
46,15,33,2616.99,0.0739486
46,15,34,2655.75,0.0560616
46,15,35,2702.86,0.0420083
46,15,36,2759.26,0.0336377
46,15,37,2823.73,0.0313824
46,15,38,2893.05,0.0346105
46,15,39,2962.94,0.0419816
46,15,40,3028.51,0.0518479
46,15,41,3086.36,0.0623095
46,15,42,3133.69,0.0715946
46,15,43,3168.47,0.0783826
46,15,44,3188.87,0.0818478
46,15,45,3192.91,0.0819568
46,15,46,3177.79,0.0790023
46,15,47,3139.19,0.0732736
46,15,48,3070.38,0.0650035
46,15,49,2960.81,0.054607
46,16,0,2675.73,0.458269
46,16,1,2879.47,0.549377
46,16,2,3015.47,0.621421
46,16,3,3092.33,0.671053
46,16,4,3124.05,0.700314
46,16,5,3126.48,0.714115
46,16,6,3114.35,0.716919
46,16,7,3098.31,0.710749
46,16,8,3082.79,0.694882
46,16,9,3066.74,0.667165
46,16,10,3046.03,0.626712
46,16,11,3016.81,0.575881
46,16,12,2978.63,0.520782
46,16,13,2933.4,0.468389
46,16,14,2885.13,0.423675
46,16,15,2837.29,0.387896
46,16,16,2792.02,0.35916
46,16,17,2750.24,0.334029
46,16,18,2711.92,0.309475
46,16,19,2676.74,0.283466
46,16,20,2643.87,0.255096
46,16,21,2611.93,0.224543
46,16,22,2579.56,0.193114
46,16,23,2546.56,0.162718
46,16,24,2514.77,0.136198
46,16,25,2488.08,0.115989
46,16,26,2471.11,0.103358
46,16,27,2467.47,0.0978177
46,16,28,2477.95,0.0968712
46,16,29,2500.49,0.0968532
46,16,30,2531.19,0.0943498
46,16,31,2566.23,0.0872764
46,16,32,2603.13,0.0756334
46,16,33,2641.56,0.0612778
46,16,34,2682.83,0.0470754
46,16,35,2728.92,0.0356516
46,16,36,2781.28,0.0287571
46,16,37,2839.68,0.0271076
46,16,38,2902.02,0.0305841
46,16,39,2965.06,0.0383189
46,16,40,3024.61,0.0489701
46,16,41,3077.58,0.0606743
46,16,42,3121.34,0.0714329
46,16,43,3153.84,0.0795884
46,16,44,3173.24,0.0840597
46,16,45,3177.51,0.0847084
46,16,46,3163.77,0.0818937
46,16,47,3127.69,0.0760416
46,16,48,3062.57,0.0674992
46,16,49,2958.01,0.0567376
46,17,0,2645.46,0.456601
46,17,1,2855.55,0.549443
46,17,2,2997.83,0.621866
46,17,3,3079.77,0.669347
46,17,4,3114.87,0.693616
46,17,5,3118.91,0.700594
46,17,6,3106.76,0.69668
46,17,7,3089.42,0.686038
46,17,8,3071.79,0.669275
46,17,9,3053.3,0.644279
46,17,10,3030.15,0.609031
46,17,11,2998.49,0.564205
46,17,12,2957.39,0.514332
46,17,13,2907.96,0.46556
46,17,14,2853.28,0.422757
46,17,15,2796.22,0.387545
46,17,16,2739.15,0.358527
46,17,17,2684.15,0.332478
46,17,18,2632.98,0.306364
46,17,19,2587.15,0.278145
46,17,20,2547.12,0.246965
46,17,21,2512.1,0.213352
46,17,22,2480.73,0.179058
46,17,23,2452.55,0.146366
46,17,24,2429.16,0.118134
46,17,25,2414.22,0.0965933
46,17,26,2411.81,0.0827065
46,17,27,2424.62,0.0759207
46,17,28,2452.02,0.0739609
46,17,29,2490.48,0.0737103
46,17,30,2535,0.0722943
46,17,31,2581.09,0.0678281
46,17,32,2626.02,0.0599967
46,17,33,2669.43,0.0499037
46,17,34,2712.65,0.0395374
46,17,35,2757.84,0.0308895
46,17,36,2806.75,0.0255112
46,17,37,2859.74,0.0243483
46,17,38,2915.5,0.027785
46,17,39,2971.64,0.0354364
46,17,40,3024.72,0.0463194
46,17,41,3072.18,0.0587203
46,17,42,3111.71,0.0705773
46,17,43,3141.42,0.0800484
46,17,44,3159.5,0.0858898
46,17,45,3163.84,0.0878045
46,17,46,3151.43,0.0860271
46,17,47,3117.77,0.080859
46,17,48,3056.14,0.0725387
46,17,49,2956.19,0.0614937
46,18,0,2631.98,0.44871
46,18,1,2844.88,0.541606
46,18,2,2989.56,0.613277
46,18,3,3072.87,0.658338
46,18,4,3108.08,0.678364
46,18,5,3110.96,0.680285
46,18,6,3096.48,0.672284
46,18,7,3075.97,0.660372
46,18,8,3054.83,0.646094
46,18,9,3033.02,0.626943
46,18,10,3007.12,0.599364
46,18,11,2973.33,0.562017
46,18,12,2930.26,0.517648
46,18,13,2877.99,0.47148
46,18,14,2818.44,0.428391
46,18,15,2753.6,0.390726
46,18,16,2685.91,0.358142
46,18,17,2618.53,0.3283
46,18,18,2555.18,0.29876
46,18,19,2499.38,0.267847
46,18,20,2453.13,0.234775
46,18,21,2416.31,0.200092
46,18,22,2387.52,0.165444
46,18,23,2365.92,0.132919
46,18,24,2352.64,0.104948
46,18,25,2350.76,0.0833499
46,18,26,2363.59,0.0687883
46,18,27,2392.65,0.0607924
46,18,28,2435.86,0.0575077
46,18,29,2488.37,0.0565462
46,18,30,2544.35,0.0556859
46,18,31,2599.07,0.0532974
46,18,32,2650.03,0.0487636
46,18,33,2697.18,0.0424303
46,18,34,2742.11,0.0353937
46,18,35,2787.11,0.0290058
46,18,36,2833.95,0.0246087
46,18,37,2883.13,0.0233547
46,18,38,2933.68,0.0260919
46,18,39,2983.74,0.0328841
46,18,40,3030.6,0.0431194
46,18,41,3072.31,0.0553429
46,18,42,3107.09,0.0676267
46,18,43,3133.4,0.0781655
46,18,44,3149.62,0.0856983
46,18,45,3153.6,0.0897452
46,18,46,3142.18,0.0902052
46,18,47,3110.66,0.0869276
46,18,48,3052.18,0.0797325
46,18,49,2956.37,0.068824
46,19,0,2630.93,0.433773
46,19,1,2843.61,0.525078
46,19,2,2987.62,0.595037
46,19,3,3069.73,0.637678
46,19,4,3103.1,0.654477
46,19,5,3103.4,0.653199
46,19,6,3085.51,0.643512
46,19,7,3060.92,0.632959
46,19,8,3035.49,0.623766
46,19,9,3009.8,0.612878
46,19,10,2981.04,0.595086
46,19,11,2945.61,0.566863
46,19,12,2901.69,0.528929
46,19,13,2848.3,0.485274
46,19,14,2785.99,0.440633
46,19,15,2715.71,0.398205
46,19,16,2639.77,0.359158
46,19,17,2562.23,0.322737
46,19,18,2488.61,0.287803
46,19,19,2424.43,0.253513
46,19,20,2373.23,0.219237
46,19,21,2335.65,0.185241
46,19,22,2310.3,0.152524
46,19,23,2295.94,0.122445
46,19,24,2293.01,0.0966276
46,19,25,2303.82,0.07632
46,19,26,2330.61,0.0619322
46,19,27,2373.7,0.0532075
46,19,28,2429.75,0.0488423
46,19,29,2492.91,0.047234
46,19,30,2557.04,0.0467924
46,19,31,2617.56,0.0460994
46,19,32,2672.52,0.0442184
46,19,33,2722.42,0.0407828
46,19,34,2769.13,0.0360866
46,19,35,2814.95,0.0309457
46,19,36,2861.41,0.0265617
46,19,37,2908.74,0.024298
46,19,38,2955.88,0.0254115
46,19,39,3001.26,0.030358
46,19,40,3042.69,0.0388791
46,19,41,3078.89,0.0498677
46,19,42,3108.72,0.0617186
46,19,43,3131.19,0.0728901
46,19,44,3145.01,0.0822589
46,19,45,3148.12,0.0891675
46,19,46,3137.25,0.0930065
46,19,47,3107.48,0.0928785
46,19,48,3051.73,0.087882
46,19,49,2959.55,0.0777889
46,20,0,2637.62,0.413498
46,20,1,2848.12,0.501941
46,20,2,2989.75,0.569436
46,20,3,3069.55,0.609622
46,20,4,3100.64,0.62386
46,20,5,3098.43,0.620496
46,20,6,3077.43,0.610329
46,20,7,3049.03,0.602141
46,20,8,3019.44,0.598777
46,20,9,2989.96,0.596808
46,20,10,2958.59,0.589636
46,20,11,2922.12,0.571678
46,20,12,2878.46,0.541509
46,20,13,2825.64,0.501506
46,20,14,2762.85,0.455852
46,20,15,2689.97,0.408396
46,20,16,2608.97,0.361912
46,20,17,2524.51,0.317657
46,20,18,2443.46,0.276347
46,20,19,2373,0.238379
46,20,20,2318.06,0.203439
46,20,21,2280.12,0.171348
46,20,22,2257.95,0.142108
46,20,23,2250.02,0.115989
46,20,24,2256.04,0.0935831
46,20,25,2277.33,0.0754995
46,20,26,2314.98,0.0619671
46,20,27,2368.15,0.0530414
46,20,28,2432.59,0.0480262
46,20,29,2502.01,0.0460543
46,20,30,2570.43,0.0460471
46,20,31,2633.84,0.0466885
46,20,32,2691,0.0466927
46,20,33,2742.92,0.0450625
46,20,34,2791.69,0.0414568
46,20,35,2839.41,0.0363302
46,20,36,2887.12,0.0308614
46,20,37,2934.51,0.0266498
46,20,38,2980.17,0.0252936
46,20,39,3022.56,0.0275675
46,20,40,3059.84,0.0335098
46,20,41,3091.3,0.0423928
46,20,42,3116.53,0.0530485
46,20,43,3135.14,0.0643548
46,20,44,3146.32,0.0754424
46,20,45,3148.21,0.0855117
46,20,46,3137.49,0.0933746
46,20,47,3109.02,0.0972346
46,20,48,3055.5,0.0952865
46,20,49,2966.35,0.0867114
46,21,0,2648.19,0.391542
46,21,1,2855.5,0.476377
46,21,2,2994.1,0.540854
46,21,3,3071.54,0.578373
46,21,4,3100.92,0.590159
46,21,5,3097.27,0.584879
46,21,6,3074.54,0.574097
46,21,7,3043.78,0.567551
46,21,8,3011.37,0.56875
46,21,9,2979.24,0.574288
46,21,10,2946.22,0.576764
46,21,11,2909.61,0.569023
46,21,12,2867.24,0.547661
46,21,13,2816.37,0.513204
46,21,14,2755.05,0.468801
46,21,15,2682.26,0.418442
46,21,16,2599.52,0.366156
46,21,17,2511.62,0.315148
46,21,18,2426.21,0.268146
46,21,19,2351.49,0.226985
46,21,20,2293.52,0.191843
46,21,21,2254.67,0.162135
46,21,22,2234.18,0.136835
46,21,23,2230.44,0.115058
46,21,24,2242.52,0.0963619
46,21,25,2270.72,0.0807593
46,21,26,2314.9,0.068368
46,21,27,2373.24,0.0595771
46,21,28,2441.03,0.0542562
46,21,29,2512.09,0.0521263
46,21,30,2581.06,0.0524479
46,21,31,2644.76,0.0538917
46,21,32,2702.63,0.0548323
46,21,33,2756.13,0.0537803
46,21,34,2807.34,0.0499858
46,21,35,2858,0.0437459
46,21,36,2908.46,0.036332
46,21,37,2957.69,0.0295817
46,21,38,3003.79,0.0253361
46,21,39,3045.02,0.0245899
46,21,40,3079.76,0.0275796
46,21,41,3107.79,0.0339181
46,21,42,3129.33,0.0428881
46,21,43,3144.63,0.0538369
46,21,44,3153.4,0.0662026
46,21,45,3154.03,0.0791085
46,21,46,3143.19,0.0908506
46,21,47,3115.58,0.0987816
46,21,48,3063.68,0.1002
46,21,49,2976.84,0.0936447
46,22,0,2659.52,0.371749
46,22,1,2863.24,0.45257
46,22,2,2998.74,0.513498
46,22,3,3074.17,0.547895
46,22,4,3102.7,0.556916
46,22,5,3098.96,0.549344
46,22,6,3076.32,0.537137
46,22,7,3045.32,0.530633
46,22,8,3012.28,0.533972
46,22,9,2979.53,0.544167
46,22,10,2946.47,0.553716
46,22,11,2910.82,0.554643
46,22,12,2870.46,0.542107
46,22,13,2822.27,0.514894
46,22,14,2763.66,0.474819
46,22,15,2693.06,0.425415
46,22,16,2611.54,0.371257
46,22,17,2523.64,0.316901
46,22,18,2437,0.266713
46,22,19,2360.09,0.223798
46,22,20,2299.61,0.188911
46,22,21,2258.79,0.161268
46,22,22,2237.63,0.139109
46,22,23,2234.81,0.120695
46,22,24,2249.03,0.104831
46,22,25,2279.65,0.0911106
46,22,26,2325.47,0.0796158
46,22,27,2383.93,0.0709949
46,22,28,2450.25,0.0655199
46,22,29,2518.79,0.0632547
46,22,30,2585.14,0.063591
46,22,31,2647,0.0651006
46,22,32,2704.48,0.0658958
46,22,33,2759.28,0.0642025
46,22,34,2813.35,0.0591292
46,22,35,2867.88,0.0510133
46,22,36,2922.46,0.0412933
46,22,37,2975.18,0.0319935
46,22,38,3023.53,0.0250567
46,22,39,3065.48,0.021568
46,22,40,3099.5,0.0218342
46,22,41,3125.78,0.0257095
46,22,42,3145.07,0.0328481
46,22,43,3158.2,0.0430127
46,22,44,3165.28,0.0559367
46,22,45,3164.94,0.0707487
46,22,46,3153.88,0.0854084
46,22,47,3126.71,0.0966597
46,22,48,3075.77,0.101111
46,22,49,2990.34,0.0967366
46,23,0,2669.77,0.356521
46,23,1,2869.68,0.432938
46,23,2,3002.05,0.489659
46,23,3,3075.68,0.520308
46,23,4,3103.89,0.526159
46,23,5,3101.07,0.515979
46,23,6,3080.09,0.501734
46,23,7,3051.01,0.493907
46,23,8,3019.85,0.497063
46,23,9,2988.88,0.508841
46,23,10,2957.63,0.522242
46,23,11,2923.97,0.529274
46,23,12,2885.88,0.52445
46,23,13,2840.34,0.505277
46,23,14,2784.76,0.472281
46,23,15,2717.59,0.428082
46,23,16,2639.63,0.377
46,23,17,2554.8,0.324015
46,23,18,2470.03,0.274321
46,23,19,2393.16,0.231766
46,23,20,2330.89,0.197581
46,23,21,2287.09,0.171034
46,23,22,2262.73,0.150158
46,23,23,2257.14,0.132947
46,23,24,2269.08,0.117985
46,23,25,2297.33,0.10477
46,23,26,2339.92,0.0934241
46,23,27,2393.87,0.0847001
46,23,28,2454.66,0.0790005
46,23,29,2517.46,0.0764158
46,23,30,2578.84,0.0762564
46,23,31,2637.38,0.0769621
46,23,32,2693.74,0.0765346
46,23,33,2749.74,0.073177
46,23,34,2807.14,0.0661257
46,23,35,2866.47,0.055909
46,23,36,2926.43,0.0441324
46,23,37,2984.16,0.0328845
46,23,38,3036.45,0.0240302
46,23,39,3080.92,0.0185938
46,23,40,3116.1,0.0168247
46,23,41,3142.51,0.0186975
46,23,42,3161.33,0.0241153
46,23,43,3173.78,0.0331418
46,23,44,3180.25,0.0457494
46,23,45,3179.5,0.0611515
46,23,46,3168.26,0.0772112
46,23,47,3141.15,0.090421
46,23,48,3090.48,0.0970402
46,23,49,3005.54,0.0946756
46,24,0,2676.79,0.346417
46,24,1,2872.75,0.417803
46,24,2,3001.92,0.469427
46,24,3,3073.75,0.495608
46,24,4,3101.83,0.498032
46,24,5,3100.44,0.485378
46,24,6,3082.2,0.469236
46,24,7,3056.72,0.459704
46,24,8,3029.51,0.461407
46,24,9,3002.4,0.472588
46,24,10,2974.52,0.487102
46,24,11,2943.57,0.497595
46,24,12,2907.68,0.498713
46,24,13,2864.37,0.487344
46,24,14,2811.76,0.463053
46,24,15,2748.84,0.427402
46,24,16,2676.37,0.383843
46,24,17,2597.46,0.336852
46,24,18,2517.59,0.291465
46,24,19,2443.17,0.251509
46,24,20,2380.16,0.218383
46,24,21,2332.72,0.191584
46,24,22,2302.82,0.169506
46,24,23,2290.85,0.150614
46,24,24,2296.1,0.133941
46,24,25,2317.32,0.119304
46,24,26,2352.24,0.106967
46,24,27,2397.82,0.0975987
46,24,28,2450.02,0.0914131
46,24,29,2504.85,0.0881965
46,24,30,2559.81,0.0869893
46,24,31,2614.19,0.0861157
46,24,32,2669.08,0.0836526
46,24,33,2726.4,0.0780431
46,24,34,2787.62,0.0688654
46,24,35,2852.6,0.0569078
46,24,36,2919.06,0.0438654
46,24,37,2983.1,0.0317181
46,24,38,3040.77,0.0220682
46,24,39,3089.34,0.015738
46,24,40,3127.44,0.0128248
46,24,41,3155.82,0.0133195
46,24,42,3175.99,0.017255
46,24,43,3189.33,0.0248692
46,24,44,3196.34,0.0362996
46,24,45,3195.8,0.0509053
46,24,46,3184.5,0.0666849
46,24,47,3157.13,0.0802522
46,24,48,3106.09,0.0879024
46,24,49,3020.75,0.0871296
46,25,0,2677.51,0.339459
46,25,1,2869.52,0.404832
46,25,2,2995.55,0.450299
46,25,3,3065.62,0.471356
46,25,4,3093.62,0.470398
46,25,5,3093.91,0.455959
46,25,6,3079.01,0.438885
46,25,7,3058.16,0.428388
46,25,8,3036.26,0.428737
46,25,9,3014.33,0.438588
46,25,10,2990.81,0.452738
46,25,11,2962.98,0.464814
46,25,12,2929.2,0.470148
46,25,13,2887.87,0.465606
46,25,14,2838.27,0.450294
46,25,15,2780.37,0.424889
46,25,16,2715.03,0.391737
46,25,17,2644.36,0.354174
46,25,18,2571.94,0.316194
46,25,19,2502.15,0.280797
46,25,20,2439.6,0.249089
46,25,21,2388.32,0.2208
46,25,22,2351.19,0.195122
46,25,23,2329.86,0.171653
46,25,24,2324.61,0.150526
46,25,25,2334.74,0.132303
46,25,26,2358.25,0.117536
46,25,27,2392.42,0.106685
46,25,28,2433.87,0.0995219
46,25,29,2479.44,0.0952844
46,25,30,2527.34,0.0926174
46,25,31,2577.43,0.0897664
46,25,32,2631.08,0.0850253
46,25,33,2690.2,0.0772478
46,25,34,2755.93,0.0664415
46,25,35,2827.34,0.0536191
46,25,36,2901.14,0.0404325
46,25,37,2972.37,0.028581
46,25,38,3036.42,0.0192688
46,25,39,3090.3,0.0130294
46,25,40,3132.7,0.00977882
46,25,41,3164.62,0.00947015
46,25,42,3187.67,0.0121857
46,25,43,3203.24,0.0182315
46,25,44,3211.74,0.0278343
46,25,45,3211.91,0.040522
46,25,46,3200.61,0.0545945
46,25,47,3172.69,0.067083
46,25,48,3120.76,0.0746533
46,25,49,3034.27,0.0749414
46,26,0,2668.39,0.333351
46,26,1,2856.66,0.391739
46,26,2,2979.87,0.430197
46,26,3,3048.46,0.445794
46,26,4,3076.61,0.44185
46,26,5,3078.82,0.426672
46,26,6,3067.59,0.410054
46,26,7,3051.79,0.399948
46,26,8,3035.66,0.399938
46,26,9,3019.36,0.40889
46,26,10,3000.5,0.422448
46,26,11,2976.02,0.435277
46,26,12,2944.53,0.443593
46,26,13,2905.47,0.444599
46,26,14,2859.44,0.437367
46,26,15,2807.44,0.422055
46,26,16,2750.46,0.400047
46,26,17,2689.49,0.373342
46,26,18,2626.07,0.344365
46,26,19,2562.29,0.314688
46,26,20,2501.16,0.284667
46,26,21,2446.27,0.254129
46,26,22,2401.19,0.223254
46,26,23,2368.78,0.193172
46,26,24,2350.56,0.165541
46,26,25,2346.78,0.141978
46,26,26,2356.2,0.123462
46,26,27,2376.86,0.110223
46,26,28,2406.23,0.101493
46,26,29,2441.99,0.0958767
46,26,30,2482.97,0.0915937
46,26,31,2529.38,0.0868509
46,26,32,2582.68,0.0802088
46,26,33,2644.6,0.0709634
46,26,34,2715.72,0.0594981
46,26,35,2794.25,0.046933
46,26,36,2875.82,0.0347341
46,26,37,2954.56,0.0242008
46,26,38,3025.35,0.0160872
46,26,39,3085.1,0.0106239
46,26,40,3132.62,0.00757931
46,26,41,3169.02,0.00686602
46,26,42,3195.89,0.00858032
46,26,43,3214.46,0.0130296
46,26,44,3224.98,0.0204672
46,26,45,3226.09,0.0305785
46,26,46,3214.77,0.0420399
46,26,47,3186.08,0.0524669
46,26,48,3132.85,0.0591131
46,26,49,3044.62,0.0599505
46,27,0,2646.71,0.327004
46,27,1,2831.65,0.378031
46,27,2,2952.66,0.409331
46,27,3,3020.41,0.419737
46,27,4,3049.26,0.413545
46,27,5,3053.83,0.398714
46,27,6,3046.52,0.383768
46,27,7,3035.81,0.375196
46,27,8,3025.25,0.375739
46,27,9,3014.28,0.384379
46,27,10,2999.94,0.39751
46,27,11,2978.94,0.410753
46,27,12,2950.29,0.421144
46,27,13,2914.3,0.426296
46,27,14,2872.66,0.425464
46,27,15,2827.16,0.418648
46,27,16,2778.79,0.406616
46,27,17,2727.53,0.390217
46,27,18,2673.02,0.37021
46,27,19,2615.37,0.346499
46,27,20,2556.1,0.318396
46,27,21,2498.18,0.285639
46,27,22,2445.6,0.249321
46,27,23,2402.13,0.212137
46,27,24,2370.41,0.177325
46,27,25,2351.79,0.147632
46,27,26,2346.08,0.124545
46,27,27,2352.38,0.108156
46,27,28,2369.3,0.0972596
46,27,29,2395.5,0.0899485
46,27,30,2430.41,0.0841118
46,27,31,2474.49,0.0779552
46,27,32,2528.98,0.0702525
46,27,33,2595.12,0.0606273
46,27,34,2672.65,0.0496626
46,27,35,2758.68,0.0384232
46,27,36,2847.88,0.0280817
46,27,37,2933.68,0.0195048
46,27,38,3010.79,0.0130392
46,27,39,3076.17,0.00866795
46,27,40,3128.79,0.00608512
46,27,41,3169.79,0.00519138
46,27,42,3200.63,0.00609047
46,27,43,3222.31,0.00905609
46,27,44,3234.87,0.014325
46,27,45,3236.91,0.0217046
46,27,46,3225.49,0.0302425
46,27,47,3195.91,0.0381751
46,27,48,3141.16,0.0434248
46,27,49,3050.81,0.0444036
46,28,0,2612.76,0.32143
46,28,1,2794.7,0.365798
46,28,2,2914.1,0.390815
46,28,3,2981.64,0.397011
46,28,4,3011.8,0.389555
46,28,5,3019.17,0.375935
46,28,6,3015.92,0.363296
46,28,7,3010,0.356622
46,28,8,3004.37,0.357826
46,28,9,2998,0.366047
46,28,10,2987.73,0.378457
46,28,11,2970.39,0.391576
46,28,12,2945.34,0.403098
46,28,13,2913.37,0.410916
46,28,14,2876.74,0.414436
46,28,15,2837.55,0.413673
46,28,16,2796.68,0.409127
46,28,17,2753.37,0.400891
46,28,18,2706.04,0.38835
46,28,19,2653.42,0.369906
46,28,20,2595.94,0.343823
46,28,21,2536.01,0.309607
46,28,22,2477.66,0.26901
46,28,23,2425.09,0.225954
46,28,24,2381.64,0.184939
46,28,25,2349.56,0.14964
46,28,26,2329.69,0.122024
46,28,27,2322.39,0.102195
46,28,28,2327.63,0.0887675
46,28,29,2345.31,0.0796057
46,28,30,2375.57,0.0724514
46,28,31,2419.05,0.0655383
46,28,32,2476.52,0.0577328
46,28,33,2548.32,0.0487833
46,28,34,2632.95,0.0392522
46,28,35,2726.31,0.0300095
46,28,36,2822.24,0.0218973
46,28,37,2913.87,0.0154069
46,28,38,2996.04,0.0105886
46,28,39,3065.99,0.00727345
46,28,40,3122.82,0.00515973
46,28,41,3167.71,0.00416927
46,28,42,3201.92,0.00441515
46,28,43,3226.25,0.00612361
46,28,44,3240.55,0.00949065
46,28,45,3243.36,0.0144013
46,28,46,3231.81,0.0202152
46,28,47,3201.34,0.0257236
46,28,48,3145.05,0.0294797
46,28,49,3052.38,0.0303446
46,29,0,2570.38,0.31902
46,29,1,2749.19,0.358569
46,29,2,2867.03,0.379136
46,29,3,2934.51,0.382667
46,29,4,2966.13,0.375014
46,29,5,2976.39,0.363131
46,29,6,2977.04,0.352801
46,29,7,2975.36,0.347575
46,29,8,2973.78,0.348636
46,29,9,2971.12,0.355404
46,29,10,2964.42,0.365966
46,29,11,2950.87,0.377803
46,29,12,2930.05,0.389162
46,29,13,2902.72,0.398045
46,29,14,2870.99,0.403801
46,29,15,2836.74,0.406412
46,29,16,2800.76,0.406303
46,29,17,2762.14,0.403221
46,29,18,2718.94,0.395692
46,29,19,2669.42,0.381089
46,29,20,2613.43,0.356909
46,29,21,2552.9,0.322393
46,29,22,2491.57,0.279625
46,29,23,2433.56,0.233192
46,29,24,2382.29,0.188282
46,29,25,2340.43,0.149082
46,29,26,2309.6,0.117903
46,29,27,2291.3,0.0950058
46,29,28,2287,0.0791268
46,29,29,2298.05,0.068239
46,29,30,2325.47,0.0601439
46,29,31,2370.06,0.0531114
46,29,32,2431.91,0.0459618
46,29,33,2510.1,0.0383589
46,29,34,2601.64,0.0306659
46,29,35,2701.21,0.0234938
46,29,36,2802.13,0.0174002
46,29,37,2897.61,0.0126245
46,29,38,2982.91,0.00906217
46,29,39,3055.66,0.00649374
46,29,40,3115.18,0.0046785
46,29,41,3162.63,0.00357886
46,29,42,3199.2,0.00331269
46,29,43,3225.49,0.00405264
46,29,44,3241.18,0.0059429
46,29,45,3244.72,0.00890198
46,29,46,3233.2,0.0125176
46,29,47,3202.07,0.0160143
46,29,48,3144.38,0.0184607
46,29,49,3049.4,0.0191048
46,30,0,2526.78,0.322491
46,30,1,2701.77,0.359869
46,30,2,2817.26,0.37834
46,30,3,2883.83,0.380868
46,30,4,2916.13,0.373817
46,30,5,2928.54,0.363683
46,30,6,2932.33,0.355064
46,30,7,2934.03,0.350239
46,30,8,2935.52,0.349758
46,30,9,2935.65,0.353407
46,30,10,2931.92,0.360341
46,30,11,2921.96,0.369144
46,30,12,2905.38,0.378635
46,30,13,2882.33,0.386825
46,30,14,2854.14,0.392783
46,30,15,2822.21,0.39627
46,30,16,2787.4,0.397662
46,30,17,2749.34,0.396663
46,30,18,2706.75,0.391492
46,30,19,2658.19,0.379088
46,30,20,2603.51,0.356594
46,30,21,2544.23,0.323047
46,30,22,2483.52,0.280537
46,30,23,2424.84,0.233706
46,30,24,2371.1,0.187804
46,30,25,2324.82,0.147064
46,30,26,2287.93,0.113959
46,30,27,2262.85,0.0889934
46,30,28,2252.41,0.071279
46,30,29,2259.43,0.0591591
46,30,30,2285.95,0.0506466
46,30,31,2332.86,0.0440225
46,30,32,2399.46,0.0379485
46,30,33,2483.46,0.0318561
46,30,34,2580.39,0.0258263
46,30,35,2684.01,0.0202399
46,30,36,2787.43,0.0154813
46,30,37,2884.3,0.0116906
46,30,38,2970.45,0.00874512
46,30,39,3044.01,0.00645883
46,30,40,3104.48,0.00467955
46,30,41,3153.14,0.00340795
46,30,42,3191.11,0.0027474
46,30,43,3218.89,0.0028058
46,30,44,3235.95,0.00366903
46,30,45,3240.5,0.00525141
46,30,46,3229.45,0.00728863
46,30,47,3198.11,0.00930664
46,30,48,3139.34,0.01075
46,30,49,3042.16,0.0111566
46,31,0,2490.1,0.332423
46,31,1,2660.22,0.370447
46,31,2,2771.76,0.38921
46,31,3,2835.52,0.392254
46,31,4,2866.52,0.386335
46,31,5,2879.26,0.37769
46,31,6,2884.61,0.370024
46,31,7,2888.38,0.364543
46,31,8,2891.86,0.361209
46,31,9,2893.87,0.36013
46,31,10,2892.35,0.361578
46,31,11,2885.24,0.365359
46,31,12,2871.93,0.370983
46,31,13,2851.59,0.376546
46,31,14,2824.49,0.380743
46,31,15,2791.51,0.382963
46,31,16,2753.93,0.383483
46,31,17,2712.58,0.382115
46,31,18,2667.57,0.377179
46,31,19,2618.44,0.365667
46,31,20,2565.34,0.344735
46,31,21,2509.45,0.313271
46,31,22,2453.09,0.273116
46,31,23,2398.63,0.228479
46,31,24,2348,0.18419
46,31,25,2303.07,0.144184
46,31,26,2265.66,0.110953
46,31,27,2238.75,0.0852847
46,31,28,2226.25,0.0667944
46,31,29,2232.27,0.0543092
46,31,30,2259.69,0.0460925
46,31,31,2309.42,0.0403647
46,31,32,2379.96,0.0355481
46,31,33,2467.82,0.0307726
46,31,34,2567.42,0.0258506
46,31,35,2672.07,0.0210309
46,31,36,2775.05,0.0166669
46,31,37,2870.71,0.0129453
46,31,38,2955.49,0.00983764
46,31,39,3028.02,0.00725607
46,31,40,3088,0.00514918
46,31,41,3136.88,0.00354951
46,31,42,3175.79,0.00252825
46,31,43,3205.12,0.00211871
46,31,44,3224.01,0.00234492
46,31,45,3230.3,0.00308323
46,31,46,3220.49,0.00414457
46,31,47,3189.58,0.0052319
46,31,48,3130.15,0.00602826
46,31,49,3030.94,0.00625495
46,32,0,2466.01,0.347219
46,32,1,2630.56,0.388316
46,32,2,2736.51,0.409403
46,32,3,2795.12,0.414183
46,32,4,2822.1,0.409714
46,32,5,2832.47,0.402217
46,32,6,2837.06,0.394855
46,32,7,2841.09,0.387972
46,32,8,2845.22,0.380934
46,32,9,2848,0.374009
46,32,10,2847.52,0.368479
46,32,11,2841.77,0.365417
46,32,12,2829.69,0.36519
46,32,13,2809.5,0.366208
46,32,14,2780.48,0.366903
46,32,15,2743.23,0.366257
46,32,16,2699.8,0.364393
46,32,17,2652.6,0.361215
46,32,18,2603.52,0.355326
46,32,19,2553.37,0.344022
46,32,20,2502.75,0.324682
46,32,21,2452.37,0.296068
46,32,22,2403.53,0.259621
46,32,23,2357.27,0.218852
46,32,24,2314.24,0.177939
46,32,25,2275.38,0.140376
46,32,26,2242.17,0.108611
46,32,27,2217.81,0.0837131
46,32,28,2207.01,0.0657882
46,32,29,2214.75,0.0540915
46,32,30,2244.43,0.0470555
46,32,31,2296.75,0.0427327
46,32,32,2369.54,0.0392614
46,32,33,2458.44,0.0354766
46,32,34,2557.37,0.031005
46,32,35,2659.78,0.0260892
46,32,36,2759.53,0.0211827
46,32,37,2851.73,0.0166309
46,32,38,2933.43,0.0125814
46,32,39,3003.68,0.00909821
46,32,40,3062.4,0.00624574
46,32,41,3111.2,0.0040907
46,32,42,3151.26,0.00266173
46,32,43,3182.78,0.00190765
46,32,44,3204.49,0.00178411
46,32,45,3213.58,0.00209856
46,32,46,3205.99,0.00267732
46,32,47,3176.26,0.00329723
46,32,48,3116.6,0.00376491
46,32,49,3015.43,0.00388802
46,33,0,2455.83,0.363736
46,33,1,2615.02,0.409563
46,33,2,2714.54,0.434462
46,33,3,2766.19,0.441933
46,33,4,2786.6,0.439213
46,33,5,2791.7,0.432684
46,33,6,2792.79,0.425264
46,33,7,2794.84,0.41664
46,33,8,2797.93,0.405579
46,33,9,2800.04,0.392305
46,33,10,2798.99,0.378902
46,33,11,2792.48,0.36766
46,33,12,2779.03,0.359954
46,33,13,2756.13,0.354819
46,33,14,2722.52,0.35067
46,33,15,2678.87,0.346176
46,33,16,2628.23,0.34125
46,33,17,2574.56,0.335762
46,33,18,2521.47,0.328563
46,33,19,2470.93,0.317281
46,33,20,2423.87,0.299586
46,33,21,2380.5,0.274133
46,33,22,2341.01,0.241925
46,33,23,2305.05,0.205734
46,33,24,2272.01,0.169079
46,33,25,2241.85,0.13503
46,33,26,2215.62,0.105987
46,33,27,2196.65,0.0832439
46,33,28,2190.11,0.0672659
46,33,29,2201.4,0.0575614
46,33,30,2234.01,0.052587
46,33,31,2288.21,0.0501389
46,33,32,2361.2,0.0480785
46,33,33,2448.23,0.0450158
46,33,34,2543.37,0.0404991
46,33,35,2640.74,0.0348651
46,33,36,2735.05,0.0287432
46,33,37,2822.25,0.0226903
46,33,38,2899.92,0.0170744
46,33,39,2967.43,0.0121573
46,33,40,3024.86,0.00814712
46,33,41,3073.97,0.00516747
46,33,42,3115.96,0.00321359
46,33,43,3150.72,0.00215123
46,33,44,3176.43,0.001864
46,33,45,3189.5,0.00206679
46,33,46,3185.12,0.0025517
46,33,47,3157.25,0.00308319
46,33,48,3097.63,0.00349525
46,33,49,2994.41,0.00359513
46,34,0,2456.32,0.379324
46,34,1,2611.47,0.430836
46,34,2,2705.18,0.460615
46,34,3,2749.56,0.471648
46,34,4,2762.08,0.471134
46,34,5,2759.8,0.465611
46,34,6,2754.87,0.457917
46,34,7,2752.52,0.447274
46,34,8,2752.44,0.43193
46,34,9,2751.95,0.411984
46,34,10,2748.24,0.390168
46,34,11,2738.58,0.369921
46,34,12,2721.18,0.353724
46,34,13,2693.29,0.341498
46,34,14,2653.6,0.331862
46,34,15,2603.24,0.323263
46,34,16,2546.12,0.315314
46,34,17,2487.42,0.307641
46,34,18,2431.9,0.299184
46,34,19,2382.26,0.287848
46,34,20,2339.54,0.271624
46,34,21,2303.46,0.249139
46,34,22,2273.24,0.221058
46,34,23,2247.39,0.189519
46,34,24,2224.21,0.157475
46,34,25,2202.9,0.127637
46,34,26,2184.15,0.102326
46,34,27,2171.38,0.0829325
46,34,28,2170.01,0.0700856
46,34,29,2185.49,0.0633362
46,34,30,2220.97,0.0610407
46,34,31,2276.02,0.0607295
46,34,32,2347.32,0.0600641
46,34,33,2430.11,0.0575456
46,34,34,2519.1,0.0527421
46,34,35,2609.48,0.0461235
46,34,36,2697.05,0.0384935
46,34,37,2778.59,0.0306054
46,34,38,2852.12,0.0230527
46,34,39,2917.21,0.016333
46,34,40,2973.99,0.0108381
46,34,41,3024.27,0.00679112
46,34,42,3069.16,0.00418408
46,34,43,3108.23,0.00281743
46,34,44,3138.98,0.00250485
46,34,45,3156.98,0.00285565
46,34,46,3156.56,0.00358489
46,34,47,3130.98,0.00436785
46,34,48,3071.46,0.00497783
46,34,49,2965.82,0.00514002
46,35,0,2461.52,0.392632
46,35,1,2614.82,0.450232
46,35,2,2704.83,0.485638
46,35,3,2743.54,0.501068
46,35,4,2748.84,0.503362
46,35,5,2738.67,0.499015
46,35,6,2726.2,0.490794
46,35,7,2717.31,0.477644
46,35,8,2711.76,0.457532
46,35,9,2706.41,0.430574
46,35,10,2697.86,0.40014
46,35,11,2682.99,0.370774
46,35,12,2659.91,0.346058
46,35,13,2626.12,0.326868
46,35,14,2580.68,0.312065
46,35,15,2525.24,0.29984
46,35,16,2464.21,0.28934
46,35,17,2403.23,0.279731
46,35,18,2347.4,0.26991
46,35,19,2299.62,0.258065
46,35,20,2260.9,0.242638
46,35,21,2230.68,0.222442
46,35,22,2207.65,0.198
46,35,23,2189.6,0.170979
46,35,24,2174.13,0.143833
46,35,25,2159.88,0.118874
46,35,26,2147.35,0.0982118
46,35,27,2139.99,0.0831142
46,35,28,2143.27,0.0741586
46,35,29,2162.34,0.0707784
46,35,30,2199.75,0.071204
46,35,31,2254.28,0.0728154
46,35,32,2322.22,0.0732381
46,35,33,2399.06,0.071019
46,35,34,2480.47,0.0658233
46,35,35,2562.93,0.0582337
46,35,36,2643.42,0.0491552
46,35,37,2719.52,0.0394627
46,35,38,2789.56,0.0299339
46,35,39,2853.18,0.0213107
46,35,40,2910.32,0.0141932
46,35,41,2962.72,0.00894797
46,35,42,3011.3,0.0056092
46,35,43,3055.3,0.00395401
46,35,44,3091.61,0.00374641
46,35,45,3114.96,0.00449789
46,35,46,3118.81,0.00581132
46,35,47,3095.61,0.00719644
46,35,48,3035.94,0.00827015
46,35,49,2927.34,0.0085895
46,36,0,2465.29,0.403353
46,36,1,2619.37,0.467093
46,36,2,2708.87,0.508645
46,36,3,2745.19,0.529243
46,36,4,2745.95,0.534987
46,36,5,2729.32,0.531978
46,36,6,2709.17,0.52282
46,36,7,2692.27,0.506385
46,36,8,2679.04,0.480743
46,36,9,2666.47,0.44639
46,36,10,2651.07,0.407478
46,36,11,2629.62,0.369631
46,36,12,2600.41,0.337418
46,36,13,2561.47,0.31252
46,36,14,2512.33,0.293859
46,36,15,2454.95,0.279193
46,36,16,2393.55,0.266966
46,36,17,2333.36,0.2557
46,36,18,2279,0.244195
46,36,19,2233.13,0.231049
46,36,20,2196.81,0.215387
46,36,21,2169.68,0.196529
46,36,22,2150.42,0.175092
46,36,23,2136.68,0.152415
46,36,24,2125.74,0.130431
46,36,25,2115.88,0.11091
46,36,26,2107.43,0.0955168
46,36,27,2103.74,0.0851562
46,36,28,2110.08,0.080174
46,36,29,2131.07,0.0798231
46,36,30,2168.57,0.0822927
46,36,31,2220.73,0.0850261
46,36,32,2283.67,0.0858298
46,36,33,2353.37,0.0834629
46,36,34,2426.53,0.0777466
46,36,35,2501.01,0.0693249
46,36,36,2574.89,0.0590983
46,36,37,2646.5,0.0479532
46,36,38,2714.29,0.0367644
46,36,39,2777.71,0.0264751
46,36,40,2836.31,0.0178748
46,36,41,2891.54,0.0114935
46,36,42,2944.08,0.00745352
46,36,43,2992.91,0.00557328
46,36,44,3034.5,0.00560964
46,36,45,3062.94,0.00701138
46,36,46,3070.78,0.00924658
46,36,47,3049.62,0.0115895
46,36,48,2989.29,0.0133992
46,36,49,2877.07,0.0139777
46,37,0,2462.31,0.411478
46,37,1,2619.77,0.481181
46,37,2,2712.41,0.529178
46,37,3,2750.54,0.555526
46,37,4,2750.76,0.565175
46,37,5,2730.59,0.563435
46,37,6,2703.98,0.552642
46,37,7,2678.52,0.531867
46,37,8,2655.88,0.4998
46,37,9,2634.14,0.457814
46,37,10,2610.47,0.411069
46,37,11,2582.07,0.366213
46,37,12,2547.64,0.328556
46,37,13,2505.74,0.300226
46,37,14,2456.14,0.279873
46,37,15,2400.54,0.264544
46,37,16,2342.25,0.251754
46,37,17,2285.25,0.239276
46,37,18,2233.12,0.22585
46,37,19,2188.21,0.210677
46,37,20,2151.88,0.193837
46,37,21,2124.49,0.175469
46,37,22,2105.37,0.156497
46,37,23,2092.47,0.138015
46,37,24,2083.08,0.121351
46,37,25,2075.21,0.107533
46,37,26,2068.91,0.0975424
46,37,27,2067.1,0.0917213
46,37,28,2074.53,0.0900868
46,37,29,2095.13,0.0917466
46,37,30,2130.21,0.0949978
46,37,31,2177.69,0.0975764
46,37,32,2233.88,0.0976701
46,37,33,2295.47,0.0943911
46,37,34,2360.23,0.0877661
46,37,35,2427.21,0.0784713
46,37,36,2495.48,0.0673297
46,37,37,2563.91,0.0551484
46,37,38,2630.84,0.0427932
46,37,39,2695.3,0.0313128
46,37,40,2756.15,0.0216018
46,37,41,2814.38,0.0143255
46,37,42,2870.46,0.00972112
46,37,43,2923.27,0.00772115
46,37,44,2969.14,0.00813614
46,37,45,3001.72,0.0104097
46,37,46,3012.79,0.0138681
46,37,47,2993.01,0.0174915
46,37,48,2931.41,0.020282
46,37,49,2815.13,0.0212074
46,38,0,2448.25,0.416376
46,38,1,2611.28,0.491692
46,38,2,2710.55,0.54623
46,38,3,2754.79,0.578684
46,38,4,2758.86,0.592466
46,38,5,2738.81,0.59175
46,38,6,2707.89,0.578567
46,38,7,2674.34,0.552527
46,38,8,2641.56,0.513489
46,38,9,2609.59,0.464174
46,38,10,2577.17,0.410911
46,38,11,2542.49,0.361202
46,38,12,2504.81,0.320748
46,38,13,2462.91,0.2917
46,38,14,2416.36,0.272115
46,38,15,2365.95,0.258134
46,38,16,2313.4,0.246223
46,38,17,2261.03,0.233407
46,38,18,2211.2,0.218433
46,38,19,2166,0.201243
46,38,20,2127.48,0.18302
46,38,21,2097.16,0.164898
46,38,22,2075.43,0.148185
46,38,23,2060.96,0.133747
46,38,24,2051.17,0.122206
46,38,25,2043.84,0.113721
46,38,26,2038.42,0.108467
46,38,27,2037.04,0.106174
46,38,28,2043.55,0.106566
46,38,29,2061.12,0.108718
46,38,30,2090.84,0.111179
46,38,31,2130.93,0.112117
46,38,32,2178.44,0.110195
46,38,33,2231.01,0.104941
46,38,34,2287.39,0.0966291
46,38,35,2347.6,0.086
46,38,36,2411.35,0.0738217
46,38,37,2477.78,0.0608041
46,38,38,2544.94,0.0477176
46,38,39,2611.19,0.0355806
46,38,40,2674.58,0.0252451
46,38,41,2735.52,0.0174226
46,38,42,2794.26,0.0124532
46,38,43,2849.79,0.0104461
46,38,44,2898.57,0.0113307
46,38,45,2934.07,0.0146143
46,38,46,2947.43,0.0194911
46,38,47,2928.34,0.0246104
46,38,48,2865.09,0.0285385
46,38,49,2744.86,0.029855
46,39,0,2420.71,0.417257
46,39,1,2590.56,0.497587
46,39,2,2698.93,0.558403
46,39,3,2752.53,0.596871
46,39,4,2764,0.61457
46,39,5,2747.26,0.614347
46,39,6,2714.36,0.598025
46,39,7,2673.94,0.566167
46,39,8,2631.4,0.520296
46,39,9,2589.39,0.464785
46,39,10,2548.92,0.407077
46,39,11,2509.6,0.355167
46,39,12,2471.18,0.314695
46,39,13,2432.33,0.287439
46,39,14,2391.81,0.27072
46,39,15,2349.02,0.259815
46,39,16,2303.84,0.25026
46,39,17,2256.9,0.238478
46,39,18,2209.48,0.223272
46,39,19,2163.66,0.205287
46,39,20,2122.29,0.186703
46,39,21,2088.19,0.169548
46,39,22,2062.95,0.155397
46,39,23,2046.06,0.144837
46,39,24,2035.19,0.137751
46,39,25,2027.83,0.133478
46,39,26,2022.6,0.13148
46,39,27,2020.49,0.131054
46,39,28,2024.18,0.131792
46,39,29,2036.16,0.132888
46,39,30,2057.65,0.13321
46,39,31,2087.76,0.131332
46,39,32,2124.8,0.126308
46,39,33,2167.55,0.118012
46,39,34,2215.67,0.106967
46,39,35,2269.74,0.0940702
46,39,36,2329.74,0.0801723
46,39,37,2394.81,0.0659881
46,39,38,2462.52,0.0521919
46,39,39,2530.62,0.0396623
46,39,40,2596.31,0.0290459
46,39,41,2659.45,0.0209715
46,39,42,2720.12,0.0158252
46,39,43,2777.51,0.0139176
46,39,44,2828.32,0.0153378
46,39,45,2866.04,0.0197082
46,39,46,2881.22,0.0260985
46,39,47,2862.71,0.0328066
46,39,48,2798.08,0.0379103
46,39,49,2674.74,0.0395788
46,40,0,2377.29,0.413462
46,40,1,2553.99,0.497995
46,40,2,2672.47,0.564502
46,40,3,2737.16,0.608506
46,40,4,2758.08,0.629601
46,40,5,2746.79,0.629289
46,40,6,2713.95,0.60941
46,40,7,2668.54,0.571896
46,40,8,2617.93,0.520291
46,40,9,2567.6,0.460676
46,40,10,2521.1,0.401286
46,40,11,2479.57,0.350035
46,40,12,2443.07,0.311962
46,40,13,2409.71,0.288153
46,40,14,2377.04,0.27529
46,40,15,2342.91,0.268134
46,40,16,2305.57,0.261752
46,40,17,2264.41,0.252311
46,40,18,2220.01,0.23875
46,40,19,2174.58,0.222206
46,40,20,2131.69,0.20546
46,40,21,2095.14,0.191008
46,40,22,2067.5,0.180352
46,40,23,2048.94,0.173667
46,40,24,2037.36,0.170158
46,40,25,2029.95,0.168579
46,40,26,2024.43,0.167995
46,40,27,2020.55,0.167609
46,40,28,2019.79,0.167131
46,40,29,2024.12,0.166002
46,40,30,2035.21,0.163382
46,40,31,2053.5,0.158072
46,40,32,2078.88,0.149284
46,40,33,2111.42,0.137055
46,40,34,2151.44,0.12211
46,40,35,2199.74,0.105624
46,40,36,2256.15,0.0887549
46,40,37,2319.62,0.0724381
46,40,38,2387.34,0.0573591
46,40,39,2456.65,0.0442202
46,40,40,2524.14,0.0333325
46,40,41,2589.25,0.0251015
46,40,42,2651.89,0.0198586
46,40,43,2711.39,0.0180808
46,40,44,2764.66,0.0200118
46,40,45,2805.11,0.0254041
46,40,46,2822.74,0.0332122
46,40,47,2805.6,0.0413927
46,40,48,2740.65,0.047538
46,40,49,2615.61,0.0494343
46,41,0,2319.92,0.405665
46,41,1,2501.67,0.493328
46,41,2,2629.09,0.564492
46,41,3,2704.19,0.613075
46,41,4,2734.39,0.636744
46,41,5,2729.05,0.635835
46,41,6,2697.62,0.612497
46,41,7,2649.41,0.570358
46,41,8,2593.6,0.515131
46,41,9,2538.27,0.454397
46,41,10,2489.25,0.396624
46,41,11,2448.86,0.348913
46,41,12,2417.09,0.315099
46,41,13,2391.05,0.295319
46,41,14,2366.96,0.285883
46,41,15,2341.38,0.281654
46,41,16,2311.56,0.27797
46,41,17,2276.35,0.271334
46,41,18,2236.15,0.261002
46,41,19,2193.32,0.248329
46,41,20,2151.78,0.236115
46,41,21,2115.74,0.226659
46,41,22,2088.15,0.220876
46,41,23,2069.55,0.218349
46,41,24,2058,0.217731
46,41,25,2050.44,0.21756
46,41,26,2043.89,0.216947
46,41,27,2037.08,0.215394
46,41,28,2030.54,0.212941
46,41,29,2025.96,0.209314
46,41,30,2025.69,0.203829
46,41,31,2031.59,0.195244
46,41,32,2045.18,0.182619
46,41,33,2067.69,0.165909
46,41,34,2099.9,0.145958
46,41,35,2142.45,0.124324
46,41,36,2194.79,0.102732
46,41,37,2255.65,0.0826287
46,41,38,2322.13,0.0649461
46,41,39,2391.64,0.0503002
46,41,40,2460.55,0.0386386
46,41,41,2528.1,0.0300431
46,41,42,2594.04,0.0246701
46,41,43,2657.6,0.0230596
46,41,44,2715.56,0.0255356
46,41,45,2760.96,0.0319283
46,41,46,2783.1,0.0410532
46,41,47,2769.17,0.0505309
46,41,48,2705.6,0.0574957
46,41,49,2580.3,0.0594069
46,42,0,2254.45,0.395425
46,42,1,2437.5,0.484777
46,42,2,2570.13,0.558987
46,42,3,2652.31,0.610629
46,42,4,2689.26,0.635769
46,42,5,2688.65,0.633915
46,42,6,2659.14,0.607803
46,42,7,2610.43,0.562883
46,42,8,2553.21,0.506919
46,42,9,2497.48,0.448567
46,42,10,2450.61,0.395859
46,42,11,2415.38,0.354322
46,42,12,2391.12,0.326017
46,42,13,2373.65,0.309909
46,42,14,2358.01,0.302254
46,42,15,2340.03,0.298722
46,42,16,2316.83,0.295805
46,42,17,2287.52,0.291096
46,42,18,2252.78,0.284481
46,42,19,2215.13,0.277341
46,42,20,2178.28,0.271906
46,42,21,2146.1,0.269557
46,42,22,2121.24,0.270073
46,42,23,2104.19,0.272254
46,42,24,2093.08,0.274371
46,42,25,2084.86,0.275149
46,42,26,2076.22,0.274163
46,42,27,2065.32,0.271491
46,42,28,2052.2,0.267567
46,42,29,2038.53,0.262289
46,42,30,2027.36,0.254915
46,42,31,2021.81,0.243895
46,42,32,2024.71,0.227884
46,42,33,2038.15,0.206546
46,42,34,2063.03,0.180754
46,42,35,2099.61,0.152509
46,42,36,2146.95,0.124304
46,42,37,2203.78,0.0983963
46,42,38,2267.59,0.0762687
46,42,39,2336.4,0.0586695
46,42,40,2406.85,0.0452841
46,42,41,2478.23,0.0358527
46,42,42,2550.05,0.0302501
46,42,43,2621.09,0.028923
46,42,44,2687.44,0.032135
46,42,45,2741.25,0.0396685
46,42,46,2770.78,0.0501311
46,42,47,2762.32,0.0607887
46,42,48,2701.78,0.0683483
46,42,49,2577.16,0.070005
46,43,0,2190.55,0.384352
46,43,1,2369.53,0.473502
46,43,2,2501.3,0.54852
46,43,3,2584.67,0.601152
46,43,4,2623.63,0.626423
46,43,5,2624.95,0.623455
46,43,6,2597,0.595734
46,43,7,2549.95,0.550386
46,43,8,2495.47,0.496842
46,43,9,2444.59,0.444287
46,43,10,2405.09,0.399704
46,43,11,2379.24,0.366443
46,43,12,2365.11,0.344377
46,43,13,2357.08,0.33113
46,43,14,2349.35,0.323134
46,43,15,2337.72,0.317425
46,43,16,2319.96,0.312423
46,43,17,2296.17,0.307534
46,43,18,2267.65,0.303676
46,43,19,2236.97,0.302238
46,43,20,2207.19,0.304483
46,43,21,2181.17,0.310319
46,43,22,2160.69,0.31799
46,43,23,2145.9,0.325399
46,43,24,2134.98,0.330626
46,43,25,2125.19,0.332909
46,43,26,2113.33,0.332553
46,43,27,2097.54,0.330266
46,43,28,2077.76,0.326713
46,43,29,2055.89,0.321682
46,43,30,2035.59,0.31411
46,43,31,2020.83,0.301963
46,43,32,2015.24,0.283386
46,43,33,2021.23,0.257672
46,43,34,2039.53,0.225683
46,43,35,2069.98,0.189855
46,43,36,2111.45,0.153546
46,43,37,2163.07,0.120016
46,43,38,2223.18,0.0915918
46,43,39,2290.95,0.0694437
46,43,40,2363.64,0.0532111
46,43,41,2440.82,0.0423782
46,43,42,2521.62,0.0364839
46,43,43,2603.9,0.0357139
46,43,44,2682.45,0.0400928
46,43,45,2747.95,0.0491739
46,43,46,2787.35,0.061242
46,43,47,2786.03,0.0731466
46,43,48,2729.51,0.0811731
46,43,49,2605.76,0.0822969
46,44,0,2138.53,0.372899
46,44,1,2307.46,0.459514
46,44,2,2430.92,0.532608
46,44,3,2507.96,0.583782
46,44,4,2542.58,0.607719
46,44,5,2541.68,0.603576
46,44,6,2513.97,0.575578
46,44,7,2470.01,0.532112
46,44,8,2421.9,0.483678
46,44,9,2380.57,0.439446
46,44,10,2353.05,0.404962
46,44,11,2340.11,0.381156
46,44,12,2338.18,0.365608
46,44,13,2340.24,0.354534
46,44,14,2340.02,0.34462
46,44,15,2333.86,0.334496
46,44,16,2320.72,0.32488
46,44,17,2302.01,0.317435
46,44,18,2279.82,0.314427
46,44,19,2256.63,0.317383
46,44,20,2234.54,0.326502
46,44,21,2215.07,0.340024
46,44,22,2198.94,0.354558
46,44,23,2185.85,0.367172
46,44,24,2174.2,0.375962
46,44,25,2161.76,0.380892
46,44,26,2145.85,0.383057
46,44,27,2124.93,0.383618
46,44,28,2099.21,0.383118
46,44,29,2070.88,0.380843
46,44,30,2044.01,0.37512
46,44,31,2022.98,0.363363
46,44,32,2011.59,0.343272
46,44,33,2012.06,0.313856
46,44,34,2024.71,0.275998
46,44,35,2049.09,0.232531
46,44,36,2084.26,0.187614
46,44,37,2130.13,0.145539
46,44,38,2186.31,0.109646
46,44,39,2253.42,0.0817945
46,44,40,2329.48,0.0618456
46,44,41,2414.37,0.0492052
46,44,42,2506.64,0.0431038
46,44,43,2602.85,0.0433401
46,44,44,2695.98,0.0495349
46,44,45,2774.87,0.0608178
46,44,46,2825.09,0.0750115
46,44,47,2831.34,0.0884495
46,44,48,2778.92,0.0969638
46,44,49,2655.74,0.0973204
46,45,0,2103.75,0.359589
46,45,1,2257.4,0.441063
46,45,2,2365.51,0.509335
46,45,3,2428.67,0.556575
46,45,4,2452.27,0.577775
46,45,5,2444.45,0.572436
46,45,6,2414.8,0.545318
46,45,7,2374.29,0.50546
46,45,8,2334.71,0.463743
46,45,9,2305.95,0.428888
46,45,10,2293.21,0.40494
46,45,11,2295.16,0.390606
46,45,12,2306.49,0.38145
46,45,13,2318.94,0.372386
46,45,14,2326.17,0.360277
46,45,15,2325.28,0.345168
46,45,16,2316.55,0.32992
46,45,17,2302.63,0.318411
46,45,18,2286.3,0.314342
46,45,19,2269.81,0.319544
46,45,20,2254.28,0.33335
46,45,21,2239.93,0.352531
46,45,22,2226.59,0.37232
46,45,23,2213.7,0.389185
46,45,24,2200.05,0.401466
46,45,25,2184.08,0.409942
46,45,26,2163.82,0.416412
46,45,27,2138.21,0.422198
46,45,28,2107.84,0.427322
46,45,29,2075.18,0.430172
46,45,30,2044.5,0.428222
46,45,31,2020.11,0.418332
46,45,32,2005.47,0.397941
46,45,33,2002.23,0.365971
46,45,34,2010.25,0.323435
46,45,35,2029,0.27349
46,45,36,2058.09,0.220905
46,45,37,2098.52,0.170839
46,45,38,2151.36,0.127609
46,45,39,2218.57,0.0939108
46,45,40,2298.93,0.0700621
46,45,41,2392.5,0.0556095
46,45,42,2497.09,0.0495856
46,45,43,2607.74,0.0513661
46,45,44,2715.48,0.0600698
46,45,45,2807.29,0.0742576
46,45,46,2867.6,0.0911708
46,45,47,2880.64,0.106529
46,45,48,2831.73,0.115662
46,45,49,2708.77,0.115113
46,46,0,2081.24,0.341729
46,46,1,2216.33,0.415533
46,46,2,2304.31,0.476399
46,46,3,2348.12,0.517623
46,46,4,2355.54,0.53499
46,46,5,2336.8,0.528464
46,46,6,2302.88,0.503002
46,46,7,2265.05,0.467623
46,46,8,2234.29,0.432933
46,46,9,2218.65,0.406931
46,46,10,2220.99,0.392396
46,46,11,2237.69,0.386398
46,46,12,2261.9,0.383089
46,46,13,2284.5,0.376376
46,46,14,2299.29,0.363149
46,46,15,2304.08,0.344374
46,46,16,2300.19,0.324426
46,46,17,2291.12,0.30889
46,46,18,2280.01,0.302668
46,46,19,2268.81,0.308005
46,46,20,2257.77,0.323728
46,46,21,2246.22,0.345629
46,46,22,2233.47,0.368082
46,46,23,2219.05,0.387311
46,46,24,2202.29,0.402099
46,46,25,2182.37,0.414027
46,46,26,2158.02,0.425455
46,46,27,2128.69,0.437618
46,46,28,2095.3,0.449755
46,46,29,2060.44,0.459127
46,46,30,2028.33,0.46222
46,46,31,2002.92,0.455392
46,46,32,1986.95,0.436008
46,46,33,1981.38,0.403128
46,46,34,1985.65,0.358004
46,46,35,1999.43,0.304026
46,46,36,2023.16,0.246285
46,46,37,2059.01,0.190475
46,46,38,2109.36,0.141646
46,46,39,2177.29,0.103289
46,46,40,2262.04,0.0762977
46,46,41,2363.69,0.060551
46,46,42,2479.33,0.0550472
46,46,43,2602.6,0.0588058
46,46,44,2722.81,0.0704536
46,46,45,2825.42,0.0879436
46,46,46,2893.95,0.107899
46,46,47,2912.35,0.125397
46,46,48,2866.04,0.135259
46,46,49,2743.09,0.133802
46,47,0,2056.16,0.315989
46,47,1,2171.51,0.379977
46,47,2,2237.73,0.431533
46,47,3,2260.17,0.465394
46,47,4,2249.3,0.478362
46,47,5,2217.77,0.470811
46,47,6,2178.11,0.447501
46,47,7,2141.79,0.416808
46,47,8,2118.56,0.388503
46,47,9,2114.35,0.36972
46,47,10,2129.63,0.362366
46,47,11,2158.75,0.362672
46,47,12,2193.89,0.364184
46,47,13,2225.42,0.360286
46,47,14,2247.44,0.347799
46,47,15,2258.26,0.328004
46,47,16,2259.76,0.305914
46,47,17,2255.74,0.28798
46,47,18,2249.31,0.279796
46,47,19,2241.99,0.283969
46,47,20,2233.44,0.29919
46,47,21,2222.57,0.320868
46,47,22,2208.62,0.343134
46,47,23,2191.49,0.362338
46,47,24,2171.13,0.377828
46,47,25,2147.45,0.391892
46,47,26,2119.8,0.407301
46,47,27,2088.02,0.425115
46,47,28,2053.22,0.443788
46,47,29,2018.01,0.459509
46,47,30,1986.28,0.46784
46,47,31,1961.41,0.464734
46,47,32,1945.34,0.447617
46,47,33,1938.34,0.415824
46,47,34,1939.66,0.370884
46,47,35,1949.35,0.316295
46,47,36,1968.7,0.257145
46,47,37,2000.94,0.199238
46,47,38,2049.4,0.147962
46,47,39,2117.89,0.107366
46,47,40,2205.82,0.0788818
46,47,41,2313.21,0.0628173
46,47,42,2436.65,0.0582986
46,47,43,2568.86,0.0641368
46,47,44,2697.96,0.0785883
46,47,45,2808.37,0.0990978
46,47,46,2882.82,0.121769
46,47,47,2904.98,0.141149
46,47,48,2860.37,0.151656
46,47,49,2737.45,0.14944
46,48,0,2009.48,0.280463
46,48,1,2105.43,0.333234
46,48,2,2151.04,0.374536
46,48,3,2153.59,0.400594
46,48,4,2125.81,0.409217
46,48,5,2082.45,0.401032
46,48,6,2037.31,0.380255
46,48,7,2001.71,0.354148
46,48,8,1984.02,0.331231
46,48,9,1988.09,0.317691
46,48,10,2012.4,0.314945
46,48,11,2049.95,0.319159
46,48,12,2092.6,0.324076
46,48,13,2130.72,0.323132
46,48,14,2158.79,0.313107
46,48,15,2175.38,0.295107
46,48,16,2182.46,0.273932
46,48,17,2183.57,0.256
46,48,18,2181.4,0.246963
46,48,19,2177,0.249591
46,48,20,2169.67,0.262717
46,48,21,2158.29,0.281912
46,48,22,2142.39,0.301622
46,48,23,2122.38,0.318615
46,48,24,2098.83,0.332805
46,48,25,2072.3,0.346978
46,48,26,2042.61,0.364154
46,48,27,2009.91,0.385254
46,48,28,1975.36,0.408206
46,48,29,1941.35,0.428484
46,48,30,1911.36,0.441032
46,48,31,1888.05,0.441585
46,48,32,1872.63,0.427708
46,48,33,1864.87,0.399025
46,48,34,1863.98,0.357269
46,48,35,1870.48,0.305863
46,48,36,1886.36,0.249578
46,48,37,1915.55,0.193901
46,48,38,1961.94,0.144091
46,48,39,2029.56,0.104388
46,48,40,2117.91,0.0765876
46,48,41,2227,0.0613969
46,48,42,2353.33,0.0581786
46,48,43,2489.36,0.0657141
46,48,44,2622.78,0.0820905
46,48,45,2737.37,0.104471
46,48,46,2815.23,0.128685
46,48,47,2839.58,0.149037
46,48,48,2796,0.159798
46,48,49,2673.79,0.157104
46,49,0,1925.74,0.235929
46,49,1,2003.25,0.277031
46,49,2,2031.28,0.308134
46,49,3,2018.17,0.326789
46,49,4,1978.03,0.33166
46,49,5,1926.75,0.323455
46,49,6,1878.53,0.305621
46,49,7,1844.06,0.284036
46,49,8,1830.15,0.265699
46,49,9,1838.91,0.25577
46,49,10,1867.54,0.25542
46,49,11,1908.55,0.261308
46,49,12,1954.18,0.267994
46,49,13,1995.37,0.26953
46,49,14,2027.12,0.262825
46,49,15,2048.11,0.248555
46,49,16,2060.04,0.230731
46,49,17,2065.78,0.215005
46,49,18,2067.36,0.206506
46,49,19,2065.31,0.207893
46,49,20,2058.77,0.218266
46,49,21,2046.82,0.233749
46,49,22,2029.41,0.249515
46,49,23,2007.47,0.262908
46,49,24,1982.13,0.274286
46,49,25,1954.39,0.28663
46,49,26,1924.47,0.303008
46,49,27,1892.66,0.324281
46,49,28,1860.07,0.348242
46,49,29,1828.77,0.370212
46,49,30,1801.62,0.38501
46,49,31,1780.64,0.388433
46,49,32,1766.45,0.378246
46,49,33,1758.5,0.354283
46,49,34,1756.16,0.318302
46,49,35,1760.28,0.273448
46,49,36,1773.31,0.223897
46,49,37,1799.39,0.174466
46,49,38,1842.51,0.129873
46,49,39,1906.59,0.0941387
46,49,40,1991.22,0.0691732
46,49,41,2096.52,0.0559417
46,49,42,2219.39,0.0540747
46,49,43,2352.78,0.062478
46,49,44,2484.7,0.0792938
46,49,45,2598.94,0.1017
46,49,46,2677.15,0.125601
46,49,47,2702.1,0.145476
46,49,48,2659.54,0.155829
46,49,49,2540.19,0.153009
47,0,0,2963.09,0.361273
47,0,1,3120.19,0.444316
47,0,2,3211.08,0.519861
47,0,3,3250.31,0.584543
47,0,4,3254.51,0.636363
47,0,5,3239.55,0.673508
47,0,6,3218.25,0.69387
47,0,7,3197.65,0.696228
47,0,8,3180.06,0.682376
47,0,9,3166.02,0.658248
47,0,10,3156.89,0.63348
47,0,11,3154.5,0.61863
47,0,12,3160.04,0.621506
47,0,13,3170.28,0.643317
47,0,14,3177.84,0.678365
47,0,15,3174.4,0.717148
47,0,16,3153.45,0.750594
47,0,17,3112.33,0.773942
47,0,18,3053.19,0.787404
47,0,19,2981.71,0.793488
47,0,20,2905.35,0.793842
47,0,21,2831.52,0.787418
47,0,22,2765.82,0.770255
47,0,23,2711.6,0.738544
47,0,24,2669.31,0.69045
47,0,25,2637.12,0.627463
47,0,26,2613.3,0.553972
47,0,27,2597.07,0.475842
47,0,28,2589.69,0.398845
47,0,29,2593.24,0.327427
47,0,30,2609.56,0.264544
47,0,31,2638.54,0.211836
47,0,32,2677.46,0.16993
47,0,33,2721.59,0.138999
47,0,34,2765.74,0.118632
47,0,35,2805.84,0.107159
47,0,36,2839.67,0.101991
47,0,37,2866.96,0.100041
47,0,38,2888.98,0.0979796
47,0,39,2908.7,0.0935718
47,0,40,2927.98,0.0856247
47,0,41,2950.16,0.0747994
47,0,42,2977.32,0.0631116
47,0,43,3009.56,0.0534975
47,0,44,3043.39,0.0486278
47,0,45,3071,0.049855
47,0,46,3080.29,0.056397
47,0,47,3056,0.0652655
47,0,48,2981.78,0.0723709
47,0,49,2842.01,0.0740558
47,1,0,3141.25,0.427417
47,1,1,3299.74,0.521033
47,1,2,3391.41,0.604283
47,1,3,3431.97,0.674269
47,1,4,3437.48,0.72999
47,1,5,3422.67,0.770539
47,1,6,3399.7,0.79409
47,1,7,3376.09,0.799173
47,1,8,3355.34,0.787268
47,1,9,3339.27,0.764372
47,1,10,3329.81,0.740728
47,1,11,3328.6,0.72768
47,1,12,3336.08,0.733465
47,1,13,3347.99,0.758855
47,1,14,3356.35,0.796908
47,1,15,3352.74,0.836738
47,1,16,3330.99,0.868384
47,1,17,3289.04,0.887101
47,1,18,3229.56,0.893978
47,1,19,3158.45,0.892708
47,1,20,3082.98,0.885883
47,1,21,3009.89,0.872903
47,1,22,2943.92,0.849574
47,1,23,2887.85,0.811644
47,1,24,2842.2,0.756889
47,1,25,2805.76,0.686838
47,1,26,2777.7,0.606284
47,1,27,2758.02,0.52171
47,1,28,2748.35,0.439333
47,1,29,2750.63,0.363659
47,1,30,2766.25,0.297375
47,1,31,2794.7,0.24167
47,1,32,2833.12,0.196848
47,1,33,2876.89,0.163041
47,1,34,2921.14,0.140031
47,1,35,2962.03,0.126398
47,1,36,2997.3,0.119604
47,1,37,3026.35,0.116404
47,1,38,3049.92,0.113082
47,1,39,3070.3,0.107071
47,1,40,3089.05,0.0970973
47,1,41,3109.47,0.0840057
47,1,42,3133.94,0.0701526
47,1,43,3162.98,0.0588419
47,1,44,3193.59,0.0528764
47,1,45,3218.42,0.0535309
47,1,46,3226,0.0597741
47,1,47,3201.67,0.0683457
47,1,48,3129.11,0.0749871
47,1,49,2991.3,0.0760352
47,2,0,3259.89,0.483293
47,2,1,3418.87,0.58401
47,2,2,3510.51,0.671008
47,2,3,3551.29,0.742064
47,2,4,3556.77,0.797565
47,2,5,3540.76,0.838054
47,2,6,3514.95,0.862511
47,2,7,3487.33,0.869495
47,2,8,3462.67,0.860014
47,2,9,3443.92,0.839552
47,2,10,3433.49,0.818088
47,2,11,3432.64,0.806863
47,2,12,3441,0.813955
47,2,13,3453.41,0.839644
47,2,14,3461.55,0.876227
47,2,15,3457.11,0.912239
47,2,16,3434.44,0.937645
47,2,17,3392.08,0.948171
47,2,18,3333.15,0.945839
47,2,19,3263.71,0.935342
47,2,20,3190.7,0.920062
47,2,21,3120.09,0.899903
47,2,22,3055.62,0.870733
47,2,23,2999.33,0.828179
47,2,24,2951.66,0.769814
47,2,25,2912.01,0.697173
47,2,26,2880.44,0.615177
47,2,27,2857.68,0.530524
47,2,28,2845.62,0.449416
47,2,29,2845.97,0.37598
47,2,30,2859.69,0.312219
47,2,31,2886.02,0.258537
47,2,32,2922.21,0.214703
47,2,33,2964.1,0.180719
47,2,34,3007.35,0.156621
47,2,35,3048.47,0.141477
47,2,36,3085.19,0.133092
47,2,37,3116.47,0.128364
47,2,38,3142.35,0.123472
47,2,39,3164.29,0.115696
47,2,40,3183.36,0.103816
47,2,41,3202.69,0.0888791
47,2,42,3224.88,0.0735074
47,2,43,3250.89,0.0612067
47,2,44,3278.19,0.0546951
47,2,45,3299.96,0.0549929
47,2,46,3305.37,0.0607589
47,2,47,3280.42,0.0685638
47,2,48,3209.13,0.0742094
47,2,49,3073.91,0.0742905
47,3,0,3331.92,0.528212
47,3,1,3492.05,0.633481
47,3,2,3583.93,0.721458
47,3,3,3624.47,0.790536
47,3,4,3628.9,0.842601
47,3,5,3610.39,0.879991
47,3,6,3580.46,0.90295
47,3,7,3547.75,0.910365
47,3,8,3518.24,0.902675
47,3,9,3495.97,0.884342
47,3,10,3483.67,0.864326
47,3,11,3482.09,0.85306
47,3,12,3490.13,0.858159
47,3,13,3501.92,0.879673
47,3,14,3509.09,0.909897
47,3,15,3503.63,0.937712
47,3,16,3480.4,0.953728
47,3,17,3438.48,0.954371
47,3,18,3381.24,0.942311
47,3,19,3314.64,0.922756
47,3,20,3245.18,0.899481
47,3,21,3177.98,0.872799
47,3,22,3115.85,0.838908
47,3,23,3060.19,0.793656
47,3,24,3011.32,0.734687
47,3,25,2969.22,0.663552
47,3,26,2934.65,0.585071
47,3,27,2908.9,0.505762
47,3,28,2893.96,0.431419
47,3,29,2891.31,0.36547
47,3,30,2901.59,0.308992
47,3,31,2924.03,0.261453
47,3,32,2956.32,0.221988
47,3,33,2994.97,0.190396
47,3,34,3036.38,0.166957
47,3,35,3077.46,0.15131
47,3,36,3115.88,0.141765
47,3,37,3150.08,0.135562
47,3,38,3179.29,0.129036
47,3,39,3204.03,0.119522
47,3,40,3224.81,0.106009
47,3,41,3244.44,0.0897898
47,3,42,3265.62,0.0736887
47,3,43,3289.6,0.0612551
47,3,44,3314.21,0.054945
47,3,45,3333.09,0.0553815
47,3,46,3335.96,0.0608601
47,3,47,3309.53,0.0678342
47,3,48,3238.3,0.072293
47,3,49,3104.66,0.0712376
47,4,0,3369.25,0.562518
47,4,1,3531.44,0.670843
47,4,2,3624.06,0.758464
47,4,3,3664.25,0.824143
47,4,4,3666.98,0.871133
47,4,5,3645.11,0.903631
47,4,6,3610.21,0.923386
47,4,7,3571.7,0.929789
47,4,8,3536.81,0.922606
47,4,9,3510.47,0.904901
47,4,10,3495.52,0.884114
47,4,11,3492.13,0.869561
47,4,12,3498.58,0.868495
47,4,13,3508.69,0.881316
47,4,14,3514.39,0.901182
47,4,15,3508.18,0.918107
47,4,16,3485.46,0.923765
47,4,17,3445.58,0.915163
47,4,18,3391.79,0.895052
47,4,19,3329.61,0.868503
47,4,20,3264.77,0.839206
47,4,21,3201.58,0.807732
47,4,22,3142.13,0.770823
47,4,23,3087.42,0.724852
47,4,24,3037.82,0.667782
47,4,25,2993.76,0.601198
47,4,26,2956.5,0.529611
47,4,27,2927.58,0.459028
47,4,28,2908.95,0.394551
47,4,29,2901.85,0.338771
47,4,30,2906.84,0.291851
47,4,31,2923.46,0.252438
47,4,32,2950.08,0.219143
47,4,33,2984.14,0.191585
47,4,34,3022.86,0.170229
47,4,35,3063.56,0.155202
47,4,36,3103.8,0.145277
47,4,37,3141.43,0.138067
47,4,38,3174.81,0.130218
47,4,39,3203.55,0.1193
47,4,40,3227.49,0.104638
47,4,41,3249.11,0.0878127
47,4,42,3270.98,0.0717998
47,4,43,3294.36,0.0600604
47,4,44,3317.27,0.0546776
47,4,45,3333.66,0.0558031
47,4,46,3333.82,0.0613558
47,4,47,3305.14,0.0676996
47,4,48,3232.78,0.0710537
47,4,49,3099.5,0.0688586
47,5,0,3379.95,0.585787
47,5,1,3544.55,0.696046
47,5,2,3638.11,0.782757
47,5,3,3677.81,0.844805
47,5,4,3678.45,0.886536
47,5,5,3652.79,0.91381
47,5,6,3612.75,0.929821
47,5,7,3568.64,0.934408
47,5,8,3528.79,0.926514
47,5,9,3498.68,0.907569
47,5,10,3480.91,0.883318
47,5,11,3474.93,0.862047
47,5,12,3478.65,0.851093
47,5,13,3486.11,0.851933
47,5,14,3490.04,0.85935
47,5,15,3483.75,0.864965
47,5,16,3463.1,0.861535
47,5,17,3427.41,0.846239
47,5,18,3379.3,0.821247
47,5,19,3323.34,0.790896
47,5,20,3264.24,0.758432
47,5,21,3205.52,0.724574
47,5,22,3148.85,0.686749
47,5,23,3095.19,0.642025
47,5,24,3045.17,0.58881
47,5,25,2999.59,0.528657
47,5,26,2959.9,0.465587
47,5,27,2927.62,0.40483
47,5,28,2904.47,0.350651
47,5,29,2891.55,0.304858
47,5,30,2889.56,0.26695
47,5,31,2898.58,0.235131
47,5,32,2917.96,0.207811
47,5,33,2946.18,0.184572
47,5,34,2981.35,0.166007
47,5,35,3021.18,0.152523
47,5,36,3063.09,0.143152
47,5,37,3104.33,0.13575
47,5,38,3142.41,0.127301
47,5,39,3176.06,0.115701
47,5,40,3204.53,0.100675
47,5,41,3229.82,0.0840875
47,5,42,3254.17,0.068997
47,5,43,3278.55,0.0586569
47,5,44,3300.87,0.0547264
47,5,45,3315.29,0.0568874
47,5,46,3312.7,0.0627376
47,5,47,3281.3,0.0686108
47,5,48,3207.01,0.0709836
47,5,49,3073.22,0.0677181
47,6,0,3368.2,0.596561
47,6,1,3534.69,0.707101
47,6,2,3628.8,0.792153
47,6,3,3667.55,0.85067
47,6,4,3665.68,0.887837
47,6,5,3636.14,0.91079
47,6,6,3591.43,0.923812
47,6,7,3542.88,0.926876
47,6,8,3499.61,0.917885
47,6,9,3467.12,0.896519
47,6,10,3447.24,0.866908
47,6,11,3438.51,0.836651
47,6,12,3438.77,0.813728
47,6,13,3442.85,0.801326
47,6,14,3444.91,0.796324
47,6,15,3439.34,0.79207
47,6,16,3422.41,0.782134
47,6,17,3393.05,0.763399
47,6,18,3352.72,0.736948
47,6,19,3304.59,0.706056
47,6,20,3252.18,0.673399
47,6,21,3198.25,0.6398
47,6,22,3144.45,0.603398
47,6,23,3091.99,0.561915
47,6,24,3041.9,0.514142
47,6,25,2995.27,0.46146
47,6,26,2953.52,0.407236
47,6,27,2917.92,0.355772
47,6,28,2889.86,0.31046
47,6,29,2870.32,0.27248
47,6,30,2860.36,0.241032
47,6,31,2860.77,0.214357
47,6,32,2871.96,0.191102
47,6,33,2893.53,0.171066
47,6,34,2924.49,0.154978
47,6,35,2962.98,0.143326
47,6,36,3006.3,0.135165
47,6,37,3051.13,0.12841
47,6,38,3094.24,0.120306
47,6,39,3133.59,0.109073
47,6,40,3167.84,0.0947762
47,6,41,3198.42,0.0794689
47,6,42,3226.93,0.0661703
47,6,43,3253.77,0.0578035
47,6,44,3276.49,0.05559
47,6,45,3289.45,0.0588061
47,6,46,3284.18,0.0648527
47,6,47,3249.81,0.0701542
47,6,48,3173.22,0.0715129
47,6,49,3038.56,0.067207
47,7,0,3334.82,0.593351
47,7,1,3502.02,0.701662
47,7,2,3595.76,0.783681
47,7,3,3632.78,0.838616
47,7,4,3627.88,0.872314
47,7,5,3594.51,0.892684
47,7,6,3546.11,0.904504
47,7,7,3495,0.907396
47,7,8,3450.72,0.897987
47,7,9,3418.1,0.874217
47,7,10,3397.57,0.838831
47,7,11,3386.64,0.799134
47,7,12,3383.3,0.76418
47,7,13,3383.74,0.739201
47,7,14,3383.98,0.723304
47,7,15,3379.82,0.711418
47,7,16,3367.85,0.697586
47,7,17,3346.27,0.6781
47,7,18,3315.04,0.652796
47,7,19,3275.7,0.623885
47,7,20,3230.5,0.593559
47,7,21,3181.65,0.56272
47,7,22,3130.91,0.530071
47,7,23,3079.94,0.493757
47,7,24,3030.23,0.452741
47,7,25,2983.09,0.408059
47,7,26,2939.77,0.362354
47,7,27,2901.22,0.318968
47,7,28,2868.53,0.280467
47,7,29,2842.64,0.247557
47,7,30,2824.95,0.219433
47,7,31,2816.95,0.194775
47,7,32,2820.06,0.172855
47,7,33,2834.97,0.153979
47,7,34,2861.6,0.139114
47,7,35,2898.59,0.12876
47,7,36,2943.24,0.12187
47,7,37,2991.81,0.116291
47,7,38,3040.44,0.109433
47,7,39,3086.39,0.0997346
47,7,40,3127.66,0.0874354
47,7,41,3164.93,0.0745729
47,7,42,3198.93,0.0639445
47,7,43,3229.25,0.0580143
47,7,44,3253.01,0.0575705
47,7,45,3264.81,0.0615859
47,7,46,3256.95,0.067429
47,7,47,3219.62,0.071779
47,7,48,3140.71,0.0718764
47,7,49,3005.21,0.0664493
47,8,0,3279.64,0.576737
47,8,1,3446.13,0.679947
47,8,2,3538.38,0.75722
47,8,3,3572.74,0.808357
47,8,4,3564.3,0.839744
47,8,5,3527.35,0.859534
47,8,6,3476.52,0.872322
47,8,7,3425.12,0.876875
47,8,8,3382.54,0.8684
47,8,9,3352.25,0.843237
47,8,10,3332.81,0.803034
47,8,11,3320.62,0.755061
47,8,12,3314.05,0.709575
47,8,13,3310.97,0.673807
47,8,14,3309.54,0.64893
47,8,15,3307.05,0.63123
47,8,16,3300.4,0.615051
47,8,17,3286.96,0.596117
47,8,18,3265.08,0.573229
47,8,19,3234.71,0.547775
47,8,20,3196.92,0.521593
47,8,21,3153.44,0.495549
47,8,22,3106.19,0.468609
47,8,23,3057.22,0.438994
47,8,24,3008.41,0.40561
47,8,25,2961.23,0.369071
47,8,26,2916.85,0.331361
47,8,27,2876.06,0.294971
47,8,28,2839.76,0.261723
47,8,29,2808.9,0.231903
47,8,30,2785.08,0.204807
47,8,31,2770.27,0.179699
47,8,32,2766.64,0.156683
47,8,33,2775.83,0.136798
47,8,34,2798.69,0.12143
47,8,35,2834.51,0.111195
47,8,36,2880.82,0.105003
47,8,37,2933.63,0.100647
47,8,38,2988.56,0.095631
47,8,39,3042.11,0.088468
47,8,40,3091.5,0.0793331
47,8,41,3136.44,0.0699801
47,8,42,3176.62,0.0627704
47,8,43,3210.76,0.0596007
47,8,44,3235.71,0.0608469
47,8,45,3246.41,0.0652979
47,8,46,3236.06,0.0704504
47,8,47,3195.95,0.0733893
47,8,48,3115.02,0.0718968
47,8,49,2979.08,0.0651926
47,9,0,3203.26,0.549633
47,9,1,3367.94,0.645485
47,9,2,3457.91,0.716791
47,9,3,3489.1,0.764231
47,9,4,3477.08,0.794587
47,9,5,3437.34,0.815736
47,9,6,3385.84,0.831479
47,9,7,3336.58,0.839372
47,9,8,3298.22,0.833242
47,9,9,3272.31,0.808121
47,9,10,3255.41,0.764836
47,9,11,3242.91,0.710683
47,9,12,3233.69,0.656915
47,9,13,3227.36,0.612386
47,9,14,3224.21,0.580005
47,9,15,3223.05,0.557258
47,9,16,3221.11,0.538869
47,9,17,3215,0.520325
47,9,18,3201.68,0.499826
47,9,19,3179.71,0.478215
47,9,20,3149.15,0.457015
47,9,21,3111.27,0.436825
47,9,22,3067.98,0.416516
47,9,23,3021.5,0.394101
47,9,24,2973.96,0.368343
47,9,25,2927.03,0.339536
47,9,26,2882.05,0.309221
47,9,27,2839.93,0.279235
47,9,28,2801.65,0.250723
47,9,29,2768.14,0.223479
47,9,30,2740.95,0.196756
47,9,31,2722.14,0.170259
47,9,32,2714.22,0.144879
47,9,33,2719.58,0.122483
47,9,34,2739.97,0.105069
47,9,35,2775.48,0.0935958
47,9,36,2824.12,0.0871542
47,9,37,2881.87,0.0836181
47,9,38,2943.82,0.080572
47,9,39,3005.68,0.0764698
47,9,40,3063.67,0.0711967
47,9,41,3116.39,0.0659773
47,9,42,3162.51,0.0625622
47,9,43,3200.08,0.062235
47,9,44,3225.86,0.0650103
47,9,45,3235.34,0.0696123
47,9,46,3222.64,0.0737817
47,9,47,3180.15,0.075084
47,9,48,3097.8,0.071864
47,9,49,2962.17,0.0638234
47,10,0,3108.73,0.5174
47,10,1,3271.46,0.605162
47,10,2,3359.4,0.670458
47,10,3,3388.09,0.714904
47,10,4,3373.73,0.745448
47,10,5,3333.15,0.769269
47,10,6,3283.48,0.789007
47,10,7,3238.84,0.800963
47,10,8,3206.59,0.79789
47,10,9,3186.22,0.773949
47,10,10,3172.52,0.729401
47,10,11,3160.21,0.671437
47,10,12,3148.7,0.611829
47,10,13,3139.17,0.560455
47,10,14,3133.78,0.521559
47,10,15,3132.79,0.493742
47,10,16,3133.85,0.472376
47,10,17,3133.12,0.453165
47,10,18,3126.56,0.434161
47,10,19,3111.68,0.41584
47,10,20,3087.68,0.399301
47,10,21,3055.29,0.384621
47,10,22,3016.13,0.370311
47,10,23,2972.36,0.354111
47,10,24,2926.19,0.334777
47,10,25,2879.63,0.312563
47,10,26,2834.46,0.288866
47,10,27,2792.12,0.265086
47,10,28,2753.87,0.241705
47,10,29,2720.6,0.217859
47,10,30,2693.52,0.192442
47,10,31,2674.29,0.165252
47,10,32,2665.32,0.137704
47,10,33,2669.41,0.112429
47,10,34,2689.14,0.0921727
47,10,35,2725.51,0.0784766
47,10,36,2777.18,0.0708892
47,10,37,2840.22,0.0675627
47,10,38,2909.28,0.066208
47,10,39,2979.18,0.0651414
47,10,40,3045.12,0.0638153
47,10,41,3104.63,0.0627734
47,10,42,3155.53,0.0630599
47,10,43,3195.5,0.065369
47,10,44,3221.45,0.0694267
47,10,45,3229.52,0.0740028
47,10,46,3214.74,0.0771524
47,10,47,3170.47,0.0769164
47,10,48,3087.6,0.072132
47,10,49,2953.38,0.0628938
47,11,0,3001.64,0.48608
47,11,1,3163.7,0.566832
47,11,2,3251.58,0.627389
47,11,3,3280.29,0.670044
47,11,4,3266.67,0.701592
47,11,5,3228.61,0.728285
47,11,6,3183.83,0.751596
47,11,7,3145.94,0.766905
47,11,8,3120.69,0.766456
47,11,9,3105.83,0.744087
47,11,10,3094.99,0.699714
47,11,11,3082.65,0.640188
47,11,12,3068.72,0.577185
47,11,13,3055.55,0.520926
47,11,14,3046.78,0.476543
47,11,15,3043.95,0.44367
47,11,16,3045.31,0.418581
47,11,17,3047.02,0.397564
47,11,18,3044.48,0.378824
47,11,19,3034.55,0.362508
47,11,20,3015.69,0.349144
47,11,21,2987.98,0.33813
47,11,22,2952.56,0.327588
47,11,23,2911.27,0.315179
47,11,24,2866.37,0.299972
47,11,25,2820.29,0.282527
47,11,26,2775.55,0.264374
47,11,27,2734.37,0.246629
47,11,28,2698.43,0.229096
47,11,29,2668.55,0.210072
47,11,30,2645.24,0.187767
47,11,31,2629.42,0.161662
47,11,32,2622.93,0.133336
47,11,33,2628.63,0.105981
47,11,34,2649.71,0.0830898
47,11,35,2687.98,0.0669335
47,11,36,2742.84,0.0577274
47,11,37,2810.6,0.054081
47,11,38,2885.6,0.0539113
47,11,39,2961.92,0.0554043
47,11,40,3033.9,0.057558
47,11,41,3098.21,0.0602106
47,11,42,3152.11,0.0636941
47,11,43,3193.14,0.0681811
47,11,44,3218.55,0.0731816
47,11,45,3225.1,0.0775991
47,11,46,3208.63,0.079843
47,11,47,3163.38,0.0783878
47,11,48,3081.01,0.0724458
47,11,49,2949.46,0.0623642
47,12,0,2891.54,0.461533
47,12,1,3055.85,0.538031
47,12,2,3147.47,0.596225
47,12,3,3180.6,0.63852
47,12,4,3172.35,0.671181
47,12,5,3141.05,0.69953
47,12,6,3104.19,0.724247
47,12,7,3074.3,0.740485
47,12,8,3055.69,0.740766
47,12,9,3045.12,0.71923
47,12,10,3035.86,0.675681
47,12,11,3022.56,0.616398
47,12,12,3005.46,0.552384
47,12,13,2987.65,0.493564
47,12,14,2973.78,0.44547
47,12,15,2966.42,0.408557
47,12,16,2964.63,0.380038
47,12,17,2964.97,0.356878
47,12,18,2962.85,0.337498
47,12,19,2954.78,0.321667
47,12,20,2938.7,0.309266
47,12,21,2914.06,0.29909
47,12,22,2881.35,0.2891
47,12,23,2842.01,0.277246
47,12,24,2798.31,0.263269
47,12,25,2753.19,0.248317
47,12,26,2709.99,0.2342
47,12,27,2671.81,0.221826
47,12,28,2640.73,0.210323
47,12,29,2617.35,0.197084
47,12,30,2601.33,0.179457
47,12,31,2592.5,0.156324
47,12,32,2591.83,0.129084
47,12,33,2601.84,0.101201
47,12,34,2625.95,0.0767488
47,12,35,2666.55,0.0586978
47,12,36,2723.78,0.0479902
47,12,37,2794.38,0.0437941
47,12,38,2872.72,0.0443221
47,12,39,2952.53,0.0477168
47,12,40,3027.62,0.0526087
47,12,41,3094.12,0.0582151
47,12,42,3148.99,0.0642105
47,12,43,3189.78,0.0703156
47,12,44,3214.08,0.0758726
47,12,45,3219.21,0.0799721
47,12,46,3201.67,0.0814085
47,12,47,3156.37,0.0790595
47,12,48,3075.67,0.0724117
47,12,49,2948.02,0.0619238
47,13,0,2787.98,0.446486
47,13,1,2958.42,0.52208
47,13,2,3058.39,0.580475
47,13,3,3100.85,0.623493
47,13,4,3102.53,0.656542
47,13,5,3081.43,0.684218
47,13,6,3054.16,0.707039
47,13,7,3032.08,0.720797
47,13,8,3018.59,0.719095
47,13,9,3010.32,0.696935
47,13,10,3000.91,0.654201
47,13,11,2985.41,0.596448
47,13,12,2964.22,0.533582
47,13,13,2940.68,0.474752
47,13,14,2919.96,0.425444
47,13,15,2905.37,0.386591
47,13,16,2896.88,0.356121
47,13,17,2891.77,0.331477
47,13,18,2885.95,0.311151
47,13,19,2876.03,0.294469
47,13,20,2859.7,0.280744
47,13,21,2835.88,0.268464
47,13,22,2804.48,0.255814
47,13,23,2766.52,0.241433
47,13,24,2724.28,0.225972
47,13,25,2681.19,0.211268
47,13,26,2641.36,0.199405
47,13,27,2608.57,0.1911
47,13,28,2585.1,0.184877
47,13,29,2571.15,0.177349
47,13,30,2565.37,0.165066
47,13,31,2566.41,0.146236
47,13,32,2574.17,0.121852
47,13,33,2590.51,0.0953157
47,13,34,2618.68,0.0709716
47,13,35,2661.38,0.0522691
47,13,36,2719.38,0.0407699
47,13,37,2790.13,0.0362097
47,13,38,2868.48,0.0371857
47,13,39,2948.29,0.0419393
47,13,40,3023.3,0.0488964
47,13,41,3089.41,0.0567962
47,13,42,3143.39,0.0647291
47,13,43,3182.9,0.0719885
47,13,44,3205.78,0.0777434
47,13,45,3209.78,0.0812761
47,13,46,3191.85,0.0817946
47,13,47,3147.42,0.0786044
47,13,48,3069.33,0.0714532
47,13,49,2946.5,0.0608458
47,14,0,2699.6,0.440618
47,14,1,2879.64,0.518226
47,14,2,2991.64,0.578799
47,14,3,3046.81,0.622957
47,14,4,3060.89,0.655057
47,14,5,3051.04,0.679315
47,14,6,3032.82,0.696807
47,14,7,3016.77,0.704767
47,14,8,3006.08,0.698504
47,14,9,2997.94,0.674218
47,14,10,2986.7,0.631954
47,14,11,2967.94,0.576455
47,14,12,2941.97,0.51632
47,14,13,2911.97,0.459704
47,14,14,2883.13,0.411736
47,14,15,2859.19,0.373474
47,14,16,2840.91,0.343197
47,14,17,2826.62,0.318441
47,14,18,2813.17,0.297502
47,14,19,2797.72,0.279228
47,14,20,2778.12,0.262552
47,14,21,2753.01,0.246047
47,14,22,2721.83,0.228522
47,14,23,2685.25,0.20958
47,14,24,2645.51,0.190814
47,14,25,2606.4,0.174655
47,14,26,2572.56,0.163327
47,14,27,2548.13,0.157346
47,14,28,2535.19,0.154797
47,14,29,2533.26,0.151802
47,14,30,2539.94,0.144409
47,14,31,2552.72,0.130297
47,14,32,2570.4,0.109961
47,14,33,2594.06,0.0864488
47,14,34,2626.51,0.0639883
47,14,35,2670.51,0.0461661
47,14,36,2727.41,0.0349355
47,14,37,2795.56,0.030532
47,14,38,2870.67,0.0320046
47,14,39,2947.25,0.0378453
47,14,40,3019.34,0.0464544
47,14,41,3082.81,0.0562474
47,14,42,3134.44,0.0658012
47,14,43,3171.91,0.073967
47,14,44,3193.28,0.0796985
47,14,45,3196.52,0.0824284
47,14,46,3178.9,0.0817879
47,14,47,3136.12,0.0775605
47,14,48,3061.36,0.0698074
47,14,49,2943.86,0.0590965
47,15,0,2632.08,0.440881
47,15,1,2823.37,0.522211
47,15,2,2948.59,0.585909
47,15,3,3016.91,0.631031
47,15,4,3042.81,0.660854
47,15,5,3042.51,0.679594
47,15,6,3030.8,0.689476
47,15,7,3017.94,0.689703
47,15,8,3007.5,0.677557
47,15,9,2997.52,0.650449
47,15,10,2983.18,0.608469
47,15,11,2960.47,0.555469
47,15,12,2929.43,0.49873
47,15,13,2892.77,0.44545
47,15,14,2855.29,0.40034
47,15,15,2820.73,0.364413
47,15,16,2790.56,0.335999
47,15,17,2764.28,0.312396
47,15,18,2740.08,0.291447
47,15,19,2716.22,0.27152
47,15,20,2691.1,0.251354
47,15,21,2663.4,0.22991
47,15,22,2632.22,0.206858
47,15,23,2597.87,0.182824
47,15,24,2562.47,0.160176
47,15,25,2530.02,0.141709
47,15,26,2505.31,0.129604
47,15,27,2492.41,0.124181
47,15,28,2492.74,0.123308
47,15,29,2504.88,0.123014
47,15,30,2525.3,0.119253
47,15,31,2550.49,0.109456
47,15,32,2578.38,0.0936588
47,15,33,2609.35,0.0743304
47,15,34,2645.71,0.055215
47,15,35,2690.22,0.0396717
47,15,36,2744.64,0.0297754
47,15,37,2808.26,0.0261507
47,15,38,2877.87,0.0283339
47,15,39,2948.88,0.035186
47,15,40,3015.9,0.0452352
47,15,41,3075.02,0.0567136
47,15,42,3123.14,0.0677659
47,15,43,3158.02,0.0767928
47,15,44,3177.83,0.0824966
47,15,45,3180.66,0.0843906
47,15,46,3163.86,0.0824863
47,15,47,3123.27,0.0770456
47,15,48,3052.22,0.0684824
47,15,49,2940.15,0.0574762
47,16,0,2587.42,0.442724
47,16,1,2789.09,0.527956
47,16,2,2925.74,0.594604
47,16,3,3004.69,0.640127
47,16,4,3039.25,0.666868
47,16,5,3044.95,0.679381
47,16,6,3036.23,0.681375
47,16,7,3023.49,0.674179
47,16,8,3010.97,0.656898
47,16,9,2997.59,0.627797
47,16,10,2979.29,0.586681
47,16,11,2952.34,0.536355
47,16,12,2916.39,0.482865
47,16,13,2873.45,0.432662
47,16,14,2827.57,0.390234
47,16,15,2782.19,0.356647
47,16,16,2739.25,0.330269
47,16,17,2699.48,0.308065
47,16,18,2662.75,0.287352
47,16,19,2628.86,0.266075
47,16,20,2597.22,0.242875
47,16,21,2566.75,0.217185
47,16,22,2536.34,0.189497
47,16,23,2505.88,0.161277
47,16,24,2477.27,0.135366
47,16,25,2454.42,0.114651
47,16,26,2441.93,0.101111
47,16,27,2443.33,0.0949115
47,16,28,2458.97,0.0939367
47,16,29,2486.22,0.0945002
47,16,30,2520.51,0.0928632
47,16,31,2557.56,0.0865061
47,16,32,2594.81,0.0751062
47,16,33,2632.27,0.0604371
47,16,34,2671.91,0.0454894
47,16,35,2716.46,0.0331054
47,16,36,2767.96,0.025249
47,16,37,2826.42,0.0228149
47,16,38,2889.58,0.0258207
47,16,39,2953.79,0.0335544
47,16,40,3014.4,0.0447784
47,16,41,3067.98,0.0576698
47,16,42,3111.67,0.070064
47,16,43,3143.44,0.0799739
47,16,44,3161.53,0.0858696
47,16,45,3164.07,0.0872714
47,16,46,3148.36,0.0844485
47,16,47,3110.19,0.0780184
47,16,48,3042.9,0.068677
47,16,49,2936.04,0.0572179
47,17,0,2564.2,0.441749
47,17,1,2773.36,0.529826
47,17,2,2917.65,0.598472
47,17,3,3003.04,0.643772
47,17,4,3042.06,0.667381
47,17,5,3049.83,0.674408
47,17,6,3040.7,0.670131
47,17,7,3025.38,0.657832
47,17,8,3008.82,0.638006
47,17,9,2990.76,0.60921
47,17,10,2967.8,0.570484
47,17,11,2936.44,0.523349
47,17,12,2895.93,0.472648
47,17,13,2847.42,0.424301
47,17,14,2794.02,0.382869
47,17,15,2738.53,0.349797
47,17,16,2683.18,0.323792
47,17,17,2629.92,0.301755
47,17,18,2580.49,0.280683
47,17,19,2536.52,0.258257
47,17,20,2498.71,0.233028
47,17,21,2466.4,0.20474
47,17,22,2438.25,0.174395
47,17,23,2413.7,0.143914
47,17,24,2394.22,0.11624
47,17,25,2383.41,0.0941104
47,17,26,2385.33,0.079224
47,17,27,2402.59,0.0716692
47,17,28,2434.24,0.069551
47,17,29,2476.31,0.0697404
47,17,30,2523.37,0.0690722
47,17,31,2570.72,0.0652786
47,17,32,2615.78,0.0577691
47,17,33,2658.56,0.0475913
47,17,34,2700.97,0.0368539
47,17,35,2745.71,0.0277374
47,17,36,2794.86,0.0219647
47,17,37,2848.78,0.0206146
47,17,38,2905.8,0.0241512
47,17,39,2963.09,0.0322911
47,17,40,3016.8,0.0440907
47,17,41,3064.11,0.0578021
47,17,42,3102.68,0.0711343
47,17,43,3130.77,0.0818781
47,17,44,3146.81,0.0883661
47,17,45,3148.91,0.0900633
47,17,46,3134.25,0.0872906
47,17,47,3098.43,0.0807445
47,17,48,3034.71,0.0711738
47,17,49,2932.63,0.0593871
47,18,0,2558.79,0.43525
47,18,1,2771.7,0.524466
47,18,2,2919.29,0.593801
47,18,3,3006.89,0.638318
47,18,4,3046.6,0.659241
47,18,5,3053.34,0.662333
47,18,6,3041.37,0.654336
47,18,7,3021.68,0.640159
47,18,8,2999.75,0.621179
47,18,9,2976.08,0.595707
47,18,10,2947.93,0.561571
47,18,11,2912.08,0.518735
47,18,12,2867.47,0.470764
47,18,13,2814.39,0.423089
47,18,14,2754.84,0.380538
47,18,15,2690.83,0.345289
47,18,16,2624.71,0.316859
47,18,17,2559.48,0.292635
47,18,18,2498.73,0.269774
47,18,19,2446.03,0.24599
47,18,20,2403.41,0.219735
47,18,21,2370.74,0.190771
47,18,22,2346.45,0.160125
47,18,23,2329.46,0.129694
47,18,24,2320.67,0.102149
47,18,25,2323.1,0.0798955
47,18,26,2340.01,0.0643349
47,18,27,2372.87,0.0555739
47,18,28,2419.37,0.0520742
47,18,29,2474.37,0.0513997
47,18,30,2531.89,0.051063
47,18,31,2587.22,0.0491269
47,18,32,2638.15,0.0447916
47,18,33,2685.06,0.0384176
47,18,34,2729.99,0.0312435
47,18,35,2775.55,0.0247877
47,18,36,2823.59,0.0205096
47,18,37,2874.39,0.019622
47,18,38,2926.49,0.0229758
47,18,39,2977.58,0.030671
47,18,40,3024.56,0.0420786
47,18,41,3065.37,0.0556579
47,18,42,3098.35,0.0692242
47,18,43,3122.24,0.0805987
47,18,44,3135.77,0.0881391
47,18,45,3137.08,0.0912186
47,18,46,3123.19,0.0899577
47,18,47,3089.46,0.0847484
47,18,48,3028.95,0.0760324
47,18,49,2931.11,0.0644293
47,19,0,2566.52,0.423022
47,19,1,2779.73,0.511665
47,19,2,2926.99,0.580394
47,19,3,3013.6,0.623589
47,19,4,3051.54,0.642249
47,19,5,3055.55,0.642792
47,19,6,3039.72,0.633235
47,19,7,3015.02,0.619794
47,19,8,2987.33,0.604377
47,19,9,2957.8,0.584756
47,19,10,2924.43,0.557344
47,19,11,2884.41,0.52037
47,19,12,2836.54,0.475948
47,19,13,2780.32,0.428822
47,19,14,2716.63,0.383998
47,19,15,2646.6,0.344525
47,19,16,2572.48,0.311122
47,19,17,2498.05,0.282266
47,19,18,2428.49,0.255888
47,19,19,2369.05,0.230153
47,19,20,2323.09,0.203491
47,19,21,2291.03,0.175423
47,19,22,2271.22,0.146544
47,19,23,2262.13,0.118266
47,19,24,2264,0.0926667
47,19,25,2279.07,0.0716765
47,19,26,2309.59,0.0564168
47,19,27,2355.81,0.047089
47,19,28,2414.25,0.0425824
47,19,29,2478.95,0.0411671
47,19,30,2543.78,0.0409977
47,19,31,2604.44,0.0404369
47,19,32,2659.35,0.03849
47,19,33,2709.43,0.0349099
47,19,34,2756.87,0.0301814
47,19,35,2804.1,0.0252759
47,19,36,2852.48,0.0214521
47,19,37,2901.85,0.020045
47,19,38,2950.64,0.0222217
47,19,39,2996.79,0.0283989
47,19,40,3037.84,0.0382508
47,19,41,3072.49,0.0505592
47,19,42,3099.85,0.0634756
47,19,43,3119.31,0.0751222
47,19,44,3130,0.0840617
47,19,45,3130.16,0.0895694
47,19,46,3116.69,0.091337
47,19,47,3084.69,0.0890746
47,19,48,3026.93,0.0825334
47,19,49,2932.72,0.0718919
47,20,0,2582.51,0.406979
47,20,1,2793.63,0.493729
47,20,2,2938.25,0.560757
47,20,3,3022.12,0.602013
47,20,4,3057.33,0.618411
47,20,5,3058.4,0.616968
47,20,6,3039.01,0.60677
47,20,7,3009.92,0.59509
47,20,8,2977.15,0.58424
47,20,9,2942.4,0.571496
47,20,10,2904.45,0.551985
47,20,11,2861.03,0.52226
47,20,12,2811.02,0.482858
47,20,13,2753.28,0.437504
47,20,14,2687.71,0.391021
47,20,15,2614.63,0.347137
47,20,16,2535.98,0.307852
47,20,17,2455.95,0.273123
47,20,18,2380.75,0.242177
47,20,19,2316.87,0.214027
47,20,20,2268.75,0.187261
47,20,21,2237.45,0.161051
47,20,22,2221.48,0.135266
47,20,23,2219.07,0.110526
47,20,24,2229.82,0.0881152
47,20,25,2255.09,0.0694108
47,20,26,2295.97,0.0552887
47,20,27,2351.6,0.0460925
47,20,28,2417.67,0.0411484
47,20,29,2487.88,0.0393532
47,20,30,2556.45,0.0393757
47,20,31,2619.74,0.039779
47,20,32,2676.94,0.0393649
47,20,33,2729.45,0.0373812
47,20,34,2779.53,0.0337426
47,20,35,2829.23,0.0290577
47,20,36,2879.27,0.0245034
47,20,37,2928.81,0.0215553
47,20,38,2975.97,0.0216264
47,20,39,3018.75,0.0253735
47,20,40,3055.2,0.0327241
47,20,41,3084.67,0.0428377
47,20,42,3107.05,0.0543504
47,20,43,3122.39,0.0658815
47,20,44,3130.28,0.076337
47,20,45,3129.17,0.0849169
47,20,46,3115.85,0.0907564
47,20,47,3085.17,0.0926414
47,20,48,3029.63,0.0893644
47,20,49,2938.36,0.0804549
47,21,0,2602.79,0.390446
47,21,1,2810.49,0.474557
47,21,2,2951.4,0.5391
47,21,3,3032,0.577781
47,21,4,3064.57,0.591516
47,21,5,3063.42,0.587819
47,21,6,3041.76,0.57663
47,21,7,3009.92,0.566081
47,21,8,2973.85,0.558914
47,21,9,2935.64,0.552212
47,21,10,2894.69,0.540265
47,21,11,2849.29,0.518302
47,21,12,2798.49,0.485362
47,21,13,2740.81,0.443876
47,21,14,2675.46,0.398001
47,21,15,2602.08,0.351665
47,21,16,2522.26,0.307835
47,21,17,2440.13,0.267931
47,21,18,2362.31,0.232688
47,21,19,2295.89,0.202207
47,21,20,2246.08,0.175462
47,21,21,2214.68,0.151354
47,21,22,2200.65,0.129006
47,21,23,2202.3,0.108185
47,21,24,2218.73,0.0893534
47,21,25,2250.37,0.0733414
47,21,26,2297.19,0.0608057
47,21,27,2357.38,0.0522159
47,21,28,2426.22,0.047271
47,21,29,2497.61,0.045343
47,21,30,2566.47,0.0454512
47,21,31,2630,0.0462573
47,21,32,2688.12,0.04638
47,21,33,2742.56,0.0447025
47,21,34,2795.47,0.0407964
47,21,35,2848.36,0.0351098
47,21,36,2901.17,0.028857
47,21,37,2952.32,0.0236629
47,21,38,2999.5,0.0210994
47,21,39,3040.68,0.021975
47,21,40,3074.24,0.0263829
47,21,41,3100.11,0.0338402
47,21,42,3118.79,0.0435006
47,21,43,3130.94,0.0545529
47,21,44,3136.59,0.0663094
47,21,45,3134.38,0.077943
47,21,46,3121.07,0.0880447
47,21,47,3091.29,0.0944507
47,21,48,3037.33,0.0949294
47,21,49,2948.19,0.088269
47,22,0,2623.81,0.376435
47,22,1,2827.59,0.457533
47,22,2,2964.54,0.519012
47,22,3,3042,0.554517
47,22,4,3072.52,0.565069
47,22,5,3070.25,0.558552
47,22,6,3047.93,0.545494
47,22,7,3015.42,0.534625
47,22,8,2978.48,0.529138
47,22,9,2939.28,0.526288
47,22,10,2897.59,0.520133
47,22,11,2852.02,0.505173
47,22,12,2801.82,0.479334
47,22,13,2745.43,0.443733
47,22,14,2681.78,0.401506
47,22,15,2610.23,0.356208
47,22,16,2532.02,0.311164
47,22,17,2450.88,0.268796
47,22,18,2373.14,0.231116
47,22,19,2305.83,0.199251
47,22,20,2254.45,0.172693
47,22,21,2221.55,0.150271
47,22,22,2206.84,0.130615
47,22,23,2209.04,0.112874
47,22,24,2227.04,0.0969064
47,22,25,2260.48,0.0831287
47,22,26,2308.33,0.0720224
47,22,27,2368.1,0.0641046
47,22,28,2435.1,0.0592981
47,22,29,2503.8,0.0572287
47,22,30,2570.05,0.0570808
47,22,31,2631.94,0.0575391
47,22,32,2689.96,0.0571101
47,22,33,2745.98,0.0544992
47,22,34,2801.91,0.0491835
47,22,35,2858.59,0.0416375
47,22,36,2915.13,0.0331917
47,22,37,2969.2,0.0255891
47,22,38,3018.01,0.0204469
47,22,39,3059.46,0.0186191
47,22,40,3092.13,0.0202534
47,22,41,3116.36,0.025135
47,22,42,3133.15,0.0328594
47,22,43,3143.57,0.0431304
47,22,44,3147.98,0.0556464
47,22,45,3145.15,0.0696159
47,22,46,3131.83,0.0832309
47,22,47,3102.56,0.0935735
47,22,48,3049.48,0.0975509
47,22,49,2961.57,0.0932696
47,23,0,2642.7,0.366178
47,23,1,2842.47,0.443837
47,23,2,2975.6,0.501634
47,23,3,3050.26,0.533425
47,23,4,3079.34,0.540474
47,23,5,3076.88,0.530892
47,23,6,3055.34,0.515449
47,23,7,3024.17,0.503099
47,23,8,2988.83,0.497365
47,23,9,2951.29,0.495925
47,23,10,2911.24,0.493165
47,23,11,2867.29,0.483529
47,23,12,2818.76,0.464429
47,23,13,2764.3,0.435946
47,23,14,2703.05,0.400132
47,23,15,2634.59,0.359727
47,23,16,2559.99,0.317741
47,23,17,2482.37,0.276873
47,23,18,2407.16,0.239798
47,23,19,2340.56,0.208266
47,23,20,2287.87,0.18222
47,23,21,2252.14,0.16062
47,23,22,2234.03,0.14202
47,23,23,2233.03,0.125431
47,23,24,2248.17,0.110555
47,23,25,2278.61,0.0976741
47,23,26,2322.66,0.0871815
47,23,27,2377.49,0.0795254
47,23,28,2438.74,0.074634
47,23,29,2501.7,0.0721206
47,23,30,2563.23,0.071149
47,23,31,2622.17,0.0703906
47,23,32,2679.44,0.0683633
47,23,33,2736.92,0.0638135
47,23,34,2796.13,0.0563588
47,23,35,2857.21,0.0466335
47,23,36,2918.45,0.0360932
47,23,37,2976.71,0.0265076
47,23,38,3028.77,0.019397
47,23,39,3072.36,0.0155428
47,23,40,3106.22,0.0150364
47,23,41,3130.98,0.0178121
47,23,42,3147.94,0.0237709
47,23,43,3158.38,0.0329968
47,23,44,3162.79,0.0454971
47,23,45,3159.99,0.0605763
47,23,46,3146.73,0.0762519
47,23,47,3117.57,0.0891977
47,23,48,3064.68,0.0957952
47,23,49,2977.05,0.0936629
47,24,0,2656.06,0.359096
47,24,1,2851.93,0.432458
47,24,2,2981.57,0.485637
47,24,3,3053.86,0.513107
47,24,4,3082.03,0.516593
47,24,5,3080.11,0.504293
47,24,6,3060.42,0.486801
47,24,7,3032.14,0.472819
47,24,8,3000.36,0.465921
47,24,9,2966.61,0.464258
47,24,10,2930.15,0.462901
47,24,11,2889.21,0.456798
47,24,12,2843.1,0.443455
47,24,13,2790.93,0.422374
47,24,14,2732.5,0.394734
47,24,15,2668.06,0.362309
47,24,16,2598.72,0.327313
47,24,17,2526.87,0.291997
47,24,18,2456.51,0.258911
47,24,19,2392.37,0.229785
47,24,20,2338.92,0.204715
47,24,21,2299.4,0.182881
47,24,22,2275.46,0.163196
47,24,23,2267.63,0.145132
47,24,24,2275.55,0.128826
47,24,25,2298.4,0.114825
47,24,26,2334.25,0.103576
47,24,27,2380.34,0.0953562
47,24,28,2432.83,0.0898621
47,24,29,2487.95,0.086426
47,24,30,2543.41,0.0840217
47,24,31,2598.69,0.0813011
47,24,32,2654.96,0.076931
47,24,33,2713.99,0.0699042
47,24,34,2776.87,0.060153
47,24,35,2843.03,0.0485254
47,24,36,2909.88,0.0365381
47,24,37,2973.54,0.0258506
47,24,38,3030.32,0.0177396
47,24,39,3077.79,0.012805
47,24,40,3114.81,0.0110017
47,24,41,3142.17,0.0123034
47,24,42,3161.29,0.016775
47,24,43,3173.46,0.0247229
47,24,44,3179.09,0.0363604
47,24,45,3176.94,0.0511339
47,24,46,3163.83,0.0671214
47,24,47,3134.43,0.0809795
47,24,48,3081.07,0.0889745
47,24,49,2992.88,0.0885123
47,25,0,2659.68,0.352503
47,25,1,2851.89,0.420098
47,25,2,2978.54,0.467311
47,25,3,3049.05,0.489726
47,25,4,3076.9,0.489777
47,25,5,3076.16,0.475607
47,25,6,3059.12,0.45722
47,25,7,3034.77,0.442564
47,25,8,3007.83,0.434903
47,25,9,2979.26,0.432739
47,25,10,2947.64,0.431935
47,25,11,2910.7,0.428227
47,25,12,2867.68,0.41965
47,25,13,2818.28,0.40557
47,25,14,2763.28,0.38668
47,25,15,2703.84,0.363946
47,25,16,2641.27,0.338638
47,25,17,2577.08,0.312075
47,25,18,2513.54,0.285946
47,25,19,2453.41,0.261248
47,25,20,2399.9,0.237768
47,25,21,2356.09,0.214825
47,25,22,2324.52,0.191996
47,25,23,2306.88,0.169763
47,25,24,2303.83,0.149283
47,25,25,2315.08,0.131802
47,25,26,2339.02,0.118035
47,25,27,2373.29,0.108066
47,25,28,2414.84,0.101206
47,25,29,2460.79,0.0963167
47,25,30,2509.6,0.092061
47,25,31,2561.17,0.0870655
47,25,32,2616.74,0.0802243
47,25,33,2677.86,0.0708873
47,25,34,2745.09,0.0593557
47,25,35,2817.08,0.0466505
47,25,36,2890.41,0.0342355
47,25,37,2960.43,0.0235223
47,25,38,3023.08,0.0154401
47,25,39,3075.82,0.0103424
47,25,40,3117.58,0.00802549
47,25,41,3149.23,0.00843658
47,25,42,3172.11,0.0116981
47,25,43,3187.34,0.0182009
47,25,44,3195.1,0.0282623
47,25,45,3194.07,0.0414847
47,25,46,3181.11,0.0561898
47,25,47,3151.16,0.0693529
47,25,48,3096.8,0.0775056
47,25,49,3007.33,0.07813
47,26,0,2649.46,0.343854
47,26,1,2838.3,0.404022
47,26,2,2962.62,0.443884
47,26,3,3032.13,0.460579
47,26,4,3060.41,0.457459
47,26,5,3061.58,0.442486
47,26,6,3047.84,0.424712
47,26,7,3028.04,0.41094
47,26,8,3006.53,0.403802
47,26,9,2983.72,0.401965
47,26,10,2957.53,0.401998
47,26,11,2925.26,0.400453
47,26,12,2886.12,0.396026
47,26,13,2840.45,0.388215
47,26,14,2790,0.377588
47,26,15,2736.81,0.364641
47,26,16,2682.33,0.349886
47,26,17,2627.1,0.333576
47,26,18,2571.52,0.316098
47,26,19,2516.32,0.297164
47,26,20,2463.25,0.275795
47,26,21,2415.04,0.251267
47,26,22,2374.9,0.223933
47,26,23,2345.67,0.195612
47,26,24,2329.18,0.168853
47,26,25,2326.03,0.145928
47,26,26,2335.37,0.128029
47,26,27,2355.67,0.115128
47,26,28,2384.83,0.106127
47,26,29,2420.98,0.0993806
47,26,30,2463.2,0.0931928
47,26,31,2511.69,0.0861509
47,26,32,2567.53,0.0773602
47,26,33,2631.82,0.0665122
47,26,34,2704.43,0.054205
47,26,35,2783.08,0.0415245
47,26,36,2863.51,0.0297631
47,26,37,2940.43,0.0199924
47,26,38,3009.54,0.0127613
47,26,39,3068.29,0.00817144
47,26,40,3115.68,0.00589283
47,26,41,3152.58,0.00582864
47,26,42,3180.11,0.00810078
47,26,43,3199.08,0.013091
47,26,44,3209.41,0.021137
47,26,45,3209.63,0.0319835
47,26,46,3196.77,0.0442947
47,26,47,3166.04,0.0555788
47,26,48,3110.3,0.0629049
47,26,49,3019.01,0.0640639
47,27,0,2622.84,0.332243
47,27,1,2808.64,0.38389
47,27,2,2931.37,0.415629
47,27,3,3000.79,0.426409
47,27,4,3030.47,0.420576
47,27,5,3034.4,0.40579
47,27,6,3024.65,0.389907
47,27,7,3009.78,0.378355
47,27,8,2993.81,0.372956
47,27,9,2976.76,0.37242
47,27,10,2956.17,0.373896
47,27,11,2929.09,0.374642
47,27,12,2894.82,0.37392
47,27,13,2854.18,0.37141
47,27,14,2809.63,0.367756
47,27,15,2763.71,0.363333
47,27,16,2717.8,0.358226
47,27,17,2671.51,0.351807
47,27,18,2623.62,0.343068
47,27,19,2573.12,0.330218
47,27,20,2520.52,0.311256
47,27,21,2468.14,0.285237
47,27,22,2419.61,0.253217
47,27,23,2378.69,0.218351
47,27,24,2348.2,0.184614
47,27,25,2329.77,0.155372
47,27,26,2323.5,0.132405
47,27,27,2328.96,0.115723
47,27,28,2345.3,0.10397
47,27,29,2371.77,0.0951329
47,27,30,2408.14,0.0872295
47,27,31,2454.81,0.0787975
47,27,32,2512.49,0.0690499
47,27,33,2581.5,0.0578786
47,27,34,2660.68,0.0460022
47,27,35,2746.65,0.0344281
47,27,36,2834.34,0.0241925
47,27,37,2918.04,0.0160106
47,27,38,2993.4,0.0100993
47,27,39,3058.03,0.0063605
47,27,40,3111.01,0.00440553
47,27,41,3153.16,0.00410885
47,27,42,3185.33,0.00557071
47,27,43,3207.99,0.00911134
47,27,44,3220.79,0.0150333
47,27,45,3222.2,0.0231891
47,27,46,3209.35,0.0326028
47,27,47,3177.74,0.0413941
47,27,48,3120.47,0.0472991
47,27,49,3027.05,0.048557
47,28,0,2580.93,0.319093
47,28,1,2763.77,0.362388
47,28,2,2885.4,0.386415
47,28,3,2955.42,0.391912
47,28,4,2987.26,0.384132
47,28,5,2994.69,0.370322
47,28,6,2989.45,0.357029
47,28,7,2979.68,0.348258
47,28,8,2969.06,0.345005
47,28,9,2957.45,0.346028
47,28,10,2942.38,0.349023
47,28,11,2920.96,0.351857
47,28,12,2892.62,0.354174
47,28,13,2858.32,0.355724
47,28,14,2820.65,0.357216
47,28,15,2782.17,0.35908
47,28,16,2743.95,0.361297
47,28,17,2704.95,0.362707
47,28,18,2662.9,0.361165
47,28,19,2615.74,0.353553
47,28,20,2563.22,0.336898
47,28,21,2507.31,0.309974
47,28,22,2451.84,0.27434
47,28,23,2401.03,0.234168
47,28,24,2358.32,0.194518
47,28,25,2326.09,0.159608
47,28,26,2305.36,0.131758
47,28,27,2296.89,0.111165
47,28,28,2301.23,0.0964785
47,28,29,2319.02,0.0855979
47,28,30,2350.87,0.0764172
47,28,31,2397.36,0.067426
47,28,32,2458.61,0.0577976
47,28,33,2533.84,0.0474232
47,28,34,2620.47,0.0369375
47,28,35,2713.9,0.0271576
47,28,36,2808.31,0.0188466
47,28,37,2897.83,0.012426
47,28,38,2978.35,0.00788632
47,28,39,3047.76,0.00501273
47,28,40,3105.29,0.00342644
47,28,41,3151.73,0.00299758
47,28,42,3187.69,0.00380083
47,28,43,3213.39,0.00607486
47,28,44,3228.24,0.0100587
47,28,45,3230.65,0.0156711
47,28,46,3217.84,0.0222525
47,28,47,3185.45,0.0284973
47,28,48,3126.71,0.0328034
47,28,49,3031.05,0.0338908
47,29,0,2528.79,0.307342
47,29,1,2708.21,0.343935
47,29,2,2828.5,0.361992
47,29,3,2899.05,0.363743
47,29,4,2933.14,0.355132
47,29,5,2944.25,0.342912
47,29,6,2943.63,0.332339
47,29,7,2938.84,0.326079
47,29,8,2933.21,0.324409
47,29,9,2926.65,0.326235
47,29,10,2916.97,0.329885
47,29,11,2901.6,0.333845
47,29,12,2880.01,0.338003
47,29,13,2852.81,0.34202
47,29,14,2822.1,0.346495
47,29,15,2789.89,0.351899
47,29,16,2756.95,0.358286
47,29,17,2722.06,0.364336
47,29,18,2682.79,0.367246
47,29,19,2636.88,0.363055
47,29,20,2583.85,0.348169
47,29,21,2525.52,0.321156
47,29,22,2465.67,0.283844
47,29,23,2408.49,0.240894
47,29,24,2357.49,0.197853
47,29,25,2315.31,0.159312
47,29,26,2283.6,0.127921
47,29,27,2264.12,0.104157
47,29,28,2258.88,0.0869477
47,29,29,2270,0.074422
47,29,30,2299.11,0.064546
47,29,31,2347.03,0.055764
47,29,32,2413.11,0.0470704
47,29,33,2495.24,0.0381692
47,29,34,2589.22,0.0294617
47,29,35,2689.22,0.0215428
47,29,36,2788.87,0.0149662
47,29,37,2882.42,0.00998286
47,29,38,2966.2,0.0064842
47,29,39,3038.52,0.00422117
47,29,40,3098.83,0.00286941
47,29,41,3147.95,0.00230877
47,29,42,3186.42,0.00258532
47,29,43,3214.24,0.00385271
47,29,44,3230.71,0.00627871
47,29,45,3234.1,0.00980772
47,29,46,3221.57,0.0140211
47,29,47,3188.76,0.0180788
47,29,48,3128.82,0.0209386
47,29,49,3031.04,0.0217481
47,30,0,2474.99,0.300369
47,30,1,2649.89,0.333087
47,30,2,2767.62,0.347857
47,30,3,2837.45,0.347926
47,30,4,2872.7,0.339669
47,30,5,2886.64,0.329354
47,30,6,2890.01,0.321105
47,30,7,2889.68,0.316439
47,30,8,2888.55,0.315059
47,30,9,2886.59,0.31613
47,30,10,2882.07,0.31875
47,30,11,2872.75,0.322121
47,30,12,2857.96,0.326339
47,30,13,2837.48,0.33087
47,30,14,2812.33,0.336001
47,30,15,2783.77,0.34209
47,30,16,2752.42,0.349313
47,30,17,2717.57,0.35649
47,30,18,2677.53,0.3607
47,30,19,2630.64,0.357758
47,30,20,2576.77,0.343925
47,30,21,2517.66,0.31771
47,30,22,2456.82,0.28097
47,30,23,2397.94,0.23829
47,30,24,2344.05,0.195045
47,30,25,2297.51,0.155671
47,30,26,2260.11,0.12287
47,30,27,2234.3,0.0974072
47,30,28,2223.31,0.0786893
47,30,29,2230.7,0.0653056
47,30,30,2259.12,0.0554401
47,30,31,2309.57,0.0474751
47,30,32,2380.68,0.0401295
47,30,33,2468.96,0.0328063
47,30,34,2568.73,0.0256284
47,30,35,2673.19,0.0190333
47,30,36,2775.73,0.0134968
47,30,37,2870.94,0.00925063
47,30,38,2955.68,0.00620629
47,30,39,3028.76,0.0041422
47,30,40,3089.88,0.00279923
47,30,41,3140.03,0.00205979
47,30,42,3179.79,0.00192653
47,30,43,3209.11,0.00246486
47,30,44,3227.09,0.00377287
47,30,45,3231.79,0.00578668
47,30,46,3220.11,0.00825062
47,30,47,3187.47,0.0106589
47,30,48,3126.8,0.0123869
47,30,49,3027.11,0.0129106
47,31,0,2428.79,0.299651
47,31,1,2597.78,0.331771
47,31,2,2710.86,0.346261
47,31,3,2777.55,0.346841
47,31,4,2811.5,0.34007
47,31,5,2826.17,0.331824
47,31,6,2831.95,0.325351
47,31,7,2835,0.321238
47,31,8,2837.62,0.318739
47,31,9,2839.71,0.317318
47,31,10,2839.82,0.316926
47,31,11,2835.9,0.317594
47,31,12,2826.85,0.319695
47,31,13,2811.31,0.322526
47,31,14,2789.05,0.325957
47,31,15,2760.57,0.330095
47,31,16,2726.76,0.335227
47,31,17,2688.05,0.3405
47,31,18,2644.23,0.34332
47,31,19,2594.86,0.339795
47,31,20,2540.43,0.326447
47,31,21,2482.66,0.301829
47,31,22,2424.52,0.267615
47,31,23,2368.83,0.227852
47,31,24,2317.67,0.187257
47,31,25,2272.72,0.149716
47,31,26,2235.47,0.117764
47,31,27,2208.72,0.0924196
47,31,28,2196.55,0.0736335
47,31,29,2203.61,0.06053
47,31,30,2233.34,0.0515376
47,31,31,2286.79,0.0449123
47,31,32,2361.91,0.0390369
47,31,33,2454.16,0.0329819
47,31,34,2556.84,0.0266475
47,31,35,2662.68,0.0204536
47,31,36,2765.19,0.0149658
47,31,37,2859.47,0.0105457
47,31,38,2942.93,0.00721896
47,31,39,3014.83,0.00483064
47,31,40,3075.15,0.00317698
47,31,41,3125.16,0.00212869
47,31,42,3165.59,0.00163106
47,31,43,3196.36,0.00166212
47,31,44,3216.32,0.00225863
47,31,45,3223.09,0.00331967
47,31,46,3213.11,0.00467902
47,31,47,3181.42,0.00603302
47,31,48,3120.56,0.00702399
47,31,49,3019.23,0.00733866
47,32,0,2396.58,0.304707
47,32,1,2558.71,0.33922
47,32,2,2665.08,0.356126
47,32,3,2725.74,0.359122
47,32,4,2755.21,0.354756
47,32,5,2767.59,0.348652
47,32,6,2773.34,0.34347
47,32,7,2778.04,0.339083
47,32,8,2783.25,0.334351
47,32,9,2788.42,0.328976
47,32,10,2792.04,0.323746
47,32,11,2791.87,0.319607
47,32,12,2786.26,0.317353
47,32,13,2772.7,0.316291
47,32,14,2749.88,0.315926
47,32,15,2717.9,0.316067
47,32,16,2678.33,0.317076
47,32,17,2633.13,0.31848
47,32,18,2583.97,0.318249
47,32,19,2531.86,0.313077
47,32,20,2477.97,0.299958
47,32,21,2423.89,0.277508
47,32,22,2371.81,0.247061
47,32,23,2323.37,0.211872
47,32,24,2279.49,0.175777
47,32,25,2240.91,0.141969
47,32,26,2208.67,0.112727
47,32,27,2185.62,0.089268
47,32,28,2176.35,0.0720219
47,32,29,2186.12,0.0605477
47,32,30,2218.69,0.0534134
47,32,31,2274.92,0.0486384
47,32,32,2352.19,0.0442389
47,32,33,2445.35,0.0389894
47,32,34,2547.4,0.0326916
47,32,35,2651.28,0.0259145
47,32,36,2750.93,0.0194742
47,32,37,2842.07,0.013982
47,32,38,2922.56,0.00964385
47,32,39,2992.04,0.0063986
47,32,40,3050.75,0.00408611
47,32,41,3100.28,0.00255505
47,32,42,3141.55,0.00168346
47,32,43,3174.42,0.00136243
47,32,44,3197.33,0.00157398
47,32,45,3207.27,0.00215595
47,32,46,3200.04,0.00297048
47,32,47,3170.08,0.00380261
47,32,48,3109.53,0.00442811
47,32,49,3006.74,0.00463299
47,33,0,2379.7,0.313473
47,33,1,2535.1,0.352515
47,33,2,2633.68,0.373788
47,33,3,2686.18,0.38059
47,33,4,2708.31,0.379307
47,33,5,2715.32,0.375439
47,33,6,2718.24,0.371287
47,33,7,2722.39,0.366169
47,33,8,2728.52,0.358554
47,33,9,2735.24,0.348247
47,33,10,2740.5,0.336786
47,33,11,2741.6,0.326081
47,33,12,2736.31,0.317547
47,33,13,2721.31,0.310776
47,33,14,2694.68,0.305089
47,33,15,2656.58,0.300028
47,33,16,2609.53,0.295965
47,33,17,2557.13,0.292725
47,33,18,2502.85,0.288865
47,33,19,2448.99,0.281719
47,33,20,2397.23,0.2688
47,33,21,2348.81,0.248749
47,33,22,2304.97,0.222486
47,33,23,2266.11,0.192426
47,33,24,2231.95,0.16156
47,33,25,2202.31,0.132449
47,33,26,2177.78,0.107143
47,33,27,2161.2,0.0869896
47,33,28,2157.4,0.0727359
47,33,29,2171.78,0.064158
47,33,30,2207.94,0.0597876
47,33,31,2266.22,0.0573047
47,33,32,2343.51,0.0543716
47,33,33,2434.55,0.0495534
47,33,34,2532.72,0.042688
47,33,35,2631.74,0.0346234
47,33,36,2726.33,0.0265255
47,33,37,2812.86,0.0193159
47,33,38,2889.53,0.0134136
47,33,39,2956.24,0.00887631
47,33,40,3013.45,0.00559022
47,33,41,3063,0.00339098
47,33,42,3105.97,0.00209625
47,33,43,3142.04,0.00151956
47,33,44,3169.13,0.0015962
47,33,45,3183.41,0.00208633
47,33,46,3179.87,0.00282968
47,33,47,3152.3,0.00360268
47,33,48,3092.32,0.0041981
47,33,49,2987.99,0.00439875
47,34,0,2374.52,0.323918
47,34,1,2524.63,0.368712
47,34,2,2616.08,0.395557
47,34,3,2660.13,0.407098
47,34,4,2673.63,0.409427
47,34,5,2673.22,0.407929
47,34,6,2670.92,0.404661
47,34,7,2672.15,0.398478
47,34,8,2676.97,0.387464
47,34,9,2683,0.371459
47,34,10,2687.33,0.352693
47,34,11,2686.68,0.334118
47,34,12,2678.4,0.317976
47,34,13,2658.94,0.304434
47,34,14,2626.33,0.2928
47,34,15,2581.19,0.282351
47,34,16,2527.03,0.27333
47,34,17,2468.78,0.265644
47,34,18,2411.19,0.258306
47,34,19,2357.4,0.249228
47,34,20,2309.25,0.236429
47,34,21,2267.48,0.218584
47,34,22,2232.37,0.19624
47,34,23,2203.21,0.171077
47,34,24,2178.71,0.145394
47,34,25,2157.96,0.121263
47,34,26,2141.3,0.100552
47,34,27,2131.6,0.0846352
47,34,28,2133.86,0.0743725
47,34,29,2153.26,0.0695232
47,34,30,2192.83,0.0684354
47,34,31,2252.09,0.068429
47,34,32,2327.52,0.0668929
47,34,33,2414.03,0.0623005
47,34,34,2505.93,0.0546267
47,34,35,2598.13,0.0450392
47,34,36,2686.38,0.0350536
47,34,37,2767.73,0.0258845
47,34,38,2840.62,0.0181611
47,34,39,2905.09,0.0120858
47,34,40,2961.65,0.00761529
47,34,41,3012.28,0.00460695
47,34,42,3058.09,0.00284762
47,34,43,3098.51,0.00209861
47,34,44,3130.82,0.00226045
47,34,45,3150.33,0.00301068
47,34,46,3151.13,0.00412183
47,34,47,3126.27,0.00527234
47,34,48,3066.83,0.00616185
47,34,49,2960.55,0.00647078
47,35,0,2374.53,0.334641
47,35,1,2521.77,0.385632
47,35,2,2608.5,0.418636
47,35,3,2646.05,0.435513
47,35,4,2651.97,0.441884
47,35,5,2644.02,0.442898
47,35,6,2635.28,0.44034
47,35,7,2631.57,0.432662
47,35,8,2632.67,0.417658
47,35,9,2635.37,0.395283
47,35,10,2635.97,0.36852
47,35,11,2630.73,0.34146
47,35,12,2616.94,0.317341
47,35,13,2591.31,0.297062
47,35,14,2552.32,0.279956
47,35,15,2501.22,0.264931
47,35,16,2442.19,0.251844
47,35,17,2380.81,0.240405
47,35,18,2322.34,0.229903
47,35,19,2270.17,0.218794
47,35,20,2226.02,0.205671
47,35,21,2190.23,0.189392
47,35,22,2162.38,0.170287
47,35,23,2140.97,0.149474
47,35,24,2124.01,0.128694
47,35,25,2110.12,0.109587
47,35,26,2099.56,0.0937852
47,35,27,2095.36,0.0825304
47,35,28,2102.54,0.0765885
47,35,29,2125.9,0.0755459
47,35,30,2167.67,0.0775445
47,35,31,2226.47,0.0796676
47,35,32,2298.38,0.079204
47,35,33,2378.72,0.0746776
47,35,34,2462.94,0.0662463
47,35,35,2547.39,0.0553354
47,35,36,2628.98,0.0437035
47,35,37,2705.43,0.0327629
47,35,38,2775.36,0.023309
47,35,39,2838.76,0.015706
47,35,40,2895.93,0.0100114
47,35,41,2948.82,0.00615499
47,35,42,2998.43,0.00394291
47,35,43,3043.88,0.00313163
47,35,44,3081.88,0.0036113
47,35,45,3106.91,0.0049891
47,35,46,3112.18,0.00692977
47,35,47,3089.95,0.00892192
47,35,48,3030.65,0.0104528
47,35,49,2921.74,0.0109946
47,36,0,2373.2,0.344742
47,36,1,2520.54,0.401896
47,36,2,2606.24,0.441293
47,36,3,2641.15,0.463919
47,36,4,2642.78,0.474693
47,36,5,2629.27,0.478275
47,36,6,2614.35,0.476074
47,36,7,2604.41,0.466231
47,36,8,2599.47,0.446484
47,36,9,2596.13,0.417166
47,36,10,2590.41,0.382172
47,36,11,2578.51,0.34683
47,36,12,2557.99,0.315423
47,36,13,2526.22,0.289572
47,36,14,2482.32,0.268504
47,36,15,2427.99,0.250543
47,36,16,2367.46,0.234829
47,36,17,2306.09,0.22058
47,36,18,2248.82,0.207209
47,36,19,2198.81,0.193759
47,36,20,2157.69,0.17957
47,36,21,2125.73,0.16396
47,36,22,2102.29,0.147264
47,36,23,2085.49,0.130213
47,36,24,2072.96,0.114021
47,36,25,2063,0.0998274
47,36,26,2055.88,0.0888714
47,36,27,2054.71,0.082068
47,36,28,2064.48,0.0799472
47,36,29,2089.5,0.0818945
47,36,30,2131.24,0.0859674
47,36,31,2187.56,0.0892609
47,36,32,2254.32,0.0891988
47,36,33,2327.37,0.0844973
47,36,34,2403.31,0.0754897
47,36,35,2479.96,0.0637224
47,36,36,2555.37,0.0510203
47,36,37,2627.92,0.0388469
47,36,38,2696.22,0.0280827
47,36,39,2759.99,0.0192436
47,36,40,2819.05,0.0125019
47,36,41,2875.06,0.00790603
47,36,42,2928.79,0.00534011
47,36,43,2979.14,0.0046221
47,36,44,3022.43,0.0056705
47,36,45,3052.52,0.00805558
47,36,46,3061.78,0.0113011
47,36,47,3041.62,0.0146167
47,36,48,2981.75,0.0171517
47,36,49,2869.4,0.0180608
47,37,0,2365.14,0.353499
47,37,1,2515.56,0.416581
47,37,2,2604.43,0.462466
47,37,3,2641.57,0.491139
47,37,4,2643.54,0.506505
47,37,5,2627.89,0.512413
47,37,6,2608.27,0.509806
47,37,7,2591.59,0.496733
47,37,8,2578.76,0.4713
47,37,9,2567.13,0.434631
47,37,10,2553.26,0.391745
47,37,11,2533.82,0.349213
47,37,12,2506.97,0.312247
47,37,13,2470.82,0.282975
47,37,14,2424.93,0.260273
47,37,15,2370.99,0.24161
47,37,16,2312.49,0.225104
47,37,17,2253.74,0.20924
47,37,18,2198.73,0.193451
47,37,19,2150.27,0.177454
47,37,20,2110.15,0.161553
47,37,21,2079.11,0.145835
47,37,22,2056.83,0.130874
47,37,23,2041.49,0.117135
47,37,24,2030.49,0.105262
47,37,25,2021.92,0.0957295
47,37,26,2015.87,0.0891838
47,37,27,2015.3,0.0860478
47,37,28,2024.97,0.0865578
47,37,29,2048.67,0.0899867
47,37,30,2087.37,0.0945196
47,37,31,2138.64,0.0975495
47,37,32,2198.43,0.0968653
47,37,33,2263.25,0.0914894
47,37,34,2330.8,0.0818976
47,37,35,2400.14,0.0696171
47,37,36,2470.33,0.0563718
47,37,37,2540.26,0.0435387
47,37,38,2608.36,0.0319903
47,37,39,2673.77,0.0223516
47,37,40,2735.58,0.0148846
47,37,41,2794.9,0.00977201
47,37,42,2852.25,0.00701966
47,37,43,2906.49,0.00657685
47,37,44,2953.82,0.00843829
47,37,45,2987.79,0.0121845
47,37,46,3000.04,0.0171758
47,37,47,2981.09,0.0222637
47,37,48,2919.87,0.0261385
47,37,49,2803.51,0.0275367
47,38,0,2346.49,0.359943
47,38,1,2502.56,0.428716
47,38,2,2598.58,0.481201
47,38,3,2642.76,0.51617
47,38,4,2649.88,0.536129
47,38,5,2635.91,0.543808
47,38,6,2613.66,0.5397
47,38,7,2590.49,0.522149
47,38,8,2568.74,0.490189
47,38,9,2547.49,0.446182
47,38,10,2524.75,0.396406
47,38,11,2498.23,0.348512
47,38,12,2466.82,0.308346
47,38,13,2429.15,0.278227
47,38,14,2384.84,0.256449
47,38,15,2334.91,0.239461
47,38,16,2281.4,0.224185
47,38,17,2227.06,0.208244
47,38,18,2174.66,0.191012
47,38,19,2126.74,0.172918
47,38,20,2085.66,0.15535
47,38,21,2053.08,0.139368
47,38,22,2029.47,0.125921
47,38,23,2013.38,0.115268
47,38,24,2002.14,0.107394
47,38,25,1993.49,0.101975
47,38,26,1987.05,0.0989222
47,38,27,1985.22,0.0981167
47,38,28,1992.2,0.0995586
47,38,29,2011.33,0.102576
47,38,30,2043.52,0.105702
47,38,31,2086.66,0.106844
47,38,32,2137.35,0.104292
47,38,33,2192.94,0.0974203
47,38,34,2252.1,0.0868106
47,38,35,2314.82,0.0738915
47,38,36,2380.83,0.0602073
47,38,37,2449.29,0.0469821
47,38,38,2518.21,0.0350123
47,38,39,2586,0.0249628
47,38,40,2650.76,0.0171107
47,38,41,2712.96,0.0117383
47,38,42,2772.85,0.00898068
47,38,43,2829.43,0.00897096
47,38,44,2879.16,0.0118239
47,38,45,2915.51,0.0171804
47,38,46,2929.58,0.0242289
47,38,47,2911,0.0314085
47,38,48,2847.94,0.0368577
47,38,49,2727.6,0.0388239
47,39,0,2315.77,0.363426
47,39,1,2479.03,0.437626
47,39,2,2584.98,0.49669
47,39,3,2639.71,0.537896
47,39,4,2655.53,0.561981
47,39,5,2646.12,0.570367
47,39,6,2623.04,0.563293
47,39,7,2593.98,0.539963
47,39,8,2563.18,0.500962
47,39,9,2532.16,0.450254
47,39,10,2501.1,0.395294
47,39,11,2469.1,0.344404
47,39,12,2435.73,0.303596
47,39,13,2399.78,0.275021
47,39,14,2360.38,0.256308
47,39,15,2317.35,0.242966
47,39,16,2270.99,0.230813
47,39,17,2222.34,0.216649
47,39,18,2173.07,0.199722
47,39,19,2125.6,0.181056
47,39,20,2083.04,0.163023
47,39,21,2048.2,0.147608
47,39,22,2022.49,0.136096
47,39,23,2005.02,0.128535
47,39,24,1993.08,0.124217
47,39,25,1983.95,0.122018
47,39,26,1976.47,0.121152
47,39,27,1972.11,0.121079
47,39,28,1974.2,0.121718
47,39,29,1985.72,0.122631
47,39,30,2007.99,0.122831
47,39,31,2039.91,0.12079
47,39,32,2079.32,0.115277
47,39,33,2124.66,0.105961
47,39,34,2175.4,0.0934817
47,39,35,2232.07,0.0791775
47,39,36,2294.63,0.0644686
47,39,37,2362.18,0.0504857
47,39,38,2432.2,0.037962
47,39,39,2502.33,0.0275527
47,39,40,2569.69,0.0194581
47,39,41,2634.08,0.0139814
47,39,42,2695.55,0.0113472
47,39,43,2753.33,0.0118813
47,39,44,2804.3,0.0158339
47,39,45,2842.09,0.0229341
47,39,46,2857.37,0.0321913
47,39,47,2838.94,0.0416028
47,39,48,2774.3,0.0487042
47,39,49,2650.87,0.0512258
47,40,0,2271.65,0.36357
47,40,1,2442.31,0.442869
47,40,2,2559.3,0.508303
47,40,3,2626.17,0.555379
47,40,4,2652.36,0.582778
47,40,5,2649,0.590585
47,40,6,2626.26,0.579137
47,40,7,2592.27,0.549126
47,40,8,2553.36,0.503254
47,40,9,2513.82,0.447253
47,40,10,2476.25,0.389438
47,40,11,2441.23,0.338152
47,40,12,2408.74,0.298963
47,40,13,2377.29,0.273517
47,40,14,2345.07,0.258893
47,40,15,2310.56,0.250039
47,40,16,2272.46,0.242102
47,40,17,2230.46,0.231343
47,40,18,2185.4,0.216874
47,40,19,2139.72,0.200063
47,40,20,2097.18,0.183885
47,40,21,2061.5,0.170896
47,40,22,2034.89,0.162465
47,40,23,2016.91,0.158347
47,40,24,2004.85,0.157196
47,40,25,1995.5,0.157255
47,40,26,1986.75,0.157267
47,40,27,1978.95,0.156512
47,40,28,1974.46,0.155017
47,40,29,1976.04,0.152702
47,40,30,1985.78,0.149077
47,40,31,2004.1,0.143083
47,40,32,2030.56,0.133814
47,40,33,2064.86,0.121098
47,40,34,2107.12,0.105589
47,40,35,2157.98,0.0886087
47,40,36,2217.2,0.0716197
47,40,37,2283.59,0.0558312
47,40,38,2354.13,0.0420188
47,40,39,2425.91,0.0308252
47,40,40,2495.3,0.0222962
47,40,41,2561.54,0.0166536
47,40,42,2624.5,0.0141255
47,40,43,2683.62,0.0151828
47,40,44,2736.12,0.0201864
47,40,45,2775.79,0.0289496
47,40,46,2792.88,0.0403049
47,40,47,2775.46,0.0518212
47,40,48,2710.4,0.060446
47,40,49,2585.46,0.0634251
47,41,0,2217.22,0.361061
47,41,1,2393.57,0.444873
47,41,2,2520.26,0.516027
47,41,3,2598.16,0.568123
47,41,4,2633.86,0.59772
47,41,5,2636.13,0.603725
47,41,6,2614.03,0.586988
47,41,7,2576.28,0.550231
47,41,8,2531.26,0.498635
47,41,9,2485.9,0.439626
47,41,10,2444.98,0.38183
47,41,11,2410.22,0.332808
47,41,12,2381.55,0.296999
47,41,13,2356.74,0.275228
47,41,14,2332.88,0.264283
47,41,15,2307.32,0.259177
47,41,16,2277.75,0.255121
47,41,17,2243.15,0.248393
47,41,18,2203.98,0.238099
47,41,19,2162.7,0.225662
47,41,20,2123.27,0.214104
47,41,21,2089.79,0.205951
47,41,22,2064.76,0.202224
47,41,23,2047.96,0.202257
47,41,24,2036.66,0.204189
47,41,25,2027.28,0.205943
47,41,26,2016.89,0.206119
47,41,27,2004.8,0.204085
47,41,28,1992.57,0.200094
47,41,29,1982.88,0.194424
47,41,30,1978.8,0.186972
47,41,31,1982.49,0.176962
47,41,32,1995.37,0.163605
47,41,33,2018.41,0.146723
47,41,34,2052.18,0.126941
47,41,35,2097.11,0.105664
47,41,36,2152.45,0.0846108
47,41,37,2216.68,0.0653217
47,41,38,2286.51,0.0488204
47,41,39,2358.96,0.0358265
47,41,40,2430.01,0.026223
47,41,41,2498.62,0.0200709
47,41,42,2564.46,0.0174948
47,41,43,2626.97,0.0190052
47,41,44,2683.39,0.0249927
47,41,45,2727.34,0.0352942
47,41,46,2748.5,0.0485448
47,41,47,2734.13,0.0619053
47,41,48,2670.52,0.0717872
47,41,49,2545.67,0.0750235
47,42,0,2159.06,0.356986
47,42,1,2337.38,0.444203
47,42,2,2469.69,0.519727
47,42,3,2554.66,0.575398
47,42,4,2596.49,0.605879
47,42,5,2602.23,0.609231
47,42,6,2580.31,0.587176
47,42,7,2540.17,0.544741
47,42,8,2491.96,0.489624
47,42,9,2444.71,0.43062
47,42,10,2404.7,0.37601
47,42,11,2374.02,0.331757
47,42,12,2352.01,0.300525
47,42,13,2335.28,0.282039
47,42,14,2319.94,0.273101
47,42,15,2302.76,0.269496
47,42,16,2281.23,0.267395
47,42,17,2254.44,0.263844
47,42,18,2222.85,0.258246
47,42,19,2188.82,0.251881
47,42,20,2156.01,0.247237
47,42,21,2128.08,0.246125
47,42,22,2107.22,0.248723
47,42,23,2093.14,0.253806
47,42,24,2083.1,0.259177
47,42,25,2073.4,0.2628
47,42,26,2060.66,0.263455
47,42,27,2043.54,0.260761
47,42,28,2023.06,0.255155
47,42,29,2002.04,0.247103
47,42,30,1984.52,0.236696
47,42,31,1974.24,0.223249
47,42,32,1974.29,0.205937
47,42,33,1986.69,0.184465
47,42,34,2012.22,0.159393
47,42,35,2050.86,0.132285
47,42,36,2101.35,0.105301
47,42,37,2162.01,0.0805573
47,42,38,2229.75,0.0595851
47,42,39,2302.05,0.0433607
47,42,40,2374.99,0.031694
47,42,41,2447.53,0.0244683
47,42,42,2519.09,0.0216116
47,42,43,2588.74,0.0235312
47,42,44,2653.18,0.0305178
47,42,45,2705.28,0.0423127
47,42,46,2733.75,0.0572975
47,42,47,2724.93,0.0722298
47,42,48,2664.6,0.0830478
47,42,49,2540.76,0.0862614
47,43,0,2106.91,0.352162
47,43,1,2281.84,0.440977
47,43,2,2413.33,0.518706
47,43,3,2498.86,0.575905
47,43,4,2541.33,0.605876
47,43,5,2546.96,0.606267
47,43,6,2524.1,0.579862
47,43,7,2482.97,0.533897
47,43,8,2435.04,0.478254
47,43,9,2390.57,0.422585
47,43,10,2356.26,0.374209
47,43,11,2333.67,0.336853
47,43,12,2320.89,0.310944
47,43,13,2313.19,0.294892
47,43,14,2305.99,0.285738
47,43,15,2296.12,0.280622
47,43,16,2281.68,0.277482
47,43,17,2262.52,0.274898
47,43,18,2239.47,0.272987
47,43,19,2214.62,0.27286
47,43,20,2190.78,0.276062
47,43,21,2170.53,0.283129
47,43,22,2155.27,0.293003
47,43,23,2144.41,0.303813
47,43,24,2135.33,0.313239
47,43,25,2124.53,0.319609
47,43,26,2108.6,0.322099
47,43,27,2086,0.320555
47,43,28,2057.58,0.315369
47,43,29,2026.4,0.306875
47,43,30,1997.32,0.295095
47,43,31,1975.31,0.279306
47,43,32,1964.62,0.258613
47,43,33,1967.9,0.232588
47,43,34,1985.84,0.201744
47,43,35,2017.99,0.167824
47,43,36,2062.75,0.133513
47,43,37,2118.64,0.101665
47,43,38,2183.27,0.0745517
47,43,39,2255.12,0.0536381
47,43,40,2330.78,0.0388387
47,43,41,2409.42,0.0299298
47,43,42,2490.11,0.0266007
47,43,43,2571.1,0.0290131
47,43,44,2647.88,0.0372042
47,43,45,2711.88,0.0506549
47,43,46,2750.49,0.0673966
47,43,47,2749.1,0.0837498
47,43,48,2693.03,0.095223
47,43,49,2570.26,0.0980839
47,44,0,2070.1,0.34636
47,44,1,2235.73,0.43428
47,44,2,2358.73,0.511356
47,44,3,2436.87,0.567599
47,44,4,2473.15,0.595688
47,44,5,2474.07,0.593294
47,44,6,2448.49,0.564224
47,44,7,2407.39,0.517452
47,44,8,2362.93,0.464394
47,44,9,2325.53,0.414975
47,44,10,2301.25,0.375132
47,44,11,2290.14,0.346087
47,44,12,2288.65,0.325892
47,44,13,2290.69,0.311551
47,44,14,2291.31,0.300424
47,44,15,2287.89,0.291277
47,44,16,2279.7,0.284261
47,44,17,2267.72,0.280006
47,44,18,2253.22,0.279721
47,44,19,2237.93,0.284477
47,44,20,2223.43,0.294738
47,44,21,2210.96,0.309509
47,44,22,2200.92,0.326355
47,44,23,2192.47,0.342802
47,44,24,2183.26,0.356633
47,44,25,2170.28,0.366778
47,44,26,2150.5,0.372896
47,44,27,2122.47,0.374898
47,44,28,2087.16,0.372771
47,44,29,2047.9,0.366309
47,44,30,2010.16,0.355173
47,44,31,1979.62,0.338522
47,44,32,1961.08,0.315451
47,44,33,1957.3,0.285502
47,44,34,1968.67,0.249199
47,44,35,1994.42,0.208451
47,44,36,2032.99,0.166427
47,44,37,2083.55,0.126739
47,44,38,2144.81,0.0925306
47,44,39,2216.58,0.0659595
47,44,40,2296.14,0.0472652
47,44,41,2382.96,0.036265
47,44,42,2475.57,0.0324412
47,44,43,2570.96,0.0356125
47,44,44,2662.83,0.0454225
47,44,45,2740.72,0.0609168
47,44,46,2790.58,0.0796527
47,44,47,2797.04,0.0974445
47,44,48,2745.2,0.109381
47,44,49,2622.98,0.111548
47,45,0,2052.27,0.337853
47,45,1,2203.45,0.421925
47,45,2,2310.88,0.495164
47,45,3,2373.99,0.547864
47,45,4,2397.34,0.572841
47,45,5,2388.77,0.568122
47,45,6,2358.26,0.538281
47,45,7,2317.44,0.493291
47,45,8,2278.52,0.445285
47,45,9,2251.08,0.403926
47,45,10,2239.54,0.373657
47,45,11,2241.89,0.35337
47,45,12,2252.82,0.338992
47,45,13,2265,0.326209
47,45,14,2273.43,0.312628
47,45,15,2276.23,0.298512
47,45,16,2273.91,0.286161
47,45,17,2268.56,0.278333
47,45,18,2261.82,0.277495
47,45,19,2254.9,0.284873
47,45,20,2248.21,0.299994
47,45,21,2241.68,0.320441
47,45,22,2234.95,0.342554
47,45,23,2227.1,0.363434
47,45,24,2216.28,0.381191
47,45,25,2200.15,0.395505
47,45,26,2176.21,0.406528
47,45,27,2143.35,0.414047
47,45,28,2102.72,0.417326
47,45,29,2057.9,0.415247
47,45,30,2014.68,0.406827
47,45,31,1979.01,0.391019
47,45,32,1955.63,0.367002
47,45,33,1946.96,0.334425
47,45,34,1953.01,0.293916
47,45,35,1972.9,0.247526
47,45,36,2005.5,0.198766
47,45,37,2050.96,0.151878
47,45,38,2109.32,0.110846
47,45,39,2181.7,0.078621
47,45,40,2266.09,0.0559536
47,45,41,2362.12,0.0428836
47,45,42,2467.64,0.0387864
47,45,43,2578.11,0.043117
47,45,44,2685.23,0.0550416
47,45,45,2776.6,0.0730353
47,45,46,2836.88,0.0940736
47,45,47,2850.24,0.113395
47,45,48,2801.81,0.125668
47,45,49,2679.58,0.12684
47,46,0,2046.4,0.324048
47,46,1,2179.85,0.401302
47,46,2,2267.03,0.467715
47,46,3,2309.85,0.514594
47,46,4,2315.37,0.535513
47,46,5,2293.66,0.529032
47,46,6,2256.22,0.500075
47,46,7,2215.24,0.458789
47,46,8,2182.34,0.417189
47,46,9,2165.6,0.384288
47,46,10,2167.24,0.363211
47,46,11,2183.03,0.351085
47,46,12,2206.18,0.342306
47,46,13,2228.41,0.331515
47,46,14,2244.82,0.316402
47,46,15,2254.17,0.298272
47,46,16,2257.94,0.28104
47,46,17,2258.86,0.269206
47,46,18,2258.74,0.266377
47,46,19,2258.25,0.274083
47,46,20,2256.81,0.291236
47,46,21,2253.5,0.314391
47,46,22,2247.57,0.339045
47,46,23,2238.34,0.362138
47,46,24,2224.58,0.382278
47,46,25,2204.71,0.399955
47,46,26,2176.81,0.415815
47,46,27,2140.12,0.429455
47,46,28,2095.99,0.439286
47,46,29,2048.15,0.443087
47,46,30,2002.41,0.439027
47,46,31,1964.56,0.42575
47,46,32,1938.86,0.402532
47,46,33,1927.15,0.369234
47,46,34,1929.09,0.326672
47,46,35,1943.91,0.276997
47,46,36,1971.22,0.223875
47,46,37,2012.31,0.171937
47,46,38,2068.47,0.125797
47,46,39,2141.92,0.0891471
47,46,40,2231.11,0.0633263
47,46,41,2335.72,0.0487451
47,46,42,2452.85,0.0448065
47,46,43,2576.55,0.0506645
47,46,44,2696.69,0.0650128
47,46,45,2799.22,0.085714
47,46,46,2867.79,0.109131
47,46,47,2886.34,0.129922
47,46,48,2840.2,0.14238
47,46,49,2717.57,0.142369
47,47,0,2035.96,0.301948
47,47,1,2150.46,0.369771
47,47,2,2215.87,0.426991
47,47,3,2236.7,0.466413
47,47,4,2222.77,0.482752
47,47,5,2186.64,0.475107
47,47,6,2141.45,0.448294
47,47,7,2099.74,0.411858
47,47,8,2072.15,0.376969
47,47,9,2064.83,0.351726
47,47,10,2077.83,0.338292
47,47,11,2105.01,0.33283
47,47,12,2138.62,0.329008
47,47,13,2169.84,0.320871
47,47,14,2193.94,0.306065
47,47,15,2210.07,0.286334
47,47,16,2220.13,0.266391
47,47,17,2227.03,0.251739
47,47,18,2232.36,0.246735
47,47,19,2236.29,0.253227
47,47,20,2237.63,0.269877
47,47,21,2235.05,0.29273
47,47,22,2227.87,0.31694
47,47,23,2215.85,0.339544
47,47,24,2198.49,0.359747
47,47,25,2174.9,0.378815
47,47,26,2143.73,0.397896
47,47,27,2104.53,0.416495
47,47,28,2058.8,0.432314
47,47,29,2010.23,0.442117
47,47,30,1964.44,0.44318
47,47,31,1926.71,0.43374
47,47,32,1900.6,0.413095
47,47,33,1887.28,0.381318
47,47,34,1886.2,0.339433
47,47,35,1896.9,0.289644
47,47,36,1919.85,0.23557
47,47,37,1957.32,0.181929
47,47,38,2011.66,0.133641
47,47,39,2085.79,0.0949035
47,47,40,2178.4,0.0675817
47,47,41,2289.11,0.0525061
47,47,42,2414.48,0.0492262
47,47,43,2547.57,0.0567187
47,47,44,2676.93,0.0733057
47,47,45,2787.31,0.0963274
47,47,46,2861.61,0.121634
47,47,47,2883.51,0.143439
47,47,48,2838.57,0.155798
47,47,49,2715.48,0.154596
47,48,0,2000.92,0.269831
47,48,1,2096.63,0.326392
47,48,2,2141.54,0.373021
47,48,3,2142.15,0.404218
47,48,4,2110.66,0.415963
47,48,5,2061.76,0.40779
47,48,6,2009.9,0.384013
47,48,7,1967.54,0.352974
47,48,8,1944.03,0.324453
47,48,9,1943.61,0.305468
47,48,10,1964.52,0.297589
47,48,11,1999.43,0.29681
47,48,12,2040.3,0.296885
47,48,13,2078.25,0.291817
47,48,14,2108.8,0.279179
47,48,15,2131.2,0.260623
47,48,16,2147.3,0.240826
47,48,17,2159.63,0.225457
47,48,18,2169.35,0.219085
47,48,19,2176.14,0.223751
47,48,20,2178.53,0.238165
47,48,21,2175.2,0.258379
47,48,22,2165.8,0.279679
47,48,23,2150.67,0.299411
47,48,24,2129.97,0.317349
47,48,25,2103.46,0.335377
47,48,26,2070.27,0.355109
47,48,27,2030.22,0.376148
47,48,28,1984.87,0.395845
47,48,29,1937.74,0.410304
47,48,30,1893.97,0.416096
47,48,31,1858.15,0.411039
47,48,32,1833.04,0.394347
47,48,33,1819.26,0.366217
47,48,34,1816.13,0.32781
47,48,35,1823.64,0.281301
47,48,36,1842.99,0.230081
47,48,37,1877.19,0.178641
47,48,38,1929.25,0.13182
47,48,39,2002.38,0.0939683
47,48,40,2095.44,0.0672791
47,48,41,2208.03,0.0529319
47,48,42,2336.57,0.0506856
47,48,43,2473.74,0.0594847
47,48,44,2607.53,0.0774582
47,48,45,2721.97,0.101642
47,48,46,2799.29,0.127624
47,48,47,2822.82,0.149471
47,48,48,2778.31,0.161268
47,48,49,2655.37,0.159087
47,49,0,1925.49,0.228445
47,49,1,2003.21,0.272945
47,49,2,2030.64,0.308671
47,49,3,2015.49,0.33175
47,49,4,1971.41,0.33936
47,49,5,1914.31,0.331335
47,49,6,1859.05,0.311225
47,49,7,1817.37,0.285819
47,49,8,1797.07,0.263153
47,49,9,1800.71,0.249046
47,49,10,1825.37,0.244728
47,49,11,1863.4,0.246628
47,49,12,1907.19,0.249235
47,49,13,1948.36,0.247053
47,49,14,1982.8,0.237694
47,49,15,2009.72,0.222401
47,49,16,2030.55,0.205204
47,49,17,2047.15,0.191219
47,49,18,2060.06,0.184703
47,49,19,2068.57,0.18768
47,49,20,2071.13,0.19908
47,49,21,2066.67,0.215361
47,49,22,2055.28,0.23232
47,49,23,2037.85,0.247734
47,49,24,2015.07,0.261812
47,49,25,1987.23,0.276787
47,49,26,1953.89,0.294603
47,49,27,1915.07,0.315118
47,49,28,1872.31,0.33576
47,49,29,1828.77,0.352493
47,49,30,1788.92,0.361563
47,49,31,1756.52,0.36051
47,49,32,1733.57,0.348403
47,49,33,1720.26,0.325442
47,49,34,1715.98,0.292793
47,49,35,1721.1,0.252481
47,49,36,1737.28,0.207511
47,49,37,1767.9,0.161879
47,49,38,1816.2,0.119975
47,49,39,1885.4,0.0859125
47,49,40,1974.54,0.0619425
47,49,41,2083.36,0.0494246
47,49,42,2208.59,0.0483206
47,49,43,2343.28,0.0576688
47,49,44,2475.61,0.0756162
47,49,45,2589.5,0.0991924
47,49,46,2666.75,0.124081
47,49,47,2690.31,0.144615
47,49,48,2646.21,0.155273
47,49,49,2525.56,0.152504
48,0,0,2845.47,0.325116
48,0,1,3002.49,0.40107
48,0,2,3092.68,0.470041
48,0,3,3129.5,0.52849
48,0,4,3129.71,0.574276
48,0,5,3109.69,0.605636
48,0,6,3082.68,0.62078
48,0,7,3055.79,0.618997
48,0,8,3031.44,0.602495
48,0,9,3010.67,0.577282
48,0,10,2995.75,0.552619
48,0,11,2989.64,0.5383
48,0,12,2994.29,0.541213
48,0,13,3006.64,0.562206
48,0,14,3018.51,0.59589
48,0,15,3020.5,0.633642
48,0,16,3005.12,0.667306
48,0,17,2969.11,0.692551
48,0,18,2914.43,0.709422
48,0,19,2846.77,0.71993
48,0,20,2773.77,0.725411
48,0,21,2702.93,0.724772
48,0,22,2640.15,0.714307
48,0,23,2589.17,0.690315
48,0,24,2550.89,0.650718
48,0,25,2523.68,0.596312
48,0,26,2505.72,0.530627
48,0,27,2495.8,0.458812
48,0,28,2494.64,0.386247
48,0,29,2503.79,0.317425
48,0,30,2524.76,0.255646
48,0,31,2557.37,0.202943
48,0,32,2599.01,0.160368
48,0,33,2645.11,0.128409
48,0,34,2690.68,0.106838
48,0,35,2731.81,0.0941367
48,0,36,2766.33,0.0877946
48,0,37,2794.01,0.0847729
48,0,38,2816.1,0.0818747
48,0,39,2835.54,0.0770909
48,0,40,2854.2,0.0695018
48,0,41,2875.27,0.059887
48,0,42,2900.71,0.0501638
48,0,43,2930.48,0.0428843
48,0,44,2961.09,0.0402273
48,0,45,2984.79,0.0431379
48,0,46,2989.66,0.0506971
48,0,47,2960.56,0.0600629
48,0,48,2881.57,0.0674389
48,0,49,2738.3,0.0694702
48,1,0,3017.4,0.384079
48,1,1,3178.34,0.469482
48,1,2,3271.11,0.545371
48,1,3,3310.4,0.608643
48,1,4,3312.55,0.658056
48,1,5,3292.91,0.692651
48,1,6,3264.19,0.710845
48,1,7,3234.06,0.711647
48,1,8,3206.26,0.69692
48,1,9,3183.21,0.672672
48,1,10,3167.97,0.648674
48,1,11,3163.41,0.635458
48,1,12,3170.77,0.640412
48,1,13,3185.83,0.664174
48,1,14,3199.68,0.700437
48,1,15,3202.69,0.739456
48,1,16,3187.67,0.772261
48,1,17,3151.97,0.794351
48,1,18,3097.99,0.806307
48,1,19,3031.52,0.810968
48,1,20,2959.76,0.81038
48,1,21,2889.37,0.803827
48,1,22,2825.27,0.78745
48,1,23,2770.74,0.757241
48,1,24,2726.97,0.710866
48,1,25,2693.25,0.649231
48,1,26,2668.91,0.576304
48,1,27,2653.63,0.497856
48,1,28,2648.52,0.419728
48,1,29,2655.07,0.34653
48,1,30,2674.4,0.281366
48,1,31,2706.02,0.225898
48,1,32,2747.2,0.180898
48,1,33,2793.43,0.146811
48,1,34,2839.89,0.123545
48,1,35,2882.71,0.109736
48,1,36,2919.62,0.102806
48,1,37,2950,0.0994492
48,1,38,2974.62,0.0960156
48,1,39,2995.78,0.0901326
48,1,40,3015.02,0.0808087
48,1,41,3035.47,0.0690357
48,1,42,3059.33,0.0571132
48,1,43,3086.93,0.0479934
48,1,44,3115.21,0.0440263
48,1,45,3136.82,0.0461226
48,1,46,3140.31,0.0531672
48,1,47,3110.98,0.0620977
48,1,48,3032.68,0.0689846
48,1,49,2889.42,0.0704692
48,2,0,3130.47,0.434767
48,2,1,3293.88,0.526442
48,2,2,3388.12,0.605585
48,2,3,3428.73,0.669791
48,2,4,3431.62,0.719164
48,2,5,3411.31,0.754088
48,2,6,3380.03,0.773666
48,2,7,3346.04,0.776813
48,2,8,3314.37,0.764778
48,2,9,3288.73,0.742906
48,2,10,3272.76,0.720592
48,2,11,3269.05,0.708262
48,2,12,3278.04,0.713336
48,2,13,3294.52,0.7363
48,2,14,3309.19,0.770493
48,2,15,3312.53,0.805866
48,2,16,3297.9,0.833408
48,2,17,3263.24,0.84887
48,2,18,3211.35,0.853383
48,2,19,3147.94,0.850409
48,2,20,3079.63,0.842503
48,2,21,3011.99,0.829321
48,2,22,2948.76,0.807088
48,2,23,2892.52,0.771778
48,2,24,2844.58,0.721016
48,2,25,2805.16,0.655864
48,2,26,2774.72,0.580552
48,2,27,2753.9,0.501152
48,2,28,2744.17,0.423552
48,2,29,2746.87,0.352042
48,2,30,2762.8,0.28912
48,2,31,2791.33,0.235746
48,2,32,2829.9,0.192204
48,2,33,2874.42,0.158808
48,2,34,2920.46,0.135651
48,2,35,2964.33,0.121712
48,2,36,3003.61,0.114587
48,2,37,3037.17,0.110945
48,2,38,3065.06,0.106912
48,2,39,3088.79,0.0998983
48,2,40,3109.38,0.088952
48,2,41,3129.78,0.0753008
48,2,42,3152.34,0.0615754
48,2,43,3177.81,0.0510067
48,2,44,3203.55,0.0459536
48,2,45,3222.73,0.0471636
48,2,46,3224.45,0.0532969
48,2,47,3194.57,0.0611855
48,2,48,3117.13,0.0669904
48,2,49,2975.37,0.0675937
48,3,0,3197.13,0.476811
48,3,1,3363.04,0.572429
48,3,2,3458.58,0.6522
48,3,3,3499.79,0.714448
48,3,4,3502.3,0.760827
48,3,5,3480.05,0.793458
48,3,6,3445.13,0.81257
48,3,7,3406.47,0.8172
48,3,8,3370.4,0.807784
48,3,9,3341.72,0.788413
48,3,10,3324.41,0.767306
48,3,11,3320.55,0.75411
48,3,12,3329.84,0.756019
48,3,13,3346.37,0.773673
48,3,14,3360.86,0.800815
48,3,15,3364.2,0.827992
48,3,16,3350.38,0.846863
48,3,17,3317.85,0.853691
48,3,18,3269.5,0.84995
48,3,19,3210.74,0.839308
48,3,20,3147.35,0.824438
48,3,21,3083.81,0.805235
48,3,22,3022.75,0.778184
48,3,23,2966.07,0.739518
48,3,24,2915.12,0.687062
48,3,25,2870.95,0.622084
48,3,26,2835,0.548908
48,3,27,2808.65,0.473561
48,3,28,2793.63,0.401613
48,3,29,2791.12,0.336716
48,3,30,2801.73,0.280508
48,3,31,2824.97,0.233103
48,3,32,2858.8,0.194214
48,3,33,2899.83,0.16397
48,3,34,2944.28,0.142638
48,3,35,2988.69,0.129612
48,3,36,3030.41,0.122788
48,3,37,3067.71,0.118976
48,3,38,3099.79,0.114313
48,3,39,3127.21,0.106174
48,3,40,3150.4,0.0937913
48,3,41,3171.98,0.0786727
48,3,42,3194.38,0.0637294
48,3,43,3218.6,0.052339
48,3,44,3242.36,0.04672
48,3,45,3259.24,0.0473399
48,3,46,3258.88,0.0525958
48,3,47,3227.78,0.0592709
48,3,48,3150.4,0.0637431
48,3,49,3009.84,0.0632755
48,4,0,3229.68,0.510108
48,4,1,3398.28,0.608243
48,4,2,3495.08,0.687259
48,4,3,3536.32,0.746057
48,4,4,3537.45,0.787815
48,4,5,3512.17,0.816538
48,4,6,3472.79,0.833848
48,4,7,3429.07,0.839033
48,4,8,3388.55,0.831548
48,4,9,3356.82,0.813787
48,4,10,3337.81,0.792266
48,4,11,3332.86,0.775512
48,4,12,3341.03,0.77057
48,4,13,3356.2,0.778739
48,4,14,3369.64,0.794942
48,4,15,3373.01,0.811043
48,4,16,3360.93,0.819795
48,4,17,3332.1,0.81796
48,4,18,3289.09,0.80696
48,4,19,3236.55,0.790171
48,4,20,3179.25,0.769987
48,4,21,3120.59,0.746383
48,4,22,3062.37,0.716238
48,4,23,3006.08,0.67626
48,4,24,2953.19,0.624662
48,4,25,2905.37,0.562912
48,4,26,2864.73,0.495231
48,4,27,2833.1,0.427277
48,4,28,2812.23,0.36402
48,4,29,2803.18,0.308319
48,4,30,2806.59,0.260951
48,4,31,2822.35,0.221291
48,4,32,2849.29,0.188604
48,4,33,2885.01,0.162867
48,4,34,2926.54,0.144487
48,4,35,2970.73,0.133201
48,4,36,3014.7,0.12718
48,4,37,3056,0.123416
48,4,38,3092.9,0.118214
48,4,39,3125.01,0.109096
48,4,40,3152.1,0.0956078
48,4,41,3176.41,0.0795771
48,4,42,3200.24,0.0641411
48,4,43,3224.6,0.0526911
48,4,44,3247.34,0.0471885
48,4,45,3262.35,0.0477384
48,4,46,3259.81,0.0524514
48,4,47,3226.89,0.0580817
48,4,48,3148.67,0.061265
48,4,49,3008.55,0.0596829
48,5,0,3236.7,0.53329
48,5,1,3407.56,0.632757
48,5,2,3505.14,0.710287
48,5,3,3545.65,0.765182
48,5,4,3544.47,0.801959
48,5,5,3515.41,0.826393
48,5,6,3471.3,0.841491
48,5,7,3422.97,0.846747
48,5,8,3378.96,0.840473
48,5,9,3345.17,0.823115
48,5,10,3324.85,0.799287
48,5,11,3318.3,0.776442
48,5,12,3324.13,0.761812
48,5,13,3336.61,0.757927
48,5,14,3348.25,0.761477
48,5,15,3351.87,0.766013
48,5,16,3342.72,0.765408
48,5,17,3319.39,0.756652
48,5,18,3283.61,0.740666
48,5,19,3238.77,0.720135
48,5,20,3188.4,0.696942
48,5,21,3134.99,0.671076
48,5,22,3079.92,0.639915
48,5,23,3024.61,0.600741
48,5,24,2970.83,0.552205
48,5,25,2920.64,0.495861
48,5,26,2876.48,0.435599
48,5,27,2840.21,0.376419
48,5,28,2813.42,0.322519
48,5,29,2797.02,0.275992
48,5,30,2791.85,0.236978
48,5,31,2798.46,0.204464
48,5,32,2816.76,0.177576
48,5,33,2845.54,0.156287
48,5,34,2882.77,0.141106
48,5,35,2925.72,0.131952
48,5,36,2971.3,0.127117
48,5,37,3016.37,0.123712
48,5,38,3058.3,0.118273
48,5,39,3095.77,0.108599
48,5,40,3127.92,0.0946133
48,5,41,3156.51,0.0784594
48,5,42,3183.48,0.0634122
48,5,43,3209.55,0.0527324
48,5,44,3232.42,0.0480376
48,5,45,3246.15,0.0490334
48,5,46,3241.48,0.053562
48,5,47,3206.36,0.0583812
48,5,48,3126.68,0.0604028
48,5,49,2986.4,0.0577205
48,6,0,3222.53,0.543974
48,6,1,3394.34,0.643034
48,6,2,3491.56,0.718174
48,6,3,3530.24,0.769055
48,6,4,3525.78,0.801312
48,6,5,3492.42,0.822161
48,6,6,3443.92,0.835689
48,6,7,3392.3,0.841343
48,6,8,3346.84,0.83612
48,6,9,3312.99,0.818451
48,6,10,3292.64,0.791145
48,6,11,3284.69,0.760877
48,6,12,3287.5,0.735501
48,6,13,3296.37,0.719215
48,6,14,3305.7,0.710744
48,6,15,3309.88,0.705304
48,6,16,3304.76,0.697607
48,6,17,3288.47,0.684519
48,6,18,3261.36,0.66614
48,6,19,3225.19,0.644322
48,6,20,3182.17,0.62045
48,6,21,3134.08,0.59456
48,6,22,3082.28,0.564565
48,6,23,3028.49,0.528259
48,6,24,2974.84,0.484621
48,6,25,2923.7,0.435085
48,6,26,2877.43,0.382993
48,6,27,2837.63,0.332483
48,6,28,2805.55,0.286914
48,6,29,2781.95,0.247732
48,6,30,2767.99,0.214761
48,6,31,2764.91,0.18704
48,6,32,2773.78,0.16395
48,6,33,2794.63,0.145696
48,6,34,2826.51,0.132912
48,6,35,2867.21,0.125562
48,6,36,2913.57,0.121908
48,6,37,2961.9,0.119083
48,6,38,3008.77,0.113861
48,6,39,3052.06,0.104349
48,6,40,3090.29,0.090812
48,6,41,3124.61,0.0756054
48,6,42,3156.33,0.0619916
48,6,43,3185.53,0.0529395
48,6,44,3209.53,0.0496565
48,6,45,3222.51,0.0514563
48,6,46,3215.81,0.0559801
48,6,47,3178.33,0.0600666
48,6,48,3096.85,0.0609513
48,6,49,2956.12,0.0571441
48,7,0,3187.73,0.540255
48,7,1,3358.6,0.636396
48,7,2,3453.92,0.707749
48,7,3,3489.42,0.754474
48,7,4,3480.68,0.783116
48,7,5,3442.75,0.801842
48,7,6,3390.68,0.81527
48,7,7,3337.76,0.822391
48,7,8,3293.54,0.81875
48,7,9,3262.27,0.800863
48,7,10,3243.76,0.770033
48,7,11,3235.27,0.732542
48,7,12,3235.09,0.697194
48,7,13,3240.08,0.670019
48,7,14,3246.96,0.65171
48,7,15,3251.98,0.638873
48,7,16,3251.53,0.626682
48,7,17,3243.04,0.611633
48,7,18,3225.14,0.592953
48,7,19,3197.86,0.571785
48,7,20,3162.12,0.549211
48,7,21,3119.23,0.525372
48,7,22,3070.8,0.498623
48,7,23,3019.04,0.467058
48,7,24,2966.52,0.429756
48,7,25,2915.7,0.387823
48,7,26,2868.74,0.343921
48,7,27,2826.83,0.30126
48,7,28,2790.84,0.262367
48,7,29,2761.39,0.228166
48,7,30,2739.83,0.198424
48,7,31,2728.05,0.172568
48,7,32,2728.08,0.15057
48,7,33,2741.14,0.133123
48,7,34,2767.36,0.121094
48,7,35,2805.26,0.114476
48,7,36,2851.82,0.111469
48,7,37,2903.04,0.109201
48,7,38,2954.91,0.104655
48,7,39,3004.58,0.0961995
48,7,40,3049.88,0.084295
48,7,41,3091.17,0.0712951
48,7,42,3128.85,0.0602399
48,7,43,3162.12,0.0536394
48,7,44,3187.83,0.0522421
48,7,45,3200.32,0.0550121
48,7,46,3191.65,0.0594926
48,7,47,3151.74,0.0627156
48,7,48,3068.42,0.0623217
48,7,49,2927.22,0.0572745
48,8,0,3131.68,0.522951
48,8,1,3299.73,0.613451
48,8,2,3391.63,0.679449
48,8,3,3422.72,0.721853
48,8,4,3408.98,0.747928
48,8,5,3366.59,0.766227
48,8,6,3312.17,0.781251
48,8,7,3260.2,0.791106
48,8,8,3219.91,0.789857
48,8,9,3193.65,0.772378
48,8,10,3178.75,0.738852
48,8,11,3170.81,0.695471
48,8,12,3168.25,0.652068
48,8,13,3169.66,0.616348
48,8,14,3174.24,0.590666
48,8,15,3180.13,0.572684
48,8,16,3184.28,0.557806
48,8,17,3183.28,0.542174
48,8,18,3174.11,0.524374
48,8,19,3155.17,0.50511
48,8,20,3126.28,0.485358
48,8,21,3088.47,0.465311
48,8,22,3043.62,0.443527
48,8,23,2994.45,0.418103
48,8,24,2943.84,0.388008
48,8,25,2894.35,0.353926
48,8,26,2847.89,0.317873
48,8,27,2805.37,0.282214
48,8,28,2767.39,0.24871
48,8,29,2734.39,0.217802
48,8,30,2707.8,0.189267
48,8,31,2689.77,0.163022
48,8,32,2682.97,0.139779
48,8,33,2689.58,0.120907
48,8,34,2710.83,0.107685
48,8,35,2746.11,0.100282
48,8,36,2792.9,0.0969592
48,8,37,2847.16,0.0949232
48,8,38,2904.46,0.0913625
48,8,39,2961.24,0.0847998
48,8,40,3014.48,0.0756705
48,8,41,3063.55,0.0660576
48,8,42,3107.71,0.0585477
48,8,43,3145.27,0.0550553
48,8,44,3172.69,0.0558517
48,8,45,3184.61,0.0596224
48,8,46,3173.93,0.0639211
48,8,47,3131.67,0.0660769
48,8,48,3046.69,0.0642066
48,8,49,2905.28,0.0577657
48,9,0,3054.69,0.495642
48,9,1,3218.65,0.578524
48,9,2,3306.29,0.638201
48,9,3,3332.54,0.676526
48,9,4,3313.92,0.701246
48,9,5,3268.04,0.720737
48,9,6,3213.14,0.73877
48,9,7,3164.44,0.752284
48,9,8,3130.26,0.754015
48,9,9,3110.65,0.737623
48,9,10,3100.42,0.702574
48,9,11,3093.84,0.655102
48,9,12,3089.57,0.605859
48,9,13,3087.94,0.5638
48,9,14,3090.39,0.532539
48,9,15,3096.8,0.51056
48,9,16,3104.61,0.493529
48,9,17,3109.77,0.477506
48,9,18,3107.89,0.460822
48,9,19,3096.1,0.443994
48,9,20,3073.35,0.427928
48,9,21,3040.42,0.412668
48,9,22,2999.37,0.396663
48,9,23,2953.2,0.377781
48,9,24,2904.98,0.35482
48,9,25,2857.33,0.328151
48,9,26,2812.17,0.299357
48,9,27,2770.42,0.270159
48,9,28,2732.59,0.241619
48,9,29,2699,0.213628
48,9,30,2670.82,0.185813
48,9,31,2650.05,0.158403
48,9,32,2639.53,0.132766
48,9,33,2642.1,0.111011
48,9,34,2659.99,0.0950183
48,9,35,2693.65,0.0853754
48,9,36,2741.33,0.0806593
48,9,37,2799.2,0.0783249
48,9,38,2862.51,0.0757839
48,9,39,2926.94,0.0715985
48,9,40,2988.47,0.065965
48,9,41,3045.26,0.0604534
48,9,42,3095.5,0.057019
48,9,43,3136.75,0.0569257
48,9,44,3165.31,0.0600002
48,9,45,3176.33,0.0647442
48,9,46,3163.6,0.0688087
48,9,47,3119.23,0.0698641
48,9,48,3033.05,0.0665004
48,9,49,2892.07,0.0586449
48,10,0,2959.8,0.464298
48,10,1,3119.67,0.539147
48,10,2,3203.64,0.592734
48,10,3,3226.2,0.627835
48,10,4,3204.55,0.652375
48,10,5,3157.7,0.674079
48,10,6,3105.07,0.695618
48,10,7,3061.96,0.712757
48,10,8,3035.23,0.717301
48,10,9,3022.65,0.702253
48,10,10,3017.08,0.666725
48,10,11,3011.93,0.616936
48,10,12,3006.26,0.563909
48,10,13,3001.83,0.517249
48,10,14,3001.88,0.481412
48,10,15,3007.72,0.455605
48,10,16,3017.3,0.435995
48,10,17,3026.25,0.418962
48,10,18,3029.34,0.402951
48,10,19,3022.84,0.388396
48,10,20,3005.1,0.375988
48,10,21,2976.61,0.365344
48,10,22,2939.34,0.354559
48,10,23,2896.25,0.341233
48,10,24,2850.48,0.324153
48,10,25,2804.8,0.303674
48,10,26,2761.41,0.281261
48,10,27,2721.61,0.258233
48,10,28,2686.07,0.234999
48,10,29,2654.98,0.210745
48,10,30,2628.95,0.184639
48,10,31,2609.41,0.156854
48,10,32,2598.84,0.129136
48,10,33,2600.41,0.104255
48,10,34,2617.19,0.084816
48,10,35,2650.73,0.0720648
48,10,36,2700.21,0.0651706
48,10,37,2762.2,0.0620285
48,10,38,2831.68,0.060315
48,10,39,2903.52,0.0585516
48,10,40,2972.62,0.0565524
48,10,41,3036.04,0.0552273
48,10,42,3091.02,0.0558122
48,10,43,3134.7,0.0589501
48,10,44,3163.52,0.0641024
48,10,45,3173.22,0.0696999
48,10,46,3158.52,0.0735607
48,10,47,3112.5,0.0736874
48,10,48,3025.9,0.0690631
48,10,49,2886.35,0.059988
48,11,0,2852.69,0.435108
48,11,1,3010.13,0.503248
48,11,2,3093.01,0.552213
48,11,3,3115.24,0.585412
48,11,4,3094.53,0.610579
48,11,5,3050.85,0.634515
48,11,6,3003.96,0.65875
48,11,7,2968.43,0.678233
48,11,8,2949.4,0.684458
48,11,9,2942.97,0.670391
48,11,10,2940.92,0.635087
48,11,11,2936.44,0.584554
48,11,12,2929.02,0.529613
48,11,13,2921.4,0.479866
48,11,14,2918.08,0.440212
48,11,15,2921.42,0.410537
48,11,16,2929.99,0.387772
48,11,17,2939.48,0.368946
48,11,18,2944.42,0.352841
48,11,19,2940.69,0.339761
48,11,20,2926.25,0.329959
48,11,21,2901.2,0.322432
48,11,22,2867.18,0.314874
48,11,23,2826.85,0.304802
48,11,24,2783.29,0.29132
48,11,25,2739.53,0.275133
48,11,26,2698.3,0.257892
48,11,27,2661.56,0.240708
48,11,28,2630.33,0.223359
48,11,29,2604.63,0.204178
48,11,30,2584.27,0.18156
48,11,31,2569.75,0.155221
48,11,32,2562.81,0.126919
48,11,33,2566.54,0.0998757
48,11,34,2584.62,0.0774194
48,11,35,2619.53,0.0615807
48,11,36,2671.43,0.0523113
48,11,37,2737.36,0.0480955
48,11,38,2812.12,0.0469257
48,11,39,2889.89,0.0472672
48,11,40,2964.69,0.048516
48,11,41,3032.66,0.0508958
48,11,42,3090.44,0.0549263
48,11,43,3135.03,0.0607137
48,11,44,3163.17,0.0674518
48,11,45,3171.26,0.0736172
48,11,46,3154.83,0.0772652
48,11,47,3107.84,0.0767117
48,11,48,3021.81,0.071225
48,11,49,2884.9,0.0613307
48,12,0,2743.21,0.413489
48,12,1,2901.66,0.477775
48,12,2,2987.96,0.524599
48,12,3,3015.15,0.557431
48,12,4,3000.97,0.58342
48,12,5,2965.43,0.608386
48,12,6,2927.64,0.633057
48,12,7,2900.81,0.652239
48,12,8,2888.62,0.657909
48,12,9,2886.4,0.643643
48,12,10,2885.89,0.608678
48,12,11,2880.61,0.5586
48,12,12,2870.37,0.503474
48,12,13,2858.44,0.452324
48,12,14,2849.99,0.410101
48,12,15,2848.16,0.377246
48,12,16,2852.17,0.351541
48,12,17,2858.26,0.330746
48,12,18,2861.25,0.313987
48,12,19,2857.11,0.301302
48,12,20,2843.59,0.292366
48,12,21,2820.4,0.285566
48,12,22,2788.63,0.278375
48,12,23,2750.51,0.268572
48,12,24,2708.96,0.255922
48,12,25,2667.29,0.241763
48,12,26,2628.92,0.228111
48,12,27,2596.57,0.215982
48,12,28,2571.61,0.204559
48,12,29,2553.84,0.191298
48,12,30,2542.14,0.173664
48,12,31,2535.84,0.150646
48,12,32,2535.69,0.123687
48,12,33,2544.34,0.0961775
48,12,34,2565.7,0.0720042
48,12,35,2602.92,0.0539354
48,12,36,2656.99,0.0427377
48,12,37,2725.5,0.0375463
48,12,38,2803.36,0.0367198
48,12,39,2884.37,0.0387183
48,12,40,2962,0.0425821
48,12,41,3031.86,0.0479195
48,12,42,3090.28,0.0545913
48,12,43,3134.29,0.0622513
48,12,44,3161.04,0.0699049
48,12,45,3167.48,0.0761732
48,12,46,3149.84,0.0794309
48,12,47,3102.77,0.0783242
48,12,48,3018.44,0.0723351
48,12,49,2885.44,0.0620743
48,13,0,2641.18,0.401434
48,13,1,2805.01,0.465199
48,13,2,2899.97,0.512507
48,13,3,2937.71,0.546218
48,13,4,2935.24,0.572546
48,13,5,2911.69,0.596482
48,13,6,2884.78,0.618518
48,13,7,2866.29,0.634129
48,13,8,2859.06,0.636546
48,13,9,2858.66,0.620481
48,13,10,2857.52,0.585519
48,13,11,2849.82,0.536661
48,13,12,2835.5,0.482834
48,13,13,2817.91,0.432095
48,13,14,2802.41,0.389126
48,13,15,2792.6,0.354698
48,13,16,2788.47,0.327286
48,13,17,2787.16,0.30518
48,13,18,2784.28,0.287653
48,13,19,2776.27,0.274355
48,13,20,2760.95,0.264393
48,13,21,2737.67,0.255779
48,13,22,2706.98,0.246122
48,13,23,2670.56,0.233811
48,13,24,2631.12,0.219492
48,13,25,2592.29,0.205226
48,13,26,2558.06,0.193402
48,13,27,2531.82,0.184975
48,13,28,2515.13,0.17864
48,13,29,2507.42,0.171119
48,13,30,2506.61,0.15904
48,13,31,2510.81,0.140619
48,13,32,2519.67,0.116778
48,13,33,2535.16,0.0907659
48,13,34,2561.03,0.0667214
48,13,35,2600.76,0.0479181
48,13,36,2655.98,0.0358037
48,13,37,2724.97,0.0301363
48,13,38,2803.01,0.0296881
48,13,39,2884.02,0.0330202
48,13,40,2961.39,0.0389488
48,13,41,3030.49,0.0465886
48,13,42,3087.59,0.0552069
48,13,43,3129.86,0.0640358
48,13,44,3154.78,0.0719147
48,13,45,3159.78,0.0776613
48,13,46,3141.56,0.0800607
48,13,47,3095.31,0.078176
48,13,48,3013.65,0.0717328
48,13,49,2885.55,0.061373
48,14,0,2555.51,0.397938
48,14,1,2728.64,0.464065
48,14,2,2836.37,0.513951
48,14,3,2888.4,0.549249
48,14,4,2900.29,0.575008
48,14,5,2889.77,0.595662
48,14,6,2873.03,0.612101
48,14,7,2860.83,0.621199
48,14,8,2855.99,0.618
48,14,9,2854.97,0.598639
48,14,10,2851.28,0.563091
48,14,11,2839.8,0.51568
48,14,12,2820.38,0.464056
48,14,13,2796.06,0.415199
48,14,14,2771.96,0.373352
48,14,15,2751.91,0.339375
48,14,16,2736.67,0.312109
48,14,17,2724.53,0.289989
48,14,18,2712.34,0.272121
48,14,19,2697.38,0.257675
48,14,20,2677.87,0.245335
48,14,21,2652.95,0.233094
48,14,22,2622.63,0.219064
48,14,23,2588.04,0.202493
48,14,24,2551.64,0.184917
48,14,25,2517.25,0.169016
48,14,26,2489.25,0.157409
48,14,27,2471.39,0.150985
48,14,28,2465.13,0.148114
48,14,29,2469.3,0.14509
48,14,30,2480.85,0.138017
48,14,31,2496.79,0.124514
48,14,32,2515.73,0.104926
48,14,33,2538.9,0.0820965
48,14,34,2569.62,0.0600424
48,14,35,2611.41,0.0421969
48,14,36,2666.38,0.0304385
48,14,37,2733.53,0.0250503
48,14,38,2808.87,0.0252514
48,14,39,2886.85,0.029826
48,14,40,2961.14,0.0375192
48,14,41,3027.21,0.0470824
48,14,42,3081.4,0.0572462
48,14,43,3121.08,0.0668004
48,14,44,3144,0.0743913
48,14,45,3147.87,0.0790296
48,14,46,3129.74,0.0799784
48,14,47,3085.09,0.076832
48,14,48,3006.86,0.0696644
48,14,49,2884.22,0.059184
48,15,0,2491.92,0.399656
48,15,1,2676.43,0.469872
48,15,2,2798.37,0.523492
48,15,3,2865.2,0.560588
48,15,4,2890.73,0.584971
48,15,5,2891.23,0.60081
48,15,6,2881.75,0.609891
48,15,7,2872.65,0.610926
48,15,8,2867.35,0.600973
48,15,9,2863.49,0.577555
48,15,10,2855.71,0.540918
48,15,11,2839.46,0.494677
48,15,12,2814.32,0.445286
48,15,13,2782.72,0.398808
48,15,14,2749.25,0.359103
48,15,15,2717.66,0.327008
48,15,16,2689.44,0.301443
48,15,17,2664.18,0.280599
48,15,18,2640.29,0.263111
48,15,19,2616.33,0.247612
48,15,20,2591.18,0.232522
48,15,21,2563.97,0.216104
48,15,22,2534.21,0.197214
48,15,23,2502.46,0.176016
48,15,24,2470.85,0.154773
48,15,25,2443.24,0.136544
48,15,26,2424.13,0.123987
48,15,27,2417.25,0.117901
48,15,28,2423.53,0.116536
48,15,29,2440.99,0.116144
48,15,30,2465.6,0.112725
48,15,31,2493.48,0.103613
48,15,32,2522.48,0.088653
48,15,33,2553.2,0.0700947
48,15,34,2588.49,0.0514861
48,15,35,2631.75,0.0360557
48,15,36,2685.36,0.0258258
48,15,37,2749.02,0.0214703
48,15,38,2819.57,0.0226654
48,15,39,2892.26,0.0285178
48,15,40,2961.35,0.0378391
48,15,41,3022.62,0.0491404
48,15,42,3072.69,0.0606825
48,15,43,3109.14,0.0707923
48,15,44,3129.93,0.0778882
48,15,45,3132.98,0.0811254
48,15,46,3115.45,0.080245
48,15,47,3072.95,0.0754286
48,15,48,2998.53,0.0671857
48,15,49,2881.5,0.0563635
48,16,0,2452.29,0.402279
48,16,1,2647.66,0.476878
48,16,2,2782.16,0.534314
48,16,3,2861.13,0.573029
48,16,4,2896.83,0.595689
48,16,5,2904.4,0.606456
48,16,6,2898.26,0.608267
48,16,7,2888.85,0.601743
48,16,8,2880.43,0.585754
48,16,9,2871.86,0.558844
48,16,10,2858.78,0.521231
48,16,11,2837.09,0.475763
48,16,12,2806,0.427903
48,16,13,2767.16,0.383132
48,16,14,2724.42,0.345192
48,16,15,2681.17,0.315004
48,16,16,2639.47,0.291489
48,16,17,2600.26,0.272421
48,16,18,2563.72,0.255798
48,16,19,2530.02,0.239718
48,16,20,2499,0.22241
48,16,21,2469.92,0.202509
48,16,22,2441.84,0.179623
48,16,23,2414.67,0.154694
48,16,24,2390.15,0.130442
48,16,25,2371.97,0.110043
48,16,26,2364.49,0.0960136
48,16,27,2370.96,0.0890612
48,16,28,2391.42,0.0875072
48,16,29,2422.83,0.0879035
48,16,30,2460.29,0.0865499
48,16,31,2499.32,0.0808185
48,16,32,2537.41,0.0701967
48,16,33,2574.84,0.0562657
48,16,34,2614.11,0.0418557
48,16,35,2658.46,0.0297061
48,16,36,2710.33,0.0217363
48,16,37,2769.88,0.0188727
48,16,38,2834.71,0.0212239
48,16,39,2900.87,0.0282673
48,16,40,2963.4,0.0389813
48,16,41,3018.64,0.0517581
48,16,42,3063.62,0.0645023
48,16,43,3096.25,0.0751296
48,16,44,3114.71,0.0818439
48,16,45,3117.01,0.0838792
48,16,46,3100.32,0.0813563
48,16,47,3060.2,0.0749575
48,16,48,2989.68,0.0655926
48,16,49,2878.04,0.0542695
48,17,0,2434.82,0.402109
48,17,1,2638.41,0.480204
48,17,2,2781.63,0.540709
48,17,3,2868.33,0.580632
48,17,4,2909.64,0.601718
48,17,5,2920.01,0.608308
48,17,6,2913.52,0.604529
48,17,7,2900.87,0.59269
48,17,8,2887.15,0.572997
48,17,9,2872.26,0.544456
48,17,10,2852.81,0.506843
48,17,11,2825.09,0.462112
48,17,12,2787.99,0.4149
48,17,13,2742.38,0.370429
48,17,14,2691.15,0.33266
48,17,15,2637.17,0.302888
48,17,16,2582.84,0.280229
48,17,17,2530.38,0.262185
48,17,18,2481.81,0.246205
48,17,19,2439.08,0.229944
48,17,20,2403.16,0.211431
48,17,21,2373.5,0.189558
48,17,22,2348.74,0.164449
48,17,23,2328.13,0.137529
48,17,24,2312.87,0.111667
48,17,25,2306.35,0.0899388
48,17,26,2312.46,0.0746161
48,17,27,2333.66,0.0663387
48,17,28,2368.81,0.0636439
48,17,29,2413.75,0.0636166
48,17,30,2462.87,0.063113
48,17,31,2511.47,0.0597671
48,17,32,2557.09,0.0528402
48,17,33,2600.11,0.0432509
48,17,34,2642.85,0.0330057
48,17,35,2688.38,0.0242145
48,17,36,2738.97,0.0185522
48,17,37,2794.9,0.0170927
48,17,38,2854.21,0.0203266
48,17,39,2913.66,0.0280968
48,17,40,2969.1,0.0396083
48,17,41,3017.57,0.0532647
48,17,42,3056.75,0.0667985
48,17,43,3084.99,0.0778756
48,17,44,3100.78,0.0845785
48,17,45,3102.19,0.0861593
48,17,46,3086.31,0.0829202
48,17,47,3048.49,0.0757817
48,17,48,2981.64,0.0658391
48,17,49,2874.93,0.0541703
48,18,0,2435.55,0.39723
48,18,1,2643.67,0.477285
48,18,2,2791.09,0.539614
48,18,3,2880.91,0.58014
48,18,4,2923.71,0.599973
48,18,5,2933.5,0.603772
48,18,6,2924.11,0.596762
48,18,7,2906.39,0.582592
48,18,8,2886,0.562267
48,18,9,2863.75,0.534695
48,18,10,2837.13,0.498807
48,18,11,2802.95,0.455485
48,18,12,2759.99,0.408574
48,18,13,2708.36,0.363188
48,18,14,2650.04,0.32373
48,18,15,2587.18,0.292173
48,18,16,2522.37,0.268184
48,18,17,2458.83,0.249393
48,18,18,2400.3,0.233044
48,18,19,2350.43,0.216571
48,18,20,2311.32,0.197784
48,18,21,2282.67,0.175602
48,18,22,2262.74,0.150293
48,18,23,2250.14,0.12339
48,18,24,2245.5,0.0976228
48,18,25,2251.68,0.0758029
48,18,26,2271.86,0.0599159
48,18,27,2307.49,0.0505668
48,18,28,2356.22,0.0465827
48,18,29,2412.86,0.0456733
48,18,30,2471.42,0.045345
48,18,31,2527.35,0.0435915
48,18,32,2578.66,0.0395403
48,18,33,2626.08,0.0335187
48,18,34,2671.98,0.026739
48,18,35,2719.17,0.0206844
48,18,36,2769.51,0.0167508
48,18,37,2823.01,0.0160929
48,18,38,2877.81,0.0195107
48,18,39,2931.15,0.0271611
48,18,40,2979.65,0.0384985
48,18,41,3021.17,0.0520754
48,18,42,3054.16,0.0656924
48,18,43,3077.57,0.0770264
48,18,44,3090.3,0.0842059
48,18,45,3090.52,0.0864654
48,18,46,3075.18,0.0840314
48,18,47,3039.41,0.0776692
48,18,48,2975.82,0.0682895
48,18,49,2873.44,0.0568308
48,19,0,2449.69,0.388098
48,19,1,2658.77,0.468527
48,19,2,2806.38,0.531292
48,19,3,2895.65,0.571584
48,19,4,2937.02,0.590172
48,19,5,2944.28,0.592145
48,19,6,2930.9,0.583727
48,19,7,2907.61,0.569605
48,19,8,2880.37,0.551189
48,19,9,2850.65,0.526942
48,19,10,2816.84,0.494713
48,19,11,2776.38,0.454153
48,19,12,2728.2,0.408217
48,19,13,2671.86,0.361798
48,19,14,2608.49,0.319695
48,19,15,2539.49,0.284681
48,19,16,2467.4,0.257276
48,19,17,2396.05,0.235717
48,19,18,2330.49,0.217548
48,19,19,2275.78,0.200325
48,19,20,2234.98,0.181723
48,19,21,2208.19,0.160502
48,19,22,2193.45,0.136718
48,19,23,2188.94,0.111654
48,19,24,2194.68,0.0876402
48,19,25,2212.87,0.06709
48,19,26,2245.75,0.0516808
48,19,27,2293.69,0.041999
48,19,28,2353.24,0.0371776
48,19,29,2418.54,0.0355328
48,19,30,2483.59,0.0351856
48,19,31,2544.35,0.0344792
48,19,32,2599.54,0.032454
48,19,33,2650.38,0.0289485
48,19,34,2699.3,0.0245082
48,19,35,2748.77,0.0201
48,19,36,2800.02,0.0168922
48,19,37,2852.49,0.0160916
48,19,38,2904.15,0.0187276
48,19,39,2952.53,0.0251996
48,19,40,2994.88,0.0352031
48,19,41,3029.9,0.0475644
48,19,42,3056.86,0.0603949
48,19,43,3075.41,0.0716694
48,19,44,3084.91,0.079755
48,19,45,3083.71,0.0838617
48,19,46,3068.64,0.0838942
48,19,47,3034.53,0.0800535
48,19,48,2973.71,0.0726505
48,19,49,2874.97,0.0622143
48,20,0,2472.5,0.376765
48,20,1,2679.88,0.456342
48,20,2,2824.94,0.518288
48,20,3,2911.39,0.55734
48,20,4,2949.87,0.574172
48,20,5,2954,0.574404
48,20,6,2936.85,0.565185
48,20,7,2908.76,0.552049
48,20,8,2875.66,0.536649
48,20,9,2839.48,0.516945
48,20,10,2799.39,0.489726
48,20,11,2753.57,0.45341
48,20,12,2701.29,0.409935
48,20,13,2641.87,0.363695
48,20,14,2575.76,0.319578
48,20,15,2503.76,0.28099
48,20,16,2428.09,0.249361
48,20,17,2352.76,0.22387
48,20,18,2283.54,0.202819
48,20,19,2226.29,0.184253
48,20,20,2184.86,0.165905
48,20,21,2159.81,0.146321
48,20,22,2149.32,0.125131
48,20,23,2151.41,0.103119
48,20,24,2165.59,0.0820377
48,20,25,2193.29,0.0638134
48,20,26,2235.72,0.0498038
48,20,27,2292.16,0.0405727
48,20,28,2358.46,0.0355311
48,20,29,2428.5,0.0335099
48,20,30,2496.71,0.0331305
48,20,31,2559.77,0.0330122
48,20,32,2617.21,0.0321255
48,20,33,2670.68,0.0299355
48,20,34,2722.57,0.0265033
48,20,35,2774.86,0.0224525
48,20,36,2828,0.0188283
48,20,37,2880.72,0.0168966
48,20,38,2930.69,0.0178442
48,20,39,2975.56,0.0222363
48,20,40,3013.12,0.0299667
48,20,41,3042.79,0.0402031
48,20,42,3064.6,0.0515321
48,20,43,3078.89,0.0624419
48,20,44,3085.47,0.0716888
48,20,45,3082.9,0.0784766
48,20,46,3067.91,0.0822306
48,20,47,3035.08,0.082297
48,20,48,2976.44,0.0780699
48,20,49,2880.56,0.069435
48,21,0,2500.13,0.366076
48,21,1,2704.31,0.444127
48,21,2,2845.39,0.504355
48,21,3,2928.02,0.541232
48,21,4,2963.24,0.555512
48,21,5,2964.61,0.553386
48,21,6,2944.76,0.542854
48,21,7,2913.54,0.530184
48,21,8,2876.64,0.517286
48,21,9,2836.15,0.501822
48,21,10,2791.81,0.479815
48,21,11,2742.41,0.448668
48,21,12,2687.65,0.409298
48,21,13,2626.89,0.365319
48,21,14,2560.21,0.321268
48,21,15,2487.98,0.280765
48,21,16,2412.05,0.245895
48,21,17,2336.16,0.2168
48,21,18,2266.09,0.192781
48,21,19,2207.96,0.172638
48,21,20,2166.05,0.154406
48,21,21,2141.56,0.136524
48,21,22,2133.14,0.118186
48,21,23,2139.02,0.0996167
48,21,24,2158.38,0.0819379
48,21,25,2191.82,0.0665551
48,21,26,2239.5,0.0544907
48,21,27,2299.84,0.0462391
48,21,28,2368.33,0.0414132
48,21,29,2439.07,0.0392217
48,21,30,2507.25,0.0386509
48,21,31,2570.43,0.0385243
48,21,32,2628.81,0.0377784
48,21,33,2684.33,0.0356423
48,21,34,2739.19,0.0319035
48,21,35,2794.71,0.0270239
48,21,36,2850.51,0.0220312
48,21,37,2904.61,0.018256
48,21,38,2954.31,0.0169657
48,21,39,2997.32,0.0188124
48,21,40,3031.89,0.023816
48,21,41,3057.96,0.0314808
48,21,42,3076.2,0.0409177
48,21,43,3087.46,0.0512165
48,21,44,3091.95,0.0615929
48,21,45,3088.38,0.0712799
48,21,46,3073.43,0.0791968
48,21,47,3041.5,0.0837512
48,21,48,2984.37,0.0832995
48,21,49,2890.49,0.0769636
48,22,0,2528.8,0.358118
48,22,1,2729.23,0.434333
48,22,2,2865.96,0.492268
48,22,3,2944.7,0.526293
48,22,4,2977,0.537359
48,22,5,2976.41,0.532183
48,22,6,2955.24,0.519464
48,22,7,2922.87,0.506046
48,22,8,2884.68,0.494151
48,22,9,2842.67,0.481442
48,22,10,2796.78,0.46365
48,22,11,2746.11,0.437582
48,22,12,2690.73,0.403368
48,22,13,2630.16,0.363728
48,22,14,2564.52,0.322492
48,22,15,2494.09,0.282995
48,22,16,2420.36,0.247492
48,22,17,2346.54,0.216774
48,22,18,2277.83,0.191033
48,22,19,2219.94,0.169841
48,22,20,2177.27,0.151689
48,22,21,2151.65,0.13509
48,22,22,2142.52,0.118989
48,22,23,2148.66,0.103212
48,22,24,2169.13,0.0884041
48,22,25,2203.87,0.0755345
48,22,26,2252.1,0.0653105
48,22,27,2311.62,0.0580827
48,22,28,2377.94,0.0535398
48,22,29,2445.81,0.0510854
48,22,30,2511.35,0.0499235
48,22,31,2572.93,0.0490272
48,22,32,2631.31,0.0473683
48,22,33,2688.5,0.0441025
48,22,34,2746.32,0.0389597
48,22,35,2805.38,0.0324009
48,22,36,2864.48,0.0255063
48,22,37,2920.96,0.0196505
48,22,38,2971.82,0.0160908
48,22,39,3014.8,0.0154838
48,22,40,3048.44,0.0178834
48,22,41,3073.11,0.0230594
48,22,42,3089.84,0.0305829
48,22,43,3099.8,0.0400996
48,22,44,3103.42,0.0512631
48,22,45,3099.49,0.0633779
48,22,46,3084.66,0.0749605
48,22,47,3053.24,0.0836183
48,22,48,2996.92,0.0867806
48,22,49,2904.09,0.0828387
48,23,0,2554.89,0.353043
48,23,1,2751.59,0.427008
48,23,2,2884.26,0.482117
48,23,3,2959.58,0.512861
48,23,4,2989.6,0.520489
48,23,5,2987.94,0.512102
48,23,6,2966.75,0.496807
48,23,7,2935.09,0.481745
48,23,8,2898.01,0.469402
48,23,9,2857.24,0.457697
48,23,10,2812.53,0.442543
48,23,11,2762.9,0.420666
48,23,12,2708.51,0.391822
48,23,13,2649.23,0.357963
48,23,14,2585.52,0.322086
48,23,15,2517.99,0.28685
48,23,16,2448.01,0.254169
48,23,17,2378.11,0.224956
48,23,18,2312.45,0.199877
48,23,19,2255.77,0.178984
48,23,20,2212.13,0.161181
48,23,21,2183.8,0.145185
48,23,22,2171.22,0.129984
48,23,23,2173.92,0.115368
48,23,24,2191.24,0.101861
48,23,25,2222.67,0.0902378
48,23,26,2266.84,0.0809867
48,23,27,2321.21,0.0742434
48,23,28,2381.7,0.0696117
48,23,29,2443.89,0.0664789
48,23,30,2504.86,0.0641149
48,23,31,2563.72,0.0616088
48,23,32,2621.55,0.0580647
48,23,33,2680.24,0.0527373
48,23,34,2741.15,0.0454914
48,23,35,2804.14,0.0368958
48,23,36,2867.24,0.0280943
48,23,37,2927.16,0.0204395
48,23,38,2980.67,0.0150718
48,23,39,3025.52,0.0125642
48,23,40,3060.45,0.0129163
48,23,41,3086.04,0.016058
48,23,42,3103.51,0.0218893
48,23,43,3114.1,0.0304767
48,23,44,3118.24,0.0418249
48,23,45,3114.68,0.0553483
48,23,46,3100.08,0.069349
48,23,47,3068.79,0.0809352
48,23,48,3012.56,0.0869047
48,23,49,2919.86,0.0850937
48,24,0,2573.97,0.349379
48,24,1,2767.23,0.420113
48,24,2,2896.47,0.471493
48,24,3,2969.17,0.498492
48,24,4,2997.76,0.502796
48,24,5,2995.95,0.491695
48,24,6,2975.83,0.474306
48,24,7,2946.32,0.457654
48,24,8,2912.2,0.444295
48,24,9,2874.83,0.432508
48,24,10,2833.48,0.418719
48,24,11,2786.75,0.400014
48,24,12,2734.69,0.37622
48,24,13,2677.56,0.348796
48,24,14,2616.45,0.320018
48,24,15,2552.66,0.291735
48,24,16,2487.66,0.265173
48,24,17,2423.24,0.240855
48,24,18,2362.18,0.21933
48,24,19,2307.76,0.200616
48,24,20,2263.21,0.18374
48,24,21,2231,0.167616
48,24,22,2212.49,0.151563
48,24,23,2208.28,0.135796
48,24,24,2218.28,0.121217
48,24,25,2242.02,0.108795
48,24,26,2277.9,0.098986
48,24,27,2323.47,0.0916886
48,24,28,2375.25,0.0862647
48,24,29,2429.75,0.0818749
48,24,30,2484.96,0.0777026
48,24,31,2540.53,0.0729227
48,24,32,2597.65,0.0668586
48,24,33,2657.96,0.05901
48,24,34,2722.28,0.04951
48,24,35,2789.73,0.0390747
48,24,36,2857.61,0.028863
48,24,37,2922.11,0.0201053
48,24,38,2979.75,0.0137169
48,24,39,3028.28,0.0101097
48,24,40,3066.58,0.00916615
48,24,41,3095.3,0.0108741
48,24,42,3115.63,0.0153181
48,24,43,3128.62,0.0228195
48,24,44,3134.52,0.0336172
48,24,45,3131.98,0.0472615
48,24,46,3117.69,0.0620526
48,24,47,3086.16,0.0749658
48,24,48,3029.38,0.082559
48,24,49,2935.96,0.0823799
48,25,0,2580.93,0.344091
48,25,1,2771.08,0.409828
48,25,2,2897.7,0.455988
48,25,3,2968.8,0.478491
48,25,4,2997.02,0.479646
48,25,5,2996.05,0.466746
48,25,6,2977.99,0.448473
48,25,7,2951.69,0.43128
48,25,8,2921.77,0.417499
48,25,9,2889.2,0.405707
48,25,10,2852.66,0.392962
48,25,11,2810.2,0.376944
48,25,12,2761.66,0.357861
48,25,13,2707.67,0.336973
48,25,14,2650.11,0.316109
48,25,15,2591.08,0.296437
48,25,16,2532.28,0.278433
48,25,17,2474.73,0.261886
48,25,18,2419.6,0.246667
48,25,19,2368.41,0.232143
48,25,20,2323.2,0.217014
48,25,21,2286.35,0.200227
48,25,22,2260.06,0.181611
48,25,23,2246.02,0.162233
48,25,24,2245.11,0.143894
48,25,25,2257.3,0.128198
48,25,26,2281.28,0.115851
48,25,27,2315.05,0.106592
48,25,28,2355.95,0.099464
48,25,29,2401.49,0.0932575
48,25,30,2450.4,0.0869391
48,25,31,2502.72,0.0797141
48,25,32,2559.53,0.0711379
48,25,33,2622.07,0.061008
48,25,34,2690.5,0.0497518
48,25,35,2763.18,0.038197
48,25,36,2836.71,0.0274327
48,25,37,2906.8,0.0184695
48,25,38,2969.84,0.0119273
48,25,39,3023.56,0.00801374
48,25,40,3066.92,0.00647953
48,25,41,3100.53,0.00730214
48,25,42,3125.32,0.0106356
48,25,43,3142.03,0.0169051
48,25,44,3150.58,0.0264674
48,25,45,3149.45,0.0390121
48,25,46,3135.45,0.0530138
48,25,47,3103.37,0.0656505
48,25,48,3045.51,0.0736247
48,25,49,2950.7,0.074488
48,26,0,2571.11,0.334664
48,26,1,2758.39,0.393292
48,26,2,2883.24,0.432487
48,26,3,2953.87,0.449581
48,26,4,2982.9,0.447697
48,26,5,2983.9,0.433975
48,26,6,2968.86,0.416289
48,26,7,2946.57,0.400131
48,26,8,2921.54,0.387317
48,26,9,2894.45,0.376574
48,26,10,2863.52,0.365529
48,26,11,2826.34,0.352463
48,26,12,2782.54,0.338039
48,26,13,2733.12,0.323494
48,26,14,2680.62,0.310482
48,26,15,2627.84,0.299783
48,26,16,2576.54,0.291313
48,26,17,2526.92,0.284068
48,26,18,2478.52,0.276876
48,26,19,2431.04,0.267978
48,26,20,2385.31,0.255303
48,26,21,2343.41,0.237611
48,26,22,2308.24,0.215273
48,26,23,2282.55,0.190461
48,26,24,2268.26,0.166223
48,26,25,2266.16,0.145142
48,26,26,2275.61,0.128451
48,26,27,2295.42,0.115894
48,26,28,2323.97,0.106238
48,26,29,2359.85,0.0978813
48,26,30,2402.5,0.0894944
48,26,31,2452.18,0.0802336
48,26,32,2509.7,0.0698047
48,26,33,2575.64,0.0582449
48,26,34,2649.31,0.0461984
48,26,35,2728.17,0.0345197
48,26,36,2808.17,0.0241468
48,26,37,2884.6,0.015813
48,26,38,2953.81,0.00983132
48,26,39,3013.62,0.0062075
48,26,40,3062.98,0.00459048
48,26,41,3102.41,0.00491956
48,26,42,3132.49,0.00734745
48,26,43,3153.52,0.0122947
48,26,44,3165.05,0.0201411
48,26,45,3165.45,0.0306972
48,26,46,3151.65,0.0427203
48,26,47,3118.79,0.0538247
48,26,48,3059.5,0.0611526
48,26,49,2962.79,0.0625076
48,27,0,2542,0.320446
48,27,1,2726.5,0.370348
48,27,2,2850.3,0.401317
48,27,3,2921.54,0.412397
48,27,4,2952.63,0.407628
48,27,5,2956.82,0.393888
48,27,6,2945.83,0.377988
48,27,7,2928.25,0.364225
48,27,8,2908.49,0.353715
48,27,9,2887.13,0.345204
48,27,10,2862.21,0.336761
48,27,11,2831.11,0.327149
48,27,12,2793.39,0.317376
48,27,13,2750.22,0.308676
48,27,14,2704.52,0.302691
48,27,15,2659.33,0.300109
48,27,16,2616.25,0.300589
48,27,17,2574.61,0.302495
48,27,18,2532.56,0.303538
48,27,19,2488.34,0.300639
48,27,20,2441.8,0.290738
48,27,21,2394.77,0.272245
48,27,22,2350.63,0.246001
48,27,23,2312.99,0.21527
48,27,24,2284.69,0.184368
48,27,25,2267.39,0.156947
48,27,26,2261.31,0.134912
48,27,27,2266.33,0.118211
48,27,28,2282.05,0.105509
48,27,29,2308.31,0.0949425
48,27,30,2345.33,0.0849122
48,27,31,2393.55,0.0744573
48,27,32,2453.3,0.0632818
48,27,33,2524.23,0.0515056
48,27,34,2604.48,0.0398282
48,27,35,2690.45,0.0290234
48,27,36,2777.39,0.0198274
48,27,37,2860.34,0.0127022
48,27,38,2935.74,0.00770803
48,27,39,3001.57,0.0046963
48,27,40,3056.88,0.00327173
48,27,41,3102.02,0.00333839
48,27,42,3137.24,0.00501502
48,27,43,3162.4,0.00865322
48,27,44,3176.75,0.0145918
48,27,45,3178.56,0.0227295
48,27,46,3164.89,0.0321399
48,27,47,3131.19,0.0409828
48,27,48,3070.36,0.0470033
48,27,49,2971.5,0.0484177
48,28,0,2495.2,0.303076
48,28,1,2676.64,0.343963
48,28,2,2799.7,0.36668
48,28,3,2872.2,0.372005
48,28,4,2906.23,0.364845
48,28,5,2914.56,0.351726
48,28,6,2908.46,0.338288
48,28,7,2896.14,0.327575
48,28,8,2881.86,0.319966
48,28,9,2866.28,0.3142
48,28,10,2847.59,0.308718
48,28,11,2823.3,0.30265
48,28,12,2792.93,0.29716
48,28,13,2757.59,0.293379
48,28,14,2720.01,0.29293
48,28,15,2682.94,0.296572
48,28,16,2647.52,0.303976
48,28,17,2612.46,0.313166
48,28,18,2575,0.320951
48,28,19,2532.61,0.323111
48,28,20,2484.64,0.315694
48,28,21,2432.8,0.296766
48,28,22,2380.79,0.267507
48,28,23,2332.73,0.23199
48,28,24,2292.04,0.195466
48,28,25,2260.98,0.162405
48,28,26,2240.6,0.135327
48,28,27,2231.8,0.114529
48,28,28,2235.59,0.0988193
48,28,29,2253.2,0.0863248
48,28,30,2285.8,0.0752996
48,28,31,2334.05,0.0646288
48,28,32,2397.65,0.0538461
48,28,33,2475.05,0.0429632
48,28,34,2562.92,0.0325621
48,28,35,2656.41,0.0232614
48,28,36,2750.09,0.0156053
48,28,37,2838.9,0.00985514
48,28,38,2919.55,0.00591572
48,28,39,2990.33,0.00355289
48,28,40,3050.42,0.00238279
48,28,41,3100.12,0.00228724
48,28,42,3139.44,0.0033399
48,28,43,3167.93,0.00579615
48,28,44,3184.6,0.00992154
48,28,45,3187.65,0.0156656
48,28,46,3174.2,0.022393
48,28,47,3139.84,0.0288028
48,28,48,3077.6,0.0332699
48,28,49,2976.56,0.0344777
48,29,0,2436.6,0.285658
48,29,1,2614.1,0.318897
48,29,2,2735.84,0.334883
48,29,3,2809.32,0.335845
48,29,4,2846.26,0.327343
48,29,5,2858.99,0.315473
48,29,6,2858.13,0.304718
48,29,7,2851.34,0.296956
48,29,8,2842.64,0.291923
48,29,9,2832.89,0.288429
48,29,10,2820.66,0.285319
48,29,11,2803.78,0.282064
48,29,12,2781.74,0.279826
48,29,13,2755.13,0.279492
48,29,14,2725.94,0.28253
48,29,15,2696.14,0.289766
48,29,16,2666.34,0.301037
48,29,17,2634.99,0.314341
48,29,18,2599.26,0.326002
48,29,19,2556.64,0.331139
48,29,20,2506.5,0.325304
48,29,21,2450.7,0.306394
48,29,22,2393.05,0.275787
48,29,23,2337.8,0.237905
48,29,24,2288.44,0.19834
48,29,25,2247.45,0.161873
48,29,26,2216.32,0.131371
48,29,27,2196.82,0.107519
48,29,28,2191.25,0.0895034
48,29,29,2202.31,0.0757204
48,29,30,2232.21,0.0644481
48,29,31,2281.93,0.0544122
48,29,32,2350.46,0.0448418
48,29,33,2434.94,0.0354837
48,29,34,2530.41,0.0266887
48,29,35,2630.75,0.0189224
48,29,36,2729.97,0.0126171
48,29,37,2823.06,0.00795239
48,29,38,2907.14,0.00478888
48,29,39,2980.92,0.00287032
48,29,40,3043.82,0.00185471
48,29,41,3096.24,0.00160729
48,29,42,3138.12,0.00215094
48,29,43,3168.91,0.00363965
48,29,44,3187.42,0.00625848
48,29,45,3191.7,0.0099728
48,29,46,3178.81,0.0143773
48,29,47,3144.27,0.0186245
48,29,48,3081.01,0.0216409
48,29,49,2977.98,0.022539
48,30,0,2375.64,0.271778
48,30,1,2547.73,0.300133
48,30,2,2666.51,0.312124
48,30,3,2739.34,0.310939
48,30,4,2777.85,0.302484
48,30,5,2794.02,0.292388
48,30,6,2797.9,0.284125
48,30,7,2796.44,0.278595
48,30,8,2793.28,0.275061
48,30,9,2789.36,0.272516
48,30,10,2783.7,0.270314
48,30,11,2774.44,0.268314
48,30,12,2760.87,0.267604
48,30,13,2742.62,0.268728
48,30,14,2720.52,0.272827
48,30,15,2695.52,0.280679
48,30,16,2667.88,0.292339
48,30,17,2636.44,0.30605
48,30,18,2599.11,0.318157
48,30,19,2554.14,0.32372
48,30,20,2501.48,0.318318
48,30,21,2443.17,0.299918
48,30,22,2383.04,0.269949
48,30,23,2325.02,0.232683
48,30,24,2272.21,0.193399
48,30,25,2226.81,0.156605
48,30,26,2190.31,0.125162
48,30,27,2165.01,0.100079
48,30,28,2154.19,0.0810624
48,30,29,2161.83,0.0669799
48,30,30,2191.12,0.0562709
48,30,31,2243.32,0.0474983
48,30,32,2316.82,0.0395091
48,30,33,2407.5,0.0317082
48,30,34,2509,0.0242043
48,30,35,2614.2,0.0174019
48,30,36,2716.74,0.0117633
48,30,37,2811.83,0.00753099
48,30,38,2897.03,0.00462111
48,30,39,2971.52,0.0027966
48,30,40,3035.05,0.0017536
48,30,41,3088.3,0.00132715
48,30,42,3131.36,0.00147494
48,30,43,3163.66,0.00224882
48,30,44,3183.88,0.00375892
48,30,45,3189.79,0.00595732
48,30,46,3178.13,0.00860016
48,30,47,3144.11,0.0111752
48,30,48,3080.42,0.0130311
48,30,49,2975.73,0.0136176
48,31,0,2322.35,0.263438
48,31,1,2487.36,0.290308
48,31,2,2600.69,0.301569
48,31,3,2669.99,0.300779
48,31,4,2707.23,0.293872
48,31,5,2724.51,0.286028
48,31,6,2731.53,0.279925
48,31,7,2734.53,0.275719
48,31,8,2736.5,0.272363
48,31,9,2738.22,0.269119
48,31,10,2738.91,0.265938
48,31,11,2736.77,0.263157
48,31,12,2730.63,0.261809
48,31,13,2718.93,0.262094
48,31,14,2701.15,0.264718
48,31,15,2677.37,0.270304
48,31,16,2647.95,0.279129
48,31,17,2612.69,0.289887
48,31,18,2570.97,0.299382
48,31,19,2522.32,0.303144
48,31,20,2467.5,0.297214
48,31,21,2408.8,0.27979
48,31,22,2349.76,0.252213
48,31,23,2293.69,0.218183
48,31,24,2242.9,0.182178
48,31,25,2198.95,0.147994
48,31,26,2162.98,0.118194
48,31,27,2137.41,0.0940024
48,31,28,2126.15,0.0756599
48,31,29,2134.02,0.0625561
48,31,30,2164.83,0.0533193
48,31,31,2219.97,0.0463045
48,31,32,2297.31,0.0399407
48,31,33,2391.89,0.0332911
48,31,34,2496.45,0.0263093
48,31,35,2603.41,0.0195019
48,31,36,2706.36,0.013539
48,31,37,2800.87,0.00887044
48,31,38,2884.9,0.00554401
48,31,39,2958.05,0.00336014
48,31,40,3020.46,0.00202606
48,31,41,3073.19,0.00132475
48,31,42,3116.66,0.00113502
48,31,43,3150.35,0.00141243
48,31,44,3172.73,0.0022076
48,31,45,3181.07,0.00343604
48,31,46,3171.57,0.00494751
48,31,47,3138.96,0.00643816
48,31,48,3075.46,0.00752923
48,31,49,2969.49,0.00789088
48,32,0,2283.54,0.261009
48,32,1,2440.38,0.2896
48,32,2,2545.88,0.303134
48,32,3,2608.35,0.30501
48,32,4,2640.71,0.300934
48,32,5,2655.82,0.295706
48,32,6,2663.47,0.291446
48,32,7,2669.29,0.287774
48,32,8,2675.43,0.283432
48,32,9,2682.05,0.277946
48,32,10,2688.11,0.271902
48,32,11,2691.5,0.266211
48,32,12,2690.42,0.261972
48,32,13,2682.14,0.259161
48,32,14,2665.04,0.25807
48,32,15,2638.72,0.259105
48,32,16,2604.12,0.262754
48,32,17,2562.49,0.268253
48,32,18,2515.01,0.273139
48,32,19,2462.67,0.273725
48,32,20,2407.05,0.266744
48,32,21,2350.49,0.250659
48,32,22,2295.99,0.226586
48,32,23,2245.92,0.197415
48,32,24,2201.61,0.166605
48,32,25,2163.77,0.13707
48,32,26,2133.11,0.110951
48,32,27,2111.94,0.0895827
48,32,28,2104.43,0.0736422
48,32,29,2115.71,0.0629214
48,32,30,2149.73,0.0561339
48,32,31,2207.64,0.0513305
48,32,32,2286.92,0.0465095
48,32,33,2382.23,0.0404515
48,32,34,2486.2,0.0331011
48,32,35,2591.46,0.0252542
48,32,36,2691.93,0.0179616
48,32,37,2783.6,0.0120002
48,32,38,2864.73,0.00760061
48,32,39,2935.3,0.00460759
48,32,40,2995.73,0.00270811
48,32,41,3047.58,0.00161271
48,32,42,3091.58,0.00111026
48,32,43,3127.28,0.0010664
48,32,44,3152.77,0.00148763
48,32,45,3164.66,0.00223485
48,32,46,3158.38,0.00319357
48,32,47,3128,0.00415434
48,32,48,3065.24,0.00487191
48,32,49,2958.23,0.0051206
48,33,0,2260.64,0.263391
48,33,1,2409.41,0.296045
48,33,2,2505.83,0.314006
48,33,3,2559.1,0.320144
48,33,4,2583.48,0.319786
48,33,5,2593.17,0.317442
48,33,6,2598.62,0.314856
48,33,7,2605.11,0.311232
48,33,8,2613.82,0.305099
48,33,9,2623.85,0.296173
48,33,10,2633.38,0.28566
48,33,11,2639.72,0.27516
48,33,12,2640.38,0.266046
48,33,13,2631.81,0.25831
48,33,14,2611.78,0.251949
48,33,15,2579.98,0.247131
48,33,16,2538.25,0.244489
48,33,17,2489.47,0.243758
48,33,18,2436.57,0.243278
48,33,19,2381.86,0.240233
48,33,20,2327.44,0.23208
48,33,21,2275.39,0.217488
48,33,22,2227.92,0.197249
48,33,23,2186.34,0.173392
48,33,24,2150.94,0.148403
48,33,25,2121.65,0.124399
48,33,26,2098.79,0.103128
48,33,27,2084.6,0.08596
48,33,28,2083.3,0.0738324
48,33,29,2099.9,0.0667118
48,33,30,2137.92,0.0632162
48,33,31,2197.94,0.0609936
48,33,32,2277.04,0.0576316
48,33,33,2370,0.0517222
48,33,34,2470.01,0.0433476
48,33,35,2570.56,0.0337335
48,33,36,2666.25,0.0244208
48,33,37,2753.57,0.0165751
48,33,38,2830.98,0.0106325
48,33,39,2898.68,0.00649041
48,33,40,2957.33,0.0038002
48,33,41,3008.87,0.00219871
48,33,42,3054.31,0.00138955
48,33,43,3093.14,0.00116345
48,33,44,3122.95,0.00149929
48,33,45,3139.5,0.00219334
48,33,46,3137.34,0.00311769
48,33,47,3109.79,0.00405591
48,33,48,3048.04,0.00476941
48,33,49,2939.94,0.00502621
48,34,0,2249.82,0.269194
48,34,1,2392.05,0.307247
48,34,2,2480.11,0.33085
48,34,3,2523.87,0.342159
48,34,4,2539,0.346051
48,34,5,2541.31,0.346777
48,34,6,2542.28,0.345782
48,34,7,2547.18,0.341869
48,34,8,2556.27,0.333307
48,34,9,2567.37,0.319929
48,34,10,2577.62,0.303588
48,34,11,2583.57,0.286739
48,34,12,2582.29,0.271313
48,34,13,2569.95,0.257597
48,34,14,2544.32,0.245412
48,34,15,2505.63,0.23463
48,34,16,2456.77,0.225856
48,34,17,2402.01,0.219129
48,34,18,2345.61,0.213491
48,34,19,2290.68,0.206942
48,34,20,2239.45,0.19762
48,34,21,2193.5,0.18435
48,34,22,2154.1,0.16759
48,34,23,2121.46,0.148604
48,34,24,2095.02,0.129094
48,34,25,2074.11,0.110569
48,34,26,2058.92,0.0944855
48,34,27,2051.77,0.082174
48,34,28,2056.92,0.0746314
48,34,29,2079.01,0.0717646
48,34,30,2120.76,0.0719462
48,34,31,2181.83,0.0723986
48,34,32,2258.91,0.0703815
48,34,33,2347.1,0.0644112
48,34,34,2440.68,0.0548006
48,34,35,2534.44,0.0432392
48,34,36,2623.97,0.0317536
48,34,37,2706.33,0.0218759
48,34,38,2780.12,0.0142375
48,34,39,2845.6,0.0088063
48,34,40,2903.49,0.0052101
48,34,41,2955.93,0.00304156
48,34,42,3004.06,0.00194881
48,34,43,3047.19,0.00167911
48,34,44,3082.33,0.00220385
48,34,45,3104.33,0.00325634
48,34,46,3106.8,0.00465024
48,34,47,3082.28,0.00606529
48,34,48,3021.41,0.00714513
48,34,49,2911.82,0.00754091
48,35,0,2244.3,0.277129
48,35,1,2382.6,0.321034
48,35,2,2464.93,0.350722
48,35,3,2501.4,0.367596
48,35,4,2508.66,0.376031
48,35,5,2503.82,0.379958
48,35,6,2499.4,0.380465
48,35,7,2500.93,0.375917
48,35,8,2508.01,0.364299
48,35,9,2517.4,0.345599
48,35,10,2525.23,0.322417
48,35,11,2527.52,0.29828
48,35,12,2521.23,0.27595
48,35,13,2502.85,0.256234
48,35,14,2470.66,0.238801
48,35,15,2425.61,0.22307
48,35,16,2371.42,0.20932
48,35,17,2313.15,0.197586
48,35,18,2255.69,0.187421
48,35,19,2202.39,0.177575
48,35,20,2155.31,0.166875
48,35,21,2115.45,0.154375
48,35,22,2083.26,0.140306
48,35,23,2058.09,0.125336
48,35,24,2038.69,0.110564
48,35,25,2024.05,0.097033
48,35,26,2014.44,0.0859294
48,35,27,2012.45,0.0784315
48,35,28,2022.45,0.0754153
48,35,29,2048.59,0.0765822
48,35,30,2092.65,0.0800427
48,35,31,2153.28,0.0827223
48,35,32,2226.7,0.0817288
48,35,33,2308.51,0.0756295
48,35,34,2394.21,0.0649836
48,35,35,2480.13,0.0518459
48,35,36,2563.08,0.0385936
48,35,37,2640.72,0.0270128
48,35,38,2711.74,0.0178836
48,35,39,2776.27,0.011266
48,35,40,2834.82,0.00679958
48,35,41,2889.5,0.00409026
48,35,42,2941.37,0.00278629
48,35,43,2989.49,0.00264456
48,35,44,3030.32,0.00365806
48,35,45,3057.92,0.00551359
48,35,46,3064.97,0.00792229
48,35,47,3043.23,0.0103573
48,35,48,2982.74,0.0122083
48,35,49,2870.93,0.0128894
48,36,0,2237.47,0.286
48,36,1,2375.07,0.335679
48,36,2,2455.72,0.371488
48,36,3,2489.25,0.394084
48,36,4,2492.43,0.407237
48,36,5,2482.9,0.414381
48,36,6,2473.79,0.416133
48,36,7,2470.9,0.410411
48,36,8,2473.74,0.395024
48,36,9,2478.56,0.37029
48,36,10,2481.06,0.339735
48,36,11,2477.13,0.308141
48,36,12,2464.08,0.279282
48,36,13,2439.11,0.254572
48,36,14,2401.24,0.233445
48,36,15,2352.04,0.214634
48,36,16,2295.46,0.197717
48,36,17,2236.58,0.182373
48,36,18,2180.1,0.168454
48,36,19,2129.21,0.155427
48,36,20,2085.74,0.142914
48,36,21,2050.41,0.130403
48,36,22,2023.19,0.118088
48,36,23,2002.85,0.10622
48,36,24,1987.66,0.0953902
48,36,25,1976.36,0.0861725
48,36,26,1969.38,0.0794054
48,36,27,1969.61,0.0759752
48,36,28,1981.58,0.0765259
48,36,29,2008.99,0.0805517
48,36,30,2052.85,0.0860471
48,36,31,2110.93,0.0899081
48,36,32,2179.11,0.0893349
48,36,33,2253.45,0.0830635
48,36,34,2330.68,0.0718372
48,36,35,2408.64,0.0578735
48,36,36,2485.36,0.0436676
48,36,37,2559.17,0.0310843
48,36,38,2628.72,0.0209745
48,36,39,2693.79,0.013505
48,36,40,2754.37,0.00836759
48,36,41,2812.22,0.00524992
48,36,42,2868.16,0.00387087
48,36,43,2921.05,0.00406739
48,36,44,2967.02,0.00589247
48,36,45,2999.54,0.00901922
48,36,46,3010.5,0.0130152
48,36,47,2990.83,0.0170432
48,36,48,2929.91,0.0200946
48,36,49,2815.09,0.0212199
48,37,0,2224.2,0.294675
48,37,1,2364.32,0.34989
48,37,2,2447.94,0.391792
48,37,3,2483.91,0.420226
48,37,4,2488.18,0.438125
48,37,5,2477.81,0.448177
48,37,6,2465.76,0.450442
48,37,7,2458.11,0.442547
48,37,8,2454.87,0.422453
48,37,9,2452.73,0.391133
48,37,10,2447.77,0.353239
48,37,11,2436.39,0.31487
48,37,12,2416.53,0.280807
48,37,13,2386.27,0.252984
48,37,14,2345.26,0.230428
48,37,15,2295.19,0.210943
48,37,16,2239.51,0.193064
48,37,17,2182.48,0.175797
48,37,18,2128.04,0.159087
48,37,19,2079.07,0.143115
48,37,20,2037.47,0.128444
48,37,21,2004.17,0.115264
48,37,22,1979.14,0.103955
48,37,23,1960.91,0.0945049
48,37,24,1947.34,0.0869841
48,37,25,1936.89,0.0813959
48,37,26,1929.98,0.0780748
48,37,27,1929.61,0.0774861
48,37,28,1940.33,0.0800139
48,37,29,1965.6,0.0850659
48,37,30,2005.95,0.0907718
48,37,31,2058.76,0.0943209
48,37,32,2119.87,0.0932559
48,37,33,2185.86,0.0865723
48,37,34,2254.51,0.0751003
48,37,35,2324.97,0.0609938
48,37,36,2396.32,0.0466242
48,37,37,2467.46,0.033759
48,37,38,2536.85,0.0232358
48,37,39,2603.69,0.0153262
48,37,40,2667.1,0.00979438
48,37,41,2728.25,0.00646207
48,37,42,2787.66,0.00518025
48,37,43,2844.13,0.00593632
48,37,44,2893.76,0.00888468
48,37,45,2929.79,0.013725
48,37,46,2943.48,0.0198474
48,37,47,2924.89,0.0260083
48,37,48,2862.74,0.0306629
48,37,49,2744.39,0.0323804
48,38,0,2201.34,0.302026
48,38,1,2346.81,0.362663
48,38,2,2437.75,0.410797
48,38,3,2481.39,0.445254
48,38,4,2491.86,0.467773
48,38,5,2484.58,0.480024
48,38,6,2471.63,0.481551
48,38,7,2459.28,0.470083
48,38,8,2448.73,0.444258
48,38,9,2438.12,0.406119
48,38,10,2424.8,0.361544
48,38,11,2406.18,0.31781
48,38,12,2381.03,0.28048
48,38,13,2348.16,0.251789
48,38,14,2307.43,0.230214
48,38,15,2260.07,0.212508
48,38,16,2208.31,0.195964
48,38,17,2154.99,0.178697
48,38,18,2103.02,0.160567
48,38,19,2055.05,0.142419
48,38,20,2013.48,0.12584
48,38,21,1979.94,0.111925
48,38,22,1954.87,0.101405
48,38,23,1936.85,0.0940906
48,38,24,1923.37,0.0894727
48,38,25,1912.44,0.0868477
48,38,26,1904.09,0.0859064
48,38,27,1901.02,0.0866375
48,38,28,1907.6,0.0892317
48,38,29,1927.09,0.0932104
48,38,30,1960.16,0.0971096
48,38,31,2004.44,0.0986833
48,38,32,2056.28,0.0959907
48,38,33,2112.93,0.0883231
48,38,34,2173.04,0.0764994
48,38,35,2236.67,0.0624426
48,38,36,2303.64,0.0482411
48,38,37,2373.14,0.0354571
48,38,38,2443.28,0.0248571
48,38,39,2512.46,0.0167977
48,38,40,2578.77,0.0110998
48,38,41,2642.61,0.00772842
48,38,42,2704.2,0.00669419
48,38,43,2762.49,0.00818358
48,38,44,2813.88,0.0124841
48,38,45,2851.72,0.0193594
48,38,46,2866.8,0.0279998
48,38,47,2848.42,0.0366873
48,38,48,2784.59,0.0432364
48,38,49,2662.93,0.0456496
48,39,0,2168.47,0.307515
48,39,1,2321.08,0.373584
48,39,2,2422.35,0.428124
48,39,3,2477.3,0.468594
48,39,4,2497.46,0.49513
48,39,5,2495.87,0.508206
48,39,6,2483.28,0.507108
48,39,7,2466.28,0.490299
48,39,8,2447.82,0.457776
48,39,9,2428.26,0.413027
48,39,10,2406.91,0.363075
48,39,11,2382.51,0.315946
48,39,12,2354.62,0.277532
48,39,13,2322.37,0.250068
48,39,14,2285.38,0.231454
48,39,15,2243.89,0.217503
48,39,16,2198.52,0.204337
48,39,17,2150.54,0.189143
48,39,18,2101.8,0.171538
48,39,19,2054.88,0.152867
48,39,20,2012.87,0.135641
48,39,21,1978.42,0.121858
48,39,22,1952.66,0.112621
48,39,23,1934.36,0.1076
48,39,24,1920.71,0.105667
48,39,25,1909.09,0.105369
48,39,26,1898.76,0.105737
48,39,27,1891.71,0.106347
48,39,28,1891.78,0.107328
48,39,29,1902.21,0.108509
48,39,30,1924.29,0.109012
48,39,31,1956.7,0.107275
48,39,32,1996.92,0.101906
48,39,33,2043.14,0.0924495
48,39,34,2094.67,0.0796357
48,39,35,2152.06,0.0650969
48,39,36,2215.35,0.0506242
48,39,37,2283.76,0.0375932
48,39,38,2354.84,0.0267166
48,39,39,2426.21,0.0184289
48,39,40,2494.92,0.0125698
48,39,41,2560.62,0.00921137
48,39,42,2623.24,0.00850096
48,39,43,2682.01,0.0108256
48,39,44,2733.85,0.0166061
48,39,45,2772.4,0.025681
48,39,46,2788.2,0.0370236
48,39,47,2769.82,0.0484053
48,39,48,2704.69,0.0569496
48,39,49,2580.79,0.0600611
48,40,0,2125.43,0.310895
48,40,1,2285.57,0.382456
48,40,2,2398.33,0.443504
48,40,3,2466.04,0.489743
48,40,4,2497.16,0.519339
48,40,5,2502.05,0.531532
48,40,6,2490.14,0.525763
48,40,7,2468.56,0.501984
48,40,8,2442.36,0.462233
48,40,9,2414.55,0.411685
48,40,10,2386.65,0.358203
48,40,11,2358.79,0.309903
48,40,12,2330.98,0.272378
48,40,13,2302.29,0.247533
48,40,14,2271.63,0.232821
48,40,15,2238.1,0.223496
48,40,16,2200.8,0.214906
48,40,17,2159.63,0.203523
48,40,18,2115.62,0.188651
48,40,19,2071.31,0.17186
48,40,20,2030.43,0.156248
48,40,21,1996.45,0.144441
48,40,22,1971.13,0.13775
48,40,23,1953.46,0.135668
48,40,24,1940.32,0.136485
48,40,25,1928.46,0.138105
48,40,26,1916.15,0.139015
48,40,27,1904.38,0.138523
48,40,28,1896.28,0.136828
48,40,29,1895.19,0.134175
48,40,30,1903.41,0.130336
48,40,31,1921.26,0.124413
48,40,32,1947.92,0.115486
48,40,33,1982.72,0.103266
48,40,34,2025.55,0.0883544
48,40,35,2076.97,0.0721322
48,40,36,2136.78,0.0562047
48,40,37,2203.91,0.0418911
48,40,38,2275.38,0.0299447
48,40,39,2348.25,0.0208964
48,40,40,2418.74,0.0145643
48,40,41,2485.87,0.0110563
48,40,42,2549.38,0.0105855
48,40,43,2608.72,0.0136862
48,40,44,2661.26,0.0208765
48,40,45,2700.99,0.0320531
48,40,46,2718.18,0.0459692
48,40,47,2700.78,0.0599017
48,40,48,2635.67,0.0703083
48,40,49,2511.21,0.0740319
48,41,0,2076.3,0.312705
48,41,1,2242.44,0.389583
48,41,2,2365.21,0.456843
48,41,3,2444.16,0.508172
48,41,4,2484.69,0.539598
48,41,5,2494.77,0.549256
48,41,6,2482.83,0.537222
48,41,7,2456.81,0.5056
48,41,8,2423.95,0.458974
48,41,9,2389.83,0.40424
48,41,10,2358.05,0.349596
48,41,11,2329.71,0.302438
48,41,12,2304.86,0.267354
48,41,13,2281.99,0.245583
48,41,14,2259.19,0.234375
48,41,15,2234.57,0.229022
48,41,16,2206.21,0.224784
48,41,17,2173.24,0.217915
48,41,18,2136.13,0.207485
48,41,19,2097.35,0.195003
48,41,20,2060.8,0.183657
48,41,21,2030.26,0.176191
48,41,22,2007.72,0.17379
48,41,23,1992.28,0.175696
48,41,24,1980.61,0.179731
48,41,25,1968.89,0.18338
48,41,26,1954.52,0.184798
48,41,27,1937.47,0.183163
48,41,28,1920.22,0.178776
48,41,29,1906.26,0.172272
48,41,30,1899.13,0.163999
48,41,31,1901.05,0.153615
48,41,32,1913.17,0.140561
48,41,33,1936.1,0.12463
48,41,34,1970.1,0.106285
48,41,35,2015.45,0.0867507
48,41,36,2071.38,0.0676279
48,41,37,2136.38,0.0503848
48,41,38,2207.18,0.0359886
48,41,39,2280.68,0.025145
48,41,40,2352.66,0.0176536
48,41,41,2421.84,0.0135922
48,41,42,2487.74,0.0131446
48,41,43,2549.84,0.0168873
48,41,44,2605.68,0.0253515
48,41,45,2649.21,0.038427
48,41,46,2670.25,0.0546299
48,41,47,2656.02,0.070776
48,41,48,2592.87,0.0827307
48,41,49,2469.36,0.0868622
48,42,0,2027.91,0.313534
48,42,1,2196.54,0.39496
48,42,2,2325.09,0.467404
48,42,3,2410.8,0.522575
48,42,4,2456.64,0.554498
48,42,5,2468.9,0.560484
48,42,6,2455.52,0.541643
48,42,7,2425.43,0.5026
48,42,8,2387.88,0.450644
48,42,9,2350.57,0.394163
48,42,10,2318.49,0.341089
48,42,11,2293.09,0.297296
48,42,12,2273.85,0.265712
48,42,13,2258.33,0.246606
48,42,14,2243.83,0.237304
48,42,15,2227.97,0.233809
48,42,16,2208.61,0.232146
48,42,17,2184.76,0.22905
48,42,18,2156.68,0.223618
48,42,19,2126.57,0.217102
48,42,20,2097.9,0.212241
48,42,21,2074.06,0.211288
48,42,22,2056.72,0.214891
48,42,23,2044.89,0.221954
48,42,24,2035.17,0.230011
48,42,25,2023.51,0.236423
48,42,26,2006.69,0.23923
48,42,27,1984,0.237526
48,42,28,1957.38,0.231586
48,42,29,1930.59,0.222236
48,42,30,1908.36,0.210227
48,42,31,1894.75,0.195664
48,42,32,1892.78,0.178282
48,42,33,1904.2,0.157927
48,42,34,1929.52,0.134955
48,42,35,1968.49,0.110524
48,42,36,2019.72,0.086392
48,42,37,2081.42,0.0643802
48,42,38,2150.37,0.0458771
48,42,39,2223.88,0.0319024
48,42,40,2297.77,0.0223085
48,42,41,2370.74,0.0171224
48,42,42,2442.09,0.016414
48,42,43,2511.01,0.0206685
48,42,44,2574.59,0.0303084
48,42,45,2626.1,0.0451026
48,42,46,2654.49,0.0632851
48,42,47,2646.08,0.0812379
48,42,48,2586.64,0.0943269
48,42,49,2464.74,0.0985613
48,43,0,1989.3,0.313552
48,43,1,2155.4,0.397912
48,43,2,2283.22,0.473603
48,43,3,2368.85,0.530767
48,43,4,2413.99,0.561887
48,43,5,2424.19,0.563845
48,43,6,2407.55,0.538974
48,43,7,2374.04,0.494364
48,43,8,2334.44,0.43974
48,43,9,2297.77,0.384533
48,43,10,2269.51,0.335834
48,43,11,2250.57,0.297379
48,43,12,2239.29,0.269969
48,43,13,2232.07,0.25268
48,43,14,2225.64,0.24313
48,43,15,2217.75,0.238604
48,43,16,2206.75,0.236669
48,43,17,2192.21,0.235283
48,43,18,2174.42,0.233961
48,43,19,2155.05,0.233656
48,43,20,2136.62,0.236249
48,43,21,2121.43,0.242971
48,43,22,2110.47,0.253584
48,43,23,2102.58,0.266604
48,43,24,2094.47,0.279499
48,43,25,2082.2,0.289805
48,43,26,2062.41,0.295605
48,43,27,2033.99,0.295819
48,43,28,1998.64,0.290412
48,43,29,1960.39,0.28006
48,43,30,1924.98,0.265676
48,43,31,1897.96,0.24772
48,43,32,1883.81,0.226253
48,43,33,1885.1,0.201228
48,43,34,1902.34,0.172956
48,43,35,1934.79,0.142586
48,43,36,1980.58,0.112114
48,43,37,2037.99,0.083842
48,43,38,2104.29,0.0597598
48,43,39,2177.69,0.0413731
48,43,40,2254.49,0.028726
48,43,41,2333.61,0.0218451
48,43,42,2414.07,0.0206466
48,43,43,2494.31,0.0253985
48,43,44,2570.27,0.0362746
48,43,45,2633.84,0.0527705
48,43,46,2672.61,0.0727571
48,43,47,2671.89,0.0921773
48,43,48,2616.97,0.105978
48,43,49,2496.33,0.109927
48,44,0,1968.16,0.312065
48,44,1,2126.19,0.396895
48,44,2,2245.76,0.473073
48,44,3,2323.32,0.529899
48,44,4,2360.78,0.559027
48,44,5,2364.11,0.55732
48,44,6,2342.11,0.528269
48,44,7,2305.73,0.480946
48,44,8,2266.69,0.426862
48,44,9,2234.37,0.375916
48,44,10,2213.71,0.333948
48,44,11,2204.26,0.302288
48,44,12,2202.83,0.279468
48,44,13,2204.58,0.263278
48,44,14,2205.96,0.251715
48,44,15,2205.29,0.243635
48,44,16,2201.93,0.238626
48,44,17,2196.31,0.236401
48,44,18,2188.87,0.237268
48,44,19,2180.57,0.241987
48,44,20,2172.62,0.251404
48,44,21,2165.97,0.26544
48,44,22,2160.8,0.282802
48,44,23,2155.83,0.301663
48,44,24,2148.17,0.31966
48,44,25,2134.31,0.334762
48,44,26,2111.07,0.345195
48,44,27,2077.29,0.349553
48,44,28,2034.57,0.347143
48,44,29,1987.22,0.338081
48,44,30,1941.69,0.323151
48,44,31,1904.54,0.303084
48,44,32,1881.11,0.278333
48,44,33,1874.34,0.249075
48,44,34,1884.56,0.215667
48,44,35,1910.66,0.179271
48,44,36,1950.67,0.142102
48,44,37,2003.32,0.106957
48,44,38,2066.84,0.0765235
48,44,39,2140.61,0.0529416
48,44,40,2221.62,0.0366186
48,44,41,2309.09,0.0276967
48,44,42,2401.6,0.025963
48,44,43,2496.41,0.0313843
48,44,44,2587.72,0.0437573
48,44,45,2665.48,0.062142
48,44,46,2715.77,0.0839376
48,44,47,2723.04,0.10461
48,44,48,2672.33,0.118741
48,44,49,2552.04,0.121966
48,45,0,1966.09,0.307294
48,45,1,2111.21,0.389535
48,45,2,2215.75,0.462966
48,45,3,2277.88,0.51692
48,45,4,2301.17,0.543018
48,45,5,2293.05,0.538438
48,45,6,2263.58,0.507537
48,45,7,2224.56,0.460577
48,45,8,2187.96,0.409981
48,45,9,2162.61,0.365545
48,45,10,2152.05,0.331714
48,45,11,2153.92,0.307566
48,45,12,2163.43,0.289588
48,45,13,2174.59,0.27436
48,45,14,2183.79,0.260201
48,45,15,2190.06,0.247463
48,45,16,2193.86,0.237765
48,45,17,2196.46,0.232727
48,45,18,2198.33,0.233664
48,45,19,2199.71,0.24132
48,45,20,2200.46,0.255585
48,45,21,2200.31,0.27509
48,45,22,2198.81,0.297548
48,45,23,2194.83,0.320917
48,45,24,2186.04,0.343226
48,45,25,2169.6,0.363078
48,45,26,2142.71,0.378936
48,45,27,2104.32,0.38898
48,45,28,2056.06,0.391605
48,45,29,2002.4,0.386023
48,45,30,1950.23,0.37258
48,45,31,1906.59,0.352129
48,45,32,1877.11,0.325532
48,45,33,1864.62,0.293288
48,45,34,1869.19,0.255898
48,45,35,1889.56,0.214542
48,45,36,1924.05,0.171568
48,45,37,1972.19,0.130181
48,45,38,2033.38,0.0937303
48,45,39,2108.23,0.0650574
48,45,40,2194.36,0.0450762
48,45,41,2291.25,0.0341868
48,45,42,2396.83,0.0321272
48,45,43,2506.94,0.0385443
48,45,44,2613.76,0.0527744
48,45,45,2705.24,0.0733115
48,45,46,2766.05,0.0969862
48,45,47,2780.12,0.118748
48,45,48,2732.53,0.132864
48,45,49,2611.77,0.134932
48,46,0,1974.41,0.296881
48,46,1,2103.42,0.373345
48,46,2,2188.5,0.440851
48,46,3,2230.36,0.489586
48,46,4,2235.12,0.511838
48,46,5,2212.45,0.505306
48,46,6,2174.01,0.474767
48,46,7,2132.26,0.430771
48,46,8,2098.85,0.385739
48,46,9,2081.37,0.348896
48,46,10,2081.46,0.323416
48,46,11,2094.79,0.306646
48,46,12,2115.2,0.293571
48,46,13,2135.78,0.279798
48,46,14,2152.98,0.263816
48,46,15,2166.39,0.247077
48,46,16,2177.28,0.232801
48,46,17,2187.36,0.22425
48,46,18,2197.02,0.223714
48,46,19,2205.74,0.23209
48,46,20,2212.34,0.248571
48,46,21,2215.74,0.270778
48,46,22,2215.27,0.295675
48,46,23,2210.17,0.321174
48,46,24,2198.83,0.345848
48,46,25,2179.15,0.369065
48,46,26,2148.79,0.389662
48,46,27,2106.86,0.405489
48,46,28,2055.07,0.414018
48,46,29,1997.95,0.413401
48,46,30,1942.48,0.403284
48,46,31,1895.73,0.384417
48,46,32,1863.1,0.357949
48,46,33,1847.04,0.324711
48,46,34,1847.32,0.285404
48,46,35,1862.8,0.241238
48,46,36,1892.4,0.194584
48,46,37,1936.65,0.148889
48,46,38,1996.09,0.108011
48,46,39,2072.36,0.0754258
48,46,40,2163.53,0.0526072
48,46,41,2269.11,0.0403208
48,46,42,2386.4,0.0383579
48,46,43,2509.83,0.0460933
48,46,44,2629.75,0.0623941
48,46,45,2732.35,0.085141
48,46,46,2801.27,0.11057
48,46,47,2820.17,0.133137
48,46,48,2774.38,0.146879
48,46,49,2652.64,0.147465
48,47,0,1975.89,0.278234
48,47,1,2087.38,0.346042
48,47,2,2151.59,0.404966
48,47,3,2171.82,0.446654
48,47,4,2156.97,0.464546
48,47,5,2119.17,0.456925
48,47,6,2071.66,0.428508
48,47,7,2027.32,0.389279
48,47,8,1996.99,0.350842
48,47,9,1986.63,0.321518
48,47,10,1996.02,0.30351
48,47,11,2019.14,0.293174
48,47,12,2048.99,0.28474
48,47,13,2078.08,0.273238
48,47,14,2102.99,0.25717
48,47,15,2123.55,0.238525
48,47,16,2141.33,0.221408
48,47,17,2158.05,0.210116
48,47,18,2173.77,0.20765
48,47,19,2187.34,0.215123
48,47,20,2196.97,0.231364
48,47,21,2201.25,0.253405
48,47,22,2199.63,0.277813
48,47,23,2191.91,0.302606
48,47,24,2177.26,0.326965
48,47,25,2154.26,0.351059
48,47,26,2121.04,0.374253
48,47,27,2076.94,0.394341
48,47,28,2023.69,0.408133
48,47,29,1965.76,0.412826
48,47,30,1909.95,0.407244
48,47,31,1862.95,0.391767
48,47,32,1829.56,0.367586
48,47,33,1811.71,0.33575
48,47,34,1808.98,0.297145
48,47,35,1820.51,0.253021
48,47,36,1846,0.205678
48,47,37,1886.91,0.158615
48,47,38,1944.77,0.115944
48,47,39,2021.86,0.0815729
48,47,40,2116.52,0.0574564
48,47,41,2228.18,0.0447429
48,47,42,2353.64,0.0433563
48,47,43,2486.32,0.0524961
48,47,44,2615.24,0.0706382
48,47,45,2725.35,0.0951276
48,47,46,2799.48,0.121706
48,47,47,2821.15,0.144486
48,47,48,2775.96,0.157438
48,47,49,2653.25,0.15644
48,48,0,1950.62,0.249863
48,48,1,2044.44,0.306895
48,48,2,2088.94,0.355509
48,48,3,2089.5,0.389116
48,48,4,2057.36,0.402539
48,48,5,2006.7,0.394591
48,48,6,1951.96,0.369518
48,48,7,1905.96,0.336083
48,48,8,1878.33,0.304456
48,48,9,1873.36,0.281834
48,48,10,1889.27,0.269779
48,48,11,1919.06,0.264418
48,48,12,1955.5,0.259985
48,48,13,1991.02,0.251413
48,48,14,2022.32,0.237137
48,48,15,2049.21,0.219152
48,48,16,2073.1,0.20168
48,48,17,2095.3,0.189325
48,48,18,2115.37,0.185389
48,48,19,2131.72,0.191156
48,48,20,2142.3,0.205394
48,48,21,2145.76,0.224989
48,48,22,2141.91,0.246479
48,48,23,2131.16,0.268094
48,48,24,2113.36,0.28957
48,48,25,2087.72,0.311781
48,48,26,2052.85,0.334711
48,48,27,2008.3,0.356432
48,48,28,1955.82,0.373547
48,48,29,1899.67,0.382645
48,48,30,1846.16,0.381802
48,48,31,1801.3,0.370855
48,48,32,1769.09,0.350759
48,48,33,1750.93,0.322585
48,48,34,1746.3,0.287326
48,48,35,1754.74,0.246247
48,48,36,1776.69,0.201506
48,48,37,1814.33,0.156457
48,48,38,1869.87,0.115164
48,48,39,1945.88,0.0816555
48,48,40,2040.87,0.0581723
48,48,41,2154.26,0.0461505
48,48,42,2282.64,0.0456744
48,48,43,2419.07,0.0558837
48,48,44,2551.91,0.07502
48,48,45,2665.42,0.1001
48,48,46,2741.82,0.126622
48,48,47,2764.4,0.148647
48,48,48,2719.06,0.160345
48,48,49,2596.15,0.157957
48,49,0,1883.53,0.212472
48,49,1,1960.13,0.257674
48,49,2,1987.76,0.295361
48,49,3,1973.09,0.320729
48,49,4,1928.83,0.329987
48,49,5,1870.29,0.32238
48,49,6,1812.24,0.301414
48,49,7,1766.7,0.274235
48,49,8,1741.78,0.249194
48,49,9,1740.24,0.23222
48,49,10,1759.31,0.224485
48,49,11,1791.78,0.222477
48,49,12,1830.9,0.221053
48,49,13,1869.49,0.215526
48,49,14,1904.52,0.20431
48,49,15,1935.61,0.189046
48,49,16,1963.74,0.173476
48,49,17,1989.56,0.161865
48,49,18,2012.14,0.157386
48,49,19,2029.6,0.161368
48,49,20,2039.87,0.172721
48,49,21,2041.89,0.18856
48,49,22,2035.88,0.205704
48,49,23,2022.76,0.222653
48,49,24,2002.94,0.239552
48,49,25,1976.16,0.257754
48,49,26,1941.47,0.277822
48,49,27,1898.66,0.298353
48,49,28,1849.44,0.316213
48,49,29,1797.68,0.327867
48,49,30,1748.94,0.330916
48,49,31,1708.3,0.32465
48,49,32,1678.92,0.309609
48,49,33,1661.71,0.286692
48,49,34,1656.15,0.256871
48,49,35,1662.2,0.221374
48,49,36,1680.83,0.182143
48,49,37,1714.62,0.14221
48,49,38,1766.11,0.105298
48,49,39,1837.89,0.0752074
48,49,40,1928.7,0.0542055
48,49,41,2038.07,0.0438383
48,49,42,2162.84,0.044321
48,49,43,2296.34,0.054839
48,49,44,2427.08,0.0736005
48,49,45,2539.25,0.0975897
48,49,46,2614.73,0.122416
48,49,47,2636.61,0.142486
48,49,48,2591.22,0.152492
48,49,49,2470.47,0.149188
49,0,0,2662.36,0.277282
49,0,1,2814.67,0.341811
49,0,2,2901.17,0.399804
49,0,3,2933.84,0.448116
49,0,4,2929.48,0.485013
49,0,5,2904.98,0.509225
49,0,6,2873.79,0.519494
49,0,7,2842.7,0.515482
49,0,8,2813.78,0.499279
49,0,9,2788.1,0.476139
49,0,10,2768.45,0.454019
49,0,11,2758.64,0.441227
49,0,12,2761.39,0.443497
49,0,13,2774.11,0.46154
49,0,14,2788.4,0.490877
49,0,15,2794.33,0.524444
49,0,16,2783.82,0.555533
49,0,17,2753.12,0.580451
49,0,18,2703.92,0.598978
49,0,19,2641.69,0.612402
49,0,20,2573.95,0.621557
49,0,21,2508.11,0.625332
49,0,22,2450.16,0.620534
49,0,23,2404.13,0.603921
49,0,24,2371.33,0.573492
49,0,25,2350.35,0.529525
49,0,26,2339.34,0.474656
49,0,27,2336.6,0.413076
49,0,28,2342.09,0.349417
49,0,29,2356.7,0.287836
49,0,30,2381.52,0.231613
49,0,31,2416.35,0.182921
49,0,32,2458.89,0.143029
49,0,33,2505.06,0.1126
49,0,34,2550.29,0.0915493
49,0,35,2590.93,0.0786025
49,0,36,2624.96,0.0715484
49,0,37,2652.14,0.0676788
49,0,38,2673.72,0.0641974
49,0,39,2692.57,0.0594232
49,0,40,2710.51,0.0526752
49,0,41,2730.58,0.0446993
49,0,42,2754.52,0.0371356
49,0,43,2782.1,0.0320242
49,0,44,2809.7,0.0310138
49,0,45,2829.6,0.034697
49,0,46,2830.02,0.04216
49,0,47,2796.21,0.0509307
49,0,48,2713.19,0.0577677
49,0,49,2568.83,0.0598292
49,1,0,2824.92,0.327051
49,1,1,2984.44,0.399551
49,1,2,3075.88,0.463402
49,1,3,3112.42,0.515858
49,1,4,3110.6,0.555985
49,1,5,3086.57,0.583195
49,1,6,3053.45,0.596366
49,1,7,3018.75,0.594844
49,1,8,2985.91,0.580318
49,1,9,2957.47,0.557937
49,1,10,2937.17,0.536037
49,1,11,2928.94,0.523574
49,1,12,2934.92,0.526831
49,1,13,2951.35,0.546551
49,1,14,2968.92,0.577707
49,1,15,2977.27,0.612437
49,1,16,2968.44,0.643369
49,1,17,2939.15,0.666529
49,1,18,2891.45,0.681919
49,1,19,2830.76,0.691287
49,1,20,2764.06,0.695898
49,1,21,2697.8,0.694873
49,1,22,2637.07,0.68489
49,1,23,2585.64,0.662504
49,1,24,2545.39,0.625574
49,1,25,2516.1,0.574571
49,1,26,2497.16,0.512603
49,1,27,2487.79,0.44449
49,1,28,2488.33,0.375344
49,1,29,2499.58,0.309487
49,1,30,2522.28,0.250088
49,1,31,2556.02,0.199022
49,1,32,2598.39,0.157309
49,1,33,2645.31,0.125534
49,1,34,2692.26,0.103661
49,1,35,2735.53,0.0904602
49,1,36,2772.89,0.0835706
49,1,37,2803.73,0.0799713
49,1,38,2828.84,0.0764297
49,1,39,2850.56,0.070936
49,1,40,2870.39,0.0627659
49,1,41,2891.25,0.0528834
49,1,42,2915.04,0.0433
49,1,43,2941.81,0.0364315
49,1,44,2968.25,0.0341002
49,1,45,2986.86,0.036891
49,1,46,2986.13,0.0437465
49,1,47,2951.41,0.0520317
49,1,48,2867.21,0.0584106
49,1,49,2719.64,0.0600413
49,2,0,2930.31,0.370329
49,2,1,3094.93,0.448156
49,2,2,3189.95,0.514819
49,2,3,3229.33,0.568241
49,2,4,3229.26,0.608694
49,2,5,3205.13,0.636744
49,2,6,3169.77,0.651789
49,2,7,3131.32,0.652955
49,2,8,3094.59,0.641227
49,2,9,3063.49,0.621009
49,2,10,3042.47,0.600195
49,2,11,3035.33,0.58767
49,2,12,3043.53,0.589913
49,2,13,3062.3,0.607826
49,2,14,3081.88,0.636396
49,2,15,3091.92,0.667722
49,2,16,3084.93,0.694449
49,2,17,3058.16,0.712684
49,2,18,3013.89,0.722658
49,2,19,2957.3,0.726384
49,2,20,2894.53,0.725334
49,2,21,2830.76,0.718806
49,2,22,2769.87,0.703508
49,2,23,2715.03,0.676012
49,2,24,2668.48,0.634259
49,2,25,2631.22,0.579007
49,2,26,2604.02,0.513772
49,2,27,2587.14,0.443776
49,2,28,2581.35,0.374276
49,2,29,2587.32,0.309381
49,2,30,2605.56,0.25176
49,2,31,2635.58,0.20269
49,2,32,2675.18,0.162748
49,2,33,2720.65,0.132352
49,2,34,2767.74,0.111542
49,2,35,2812.8,0.0992704
49,2,36,2853.32,0.0932012
49,2,37,2888.18,0.0901773
49,2,38,2917.5,0.086705
49,2,39,2942.83,0.0805556
49,2,40,2965.17,0.0710548
49,2,41,2987.22,0.0594156
49,2,42,3011,0.0479964
49,2,43,3036.85,0.0395106
49,2,44,3061.81,0.0358421
49,2,45,3078.79,0.0374832
49,2,46,3076.67,0.0432271
49,2,47,3041.19,0.0503869
49,2,48,2956.81,0.0557316
49,2,49,2808.69,0.0566276
49,3,0,2989.97,0.4069
49,3,1,3158.86,0.488106
49,3,2,3256.81,0.555362
49,3,3,3298.12,0.607324
49,3,4,3298.69,0.645691
49,3,5,3273.4,0.672549
49,3,6,3235.03,0.688193
49,3,7,3192.49,0.69168
49,3,8,3151.89,0.683054
49,3,9,3118.23,0.665396
49,3,10,3096.31,0.645424
49,3,11,3089.46,0.631344
49,3,12,3098.46,0.629626
49,3,13,3117.93,0.641614
49,3,14,3138.19,0.66299
49,3,15,3149.37,0.686609
49,3,16,3144.62,0.705779
49,3,17,3121.62,0.716964
49,3,18,3082.58,0.720498
49,3,19,3032.1,0.718342
49,3,20,2975.24,0.711833
49,3,21,2915.89,0.700299
49,3,22,2856.67,0.680563
49,3,23,2800.15,0.649418
49,3,24,2748.77,0.605078
49,3,25,2704.57,0.548664
49,3,26,2669.55,0.483984
49,3,27,2644.92,0.416393
49,3,28,2631.78,0.350978
49,3,29,2630.75,0.291336
49,3,30,2642.22,0.239407
49,3,31,2665.9,0.195733
49,3,32,2700.16,0.16038
49,3,33,2741.98,0.133565
49,3,34,2787.66,0.115401
49,3,35,2833.66,0.105073
49,3,36,2877.18,0.100365
49,3,37,2916.41,0.0981079
49,3,38,2950.63,0.0947287
49,3,39,2980.48,0.0879309
49,3,40,3006.35,0.0772106
49,3,41,3030.61,0.0640767
49,3,42,3055.29,0.0512027
49,3,43,3080.92,0.0415019
49,3,44,3104.85,0.0368066
49,3,45,3120.3,0.0374272
49,3,46,3116.64,0.0419826
49,3,47,3080.12,0.0477881
49,3,48,2995.47,0.0518312
49,3,49,2847.56,0.0518078
49,4,0,3016.46,0.4363
49,4,1,3188.93,0.519622
49,4,2,3289.05,0.586205
49,4,3,3331.18,0.635347
49,4,4,3331.05,0.670202
49,4,5,3303.39,0.694542
49,4,6,3261.29,0.709813
49,4,7,3214.65,0.715108
49,4,8,3170.73,0.709354
49,4,9,3135.17,0.693886
49,4,10,3112.54,0.67375
49,4,11,3105.3,0.656143
49,4,12,3113.62,0.64755
49,4,13,3132.02,0.650138
49,4,14,3151.65,0.660903
49,4,15,3163.63,0.674056
49,4,16,3161.79,0.683959
49,4,17,3144,0.68751
49,4,18,3111.94,0.684922
49,4,19,3069.2,0.677777
49,4,20,3019.57,0.666987
49,4,21,2965.7,0.651771
49,4,22,2909.3,0.629151
49,4,23,2852.49,0.596274
49,4,24,2797.92,0.551753
49,4,25,2748.38,0.497044
49,4,26,2706.74,0.436059
49,4,27,2674.82,0.373979
49,4,28,2653.92,0.315455
49,4,29,2644.61,0.263416
49,4,30,2647.35,0.219048
49,4,31,2662.32,0.18226
49,4,32,2688.79,0.152728
49,4,33,2724.75,0.130523
49,4,34,2767.27,0.115822
49,4,35,2813.07,0.108002
49,4,36,2859.03,0.104946
49,4,37,2902.59,0.103519
49,4,38,2942.09,0.100204
49,4,39,2977.2,0.0927905
49,4,40,3007.65,0.0810584
49,4,41,3035.42,0.0668498
49,4,42,3062.38,0.0531051
49,4,43,3089.06,0.0428223
49,4,44,3112.85,0.0376762
49,4,45,3127.25,0.0377177
49,4,46,3122.07,0.0413632
49,4,47,3084.18,0.0459421
49,4,48,2998.86,0.0486949
49,4,49,2851.16,0.0476844
49,5,0,3019.09,0.456617
49,5,1,3193.75,0.540874
49,5,2,3294.7,0.60597
49,5,3,3336.15,0.651717
49,5,4,3333.77,0.682597
49,5,5,3302.55,0.704012
49,5,6,3256.37,0.718584
49,5,7,3206.29,0.725423
49,5,8,3160.55,0.722209
49,5,9,3124.75,0.708314
49,5,10,3102.43,0.68693
49,5,11,3094.7,0.664239
49,5,12,3101.16,0.646952
49,5,13,3116.9,0.63844
49,5,14,3134.7,0.637399
49,5,15,3147.16,0.639639
49,5,16,3148.93,0.640595
49,5,17,3137.7,0.637457
49,5,18,3114.09,0.630069
49,5,19,3080.2,0.619436
49,5,20,3038.44,0.605947
49,5,21,2990.44,0.58871
49,5,22,2937.45,0.565033
49,5,23,2881.48,0.532474
49,5,24,2825.44,0.490037
49,5,25,2772.6,0.439356
49,5,26,2726.23,0.384185
49,5,27,2688.36,0.329221
49,5,28,2660.21,0.278483
49,5,29,2642.28,0.234221
49,5,30,2635.28,0.19705
49,5,31,2640.02,0.166552
49,5,32,2656.9,0.1423
49,5,33,2685.11,0.124373
49,5,34,2722.73,0.113007
49,5,35,2766.9,0.107668
49,5,36,2814.26,0.106245
49,5,37,2861.57,0.10561
49,5,38,2906.22,0.102383
49,5,39,2946.97,0.0945637
49,5,40,2982.91,0.0822743
49,5,41,3015.51,0.0676774
49,5,42,3046.3,0.0538895
49,5,43,3075.48,0.0438511
49,5,44,3100.25,0.0389816
49,5,45,3114.22,0.0390165
49,5,46,3107.66,0.0421613
49,5,47,3068.19,0.0457706
49,5,48,2981.85,0.0473474
49,5,49,2834.19,0.0453214
49,6,0,3002.64,0.465093
49,6,1,3177.3,0.548552
49,6,2,3277.05,0.611159
49,6,3,3315.86,0.653204
49,6,4,3309.53,0.68031
49,6,5,3273.7,0.699238
49,6,6,3223.5,0.713552
49,6,7,3171.37,0.722196
49,6,8,3126.17,0.721501
49,6,9,3092.67,0.708864
49,6,10,3072.5,0.685732
49,6,11,3064.9,0.657517
49,6,12,3069.03,0.631438
49,6,13,3081.12,0.612311
49,6,14,3096.24,0.600595
49,6,15,3108.99,0.593563
49,6,16,3114.84,0.587445
49,6,17,3111.02,0.579473
49,6,18,3096.58,0.568975
49,6,19,3071.91,0.556399
49,6,20,3037.97,0.541748
49,6,21,2995.71,0.524138
49,6,22,2946.32,0.50123
49,6,23,2892.11,0.47094
49,6,24,2836.28,0.432526
49,6,25,2782.35,0.387554
49,6,26,2733.56,0.339352
49,6,27,2691.75,0.29188
49,6,28,2657.88,0.248409
49,6,29,2632.33,0.210583
49,6,30,2616.05,0.178711
49,6,31,2610.54,0.152418
49,6,32,2617.29,0.131523
49,6,33,2636.78,0.116331
49,6,34,2668.23,0.107187
49,6,35,2709.4,0.103575
49,6,36,2756.94,0.103314
49,6,37,2807.06,0.103266
49,6,38,2856.43,0.100225
49,6,39,2902.99,0.0924572
49,6,40,2945.17,0.0803963
49,6,41,2983.86,0.0664182
49,6,42,3019.93,0.0536588
49,6,43,3052.92,0.0448321
49,6,44,3079.62,0.0410107
49,6,45,3093.65,0.0415857
49,6,46,3085.84,0.0445776
49,6,47,3044.66,0.0474056
49,6,48,2957.07,0.047863
49,6,49,2809.3,0.0447565
49,7,0,2967.49,0.459838
49,7,1,3139.52,0.540115
49,7,2,3235.78,0.598851
49,7,3,3269.93,0.636917
49,7,4,3258.05,0.660863
49,7,5,3216.9,0.678365
49,7,6,3163.21,0.693463
49,7,7,3110.91,0.704618
49,7,8,3068.99,0.706764
49,7,9,3040.6,0.695501
49,7,10,3024.74,0.670856
49,7,11,3018.48,0.637821
49,7,12,3020.63,0.604348
49,7,13,3028.96,0.576711
49,7,14,3041.18,0.556911
49,7,15,3054.12,0.543312
49,7,16,3064.08,0.532547
49,7,17,3067.66,0.521692
49,7,18,3062.18,0.509595
49,7,19,3046.22,0.496352
49,7,20,3019.46,0.481867
49,7,21,2982.47,0.465398
49,7,22,2936.72,0.444943
49,7,23,2885,0.418611
49,7,24,2830.81,0.385704
49,7,25,2777.77,0.347483
49,7,26,2728.82,0.306665
49,7,27,2685.43,0.266357
49,7,28,2648.18,0.229042
49,7,29,2617.26,0.195836
49,7,30,2593.77,0.166946
49,7,31,2579.69,0.142322
49,7,32,2577.4,0.122307
49,7,33,2588.56,0.107649
49,7,34,2613.53,0.0989214
49,7,35,2650.95,0.0956618
49,7,36,2697.76,0.095654
49,7,37,2750,0.0957874
49,7,38,2803.81,0.093064
49,7,39,2856.42,0.0859984
49,7,40,2905.6,0.0752064
49,7,41,2951.42,0.0630745
49,7,42,2993.82,0.0525443
49,7,43,3031.45,0.0459258
49,7,44,3060.54,0.0438673
49,7,45,3074.81,0.0454168
49,7,46,3065.72,0.0484626
49,7,47,3022.74,0.050556
49,7,48,2933.78,0.0498329
49,7,49,2785.83,0.0455128
49,8,0,2912.57,0.441983
49,8,1,3079.62,0.516629
49,8,2,3170.44,0.570081
49,8,3,3198.37,0.603966
49,8,4,3179.98,0.625542
49,8,5,3133.42,0.64287
49,8,6,3077.29,0.659886
49,8,7,3026.81,0.674239
49,8,8,2990.59,0.67952
49,8,9,2969.53,0.669873
49,8,10,2959.66,0.644345
49,8,11,2955.97,0.607823
49,8,12,2956.99,0.569035
49,8,13,2962.14,0.535488
49,8,14,2971.71,0.510336
49,8,15,2984.71,0.492632
49,8,16,2998.23,0.47914
49,8,17,3008.25,0.466774
49,8,18,3010.5,0.454113
49,8,19,3001.99,0.441184
49,8,20,2981.43,0.428021
49,8,21,2949.18,0.414046
49,8,22,2907.12,0.397438
49,8,23,2858.48,0.376279
49,8,24,2807.06,0.349731
49,8,25,2756.39,0.31865
49,8,26,2709.14,0.285135
49,8,27,2666.43,0.251479
49,8,28,2628.5,0.219407
49,8,29,2595.34,0.189526
49,8,30,2567.96,0.161983
49,8,31,2548.47,0.137112
49,8,32,2539.74,0.115889
49,8,33,2544.3,0.0996639
49,8,34,2563.68,0.089401
49,8,35,2597.53,0.0848539
49,8,36,2643.49,0.083937
49,8,37,2697.77,0.0836958
49,8,38,2756.2,0.0813764
49,8,39,2815.39,0.0756712
49,8,40,2872.25,0.0671872
49,8,41,2925.83,0.0580693
49,8,42,2974.93,0.0508389
49,8,43,3017.25,0.0472585
49,8,44,3048.58,0.0475088
49,8,45,3062.84,0.0503285
49,8,46,3052.29,0.0535382
49,8,47,3007.42,0.054884
49,8,48,2917.16,0.0528866
49,8,49,2769.15,0.0472096
49,9,0,2837.77,0.415511
49,9,1,2998.39,0.482885
49,9,2,3082.93,0.530289
49,9,3,3104.33,0.56023
49,9,4,3079.78,0.580411
49,9,5,3028.99,0.598737
49,9,6,2972.26,0.618491
49,9,7,2925.64,0.636294
49,9,8,2896.76,0.644609
49,9,9,2884.05,0.636605
49,9,10,2880.78,0.610809
49,9,11,2880.23,0.572176
49,9,12,2880.9,0.53004
49,9,13,2883.68,0.492723
49,9,14,2891.01,0.464115
49,9,15,2903.72,0.443684
49,9,16,2919.62,0.428308
49,9,17,2934.23,0.414937
49,9,18,2942.15,0.402184
49,9,19,2939.28,0.390207
49,9,20,2923.66,0.37921
49,9,21,2895.6,0.368619
49,9,22,2857.22,0.356548
49,9,23,2812.06,0.340886
49,9,24,2764.02,0.320622
49,9,25,2716.59,0.29631
49,9,26,2672.28,0.269611
49,9,27,2632.08,0.242183
49,9,28,2596.12,0.215055
49,9,29,2564.13,0.188256
49,9,30,2536.79,0.161722
49,9,31,2515.89,0.135994
49,9,32,2504.29,0.112581
49,9,33,2505.08,0.0934733
49,9,34,2520.79,0.0801981
49,9,35,2552.26,0.0729563
49,9,36,2598.09,0.0700464
49,9,37,2654.94,0.0688483
49,9,38,2718.5,0.0668931
49,9,39,2784.7,0.0629609
49,9,40,2849.46,0.0574619
49,9,41,2910.64,0.0520782
49,9,42,2965.9,0.0487447
49,9,43,3012.12,0.0486159
49,9,44,3044.9,0.0514231
49,9,45,3058.61,0.0556651
49,9,46,3046.36,0.0591546
49,9,47,2999.7,0.0598526
49,9,48,2908.46,0.0566454
49,9,49,2760.85,0.0496166
49,10,0,2745.88,0.386531
49,10,1,2900.19,0.446479
49,10,2,2979.37,0.488194
49,10,3,2995.97,0.515003
49,10,4,2967.78,0.534741
49,10,5,2915.8,0.554715
49,10,6,2861.41,0.57722
49,10,7,2820.71,0.597871
49,10,8,2799.85,0.608423
49,10,9,2795.06,0.601642
49,10,10,2797.63,0.575933
49,10,11,2799.86,0.536324
49,10,12,2800.34,0.492373
49,10,13,2801.11,0.452688
49,10,14,2806.14,0.421518
49,10,15,2817.6,0.398658
49,10,16,2833.87,0.381297
49,10,17,2850.38,0.366734
49,10,18,2861.17,0.353891
49,10,19,2861.62,0.343084
49,10,20,2849.4,0.334513
49,10,21,2824.76,0.327338
49,10,22,2789.85,0.319398
49,10,23,2748.23,0.308365
49,10,24,2703.72,0.293225
49,10,25,2659.8,0.274509
49,10,26,2619.06,0.253749
49,10,27,2582.71,0.232205
49,10,28,2550.96,0.210269
49,10,29,2523.33,0.187272
49,10,30,2499.86,0.162657
49,10,31,2481.65,0.136832
49,10,32,2471.08,0.111575
49,10,33,2471.41,0.0894339
49,10,34,2486.02,0.0726021
49,10,35,2516.89,0.0619408
49,10,36,2563.76,0.0563833
49,10,37,2623.88,0.0538159
49,10,38,2692.84,0.0520941
49,10,39,2765.86,0.0500128
49,10,40,2837.83,0.0476575
49,10,41,2905.43,0.0461164
49,10,42,2965.36,0.0466604
49,10,43,3014.04,0.0498656
49,10,44,3047.17,0.0550868
49,10,45,3059.7,0.0606867
49,10,46,3045.65,0.0645332
49,10,47,2997.52,0.064791
49,10,48,2905.97,0.0606334
49,10,49,2759.65,0.0524673
49,11,0,2642.48,0.360929
49,11,1,2792.4,0.414849
49,11,2,2869.33,0.452321
49,11,3,2885.25,0.477208
49,11,4,2858.23,0.49714
49,11,5,2809.88,0.518568
49,11,6,2761.62,0.54277
49,11,7,2728.65,0.564693
49,11,8,2715.52,0.57597
49,11,9,2717.03,0.569566
49,11,10,2723.58,0.544054
49,11,11,2727.25,0.504384
49,11,12,2726.88,0.459844
49,11,13,2725.21,0.418771
49,11,14,2727.09,0.385468
49,11,15,2735.5,0.360059
49,11,16,2749.38,0.340307
49,11,17,2764.42,0.324134
49,11,18,2774.73,0.310907
49,11,19,2775.7,0.300981
49,11,20,2764.95,0.294288
49,11,21,2742.59,0.289493
49,11,22,2710.56,0.28409
49,11,23,2672.11,0.275701
49,11,24,2630.89,0.263612
49,11,25,2590.38,0.248686
49,11,26,2553.49,0.232624
49,11,27,2521.91,0.216509
49,11,28,2496.11,0.200144
49,11,29,2475.4,0.182058
49,11,30,2459.03,0.160927
49,11,31,2447.09,0.136663
49,11,32,2441.13,0.110977
49,11,33,2444.26,0.0867778
49,11,34,2460.39,0.0669163
49,11,35,2492.51,0.0530153
49,11,36,2541.43,0.0448005
49,11,37,2605.01,0.0407796
49,11,38,2678.81,0.0391626
49,11,39,2757.4,0.0387335
49,11,40,2834.77,0.0392146
49,11,41,2906.69,0.0410766
49,11,42,2969.22,0.0449359
49,11,43,3018.65,0.0508741
49,11,44,3050.99,0.0579722
49,11,45,3061.87,0.0645791
49,11,46,3046.12,0.0686999
49,11,47,2997.13,0.0687008
49,11,48,2906.21,0.0639517
49,11,49,2762.37,0.0550448
49,12,0,2537.38,0.343344
49,12,1,2686.65,0.393932
49,12,2,2766.35,0.429457
49,12,3,2787.54,0.453814
49,12,4,2767.94,0.474076
49,12,5,2728.74,0.495796
49,12,6,2690.24,0.519531
49,12,7,2666.1,0.540175
49,12,8,2659.57,0.549952
49,12,9,2665.02,0.542594
49,12,10,2673.04,0.517047
49,12,11,2676.17,0.477971
49,12,12,2673.49,0.433903
49,12,13,2668.02,0.39244
49,12,14,2664.93,0.357676
49,12,15,2667.66,0.330041
49,12,16,2675.72,0.308005
49,12,17,2685.46,0.290192
49,12,18,2691.59,0.276372
49,12,19,2689.98,0.266745
49,12,20,2678.4,0.260772
49,12,21,2656.82,0.256567
49,12,22,2626.74,0.251407
49,12,23,2590.94,0.24314
49,12,24,2552.69,0.231657
49,12,25,2515.56,0.218421
49,12,26,2482.85,0.205501
49,12,27,2456.87,0.193939
49,12,28,2438.39,0.183029
49,12,29,2426.54,0.170496
49,12,30,2419.65,0.154127
49,12,31,2416.68,0.133098
49,12,32,2418.17,0.108762
49,12,33,2426.74,0.0841315
49,12,34,2446.54,0.0625621
49,12,35,2481.18,0.046381
49,12,36,2532.38,0.0361164
49,12,37,2598.61,0.0309279
49,12,38,2675.5,0.0294006
49,12,39,2757.26,0.0303351
49,12,40,2837.32,0.0331341
49,12,41,2910.89,0.0377102
49,12,42,2973.75,0.0440796
49,12,43,3022.3,0.0519129
49,12,44,3052.98,0.0601061
49,12,45,3062.05,0.0671091
49,12,46,3045.04,0.0711708
49,12,47,2996.02,0.0709054
49,12,48,2906.87,0.0658346
49,12,49,2766.8,0.0566104
49,13,0,2440.25,0.334924
49,13,1,2593.5,0.385219
49,13,2,2681.54,0.421196
49,13,3,2713.95,0.446199
49,13,4,2707.29,0.466439
49,13,5,2681.32,0.486696
49,13,6,2654.51,0.507308
49,13,7,2638.91,0.523823
49,13,8,2637.12,0.529719
49,13,9,2644,0.519931
49,13,10,2651.09,0.493875
49,13,11,2651.73,0.455743
49,13,12,2645.11,0.412998
49,13,13,2634.15,0.372216
49,13,14,2623.97,0.337099
49,13,15,2618.23,0.308289
49,13,16,2617.08,0.284879
49,13,17,2617.84,0.266021
49,13,18,2616.3,0.251676
49,13,19,2609.12,0.24172
49,13,20,2594.43,0.235093
49,13,21,2572.04,0.229518
49,13,22,2542.96,0.222325
49,13,23,2509.3,0.211876
49,13,24,2473.98,0.198845
49,13,25,2440.56,0.185378
49,13,26,2412.73,0.173943
49,13,27,2393.38,0.1656
49,13,28,2383.47,0.159261
49,13,29,2381.83,0.152006
49,13,30,2385.94,0.140831
49,13,31,2393.62,0.124151
49,13,32,2404.33,0.102777
49,13,33,2420.07,0.0795531
49,13,34,2444.81,0.058063
49,13,35,2482.5,0.0411171
49,13,36,2535.45,0.0299056
49,13,37,2602.73,0.0241904
49,13,38,2680.27,0.0229504
49,13,39,2762.28,0.0250786
49,13,40,2842.06,0.0297618
49,13,41,2914.64,0.0364549
49,13,42,2975.8,0.0446295
49,13,43,3022.2,0.0535746
49,13,44,3050.69,0.0620353
49,13,45,3058.07,0.0686364
49,13,46,3040.38,0.0719906
49,13,47,2992.21,0.0710788
49,13,48,2905.83,0.0656317
49,13,49,2770.55,0.0563216
49,14,0,2359.79,0.334049
49,14,1,2521.21,0.386652
49,14,2,2621.91,0.425053
49,14,3,2669.4,0.451511
49,14,4,2678.38,0.471162
49,14,5,2666.67,0.488225
49,14,6,2650.84,0.503351
49,14,7,2641.81,0.513355
49,14,8,2642.26,0.513429
49,14,9,2648.17,0.499912
49,14,10,2652.34,0.472684
49,14,11,2648.91,0.435376
49,14,12,2637,0.394287
49,14,13,2619.13,0.35496
49,14,14,2600.07,0.320663
49,14,15,2583.53,0.292117
49,14,16,2570.42,0.268789
49,14,17,2559.28,0.250009
49,14,18,2547.3,0.23561
49,14,19,2532.23,0.225018
49,14,20,2512.75,0.216741
49,14,21,2488.56,0.208394
49,14,22,2460.08,0.197673
49,14,23,2428.74,0.183644
49,14,24,2396.99,0.167758
49,14,25,2368.4,0.152744
49,14,26,2346.89,0.141347
49,14,27,2335.69,0.134654
49,14,28,2335.73,0.131355
49,14,29,2345.41,0.12818
49,14,30,2361.34,0.12163
49,14,31,2380.36,0.109532
49,14,32,2401,0.0921222
49,14,33,2424.55,0.0718463
49,14,34,2454.61,0.0521843
49,14,35,2495.15,0.0361105
49,14,36,2548.84,0.0252359
49,14,37,2615.28,0.0198174
49,14,38,2690.93,0.0192382
49,14,39,2770.38,0.0225784
49,14,40,2847.16,0.0289347
49,14,41,2916.48,0.0374104
49,14,42,2974.32,0.0469761
49,14,43,3017.65,0.0565146
49,14,44,3043.71,0.0646014
49,14,45,3049.66,0.0700529
49,14,46,3031.93,0.0719417
49,14,47,2985.38,0.0697609
49,14,48,2902.51,0.0635801
49,14,49,2772.65,0.0541391
49,15,0,2301.49,0.337235
49,15,1,2473.5,0.393742
49,15,2,2588.49,0.435773
49,15,3,2651.6,0.464167
49,15,4,2675.4,0.482881
49,15,5,2675.82,0.495777
49,15,6,2667.95,0.504205
49,15,7,2662.26,0.506585
49,15,8,2662.07,0.499955
49,15,9,2664.75,0.481995
49,15,10,2664.35,0.452929
49,15,11,2655.68,0.415827
49,15,12,2637.58,0.375968
49,15,13,2611.96,0.338099
49,15,14,2583.02,0.305189
49,15,15,2554.41,0.277983
49,15,16,2527.77,0.256058
49,15,17,2503.03,0.238545
49,15,18,2479.04,0.224825
49,15,19,2454.9,0.213794
49,15,20,2429.99,0.203648
49,15,21,2403.93,0.192148
49,15,22,2376.56,0.177571
49,15,23,2348.51,0.159736
49,15,24,2321.77,0.14072
49,15,25,2299.8,0.123612
49,15,26,2286.64,0.111253
49,15,27,2285.53,0.104731
49,15,28,2297.04,0.102698
49,15,29,2318.89,0.101877
49,15,30,2346.92,0.0986678
49,15,31,2377.15,0.0906036
49,15,32,2407.47,0.0774365
49,15,33,2438.64,0.0610644
49,15,34,2473.78,0.0445542
49,15,35,2516.71,0.0307146
49,15,36,2570.22,0.0213059
49,15,37,2634.37,0.0169444
49,15,38,2706.19,0.0174124
49,15,39,2780.92,0.0220581
49,15,40,2852.64,0.0300046
49,15,41,2916.94,0.0401062
49,15,42,2970.21,0.0508842
49,15,43,3009.78,0.0607873
49,15,44,3033.25,0.0681877
49,15,45,3038.03,0.0720606
49,15,46,3020.71,0.0719649
49,15,47,2976.3,0.0679926
49,15,48,2897.34,0.0606649
49,15,49,2773.08,0.0508717
49,16,0,2266.91,0.340581
49,16,1,2449.45,0.401352
49,16,2,2577.33,0.447316
49,16,3,2653.47,0.477824
49,16,4,2688.54,0.495686
49,16,5,2696.99,0.504572
49,16,6,2693.01,0.506685
49,16,7,2687.09,0.502058
49,16,8,2683.46,0.48935
49,16,9,2680.82,0.467249
49,16,10,2674.4,0.436097
49,16,11,2659.54,0.398422
49,16,12,2634.75,0.358764
49,16,13,2601.22,0.321461
49,16,14,2562.43,0.289468
49,16,15,2521.76,0.263651
49,16,16,2481.5,0.243579
49,16,17,2442.97,0.227954
49,16,18,2406.82,0.215499
49,16,19,2373.68,0.204543
49,16,20,2343.82,0.193032
49,16,21,2316.78,0.178987
49,16,22,2291.78,0.161304
49,16,23,2268.68,0.140457
49,16,24,2248.91,0.118926
49,16,25,2235.76,0.0999255
49,16,26,2233.18,0.0862142
49,16,27,2244.08,0.0788491
49,16,28,2268.31,0.0765923
49,16,29,2302.75,0.0764554
49,16,30,2342.46,0.0750988
49,16,31,2383.02,0.0700759
49,16,32,2422.02,0.0608075
49,16,33,2459.97,0.0485974
49,16,34,2499.64,0.0358865
49,16,35,2544.6,0.0250619
49,16,36,2597.53,0.0178006
49,16,37,2658.74,0.0149413
49,16,38,2725.76,0.0166323
49,16,39,2794.51,0.022528
49,16,40,2859.8,0.0318662
49,16,41,2917.83,0.0433574
49,16,42,2965.56,0.055171
49,16,43,3000.77,0.0653601
49,16,44,3021.4,0.0721019
49,16,45,3025.05,0.0744758
49,16,46,3008.37,0.0724543
49,16,47,2966.29,0.0666752
49,16,48,2891.27,0.0581037
49,16,49,2772.4,0.047813
49,17,0,2254.02,0.341179
49,17,1,2444.9,0.405556
49,17,2,2582.1,0.454987
49,17,3,2666.89,0.487487
49,17,4,2708.59,0.504885
49,17,5,2720.65,0.510775
49,17,6,2716.75,0.5082
49,17,7,2707.51,0.498553
49,17,8,2698.04,0.481671
49,17,9,2688.23,0.456765
49,17,10,2674.42,0.423981
49,17,11,2652.47,0.385293
49,17,12,2620.72,0.344744
49,17,13,2579.6,0.306628
49,17,14,2531.79,0.274204
49,17,15,2480.23,0.248681
49,17,16,2427.67,0.229714
49,17,17,2376.66,0.215609
49,17,18,2329.65,0.204436
49,17,19,2288.86,0.194002
49,17,20,2255.46,0.181996
49,17,21,2228.98,0.166632
49,17,22,2208.01,0.14728
49,17,23,2191.62,0.124863
49,17,24,2180.69,0.102023
49,17,25,2178.25,0.0819072
49,17,26,2187.91,0.0670774
49,17,27,2212,0.0585415
49,17,28,2249.37,0.0552635
49,17,29,2295.93,0.054728
49,17,30,2346.18,0.0540875
49,17,31,2395.54,0.0511334
49,17,32,2441.76,0.0451001
49,17,33,2485.4,0.0367272
49,17,34,2529.07,0.0277456
49,17,35,2576.05,0.0199953
49,17,36,2628.71,0.014933
49,17,37,2687.25,0.0135131
49,17,38,2749.5,0.016194
49,17,39,2811.97,0.0229276
49,17,40,2870.24,0.0331187
49,17,41,2921.3,0.0454514
49,17,42,2962.81,0.0579082
49,17,43,2993.12,0.0682912
49,17,44,3010.57,0.0746677
49,17,45,3012.94,0.0761707
49,17,46,2996.81,0.0730159
49,17,47,2956.95,0.0661612
49,17,48,2885.61,0.056832
49,17,49,2771.64,0.0462087
49,18,0,2258.76,0.337906
49,18,1,2454.68,0.404645
49,18,2,2596.79,0.456529
49,18,3,2685.57,0.490539
49,18,4,2729.6,0.507779
49,18,5,2741.76,0.511895
49,18,6,2735.28,0.506677
49,18,7,2720.82,0.494544
49,18,8,2704.06,0.476007
49,18,9,2685.85,0.45031
49,18,10,2663.61,0.417091
49,18,11,2633.91,0.377685
49,18,12,2595.14,0.33575
49,18,13,2547.15,0.295733
49,18,14,2491.84,0.261404
49,18,15,2431.57,0.234542
49,18,16,2369.29,0.215115
49,18,17,2308.52,0.201297
49,18,18,2253.2,0.190728
49,18,19,2207,0.180845
49,18,20,2171.94,0.169076
49,18,21,2147.57,0.153673
49,18,22,2131.96,0.134232
49,18,23,2123.49,0.111856
49,18,24,2122.5,0.0891413
49,18,25,2131.65,0.0690243
49,18,26,2154,0.0538029
49,18,27,2191.02,0.0444158
49,18,28,2240.53,0.0400521
49,18,29,2297.54,0.0387247
49,18,30,2356.27,0.0381612
49,18,31,2412.36,0.0364961
49,18,32,2464.04,0.0328876
49,18,33,2512.22,0.0275974
49,18,34,2559.49,0.0216844
49,18,35,2608.76,0.0164436
49,18,36,2661.88,0.0130721
49,18,37,2718.64,0.0125671
49,18,38,2776.88,0.0156219
49,18,39,2833.52,0.022434
49,18,40,2884.91,0.0325945
49,18,41,2928.84,0.0448856
49,18,42,2963.82,0.0573243
49,18,43,2988.88,0.0677035
49,18,44,3002.84,0.0741396
49,18,45,3003.65,0.0757938
49,18,46,2987.82,0.0728948
49,18,47,2949.88,0.0663626
49,18,48,2881.77,0.0573434
49,18,49,2772.05,0.0469295
49,19,0,2276.52,0.331762
49,19,1,2474.08,0.399543
49,19,2,2617.04,0.452605
49,19,3,2705.91,0.487218
49,19,4,2749.09,0.504075
49,19,5,2759.15,0.50704
49,19,6,2748.9,0.500608
49,19,7,2728.72,0.487959
49,19,8,2704.5,0.469913
49,19,9,2677.81,0.445405
49,19,10,2647.08,0.413344
49,19,11,2609.72,0.374313
49,19,12,2564.48,0.331531
49,19,13,2510.92,0.289549
49,19,14,2450.24,0.252616
49,19,15,2384.23,0.223164
49,19,16,2315.75,0.201688
49,19,17,2248.79,0.186579
49,19,18,2188.33,0.175431
49,19,19,2139.09,0.165593
49,19,20,2103.8,0.154315
49,19,21,2082.19,0.139785
49,19,22,2072.06,0.121574
49,19,23,2071.39,0.100717
49,19,24,2080.03,0.0795547
49,19,25,2100.1,0.0606902
49,19,26,2133.9,0.0460989
49,19,27,2181.95,0.0366166
49,19,28,2241.1,0.031632
49,19,29,2305.79,0.0296521
49,19,30,2370.29,0.0289528
49,19,31,2430.76,0.0280238
49,19,32,2486.15,0.026016
49,19,33,2537.86,0.0228242
49,19,34,2588.44,0.0189569
49,19,35,2640.38,0.01526
49,19,36,2694.79,0.0127068
49,19,37,2750.87,0.0122984
49,19,38,2806.22,0.0148827
49,19,39,2858.02,0.0208316
49,19,40,2903.28,0.0299147
49,19,41,2940.63,0.0411282
49,19,42,2969.42,0.0527492
49,19,43,2989.36,0.0628338
49,19,44,2999.81,0.0697343
49,19,45,2998.92,0.0726407
49,19,46,2983.13,0.0715679
49,19,47,2946.71,0.0670119
49,19,48,2881.27,0.0596437
49,19,49,2775.05,0.0502092
49,20,0,2302.98,0.324821
49,20,1,2499.56,0.392619
49,20,2,2640.43,0.445632
49,20,3,2726.74,0.479682
49,20,4,2767.2,0.495345
49,20,5,2774.26,0.496898
49,20,6,2760.26,0.489565
49,20,7,2735.1,0.477162
49,20,8,2704.55,0.46065
49,20,9,2670.53,0.438548
49,20,10,2632.36,0.408992
49,20,11,2588.31,0.371761
49,20,12,2537.76,0.329517
49,20,13,2480.25,0.286683
49,20,14,2416.6,0.247744
49,20,15,2348.06,0.215645
49,20,16,2277.17,0.19144
49,20,17,2207.91,0.174008
49,20,18,2145.61,0.161278
49,20,19,2095.51,0.150827
49,20,20,2060.82,0.13992
49,20,21,2041.61,0.126678
49,20,22,2035.83,0.110504
49,20,23,2041.38,0.0921746
49,20,24,2057.75,0.0736265
49,20,25,2086.43,0.0570278
49,20,26,2128.78,0.0439819
49,20,27,2184.4,0.0351776
49,20,28,2249.45,0.0301518
49,20,29,2318.2,0.0278177
49,20,30,2385.36,0.026913
49,20,31,2447.83,0.0262413
49,20,32,2505.34,0.0249857
49,20,33,2559.69,0.0227905
49,20,34,2613.35,0.0197785
49,20,35,2668.23,0.0164926
49,20,36,2724.62,0.0137649
49,20,37,2780.99,0.0125954
49,20,38,2834.66,0.0139166
49,20,39,2882.95,0.0182033
49,20,40,2923.47,0.0253668
49,20,41,2955.52,0.0346839
49,20,42,2979.19,0.0448501
49,20,43,2994.85,0.0543935
49,20,44,3002.29,0.0620518
49,20,45,2999.88,0.0670634
49,20,46,2984.02,0.0690723
49,20,47,2948.74,0.0678595
49,20,48,2885.34,0.063302
49,20,49,2781.8,0.0555681
49,21,0,2334.67,0.319375
49,21,1,2528.75,0.386645
49,21,2,2665.91,0.438717
49,21,3,2748.34,0.47114
49,21,4,2785.33,0.484596
49,21,5,2789.38,0.483907
49,21,6,2772.44,0.475068
49,21,7,2743.87,0.46249
49,21,8,2709.08,0.44729
49,21,9,2670.07,0.42768
49,21,10,2626.69,0.401187
49,21,11,2577.94,0.366881
49,21,12,2523.82,0.32681
49,21,13,2464.16,0.285001
49,21,14,2399.68,0.245802
49,21,15,2331.3,0.212343
49,21,16,2261.15,0.186044
49,21,17,2192.73,0.166325
49,21,18,2131.11,0.15169
49,21,19,2081.45,0.1402
49,21,20,2047.22,0.129375
49,21,21,2029.03,0.117383
49,21,22,2025.34,0.103455
49,21,23,2034.35,0.0880475
49,21,24,2055.35,0.0726234
49,21,25,2089.12,0.0588523
49,21,26,2136.09,0.0479183
49,21,27,2195.01,0.0402973
49,21,28,2261.76,0.0355987
49,21,29,2330.85,0.0330309
49,21,30,2397.71,0.0316972
49,21,31,2460.13,0.0306774
49,21,32,2518.49,0.0292368
49,21,33,2574.83,0.0268962
49,21,34,2631.38,0.0235728
49,21,35,2689.36,0.019655
49,21,36,2748.23,0.0159155
49,21,37,2805.73,0.0133524
49,21,38,2858.93,0.0129159
49,21,39,2905.31,0.0151163
49,21,40,2942.89,0.0199487
49,21,41,2971.54,0.0269759
49,21,42,2991.88,0.035367
49,21,43,3004.71,0.0442148
49,21,44,3010.18,0.0527134
49,21,45,3006.79,0.0601766
49,21,46,2990.91,0.0658303
49,21,47,2956.4,0.0686262
49,21,48,2894.38,0.0674993
49,21,49,2792.6,0.0619098
49,22,0,2367.91,0.316647
49,22,1,2558.98,0.383161
49,22,2,2691.99,0.433774
49,22,3,2770.31,0.463893
49,22,4,2803.9,0.474424
49,22,5,2805.44,0.470761
49,22,6,2786.68,0.459612
49,22,7,2756.51,0.445915
49,22,8,2719.95,0.431011
49,22,9,2678.84,0.413034
49,22,10,2633.17,0.389226
49,22,11,2582.27,0.358207
49,22,12,2526.63,0.321516
49,22,13,2466.48,0.282629
49,22,14,2402.72,0.245445
49,22,15,2336.3,0.212874
49,22,16,2268.96,0.186362
49,22,17,2203.49,0.165675
49,22,18,2144.18,0.149881
49,22,19,2095.62,0.137588
49,22,20,2061.23,0.126719
49,22,21,2042.21,0.115632
49,22,22,2037.84,0.103507
49,22,23,2046.93,0.0905788
49,22,24,2068.76,0.0779256
49,22,25,2103.51,0.0667661
49,22,26,2150.74,0.0578685
49,22,27,2208.59,0.0514314
49,22,28,2273.03,0.0470381
49,22,29,2339.15,0.0440547
49,22,30,2403.31,0.0418459
49,22,31,2464.1,0.0397393
49,22,32,2522.41,0.03715
49,22,33,2580.31,0.0336096
49,22,34,2639.6,0.0290051
49,22,35,2700.78,0.023696
49,22,36,2762.49,0.0184494
49,22,37,2821.92,0.0142451
49,22,38,2875.95,0.0119813
49,22,39,2922.15,0.012141
49,22,40,2958.92,0.0147328
49,22,41,2986.48,0.0195539
49,22,42,3005.72,0.0261984
49,22,43,3017.66,0.0342909
49,22,44,3022.55,0.0434633
49,22,45,3018.95,0.05313
49,22,46,3003.19,0.0621626
49,22,47,2969.12,0.0687669
49,22,48,2907.76,0.0709972
49,22,49,2806.82,0.0676154
49,23,0,2398.69,0.315958
49,23,1,2586.88,0.381348
49,23,2,2716.13,0.430076
49,23,3,2790.87,0.457581
49,23,4,2821.73,0.465053
49,23,5,2821.6,0.458331
49,23,6,2802.15,0.444614
49,23,7,2772.06,0.42918
49,23,8,2736.02,0.413593
49,23,9,2695.56,0.396137
49,23,10,2650.45,0.374128
49,23,11,2599.94,0.346097
49,23,12,2544.68,0.313331
49,23,13,2485.29,0.278777
49,23,14,2423.11,0.245738
49,23,15,2359.48,0.216603
49,23,16,2295.97,0.192483
49,23,17,2234.63,0.17315
49,23,18,2178.63,0.157975
49,23,19,2131.54,0.145919
49,23,20,2096.4,0.135269
49,23,21,2074.85,0.12463
49,23,22,2067.13,0.113308
49,23,23,2072.85,0.101563
49,23,24,2091.54,0.0903604
49,23,25,2123,0.0806715
49,23,26,2166.19,0.0729496
49,23,27,2218.96,0.0670858
49,23,28,2277.63,0.0625294
49,23,29,2338.17,0.058648
49,23,30,2397.88,0.0549524
49,23,31,2456.05,0.050991
49,23,32,2513.82,0.046401
49,23,33,2573.11,0.0408528
49,23,34,2635.17,0.0343503
49,23,35,2699.77,0.0273048
49,23,36,2764.85,0.0204873
49,23,37,2827.12,0.0148134
49,23,38,2883.35,0.0110534
49,23,39,2931.26,0.00960187
49,23,40,2969.48,0.0104154
49,23,41,2998.37,0.0134412
49,23,42,3018.89,0.0185863
49,23,43,3031.95,0.0258869
49,23,44,3037.75,0.0353285
49,23,45,3034.74,0.0464443
49,23,46,3019.29,0.0578936
49,23,47,2985.31,0.0673724
49,23,48,2923.93,0.0722893
49,23,49,2822.91,0.070851
49,24,0,2421.96,0.31529
49,24,1,2607.61,0.378569
49,24,2,2733.92,0.424614
49,24,3,2806.13,0.449187
49,24,4,2835.34,0.453834
49,24,5,2834.57,0.44463
49,24,6,2815.54,0.428905
49,24,7,2786.88,0.411945
49,24,8,2753.1,0.395415
49,24,9,2715.42,0.377866
49,24,10,2673.15,0.356975
49,24,11,2625.13,0.331506
49,24,12,2571.86,0.302788
49,24,13,2514.32,0.273383
49,24,14,2454.43,0.246046
49,24,15,2394.17,0.222538
49,24,16,2335.21,0.20342
49,24,17,2278.89,0.188135
49,24,18,2227.04,0.175954
49,24,19,2181.87,0.165788
49,24,20,2145.65,0.156013
49,24,21,2120.24,0.1454
49,24,22,2106.79,0.133533
49,24,23,2105.86,0.121029
49,24,24,2117.56,0.109151
49,24,25,2141.64,0.0989832
49,24,26,2176.83,0.0908812
49,24,27,2221.06,0.0844687
49,24,28,2271.25,0.0789698
49,24,29,2324.31,0.0735947
49,24,30,2378.48,0.0678672
49,24,31,2433.54,0.061507
49,24,32,2490.71,0.0544166
49,24,33,2551.53,0.0464981
49,24,34,2616.67,0.0379654
49,24,35,2685.13,0.0293103
49,24,36,2754.26,0.021274
49,24,37,2820.41,0.0146419
49,24,38,2880.32,0.00998315
49,24,39,2931.79,0.00755395
49,24,40,2973.58,0.00721415
49,24,41,3006.06,0.00897537
49,24,42,3029.98,0.0129281
49,24,43,3045.99,0.0193663
49,24,44,3053.95,0.0285143
49,24,45,3052.21,0.0400317
49,24,46,3037.16,0.0525364
49,24,47,3002.94,0.0635231
49,24,48,2940.91,0.0700909
49,24,49,2839.01,0.0701251
49,25,0,2432,0.31163
49,25,1,2615.38,0.370971
49,25,2,2739.68,0.412865
49,25,3,2810.66,0.433809
49,25,4,2839.57,0.435836
49,25,5,2839.43,0.425041
49,25,6,2821.96,0.408465
49,25,7,2795.82,0.39101
49,25,8,2765.51,0.374214
49,25,9,2732,0.356881
49,25,10,2694.13,0.337166
49,25,11,2650.19,0.314243
49,25,12,2600.38,0.289697
49,25,13,2545.93,0.265869
49,25,14,2489.38,0.24515
49,25,15,2433.39,0.228776
49,25,16,2379.85,0.216754
49,25,17,2329.39,0.207989
49,25,18,2282.45,0.201232
49,25,19,2239.64,0.194846
49,25,20,2202.24,0.186873
49,25,21,2172.04,0.176031
49,25,22,2150.98,0.162252
49,25,23,2140.66,0.146826
49,25,24,2141.98,0.131764
49,25,25,2155.06,0.118697
49,25,26,2178.84,0.108202
49,25,27,2211.65,0.0997823
49,25,28,2251.27,0.0924184
49,25,29,2295.63,0.0850522
49,25,30,2343.75,0.0770821
49,25,31,2395.8,0.0683031
49,25,32,2452.83,0.0588423
49,25,33,2515.84,0.0488381
49,25,34,2584.77,0.0387216
49,25,35,2657.88,0.0290387
49,25,36,2731.95,0.0204479
49,25,37,2803.06,0.0135454
49,25,38,2867.96,0.0086603
49,25,39,2924.55,0.00588579
49,25,40,2971.64,0.00497786
49,25,41,3009.44,0.00595072
49,25,42,3038.36,0.00896959
49,25,43,3058.56,0.0144421
49,25,44,3069.54,0.0227159
49,25,45,3069.45,0.0335687
49,25,46,3054.81,0.0457289
49,25,47,3020.04,0.0567882
49,25,48,2956.87,0.0638839
49,25,49,2853.45,0.0648459
49,26,0,2423.71,0.302755
49,26,1,2604.83,0.355901
49,26,2,2727.96,0.391786
49,26,3,2799,0.408082
49,26,4,2829.1,0.407472
49,26,5,2831.01,0.395914
49,26,6,2816.31,0.379801
49,26,7,2793.65,0.363294
49,26,8,2767.6,0.347564
49,26,9,2739.05,0.331554
49,26,10,2706.52,0.313862
49,26,11,2667.87,0.294068
49,26,12,2623.02,0.274044
49,26,13,2573.35,0.256009
49,26,14,2521.82,0.242175
49,26,15,2471.62,0.233486
49,26,16,2424.67,0.229576
49,26,17,2380.91,0.228797
49,26,18,2339.34,0.22911
49,26,19,2299.06,0.227923
49,26,20,2260.29,0.222544
49,26,21,2224.69,0.21139
49,26,22,2194.82,0.19472
49,26,23,2173.23,0.174686
49,26,24,2161.78,0.154362
49,26,25,2161.22,0.13628
49,26,26,2171.07,0.121558
49,26,27,2190.41,0.109797
49,26,28,2218.01,0.0998136
49,26,29,2252.94,0.0902579
49,26,30,2295.02,0.0802924
49,26,31,2344.66,0.0696545
49,26,32,2402.53,0.0585655
49,26,33,2468.92,0.0473136
49,26,34,2542.82,0.0364741
49,26,35,2621.65,0.0265915
49,26,36,2701.63,0.0181994
49,26,37,2778.61,0.0116812
49,26,38,2849.43,0.00713275
49,26,39,2912.1,0.00449356
49,26,40,2965.43,0.00344149
49,26,41,3009.43,0.00396204
49,26,42,3044.07,0.00622307
49,26,43,3068.99,0.0106376
49,26,44,3083.26,0.0175809
49,26,45,3084.91,0.0269278
49,26,46,3070.58,0.0376181
49,26,47,3035.07,0.0475643
49,26,48,2970.44,0.0542246
49,26,49,2865.06,0.0556099
49,27,0,2394.57,0.2883
49,27,1,2573.1,0.333401
49,27,2,2695.59,0.361768
49,27,3,2767.79,0.372556
49,27,4,2800.47,0.369218
49,27,5,2805.9,0.357482
49,27,6,2795.26,0.342857
49,27,7,2777.04,0.328541
49,27,8,2755.87,0.315158
49,27,9,2732.75,0.301682
49,27,10,2706.16,0.287031
49,27,11,2673.81,0.271091
49,27,12,2635.45,0.255902
49,27,13,2592.46,0.243562
49,27,14,2547.92,0.236214
49,27,15,2505.07,0.234746
49,27,16,2465.57,0.238666
49,27,17,2428.62,0.245911
49,27,18,2392.03,0.253586
49,27,19,2353.7,0.257989
49,27,20,2313.1,0.255503
49,27,21,2271.75,0.244109
49,27,22,2232.72,0.224322
49,27,23,2199.39,0.199145
49,27,24,2174.41,0.172742
49,27,25,2159.3,0.148656
49,27,26,2154.28,0.128719
49,27,27,2159.34,0.112851
49,27,28,2174.47,0.0998772
49,27,29,2199.98,0.0882611
49,27,30,2236.54,0.0769055
49,27,31,2284.8,0.0653713
49,27,32,2344.93,0.0537904
49,27,33,2416.22,0.042442
49,27,34,2496.51,0.0319107
49,27,35,2582.15,0.022672
49,27,36,2668.76,0.0151194
49,27,37,2752.04,0.00944977
49,27,38,2828.97,0.00558222
49,27,39,2897.75,0.00334431
49,27,40,2957.2,0.00238208
49,27,41,3007.19,0.00264599
49,27,42,3047.26,0.00426862
49,27,43,3076.62,0.00760033
49,27,44,3093.97,0.0129787
49,27,45,3097.24,0.0203451
49,27,46,3083.2,0.0288926
49,27,47,3046.93,0.0369754
49,27,48,2980.77,0.0425459
49,27,49,2873.24,0.0439597
49,28,0,2346.39,0.269943
49,28,1,2521.57,0.306413
49,28,2,2643.38,0.326919
49,28,3,2717.26,0.332157
49,28,4,2753.42,0.326329
49,28,5,2763.47,0.314875
49,28,6,2757.99,0.302319
49,28,7,2745.07,0.290838
49,28,8,2729.31,0.28046
49,28,9,2711.96,0.270144
49,28,10,2691.77,0.259052
49,28,11,2666.61,0.247256
49,28,12,2636.18,0.236793
49,28,13,2601.59,0.229548
49,28,14,2565.6,0.227589
49,28,15,2530.95,0.231872
49,28,16,2498.74,0.241987
49,28,17,2467.52,0.255684
49,28,18,2434.37,0.269378
49,28,19,2396.62,0.278422
49,28,20,2353.43,0.278403
49,28,21,2306.4,0.266916
49,28,22,2258.99,0.244663
49,28,23,2215.12,0.215267
49,28,24,2177.99,0.183689
49,28,25,2149.63,0.154257
49,28,26,2130.92,0.129461
49,28,27,2122.76,0.109671
49,28,28,2126.36,0.0939347
49,28,29,2143.41,0.0807335
49,28,30,2175.54,0.0687834
49,28,31,2223.7,0.0573988
49,28,32,2287.51,0.0464454
49,28,33,2365.1,0.0360235
49,28,34,2452.85,0.026592
49,28,35,2545.9,0.0185219
49,28,36,2639.24,0.0120993
49,28,37,2728.43,0.00740834
49,28,38,2810.69,0.00427832
49,28,39,2884.51,0.00247876
49,28,40,2948.85,0.00166586
49,28,41,3003.51,0.00175808
49,28,42,3047.82,0.00283624
49,28,43,3080.71,0.00515609
49,28,44,3100.62,0.00898363
49,28,45,3105.36,0.0142953
49,28,46,3091.74,0.0205275
49,28,47,3054.97,0.0264944
49,28,48,2987.5,0.0306938
49,28,49,2877.87,0.031893
49,29,0,2285.44,0.250611
49,29,1,2455.94,0.279509
49,29,2,2576.14,0.293381
49,29,3,2651.13,0.294222
49,29,4,2690.65,0.286799
49,29,5,2705.59,0.276191
49,29,6,2705.79,0.26596
49,29,7,2698.75,0.257335
49,29,8,2688.88,0.249826
49,29,9,2677.67,0.242426
49,29,10,2664.35,0.234542
49,29,11,2647.15,0.226383
49,29,12,2625.69,0.219827
49,29,13,2600.55,0.216433
49,29,14,2573.61,0.218084
49,29,15,2546.69,0.225806
49,29,16,2520.18,0.239385
49,29,17,2492.32,0.256623
49,29,18,2460.14,0.273595
49,29,19,2421.08,0.285143
49,29,20,2374.57,0.286465
49,29,21,2322.46,0.275011
49,29,22,2268.55,0.251615
49,29,23,2216.96,0.220145
49,29,24,2171.06,0.185818
49,29,25,2133.05,0.153247
49,29,26,2104.12,0.125294
49,29,27,2085.88,0.102781
49,29,28,2080.59,0.0851583
49,29,29,2091.29,0.0711567
49,29,30,2120.62,0.0594417
49,29,31,2169.94,0.049066
49,29,32,2238.31,0.0395061
49,29,33,2322.67,0.0305592
49,29,34,2417.89,0.0224821
49,29,35,2517.89,0.0155695
49,29,36,2616.99,0.0100884
49,29,37,2710.71,0.00611998
49,29,38,2796.58,0.00349546
49,29,39,2873.45,0.0019723
49,29,40,2940.55,0.00123496
49,29,41,2997.85,0.00116779
49,29,42,3044.73,0.00179086
49,29,43,3080,0.00325711
49,29,44,3101.96,0.00575324
49,29,45,3108.23,0.00926203
49,29,46,3095.46,0.0134195
49,29,47,3058.74,0.017441
49,29,48,2990.44,0.0203186
49,29,49,2879.02,0.0212103
49,30,0,2221.52,0.23369
49,30,1,2385.55,0.257497
49,30,2,2502.17,0.267265
49,30,3,2576.35,0.265818
49,30,4,2617.62,0.258187
49,30,5,2636.43,0.24904
49,30,6,2641.9,0.241094
49,30,7,2640.77,0.234811
49,30,8,2637.05,0.229348
49,30,9,2632.34,0.22383
49,30,10,2626.25,0.217973
49,30,11,2617.36,0.212141
49,30,12,2605.11,0.207963
49,30,13,2589.14,0.206584
49,30,14,2570.14,0.209567
49,30,15,2548.79,0.217922
49,30,16,2524.98,0.231672
49,30,17,2497.16,0.248896
49,30,18,2463.02,0.265759
49,30,19,2420.83,0.277153
49,30,20,2370.67,0.278409
49,30,21,2314.83,0.26713
49,30,22,2257.27,0.244232
49,30,23,2202.02,0.213408
49,30,24,2152.18,0.179523
49,30,25,2109.72,0.146891
49,30,26,2075.78,0.118355
49,30,27,2052.29,0.0950676
49,30,28,2042.29,0.0769787
49,30,29,2049.83,0.0632339
49,30,30,2078.46,0.052573
49,30,31,2129.87,0.043795
49,30,32,2202.7,0.0359308
49,30,33,2292.9,0.0284287
49,30,34,2394.06,0.0213587
49,30,35,2499.11,0.0150435
49,30,36,2601.88,0.00986962
49,30,37,2697.94,0.00604449
49,30,38,2785.1,0.00348043
49,30,39,2862.63,0.00194758
49,30,40,2930.16,0.0011451
49,30,41,2988.05,0.00090527
49,30,42,3035.93,0.00117256
49,30,43,3072.73,0.00199591
49,30,44,3096.6,0.00348911
49,30,45,3104.82,0.0056176
49,30,46,3093.65,0.00816204
49,30,47,3057.81,0.0106433
49,30,48,2989.36,0.0124405
49,30,49,2876.59,0.0130263
49,31,0,2164.9,0.221329
49,31,1,2320.69,0.243228
49,31,2,2430.99,0.252028
49,31,3,2501.18,0.250826
49,31,4,2541.11,0.244578
49,31,5,2561.29,0.237518
49,31,6,2570.41,0.231701
49,31,7,2574.45,0.22704
49,31,8,2576.73,0.222509
49,31,9,2578.58,0.217462
49,31,10,2579.74,0.212003
49,31,11,2578.83,0.206707
49,31,12,2574.84,0.202945
49,31,13,2566.31,0.201428
49,31,14,2552.6,0.203309
49,31,15,2533.47,0.20949
49,31,16,2508.71,0.220248
49,31,17,2477.58,0.234124
49,31,18,2439.08,0.247775
49,31,19,2392.7,0.256641
49,31,20,2339.43,0.256627
49,31,21,2281.93,0.245701
49,31,22,2224.12,0.224783
49,31,23,2169.63,0.197044
49,31,24,2120.97,0.166526
49,31,25,2079.57,0.136789
49,31,26,2046.26,0.11032
49,31,27,2022.93,0.0884495
49,31,28,2012.98,0.071604
49,31,29,2021.07,0.05938
49,31,30,2051.19,0.0506254
49,31,31,2105.18,0.0438639
49,31,32,2181.37,0.0376663
49,31,33,2275.12,0.0311566
49,31,34,2379.27,0.0243178
49,31,35,2486.3,0.017666
49,31,36,2589.86,0.0118778
49,31,37,2685.65,0.00741664
49,31,38,2771.73,0.00433404
49,31,39,2847.78,0.00241633
49,31,40,2913.84,0.00134126
49,31,41,2970.84,0.000862877
49,31,42,3018.85,0.000836151
49,31,43,3056.97,0.00121309
49,31,44,3083.16,0.00205251
49,31,45,3094.17,0.00328462
49,31,46,3085.61,0.00477743
49,31,47,3051.57,0.00624588
49,31,48,2983.7,0.00732272
49,31,49,2870.07,0.00768904
49,32,0,2122.5,0.214427
49,32,1,2268.97,0.237476
49,32,2,2370.45,0.248231
49,32,3,2433.14,0.249552
49,32,4,2467.9,0.246059
49,32,5,2485.98,0.241582
49,32,6,2496.19,0.237708
49,32,7,2503.82,0.233992
49,32,8,2511.26,0.229335
49,32,9,2519.1,0.223349
49,32,10,2526.72,0.216575
49,32,11,2532.34,0.209889
49,32,12,2534.36,0.20449
49,32,13,2530.2,0.20074
49,32,14,2518.17,0.199376
49,32,15,2497.55,0.201132
49,32,16,2468.57,0.206533
49,32,17,2431.79,0.214692
49,32,18,2387.82,0.223032
49,32,19,2337.54,0.227853
49,32,20,2282.74,0.225871
49,32,21,2226.23,0.215479
49,32,22,2171.6,0.1975
49,32,23,2121.77,0.174366
49,32,24,2078.49,0.149088
49,32,25,2042.54,0.124282
49,32,26,2014.34,0.101923
49,32,27,1995.61,0.0833792
49,32,28,1989.8,0.0694462
49,32,29,2001.62,0.0600566
49,32,30,2034.99,0.0540801
49,32,31,2091.51,0.0496931
49,32,32,2169.26,0.0450099
49,32,33,2263.45,0.0388994
49,32,34,2366.95,0.0314064
49,32,35,2472.44,0.0234245
49,32,36,2573.79,0.016086
49,32,37,2666.94,0.0102201
49,32,38,2750.14,0.00605543
49,32,39,2823.38,0.00338805
49,32,40,2887.09,0.00183309
49,32,41,2942.76,0.001041
49,32,42,2990.97,0.000765433
49,32,43,3030.96,0.000870383
49,32,44,3060.39,0.00137911
49,32,45,3075.28,0.00217374
49,32,46,3070.37,0.00315886
49,32,47,3039,0.00413877
49,32,48,2972.28,0.00486847
49,32,49,2858.12,0.00512752
49,33,0,2095.74,0.212625
49,33,1,2233.07,0.239085
49,33,2,2324.5,0.253867
49,33,3,2377.2,0.259264
49,33,4,2403.56,0.259433
49,33,5,2416.24,0.257861
49,33,6,2424.69,0.255821
49,33,7,2433.82,0.252598
49,33,8,2444.91,0.247018
49,33,9,2457.37,0.238901
49,33,10,2469.67,0.229253
49,33,11,2479.34,0.219387
49,33,12,2484.09,0.21053
49,33,13,2480.57,0.202882
49,33,14,2466.53,0.196833
49,33,15,2441.33,0.192903
49,33,16,2406.11,0.191801
49,33,17,2362.9,0.1932
49,33,18,2313.94,0.195388
49,33,19,2261.29,0.195634
49,33,20,2207.21,0.191498
49,33,21,2154.33,0.181733
49,33,22,2105.55,0.166965
49,33,23,2062.93,0.148831
49,33,24,2027.39,0.129353
49,33,25,1999.11,0.110276
49,33,26,1978.24,0.0930905
49,33,27,1966.41,0.0791225
49,33,28,1966.98,0.0693647
49,33,29,1984.34,0.0638775
49,33,30,2021.79,0.0613909
49,33,31,2080.3,0.0596509
49,33,32,2157.64,0.0563418
49,33,33,2249.25,0.0501696
49,33,34,2348.68,0.0413815
49,33,35,2449.5,0.0313826
49,33,36,2546.18,0.0218658
49,33,37,2635.05,0.0140827
49,33,38,2714.46,0.00845287
49,33,39,2784.61,0.00478037
49,33,40,2846.17,0.00259221
49,33,41,2901.11,0.00142835
49,33,42,2950.41,0.00094427
49,33,43,2993.36,0.000933539
49,33,44,3027.17,0.00140478
49,33,45,3046.97,0.00218682
49,33,46,3046.54,0.00317613
49,33,47,3018.38,0.00416932
49,33,48,2953.07,0.00491873
49,33,49,2838.39,0.00519407
49,34,0,2080.81,0.215086
49,34,1,2210.65,0.246243
49,34,2,2292.77,0.266153
49,34,3,2335.25,0.276415
49,34,4,2352.01,0.280703
49,34,5,2357.42,0.28222
49,34,6,2361.99,0.281971
49,34,7,2370.48,0.278941
49,34,8,2383.15,0.271796
49,34,9,2397.97,0.260499
49,34,10,2412.21,0.246584
49,34,11,2422.61,0.23201
49,34,12,2426.35,0.218327
49,34,13,2419.82,0.205831
49,34,14,2400.85,0.194635
49,34,15,2369.37,0.18495
49,34,16,2327.58,0.1775
49,34,17,2278.88,0.172354
49,34,18,2226.78,0.168605
49,34,19,2174.04,0.164445
49,34,20,2123,0.158221
49,34,21,2075.72,0.148959
49,34,22,2034.22,0.137042
49,34,23,1999.56,0.123388
49,34,24,1971.93,0.109217
49,34,25,1951.11,0.0956162
49,34,26,1937.24,0.0837091
49,34,27,1932.08,0.0747315
49,34,28,1939,0.0696949
49,34,29,1961.87,0.0685746
49,34,30,2003.07,0.0698248
49,34,31,2062.6,0.0707449
49,34,32,2137.78,0.0686689
49,34,33,2224.44,0.062241
49,34,34,2317.26,0.0519893
49,34,35,2411.15,0.0398533
49,34,36,2501.57,0.0280762
49,34,37,2585.37,0.0183061
49,34,38,2661.02,0.0111393
49,34,39,2728.72,0.00639906
49,34,40,2789.21,0.0035298
49,34,41,2844.7,0.00198652
49,34,42,2896.37,0.00135539
49,34,43,2943.42,0.00139376
49,34,44,2982.5,0.00212011
49,34,45,3007.85,0.00331588
49,34,46,3012.25,0.00482675
49,34,47,2987.39,0.00634535
49,34,48,2923.32,0.00749441
49,34,49,2807.76,0.00792185
49,35,0,2071.01,0.220721
49,35,1,2196.02,0.256992
49,35,2,2271.61,0.282338
49,35,3,2306.24,0.297695
49,35,4,2314.99,0.306284
49,35,5,2313.64,0.311006
49,35,6,2313.71,0.312532
49,35,7,2320.06,0.309444
49,35,8,2332.12,0.300152
49,35,9,2346.58,0.284759
49,35,10,2359.63,0.265456
49,35,11,2367.36,0.245112
49,35,12,2366.83,0.225924
49,35,13,2354.74,0.208518
49,35,14,2329.46,0.19275
49,35,15,2291.72,0.178346
49,35,16,2244.66,0.165748
49,35,17,2192.54,0.155138
49,35,18,2139.52,0.146233
49,35,19,2088.59,0.13807
49,35,20,2041.82,0.129744
49,35,21,2000.6,0.12056
49,35,22,1966.06,0.110712
49,35,23,1938.36,0.100549
49,35,24,1917.05,0.0906984
49,35,25,1901.68,0.0817643
49,35,26,1892.61,0.0745851
49,35,27,1891.99,0.0702338
49,35,28,1903.36,0.0695897
49,35,29,1930.08,0.0724169
49,35,30,1973.54,0.0768855
49,35,31,2032.61,0.079974
49,35,32,2104.08,0.0788355
49,35,33,2184.19,0.0721594
49,35,34,2268.89,0.0607466
49,35,35,2354.63,0.0469521
49,35,36,2438.13,0.0334202
49,35,37,2516.91,0.0220767
49,35,38,2589.52,0.0136477
49,35,39,2656.02,0.00799999
49,35,40,2716.91,0.00453214
49,35,41,2774.33,0.00267411
49,35,42,2829.42,0.00200027
49,35,43,2881.15,0.00228678
49,35,44,2925.7,0.00359373
49,35,45,2956.54,0.00567377
49,35,46,2965.53,0.00827763
49,35,47,2943.57,0.0108889
49,35,48,2880.19,0.0128601
49,35,49,2763.15,0.0135931
49,36,0,2059.97,0.228256
49,36,1,2183.43,0.269549
49,36,2,2256.7,0.300252
49,36,3,2288.06,0.320706
49,36,4,2292.89,0.333665
49,36,5,2287.59,0.341614
49,36,6,2284.21,0.344768
49,36,7,2287.72,0.341229
49,36,8,2297.16,0.329166
49,36,9,2308.52,0.30893
49,36,10,2317.4,0.283541
49,36,11,2319.73,0.257011
49,36,12,2312.86,0.232433
49,36,13,2294.25,0.210908
49,36,14,2263.05,0.191986
49,36,15,2220.7,0.174685
49,36,16,2170.72,0.158806
49,36,17,2117.58,0.14429
49,36,18,2065.39,0.131249
49,36,19,2017.01,0.11949
49,36,20,1974.23,0.108889
49,36,21,1938,0.0991644
49,36,22,1908.75,0.0904603
49,36,23,1885.94,0.0827295
49,36,24,1868.55,0.0761245
49,36,25,1855.9,0.0708312
49,36,26,1848.68,0.0673823
49,36,27,1849.48,0.0665962
49,36,28,1862.16,0.0691376
49,36,29,1889.76,0.0745735
49,36,30,1932.87,0.0809422
49,36,31,1989.4,0.0851662
49,36,32,2055.64,0.0844544
49,36,33,2128.18,0.0776362
49,36,34,2204.12,0.0656905
49,36,35,2281.46,0.0511509
49,36,36,2358.21,0.0368052
49,36,37,2432.65,0.0246708
49,36,38,2503.34,0.0155316
49,36,39,2570.02,0.00932689
49,36,40,2632.6,0.00546463
49,36,41,2692.84,0.00343033
49,36,42,2751.58,0.00286283
49,36,43,2807.63,0.00362814
49,36,44,2856.88,0.00586586
49,36,45,2892.28,0.00933126
49,36,46,2904.96,0.0136359
49,36,47,2885.07,0.0179456
49,36,48,2821.59,0.0211916
49,36,49,2702.47,0.0223982
49,37,0,2042.99,0.236404
49,37,1,2168.21,0.28251
49,37,2,2243.96,0.318482
49,37,3,2277.67,0.344051
49,37,4,2284.01,0.361346
49,37,5,2278.85,0.372242
49,37,6,2274.02,0.376408
49,37,7,2274.56,0.371569
49,37,8,2279.7,0.355876
49,37,9,2285.63,0.330184
49,37,10,2288.16,0.298514
49,37,11,2283.64,0.266121
49,37,12,2270.08,0.237063
49,37,13,2245.83,0.21292
49,37,14,2210.77,0.19283
49,37,15,2166.58,0.174905
49,37,16,2116.5,0.157972
49,37,17,2064.42,0.141396
49,37,18,2013.89,0.125437
49,37,19,1967.56,0.110601
49,37,20,1927.23,0.0976287
49,37,21,1893.85,0.086853
49,37,22,1867.61,0.0785609
49,37,23,1847.44,0.0724612
49,37,24,1831.77,0.0682612
49,37,25,1819.6,0.0656712
49,37,26,1811.7,0.0648128
49,37,27,1811,0.0661548
49,37,28,1821.63,0.0701368
49,37,29,1846.54,0.0762602
49,37,30,1885.95,0.082691
49,37,31,1937.25,0.0866229
49,37,32,1996.54,0.085571
49,37,33,2060.73,0.0785772
49,37,34,2127.84,0.0666638
49,37,35,2197.18,0.0522727
49,37,36,2267.9,0.0380573
49,37,37,2338.96,0.0259328
49,37,38,2408.84,0.0166651
49,37,39,2476.71,0.010289
49,37,40,2541.64,0.00627042
49,37,41,2604.69,0.00422445
49,37,42,2666.32,0.00392603
49,37,43,2725.28,0.00540048
49,37,44,2777.5,0.00890454
49,37,45,2815.81,0.014231
49,37,46,2830.82,0.0208127
49,37,47,2811.96,0.0273947
49,37,48,2747.7,0.0323441
49,37,49,2626.29,0.0341825
49,38,0,2017.75,0.244011
49,38,1,2147.63,0.294903
49,38,2,2230.33,0.336307
49,38,3,2271.77,0.367149
49,38,4,2284.81,0.388621
49,38,5,2283.73,0.401759
49,38,6,2279.43,0.405734
49,38,7,2276.99,0.398243
49,38,8,2276.57,0.377879
49,38,9,2275.5,0.346343
49,38,10,2270.65,0.308747
49,38,11,2259.29,0.271473
49,38,12,2240.27,0.239385
49,38,13,2212.75,0.214416
49,38,14,2176.93,0.195216
49,38,15,2134.22,0.178914
49,38,16,2086.84,0.163174
49,38,17,2037.52,0.146531
49,38,18,1989.02,0.129165
49,38,19,1943.83,0.112172
49,38,20,1904.2,0.0972073
49,38,21,1871.61,0.0853906
49,38,22,1846.42,0.0773153
49,38,23,1827.3,0.0725507
49,38,24,1812.1,0.0703172
49,38,25,1799.27,0.0697338
49,38,26,1789.27,0.0703812
49,38,27,1784.96,0.0723217
49,38,28,1790.56,0.0758344
49,38,29,1809.13,0.0805581
49,38,30,1841.05,0.0850735
49,38,31,1883.95,0.0871393
49,38,32,1934.19,0.0847683
49,38,33,1989.16,0.0772449
49,38,34,2047.58,0.0655053
49,38,35,2109.64,0.0516833
49,38,36,2175.27,0.0380929
49,38,37,2243.86,0.0264152
49,38,38,2313.65,0.0173475
49,38,39,2383.12,0.0110314
49,38,40,2450.26,0.00701174
49,38,41,2515.32,0.00507167
49,38,42,2578.37,0.00516314
49,38,43,2638.28,0.00751719
49,38,44,2691.37,0.012533
49,38,45,2730.71,0.0200696
49,38,46,2746.64,0.0293517
49,38,47,2727.96,0.0386289
49,38,48,2662.69,0.0455962
49,38,49,2539.56,0.0481811
49,39,0,1984.81,0.2506
49,39,1,2121.22,0.306464
49,39,2,2213.97,0.353589
49,39,3,2266.76,0.389746
49,39,4,2289.86,0.41479
49,39,5,2295.15,0.428753
49,39,6,2292.22,0.430576
49,39,7,2286.44,0.418541
49,39,8,2279.49,0.392343
49,39,9,2270.65,0.354882
49,39,10,2258.51,0.312275
49,39,11,2241.56,0.271637
49,39,12,2219.41,0.238236
49,39,13,2191.67,0.214123
49,39,14,2158.46,0.19748
49,39,15,2120.4,0.184577
49,39,16,2078.31,0.17197
49,39,17,2033.54,0.157284
49,39,18,1987.93,0.140416
49,39,19,1944,0.122865
49,39,20,1904.65,0.107104
49,39,21,1872.19,0.0950707
49,39,22,1847.44,0.0877233
49,39,23,1828.99,0.084545
49,39,24,1814.11,0.0842354
49,39,25,1800.54,0.0852562
49,39,26,1788,0.0865895
49,39,27,1778.85,0.0879095
49,39,28,1777.1,0.0894389
49,39,29,1786.04,0.0911405
49,39,30,1806.82,0.0922132
49,39,31,1838,0.0911403
49,39,32,1876.92,0.086503
49,39,33,1921.65,0.0778028
49,39,34,1971.47,0.0657981
49,39,35,2026.94,0.0522148
49,39,36,2088.28,0.0389666
49,39,37,2154.97,0.0274887
49,39,38,2224.84,0.0184248
49,39,39,2295.66,0.0120398
49,39,40,2364.41,0.00795517
49,39,41,2430.51,0.00611384
49,39,42,2493.72,0.00663648
49,39,43,2553.16,0.00995892
49,39,44,2605.72,0.0166163
49,39,45,2644.96,0.0265353
49,39,46,2661.15,0.0387101
49,39,47,2642.59,0.0508563
49,39,48,2576.9,0.0599491
49,39,49,2453.35,0.0632899
49,40,0,1945.05,0.255954
49,40,1,2088.55,0.317091
49,40,2,2192.49,0.370241
49,40,3,2257.91,0.411593
49,40,4,2291.94,0.439273
49,40,5,2303.82,0.452261
49,40,6,2301.89,0.449684
49,40,7,2292.1,0.431172
49,40,8,2278.15,0.398219
49,40,9,2261.72,0.355195
49,40,10,2243.37,0.308952
49,40,11,2222.82,0.266723
49,40,12,2200.17,0.233604
49,40,13,2175.09,0.211466
49,40,14,2147.21,0.198157
49,40,15,2116.17,0.189446
49,40,16,2081.44,0.181121
49,40,17,2043.08,0.17005
49,40,18,2002.16,0.155734
49,40,19,1961.19,0.139812
49,40,20,1923.64,0.125296
49,40,21,1892.58,0.114734
49,40,22,1869.24,0.109362
49,40,23,1852.25,0.10858
49,40,24,1838.38,0.110586
49,40,25,1824.57,0.113228
49,40,26,1809.61,0.114925
49,40,27,1795.01,0.115025
49,40,28,1784.35,0.113768
49,40,29,1781.24,0.111543
49,40,30,1787.97,0.108254
49,40,31,1804.7,0.103144
49,40,32,1830.31,0.0953503
49,40,33,1863.87,0.084545
49,40,34,1905.04,0.0712762
49,40,35,1954.35,0.0568767
49,40,36,2011.79,0.0429304
49,40,37,2076.6,0.0307185
49,40,38,2146.14,0.0209083
49,40,39,2217.68,0.0139146
49,40,40,2287.42,0.00941814
49,40,41,2354.18,0.00747314
49,40,42,2417.43,0.00831251
49,40,43,2476.55,0.0125247
49,40,44,2528.95,0.0207416
49,40,45,2568.67,0.0329352
49,40,46,2585.95,0.0478637
49,40,47,2568.64,0.0627267
49,40,48,2503.97,0.0738103
49,40,49,2381.66,0.0778274
49,41,0,1903.06,0.260398
49,41,1,2052.41,0.326918
49,41,2,2166.06,0.386074
49,41,3,2242.33,0.432149
49,41,4,2285.27,0.46131
49,41,5,2301.77,0.471572
49,41,6,2299.31,0.462724
49,41,7,2284.76,0.436434
49,41,8,2264.02,0.396547
49,41,9,2241.21,0.349002
49,41,10,2218.7,0.300957
49,41,11,2197.09,0.25902
49,41,12,2176.57,0.227452
49,41,13,2156.41,0.207629
49,41,14,2135.59,0.197283
49,41,15,2112.95,0.192213
49,41,16,2086.99,0.18804
49,41,17,2056.93,0.181284
49,41,18,2023.26,0.171092
49,41,19,1988.31,0.158978
49,41,20,1955.72,0.148071
49,41,21,1928.8,0.141135
49,41,22,1908.98,0.139445
49,41,23,1894.84,0.142282
49,41,24,1882.85,0.147443
49,41,25,1869.27,0.1523
49,41,26,1851.98,0.154815
49,41,27,1831.59,0.154044
49,41,28,1811.18,0.150222
49,41,29,1794.69,0.144116
49,41,30,1785.79,0.136297
49,41,31,1786.54,0.126729
49,41,32,1797.73,0.115062
49,41,33,1819.55,0.101115
49,41,34,1852.01,0.0852488
49,41,35,1895.25,0.0684934
49,41,36,1948.67,0.0522509
49,41,37,2011.07,0.0378106
49,41,38,2079.52,0.0259997
49,41,39,2151.15,0.0174448
49,41,40,2221.78,0.0118902
49,41,41,2289.92,0.00944632
49,41,42,2354.88,0.0103749
49,41,43,2416.08,0.0153188
49,41,44,2471.16,0.0249258
49,41,45,2514.24,0.0391488
49,41,46,2535.25,0.0564975
49,41,47,2521.47,0.0736971
49,41,48,2459.66,0.0864313
49,41,49,2339.71,0.09092
49,42,0,1865.37,0.264123
49,42,1,2017.5,0.335553
49,42,2,2136.76,0.40002
49,42,3,2219.22,0.449855
49,42,4,2266.57,0.479311
49,42,5,2284.07,0.485663
49,42,6,2278.92,0.469737
49,42,7,2259.14,0.435641
49,42,8,2232.68,0.3898
49,42,9,2205.7,0.339582
49,42,10,2181.86,0.29194
49,42,11,2162.05,0.252133
49,42,12,2145.99,0.222983
49,42,13,2132.23,0.20508
49,42,14,2119.14,0.196284
49,42,15,2105.18,0.193021
49,42,16,2088.54,0.191495
49,42,17,2068.21,0.188485
49,42,18,2044.26,0.182987
49,42,19,2018.62,0.176207
49,42,20,1994.46,0.170923
49,42,21,1974.71,0.169609
49,42,22,1960.54,0.173264
49,42,23,1950.46,0.181011
49,42,24,1940.79,0.190404
49,42,25,1927.48,0.19857
49,42,26,1907.73,0.203129
49,42,27,1881.44,0.2028
49,42,28,1851.26,0.197636
49,42,29,1821.47,0.18858
49,42,30,1797.05,0.176733
49,42,31,1781.99,0.162722
49,42,32,1778.95,0.146717
49,42,33,1789.28,0.12872
49,42,34,1813.15,0.108973
49,42,35,1850.2,0.0883083
49,42,36,1899.11,0.0680889
49,42,37,1958.31,0.0497737
49,42,38,2024.87,0.034507
49,42,39,2096.28,0.0232253
49,42,40,2168.44,0.0157873
49,42,41,2239.91,0.012333
49,42,42,2309.84,0.0130758
49,42,43,2377.39,0.018592
49,42,44,2439.83,0.0294327
49,42,45,2490.7,0.045427
49,42,46,2519.11,0.0648014
49,42,47,2511.46,0.0838503
49,42,48,2453.94,0.0977668
49,42,49,2336.39,0.102409
49,43,0,1839.72,0.266894
49,43,1,1990.26,0.341896
49,43,2,2108.99,0.410087
49,43,3,2190.89,0.462164
49,43,4,2236.49,0.49083
49,43,5,2250.46,0.492941
49,43,6,2240.3,0.470532
49,43,7,2215.25,0.430125
49,43,8,2184.87,0.380529
49,43,9,2156.67,0.330175
49,43,10,2134.81,0.285319
49,43,11,2119.71,0.249324
49,43,12,2110.12,0.22315
49,43,13,2103.62,0.206394
49,43,14,2098.2,0.197236
49,43,15,2092.42,0.193245
49,43,16,2084.86,0.191907
49,43,17,2074.8,0.190915
49,43,18,2062.07,0.189444
49,43,19,2047.91,0.188334
49,43,20,2034.45,0.189636
49,43,21,2023.66,0.195063
49,43,22,2016.13,0.20505
49,43,23,2010.29,0.218554
49,43,24,2002.58,0.233099
49,43,25,1989.03,0.245819
49,43,26,1966.55,0.254094
49,43,27,1934.59,0.256176
49,43,28,1895.47,0.251631
49,43,29,1853.81,0.241245
49,43,30,1815.69,0.226436
49,43,31,1786.7,0.208446
49,43,32,1771.11,0.188034
49,43,33,1771.15,0.165486
49,43,34,1787.05,0.141032
49,43,35,1817.91,0.115386
49,43,36,1861.83,0.0899508
49,43,37,1917.18,0.0664529
49,43,38,1981.39,0.0464848
49,43,39,2052.76,0.0314104
49,43,40,2127.67,0.0213031
49,43,41,2204.97,0.0163618
49,43,42,2283.65,0.0167121
49,43,43,2362.2,0.0227502
49,43,44,2436.83,0.0348033
49,43,45,2499.71,0.0524391
49,43,46,2538.59,0.0735344
49,43,47,2538.8,0.0939706
49,43,48,2486,0.108557
49,43,49,2369.81,0.112933
49,44,0,1831.87,0.267833
49,44,1,1975.96,0.344178
49,44,2,2087.24,0.413647
49,44,3,2161.04,0.465951
49,44,4,2198.17,0.492879
49,44,5,2203.85,0.49121
49,44,6,2186.43,0.464114
49,44,7,2156.27,0.420075
49,44,8,2123.99,0.369693
49,44,9,2097.59,0.32195
49,44,10,2080.83,0.28204
49,44,11,2072.98,0.251196
49,44,12,2071.47,0.228383
49,44,13,2072.83,0.212121
49,44,14,2074.87,0.201002
49,44,15,2076.68,0.194023
49,44,16,2077.63,0.190396
49,44,17,2077.6,0.189227
49,44,18,2076.23,0.190203
49,44,19,2073.87,0.193865
49,44,20,2071.3,0.20134
49,44,21,2069.23,0.213292
49,44,22,2067.62,0.229426
49,44,23,2064.96,0.248577
49,44,24,2058.12,0.268474
49,44,25,2043.49,0.286511
49,44,26,2018.05,0.299931
49,44,27,1981.02,0.306377
49,44,28,1934.54,0.304606
49,44,29,1883.47,0.294866
49,44,30,1834.66,0.278617
49,44,31,1794.88,0.257637
49,44,32,1769.47,0.233342
49,44,33,1761.18,0.206436
49,44,34,1770.16,0.177247
49,44,35,1795.09,0.146426
49,44,36,1833.88,0.115411
49,44,37,1885.15,0.0862133
49,44,38,1947.08,0.0609336
49,44,39,2019.07,0.0414625
49,44,40,2098.15,0.0282151
49,44,41,2183.56,0.0215333
49,44,42,2273.96,0.0214674
49,44,43,2366.82,0.0281576
49,44,44,2456.65,0.0415872
49,44,45,2533.73,0.0609136
49,44,46,2584.16,0.0835718
49,44,47,2592.34,0.10502
49,44,48,2543.53,0.119772
49,44,49,2427.3,0.123386
49,45,0,1841.66,0.265345
49,45,1,1975,0.340149
49,45,2,2072.66,0.407889
49,45,3,2131.61,0.458127
49,45,4,2154.35,0.482478
49,45,5,2147.64,0.477958
49,45,6,2121.12,0.448572
49,45,7,2086.08,0.404009
49,45,8,2053.58,0.355829
49,45,9,2031.27,0.313015
49,45,10,2021.77,0.279553
49,45,11,2022.77,0.254676
49,45,12,2030.32,0.235547
49,45,13,2039.95,0.219673
49,45,14,2049.46,0.206022
49,45,15,2058.53,0.19498
49,45,16,2067.45,0.18755
49,45,17,2076.63,0.184428
49,45,18,2085.5,0.186027
49,45,19,2093.45,0.192735
49,45,20,2099.91,0.204772
49,45,21,2104.49,0.22171
49,45,22,2106.69,0.24252
49,45,23,2105.28,0.266008
49,45,24,2097.77,0.290315
49,45,25,2081.17,0.313327
49,45,26,2052.72,0.332297
49,45,27,2011.55,0.344244
49,45,28,1959.7,0.34692
49,45,29,1902.13,0.339723
49,45,30,1846.18,0.323852
49,45,31,1799.27,0.301438
49,45,32,1767.23,0.274532
49,45,33,1752.93,0.244326
49,45,34,1756.35,0.211345
49,45,35,1776.01,0.176212
49,45,36,1809.96,0.140357
49,45,37,1857.45,0.106009
49,45,38,1917.63,0.0757549
49,45,39,1990.99,0.0520464
49,45,40,2075.19,0.0357469
49,45,41,2169.76,0.0274469
49,45,42,2272.87,0.0271782
49,45,43,2380.71,0.0348023
49,45,44,2485.87,0.0498731
49,45,45,2576.56,0.0710145
49,45,46,2637.4,0.0951351
49,45,47,2652.13,0.117258
49,45,48,2605.98,0.131686
49,45,49,2488.58,0.134035
49,46,0,1859.7,0.257454
49,46,1,1979.28,0.327626
49,46,2,2059.26,0.390566
49,46,3,2099.1,0.436502
49,46,4,2103.78,0.45758
49,46,5,2082.23,0.451257
49,46,6,2045.64,0.421952
49,46,7,2006.04,0.379673
49,46,8,1974.28,0.33605
49,46,9,1957.05,0.299595
49,46,10,1955.49,0.273165
49,46,11,1965.59,0.254437
49,46,12,1982.26,0.23924
49,46,13,2000.24,0.224266
49,46,14,2017.33,0.208719
49,46,15,2033.7,0.194054
49,46,16,2050.24,0.182739
49,46,17,2067.6,0.176891
49,46,18,2084.88,0.177679
49,46,19,2100.61,0.185494
49,46,20,2113.17,0.199841
49,46,21,2121.43,0.219376
49,46,22,2124.82,0.242463
49,46,23,2122.6,0.267973
49,46,24,2113.05,0.294596
49,46,25,2093.85,0.320886
49,46,26,2062.6,0.34433
49,46,27,2018.47,0.36151
49,46,28,1963.39,0.36924
49,46,29,1902.33,0.365938
49,46,30,1842.74,0.352262
49,46,31,1792.22,0.330403
49,46,32,1756.56,0.302849
49,46,33,1738.46,0.271229
49,46,34,1737.71,0.2363
49,46,35,1752.91,0.198698
49,46,36,1782.59,0.159794
49,46,37,1826.83,0.121938
49,46,38,1885.77,0.0880842
49,46,39,1960.76,0.0611869
49,46,40,2049.92,0.0425925
49,46,41,2152.87,0.0332145
49,46,42,2267.23,0.0331383
49,46,43,2387.95,0.0419761
49,46,44,2505.82,0.0588294
49,46,45,2607.32,0.0817378
49,46,46,2675.91,0.107062
49,46,47,2695,0.129432
49,46,48,2650.04,0.143053
49,46,49,2530.97,0.143737
49,47,0,1869.29,0.242067
49,47,1,1973.5,0.304753
49,47,2,2034.46,0.360222
49,47,3,2054.12,0.40001
49,47,4,2040.17,0.41731
49,47,5,2003.83,0.410119
49,47,6,1957.76,0.38281
49,47,7,1914.34,0.344886
49,47,8,1883.78,0.30724
49,47,9,1871.44,0.27756
49,47,10,1876.93,0.257809
49,47,11,1894.9,0.244758
49,47,12,1919.55,0.233536
49,47,13,1945.1,0.220337
49,47,14,1969.43,0.204441
49,47,15,1992.83,0.18788
49,47,16,2016.38,0.17399
49,47,17,2040.59,0.165847
49,47,18,2064.12,0.165219
49,47,19,2084.85,0.172597
49,47,20,2100.53,0.187053
49,47,21,2109.78,0.20664
49,47,22,2112.21,0.229335
49,47,23,2107.71,0.25413
49,47,24,2095.34,0.280304
49,47,25,2073.45,0.307167
49,47,26,2040.01,0.332696
49,47,27,1994.3,0.353415
49,47,28,1938.19,0.365529
49,47,29,1876.5,0.366593
49,47,30,1816.5,0.356544
49,47,31,1765.49,0.337282
49,47,32,1728.85,0.311383
49,47,33,1708.88,0.280719
49,47,34,1705.25,0.246245
49,47,35,1716.84,0.208639
49,47,36,1742.87,0.169195
49,47,37,1784.2,0.130281
49,47,38,1841.86,0.0950387
49,47,39,1917.74,0.0667583
49,47,40,2010.21,0.0471967
49,47,41,2118.82,0.0375872
49,47,42,2240.77,0.0381168
49,47,43,2370.07,0.0482187
49,47,44,2496.28,0.0665976
49,47,45,2604.61,0.0907715
49,47,46,2677.75,0.116649
49,47,47,2698.95,0.138618
49,47,48,2654.02,0.150961
49,47,49,2533.52,0.149831
49,48,0,1851.87,0.217965
49,48,1,1940.16,0.271005
49,48,2,1983.01,0.317165
49,48,3,1984.46,0.349643
49,48,4,1954.43,0.36297
49,48,5,1906.01,0.355669
49,48,6,1852.86,0.331682
49,48,7,1807.24,0.299363
49,48,8,1778.24,0.268263
49,48,9,1769.84,0.245011
49,48,10,1780.38,0.230959
49,48,11,1803.74,0.222634
49,48,12,1833.99,0.215121
49,48,13,1865.24,0.2045
49,48,14,1895.42,0.190009
49,48,15,1924.71,0.173758
49,48,16,1953.99,0.159298
49,48,17,1983.31,0.150077
49,48,18,2010.88,0.148177
49,48,19,2034.15,0.154213
49,48,20,2050.66,0.167108
49,48,21,2059.1,0.184669
49,48,22,2059.47,0.204731
49,48,23,2052.25,0.226428
49,48,24,2037.18,0.249551
49,48,25,2013.22,0.274126
49,48,26,1978.74,0.298812
49,48,27,1933.19,0.320499
49,48,28,1878.39,0.335281
49,48,29,1818.88,0.340176
49,48,30,1761.43,0.334401
49,48,31,1712.68,0.319278
49,48,32,1677.28,0.297091
49,48,33,1657.08,0.269685
49,48,34,1651.7,0.238107
49,48,35,1660.44,0.203088
49,48,36,1683.16,0.165844
49,48,37,1721.42,0.128656
49,48,38,1776.84,0.0946434
49,48,39,1851.56,0.0671783
49,48,40,1944.09,0.0482578
49,48,41,2053.93,0.0393367
49,48,42,2178.11,0.0407078
49,48,43,2310.28,0.0517153
49,48,44,2439.41,0.0708
49,48,45,2550.09,0.0951472
49,48,46,2624.52,0.120448
49,48,47,2645.88,0.141121
49,48,48,2600.39,0.15177
49,48,49,2479.67,0.149026
49,49,0,1793.95,0.185783
49,49,1,1866.3,0.228025
49,49,2,1893.53,0.264088
49,49,3,1880.98,0.288917
49,49,4,1839.97,0.29843
49,49,5,1784.56,0.291614
49,49,6,1728.56,0.271727
49,49,7,1683.37,0.245587
49,49,8,1656.68,0.221023
49,49,9,1651.09,0.203468
49,49,10,1664.17,0.193891
49,49,11,1689.72,0.189103
49,49,12,1722.24,0.184687
49,49,13,1756.15,0.176988
49,49,14,1789.52,0.165184
49,49,15,1822.31,0.151102
49,49,16,1854.94,0.137969
49,49,17,1886.96,0.129066
49,49,18,1916.2,0.126479
49,49,19,1939.93,0.130897
49,49,20,1955.74,0.141307
49,49,21,1962.58,0.155593
49,49,22,1960.84,0.171675
49,49,23,1951.46,0.188822
49,49,24,1934.71,0.207184
49,49,25,1910.05,0.227332
49,49,26,1876.28,0.248646
49,49,27,1833.05,0.268698
49,49,28,1782.12,0.283962
49,49,29,1727.6,0.291354
49,49,30,1675.45,0.289551
49,49,31,1631.37,0.279191
49,49,32,1599.14,0.261989
49,49,33,1580.13,0.239515
49,49,34,1574,0.212773
49,49,35,1580.44,0.182517
49,49,36,1599.88,0.149879
49,49,37,1634.27,0.116951
49,49,38,1685.55,0.0866165
49,49,39,1755.88,0.0620502
49,49,40,1843.96,0.0452623
49,49,41,1949.34,0.0377637
49,49,42,2069.24,0.0399142
49,49,43,2197.55,0.0510573
49,49,44,2323.41,0.0695553
49,49,45,2431.47,0.0925391
49,49,46,2503.84,0.115817
49,49,47,2523.74,0.134193
49,49,48,2478.04,0.142861
49,49,49,2359.92,0.139038
